  0.000000000000000E+000   443.669005160825     
  2.000000000000000E-005   941.624398571841     
  4.000000000000000E-005   936.239273814499     
  6.000000000000001E-005   935.654228189195     
  8.000000000000001E-005   935.079843756002     
  1.000000000000000E-004   934.499948071667     
  1.200000000000000E-004   933.918422643198     
  1.400000000000000E-004   933.332100404423     
  1.600000000000000E-004   932.742517276779     
  1.800000000000000E-004   932.148436743725     
  2.000000000000000E-004   931.550169972969     
  2.200000000000000E-004   930.947400452568     
  2.400000000000000E-004   930.339931416557     
  2.600000000000000E-004   929.727805437435     
  2.800000000000000E-004   929.110375173392     
  3.000000000000000E-004   928.488975766620     
  3.200000000000000E-004   927.863704227751     
  3.400000000000000E-004   927.234064545057     
  3.600000000000000E-004   926.597656385325     
  3.800000000000000E-004   925.956416238174     
  4.000000000000000E-004   925.310706919335     
  4.200000000000000E-004   924.660606540069     
  4.400000000000000E-004   924.006335582914     
  4.600000000000000E-004   923.348237831882     
  4.800000000000001E-004   922.686724269172     
  5.000000000000000E-004   922.022145821227     
  5.200000000000001E-004   921.354670962378     
  5.400000000000000E-004   920.684286357310     
  5.600000000000001E-004   920.010903878045     
  5.800000000000000E-004   919.334574717203     
  6.000000000000001E-004   918.655657137192     
  6.200000000000000E-004   917.974735672441     
  6.400000000000001E-004   917.292479373399     
  6.600000000000001E-004   916.609462272222     
  6.800000000000000E-004   915.926033190624     
  7.000000000000001E-004   915.242325796660     
  7.200000000000000E-004   914.558703836689     
  7.400000000000001E-004   913.875675962737     
  7.600000000000000E-004   913.193355959532     
  7.800000000000001E-004   912.511755175452     
  8.000000000000000E-004   911.830831913430     
  8.200000000000001E-004   911.150516405210     
  8.400000000000000E-004   910.470745429094     
  8.600000000000001E-004   909.791460291794     
  8.800000000000000E-004   909.112553099835     
  9.000000000000001E-004   908.433898693220     
  9.200000000000000E-004   907.755375157648     
  9.400000000000001E-004   907.076854948916     
  9.600000000000001E-004   906.398044178591     
  9.800000000000002E-004   905.718987283390     
  1.000000000000000E-003   905.040925814124     
  1.020000000000000E-003   904.364527454204     
  1.040000000000000E-003   903.690464482749     
  1.060000000000000E-003   903.019146542173     
  1.080000000000000E-003   902.350914652895     
  1.100000000000000E-003   901.686023610789     
  1.120000000000000E-003   901.024645795849     
  1.140000000000000E-003   900.366825293269     
  1.160000000000000E-003   899.712627366438     
  1.180000000000000E-003   899.061847992965     
  1.200000000000000E-003   898.414386700247     
  1.220000000000000E-003   897.770165466802     
  1.240000000000000E-003   897.129101461760     
  1.260000000000000E-003   896.491075581426     
  1.280000000000000E-003   895.855945808593     
  1.300000000000000E-003   895.223554296844     
  1.320000000000000E-003   894.593734092791     
  1.340000000000000E-003   893.966323102750     
  1.360000000000000E-003   893.341167678431     
  1.380000000000000E-003   892.718117921578     
  1.400000000000000E-003   892.097027880236     
  1.420000000000000E-003   891.477754724937     
  1.440000000000000E-003   890.860156752784     
  1.460000000000000E-003   890.244093382668     
  1.480000000000000E-003   889.629427967297     
  1.500000000000000E-003   889.016031745003     
  1.520000000000000E-003   888.403785918546     
  1.540000000000000E-003   887.792581379204     
  1.560000000000000E-003   887.182317264138     
  1.580000000000000E-003   886.572900491938     
  1.600000000000000E-003   885.964246856862     
  1.620000000000000E-003   885.356279202213     
  1.640000000000000E-003   884.748928742286     
  1.660000000000000E-003   884.142148396605     
  1.680000000000000E-003   883.535908416553     
  1.700000000000000E-003   882.930194259572     
  1.720000000000000E-003   882.325017345790     
  1.740000000000000E-003   881.720411200419     
  1.760000000000000E-003   881.116401719413     
  1.780000000000000E-003   880.512972439626     
  1.800000000000000E-003   879.910072405012     
  1.820000000000000E-003   879.307704796059     
  1.840000000000000E-003   878.706001833978     
  1.860000000000000E-003   878.105209871434     
  1.880000000000000E-003   877.505648490108     
  1.900000000000000E-003   876.907685442721     
  1.920000000000000E-003   876.311695667076     
  1.940000000000000E-003   875.718024162342     
  1.960000000000000E-003   875.126963196845     
  1.980000000000000E-003   874.538743704227     
  2.000000000000000E-003   873.953535599788     
  2.020000000000000E-003   873.371452729364     
  2.040000000000000E-003   872.792560685618     
  2.060000000000000E-003   872.216887598683     
  2.080000000000000E-003   871.644437376135     
  2.100000000000000E-003   871.075204326532     
  2.120000000000000E-003   870.509186479828     
  2.140000000000000E-003   869.946395177232     
  2.160000000000000E-003   869.386860309593     
  2.180000000000000E-003   868.830630451486     
  2.200000000000000E-003   868.277773523494     
  2.220000000000000E-003   867.728370745019     
  2.240000000000000E-003   867.182518972449     
  2.260000000000000E-003   866.640312582935     
  2.280000000000000E-003   866.101852877693     
  2.300000000000000E-003   865.567221671824     
  2.320000000000000E-003   865.036531076041     
  2.340000000000000E-003   864.509904197039     
  2.360000000000000E-003   863.987522265096     
  2.380000000000000E-003   863.469498220198     
  2.400000000000000E-003   862.955399736690     
  2.420000000000000E-003   862.444445940777     
  2.440000000000000E-003   861.936100165004     
  2.460000000000000E-003   861.430891389176     
  2.480000000000000E-003   860.928218238975     
  2.500000000000000E-003   860.428027818082     
  2.520000000000000E-003   859.927210713718     
  2.540000000000000E-003   859.420415506069     
  2.560000000000000E-003   858.848167755556     
  2.580000000000000E-003   858.279651516437     
  2.600000000000000E-003   857.961677864282     
  2.620000000000000E-003   858.114972755980     
  2.640000000000000E-003   861.034685926974     
  2.660000000000000E-003   878.622028721478     
  2.680000000000000E-003   925.776266182569     
  2.700000000000000E-003   957.270356273750     
  2.720000000000000E-003   967.101270980830     
  2.740000000000000E-003   968.957940848435     
  2.760000000000000E-003   968.930129424306     
  2.780000000000000E-003   967.593385201509     
  2.800000000000000E-003   965.851504667526     
  2.820000000000000E-003   964.414037488842     
  2.840000000000000E-003   963.003986989112     
  2.860000000000000E-003   961.536841998677     
  2.880000000000000E-003   960.253250484320     
  2.900000000000000E-003   959.402529415192     
  2.920000000000000E-003   959.061488143473     
  2.940000000000000E-003   959.294048558247     
  2.960000000000000E-003   961.192803565786     
  2.980000000000000E-003   967.712252869214     
  3.000000000000000E-003   984.842812171211     
  3.020000000000000E-003   1010.98108569602     
  3.040000000000000E-003   1028.41763014608     
  3.060000000000000E-003   1036.68278027618     
  3.080000000000000E-003   1039.98640259958     
  3.100000000000000E-003   1041.03577287275     
  3.120000000000000E-003   1041.23105477729     
  3.140000000000000E-003   1040.81338709097     
  3.160000000000000E-003   1039.56720292985     
  3.180000000000000E-003   1038.39479960317     
  3.200000000000000E-003   1037.38219010965     
  3.220000000000000E-003   1036.43458752682     
  3.240000000000000E-003   1035.50615412900     
  3.260000000000000E-003   1034.58148194147     
  3.280000000000000E-003   1033.65306508034     
  3.300000000000000E-003   1032.72937488331     
  3.320000000000000E-003   1031.81431245745     
  3.340000000000000E-003   1030.90692191773     
  3.360000000000000E-003   1030.00667699513     
  3.380000000000000E-003   1029.11312998009     
  3.400000000000000E-003   1028.22625707928     
  3.420000000000000E-003   1027.34623498150     
  3.440000000000000E-003   1026.47340446550     
  3.460000000000000E-003   1025.60722967484     
  3.480000000000000E-003   1024.74580810221     
  3.500000000000000E-003   1023.88679082806     
  3.520000000000000E-003   1023.02858500604     
  3.540000000000000E-003   1022.17018168324     
  3.560000000000000E-003   1021.31097766052     
  3.580000000000000E-003   1020.45058313244     
  3.600000000000000E-003   1019.58801301045     
  3.620000000000000E-003   1018.72207896537     
  3.640000000000000E-003   1017.85037047172     
  3.660000000000000E-003   1016.97000922809     
  3.680000000000000E-003   1016.07804413875     
  3.700000000000000E-003   1015.17327742040     
  3.720000000000000E-003   1014.25537128260     
  3.740000000000000E-003   1013.32470033491     
  3.760000000000000E-003   1012.38098489609     
  3.780000000000000E-003   1011.42360208533     
  3.800000000000000E-003   1010.45307316875     
  3.820000000000000E-003   1009.47030471612     
  3.840000000000001E-003   1008.47665407639     
  3.860000000000000E-003   1007.47274705601     
  3.880000000000000E-003   1006.45955175539     
  3.900000000000000E-003   1005.43742827100     
  3.920000000000001E-003   1004.40597165268     
  3.940000000000000E-003   1003.36674560134     
  3.960000000000000E-003   1002.32685398181     
  3.980000000000000E-003   1001.28875339963     
  4.000000000000000E-003   1000.25214254626     
  4.020000000000000E-003   999.216189224825     
  4.040000000000000E-003   998.179773739451     
  4.060000000000000E-003   997.139727010267     
  4.080000000000000E-003   996.090106171703     
  4.100000000000000E-003   995.023876752087     
  4.120000000000000E-003   993.929221424844     
  4.140000000000000E-003   992.787845250278     
  4.160000000000001E-003   991.622270774846     
  4.180000000000001E-003   990.511439658427     
  4.200000000000001E-003   989.492472900594     
  4.220000000000001E-003   988.575951463344     
  4.240000000000001E-003   987.818940269066     
  4.260000000000001E-003   987.279455344501     
  4.280000000000000E-003   986.981897079502     
  4.300000000000000E-003   986.879920845607     
  4.320000000000000E-003   986.943397510581     
  4.340000000000000E-003   987.298455596696     
  4.360000000000000E-003   988.161033516161     
  4.380000000000000E-003   989.753191812809     
  4.400000000000000E-003   992.212593007340     
  4.420000000000000E-003   994.736467610069     
  4.440000000000000E-003   996.574502362482     
  4.460000000000000E-003   997.795058161583     
  4.480000000000000E-003   998.544864954554     
  4.500000000000001E-003   998.963724920613     
  4.520000000000001E-003   999.165457203369     
  4.540000000000001E-003   999.236008668256     
  4.560000000000001E-003   999.222907033227     
  4.580000000000001E-003   998.959066098912     
  4.600000000000001E-003   998.421039246906     
  4.620000000000000E-003   997.844030849029     
  4.640000000000000E-003   997.313380071733     
  4.660000000000000E-003   996.831864150069     
  4.680000000000000E-003   996.390717506903     
  4.700000000000000E-003   995.979812259957     
  4.720000000000000E-003   995.591238131012     
  4.740000000000000E-003   995.220028240725     
  4.760000000000000E-003   994.866370652667     
  4.780000000000000E-003   994.538192377594     
  4.800000000000000E-003   994.252288632893     
  4.820000000000000E-003   994.031354151169     
  4.840000000000001E-003   993.895159161544     
  4.860000000000001E-003   993.838906134213     
  4.880000000000001E-003   993.863253998655     
  4.900000000000001E-003   994.016583732692     
  4.920000000000001E-003   994.372014035751     
  4.940000000000001E-003   995.044758946793     
  4.960000000000000E-003   996.188793555050     
  4.980000000000000E-003   998.008593295299     
  5.000000000000000E-003   1000.74981420676     
  5.020000000000000E-003   1004.65956423662     
  5.040000000000000E-003   1009.55837367218     
  5.060000000000000E-003   1013.89974261799     
  5.080000000000000E-003   1017.18374782880     
  5.100000000000000E-003   1019.58907021124     
  5.120000000000000E-003   1021.32515586520     
  5.140000000000000E-003   1022.57484274117     
  5.160000000000001E-003   1023.48274760263     
  5.180000000000001E-003   1024.15984818534     
  5.200000000000001E-003   1024.69022897082     
  5.220000000000001E-003   1025.13536319938     
  5.240000000000001E-003   1025.53593056865     
  5.260000000000001E-003   1025.91857905063     
  5.280000000000001E-003   1026.28896323085     
  5.300000000000000E-003   1026.63794536513     
  5.320000000000000E-003   1026.94715098449     
  5.340000000000000E-003   1027.19988677550     
  5.360000000000000E-003   1027.38647868307     
  5.380000000000000E-003   1027.50625391588     
  5.400000000000000E-003   1027.56666794559     
  5.420000000000000E-003   1027.57592332468     
  5.440000000000000E-003   1027.53303012380     
  5.460000000000000E-003   1027.41937207701     
  5.480000000000000E-003   1027.21466536597     
  5.500000000000001E-003   1026.89330599559     
  5.520000000000001E-003   1026.46224755312     
  5.540000000000001E-003   1025.92989325345     
  5.560000000000001E-003   1025.30468842632     
  5.580000000000001E-003   1024.59439617233     
  5.600000000000001E-003   1023.80543870237     
  5.620000000000001E-003   1022.94427487075     
  5.640000000000000E-003   1022.01823600827     
  5.660000000000000E-003   1021.03617507632     
  5.680000000000000E-003   1020.00642172761     
  5.700000000000000E-003   1018.93592597047     
  5.720000000000000E-003   1017.83180973905     
  5.740000000000000E-003   1016.70798939928     
  5.760000000000000E-003   1015.58962242216     
  5.780000000000000E-003   1014.48447411295     
  5.800000000000000E-003   1013.39795897244     
  5.820000000000001E-003   1012.33459038980     
  5.840000000000001E-003   1011.29681613802     
  5.860000000000001E-003   1010.28494127615     
  5.880000000000001E-003   1009.29735853835     
  5.900000000000001E-003   1008.33071632302     
  5.920000000000001E-003   1007.38049178134     
  5.940000000000001E-003   1006.44090357349     
  5.960000000000001E-003   1005.50731816123     
  5.980000000000000E-003   1004.57558822193     
  6.000000000000000E-003   1003.64304227591     
  6.020000000000000E-003   1002.70825347028     
  6.040000000000000E-003   1001.76750425141     
  6.060000000000000E-003   1000.81464437129     
  6.080000000000000E-003   999.845720934119     
  6.100000000000000E-003   998.859367050426     
  6.120000000000000E-003   997.856388101809     
  6.140000000000000E-003   996.840741933972     
  6.160000000000001E-003   995.813460665826     
  6.180000000000001E-003   994.773834470776     
  6.200000000000001E-003   993.741690834112     
  6.220000000000001E-003   992.723854746550     
  6.240000000000001E-003   991.721482780843     
  6.260000000000001E-003   990.733459814094     
  6.280000000000001E-003   989.757431084045     
  6.300000000000001E-003   988.791307790248     
  6.320000000000000E-003   987.837019474579     
  6.340000000000000E-003   986.900335559754     
  6.360000000000000E-003   985.989101610146     
  6.380000000000000E-003   985.114896602929     
  6.400000000000000E-003   984.286483900114     
  6.420000000000000E-003   983.509533491000     
  6.440000000000000E-003   982.784516392806     
  6.460000000000000E-003   982.123320737425     
  6.480000000000001E-003   981.550825318430     
  6.500000000000001E-003   981.095677126695     
  6.520000000000001E-003   980.782927969049     
  6.540000000000001E-003   980.620785705135     
  6.560000000000001E-003   980.581463200052     
  6.580000000000001E-003   980.636630401078     
  6.600000000000001E-003   980.848749295201     
  6.620000000000001E-003   981.272410718202     
  6.640000000000001E-003   981.963879551046     
  6.660000000000000E-003   982.975257647345     
  6.680000000000000E-003   984.347650788961     
  6.700000000000000E-003   985.958483652838     
  6.720000000000000E-003   987.420541526915     
  6.740000000000000E-003   988.653645733514     
  6.760000000000000E-003   989.687672281490     
  6.780000000000000E-003   990.558830592282     
  6.800000000000000E-003   991.303338096989     
  6.820000000000001E-003   991.954899516403     
  6.840000000000001E-003   992.543683189202     
  6.860000000000001E-003   993.066372077444     
  6.880000000000001E-003   993.546134175818     
  6.900000000000001E-003   994.004438697068     
  6.920000000000001E-003   994.457161749711     
  6.940000000000001E-003   994.914716676977     
  6.960000000000001E-003   995.366359514729     
  6.980000000000001E-003   995.794568608483     
  7.000000000000000E-003   996.176918425024     
  7.020000000000000E-003   996.493472568754     
  7.040000000000000E-003   996.732734148487     
  7.060000000000000E-003   996.884208465544     
  7.080000000000000E-003   996.969889871570     
  7.100000000000000E-003   996.980559665402     
  7.120000000000000E-003   996.941245103137     
  7.140000000000001E-003   996.866273180057     
  7.160000000000001E-003   996.737490824349     
  7.180000000000001E-003   996.537227895051     
  7.200000000000001E-003   996.259534510941     
  7.220000000000001E-003   995.907682540834     
  7.240000000000001E-003   995.492700600120     
  7.260000000000001E-003   995.026301376658     
  7.280000000000001E-003   994.514891067472     
  7.300000000000001E-003   993.959374932076     
  7.320000000000001E-003   993.363003379318     
  7.340000000000000E-003   992.732796107551     
  7.360000000000000E-003   992.073737535577     
  7.380000000000000E-003   991.385821505759     
  7.400000000000000E-003   990.667945553933     
  7.420000000000000E-003   989.922698232383     
  7.440000000000000E-003   989.181941511541     
  7.460000000000000E-003   988.459769034331     
  7.480000000000001E-003   987.758422201488     
  7.500000000000001E-003   987.079726871098     
  7.520000000000001E-003   986.424670576682     
  7.540000000000001E-003   985.792700592938     
  7.560000000000001E-003   985.181854543844     
  7.580000000000001E-003   984.589179727703     
  7.600000000000001E-003   984.011368676326     
  7.620000000000001E-003   983.443856415385     
  7.640000000000001E-003   982.882970338046     
  7.660000000000001E-003   982.323643784759     
  7.680000000000001E-003   981.762923200160     
  7.700000000000000E-003   981.196813396912     
  7.720000000000000E-003   980.618939079961     
  7.740000000000000E-003   980.021360503714     
  7.760000000000000E-003   979.399841882008     
  7.780000000000000E-003   978.752150635169     
  7.800000000000001E-003   978.078666542182     
  7.820000000000001E-003   977.381723533176     
  7.840000000000001E-003   976.663647213132     
  7.860000000000001E-003   975.926194771273     
  7.880000000000000E-003   975.170613803990     
  7.900000000000001E-003   974.399335649660     
  7.920000000000000E-003   973.614722713249     
  7.940000000000001E-003   972.826128235099     
  7.960000000000000E-003   972.044308773194     
  7.980000000000001E-003   971.269160719709     
  8.000000000000000E-003   970.501155424031     
  8.020000000000001E-003   969.741250648449     
  8.040000000000000E-003   968.990645701357     
  8.060000000000001E-003   968.250613387759     
  8.080000000000000E-003   967.522223423878     
  8.100000000000001E-003   966.806070784971     
  8.120000000000000E-003   966.102092015120     
  8.140000000000001E-003   965.409779640314     
  8.160000000000001E-003   964.728685728787     
  8.180000000000002E-003   964.058626568672     
  8.200000000000001E-003   963.399761883314     
  8.220000000000000E-003   962.753087050808     
  8.240000000000001E-003   962.120266646040     
  8.260000000000000E-003   961.505351661633     
  8.280000000000001E-003   960.914837214371     
  8.300000000000000E-003   960.359938205869     
  8.320000000000001E-003   959.857413042171     
  8.340000000000000E-003   959.430322990434     
  8.360000000000001E-003   959.106240476728     
  8.380000000000000E-003   958.908484800039     
  8.400000000000001E-003   958.833584792415     
  8.420000000000000E-003   958.845731152057     
  8.440000000000001E-003   958.961047274009     
  8.460000000000001E-003   959.215648446633     
  8.480000000000001E-003   959.648344075082     
  8.500000000000001E-003   960.309534641556     
  8.520000000000002E-003   961.269142004234     
  8.540000000000001E-003   962.621458374707     
  8.560000000000000E-003   964.489089873187     
  8.580000000000001E-003   967.026937169286     
  8.600000000000000E-003   970.420057594658     
  8.620000000000001E-003   974.870179253127     
  8.640000000000000E-003   980.368173065675     
  8.660000000000001E-003   985.740707140300     
  8.680000000000000E-003   990.318428763255     
  8.700000000000001E-003   994.066301591318     
  8.720000000000000E-003   997.041074286340     
  8.740000000000001E-003   999.338909542121     
  8.760000000000000E-003   1001.07582756349     
  8.780000000000001E-003   1002.36287283678     
  8.800000000000001E-003   1003.29647767653     
  8.820000000000001E-003   1003.95934284751     
  8.840000000000001E-003   1004.42233478454     
  8.860000000000002E-003   1004.74110212153     
  8.880000000000001E-003   1004.94255422096     
  8.900000000000000E-003   1005.02769507395     
  8.920000000000001E-003   1005.01771623453     
  8.940000000000000E-003   1004.93220468736     
  8.960000000000001E-003   1004.75472274363     
  8.980000000000000E-003   1004.52896230912     
  9.000000000000001E-003   1004.28004851216     
  9.020000000000000E-003   1004.01745744387     
  9.040000000000001E-003   1003.74471657161     
  9.060000000000000E-003   1003.46246969800     
  9.080000000000001E-003   1003.16929223620     
  9.100000000000000E-003   1002.86246925803     
  9.120000000000001E-003   1002.53799520874     
  9.140000000000001E-003   1002.19221140857     
  9.160000000000001E-003   1001.81589585469     
  9.180000000000001E-003   1001.41637001302     
  9.200000000000002E-003   1000.99173917212     
  9.220000000000001E-003   1000.54180521524     
  9.240000000000000E-003   1000.06791536072     
  9.260000000000001E-003   999.574114574083     
  9.280000000000000E-003   999.063778658687     
  9.300000000000001E-003   998.538134883935     
  9.320000000000000E-003   998.009363502599     
  9.340000000000001E-003   997.492609117463     
  9.360000000000000E-003   996.996123454208     
  9.380000000000001E-003   996.525648914482     
  9.400000000000000E-003   996.085167069674     
  9.420000000000001E-003   995.674617616004     
  9.440000000000000E-003   995.293639338012     
  9.460000000000001E-003   994.943611318431     
  9.480000000000001E-003   994.628314628439     
  9.500000000000001E-003   994.351077447854     
  9.520000000000001E-003   994.111402423089     
  9.540000000000002E-003   993.907320702499     
  9.560000000000001E-003   993.739384079148     
  9.580000000000000E-003   993.618468211904     
  9.600000000000001E-003   993.557093261492     
  9.620000000000000E-003   993.552723165776     
  9.640000000000001E-003   993.586265132046     
  9.660000000000000E-003   993.662323182223     
  9.680000000000001E-003   993.787468722286     
  9.700000000000000E-003   993.962050637814     
  9.720000000000001E-003   994.191542087106     
  9.740000000000000E-003   994.481227078132     
  9.760000000000001E-003   994.833989662775     
  9.780000000000000E-003   995.251746372230     
  9.800000000000001E-003   995.737155116003     
  9.820000000000001E-003   996.294869108406     
  9.840000000000002E-003   996.932021568407     
  9.860000000000001E-003   997.658821974679     
  9.880000000000002E-003   998.490166572443     
  9.900000000000001E-003   999.445401068577     
  9.920000000000000E-003   1000.50759526372     
  9.940000000000001E-003   1001.60828397027     
  9.960000000000000E-003   1002.73178259470     
  9.980000000000001E-003   1003.87857830216     
  1.000000000000000E-002   1005.05557259429     
  1.002000000000000E-002   1006.28833393107     
  1.004000000000000E-002   1007.61884820037     
  1.006000000000000E-002   1009.05195014075     
  1.008000000000000E-002   1010.60907418740     
  1.010000000000000E-002   1012.30050355543     
  1.012000000000000E-002   1013.98604445818     
  1.014000000000000E-002   1015.47812023841     
  1.016000000000000E-002   1016.71980089525     
  1.018000000000000E-002   1017.72683549152     
  1.020000000000000E-002   1018.50974027373     
  1.022000000000000E-002   1019.08893575532     
  1.024000000000000E-002   1019.48805852602     
  1.026000000000000E-002   1019.72514135697     
  1.028000000000000E-002   1019.81731610127     
  1.030000000000000E-002   1019.79464374882     
  1.032000000000000E-002   1019.67627861186     
  1.034000000000000E-002   1019.46727782094     
  1.036000000000000E-002   1019.17269760128     
  1.038000000000000E-002   1018.79917251077     
  1.040000000000000E-002   1018.35327500639     
  1.042000000000000E-002   1017.83825241031     
  1.044000000000000E-002   1017.26023590875     
  1.046000000000000E-002   1016.62396724235     
  1.048000000000000E-002   1015.93762119314     
  1.050000000000000E-002   1015.21192031476     
  1.052000000000000E-002   1014.46161463082     
  1.054000000000000E-002   1013.70292912422     
  1.056000000000000E-002   1012.94874999003     
  1.058000000000000E-002   1012.21192691748     
  1.060000000000000E-002   1011.49974587473     
  1.062000000000000E-002   1010.81674403943     
  1.064000000000000E-002   1010.16529733777     
  1.066000000000000E-002   1009.54749909505     
  1.068000000000000E-002   1008.96469066007     
  1.070000000000000E-002   1008.41858628797     
  1.072000000000000E-002   1007.91077419849     
  1.074000000000000E-002   1007.44175244948     
  1.076000000000000E-002   1007.01124756408     
  1.078000000000000E-002   1006.61745636713     
  1.080000000000000E-002   1006.25761025568     
  1.082000000000000E-002   1005.92839451334     
  1.084000000000000E-002   1005.62600668635     
  1.086000000000000E-002   1005.34674268878     
  1.088000000000000E-002   1005.08631838170     
  1.090000000000000E-002   1004.84039566222     
  1.092000000000000E-002   1004.60511699217     
  1.094000000000000E-002   1004.37758568750     
  1.096000000000000E-002   1004.15628700696     
  1.098000000000000E-002   1003.94105688534     
  1.100000000000000E-002   1003.73295592031     
  1.102000000000000E-002   1003.53365362768     
  1.104000000000000E-002   1003.34518639756     
  1.106000000000000E-002   1003.16970568282     
  1.108000000000000E-002   1003.00852340580     
  1.110000000000000E-002   1002.86280997951     
  1.112000000000000E-002   1002.73073196400     
  1.114000000000000E-002   1002.61128068516     
  1.116000000000000E-002   1002.49868965073     
  1.118000000000000E-002   1002.39843987707     
  1.120000000000000E-002   1002.30970959882     
  1.122000000000000E-002   1002.23040997952     
  1.124000000000000E-002   1002.15691115967     
  1.126000000000000E-002   1002.08325847533     
  1.128000000000000E-002   1002.00529533134     
  1.130000000000000E-002   1001.92014410775     
  1.132000000000000E-002   1001.82616022663     
  1.134000000000000E-002   1001.71985368810     
  1.136000000000000E-002   1001.59855737930     
  1.138000000000000E-002   1001.46163278921     
  1.140000000000000E-002   1001.30909850114     
  1.142000000000000E-002   1001.14211036142     
  1.144000000000000E-002   1000.96231752345     
  1.146000000000000E-002   1000.77299836894     
  1.148000000000000E-002   1000.57718644527     
  1.150000000000000E-002   1000.37959028662     
  1.152000000000000E-002   1000.18579028778     
  1.154000000000000E-002   999.997610316262     
  1.156000000000000E-002   999.816644686373     
  1.158000000000000E-002   999.643177290335     
  1.160000000000000E-002   999.476682388030     
  1.162000000000000E-002   999.316216161495     
  1.164000000000000E-002   999.160401028023     
  1.166000000000000E-002   999.008152688890     
  1.168000000000000E-002   998.858932837143     
  1.170000000000000E-002   998.712868129289     
  1.172000000000000E-002   998.571150175188     
  1.174000000000000E-002   998.435991878391     
  1.176000000000000E-002   998.310237777278     
  1.178000000000000E-002   998.196962095419     
  1.180000000000000E-002   998.095549875104     
  1.182000000000000E-002   998.004542433082     
  1.184000000000000E-002   997.919283867410     
  1.186000000000000E-002   997.835812444604     
  1.188000000000000E-002   997.751481652107     
  1.190000000000000E-002   997.658740017273     
  1.192000000000000E-002   997.546280969484     
  1.194000000000000E-002   997.408019906461     
  1.196000000000000E-002   997.240456888484     
  1.198000000000000E-002   997.042469656045     
  1.200000000000000E-002   996.814243813078     
  1.202000000000000E-002   996.555238944096     
  1.204000000000000E-002   996.263047406406     
  1.206000000000000E-002   995.933340491070     
  1.208000000000000E-002   995.560320357738     
  1.210000000000000E-002   995.137561762005     
  1.212000000000000E-002   994.660670576618     
  1.214000000000000E-002   994.130983357175     
  1.216000000000000E-002   993.554929146288     
  1.218000000000000E-002   992.938595940295     
  1.220000000000000E-002   992.285527152817     
  1.222000000000000E-002   991.598371579439     
  1.224000000000000E-002   990.876431019139     
  1.226000000000000E-002   990.123201614578     
  1.228000000000000E-002   989.350312139794     
  1.230000000000000E-002   988.566373119842     
  1.232000000000000E-002   987.775586318000     
  1.234000000000000E-002   986.991058098704     
  1.236000000000000E-002   986.223493425711     
  1.238000000000000E-002   985.481190546033     
  1.240000000000000E-002   984.770382632239     
  1.242000000000000E-002   984.094455775864     
  1.244000000000000E-002   983.454922786577     
  1.246000000000000E-002   982.854067778681     
  1.248000000000000E-002   982.290846786054     
  1.250000000000000E-002   981.764043709259     
  1.252000000000000E-002   981.272273840831     
  1.254000000000000E-002   980.813947234023     
  1.256000000000000E-002   980.386552730952     
  1.258000000000000E-002   979.988052702262     
  1.260000000000000E-002   979.617217331496     
  1.262000000000000E-002   979.273304778015     
  1.264000000000000E-002   978.954674967802     
  1.266000000000000E-002   978.660236953985     
  1.268000000000000E-002   978.389512215612     
  1.270000000000000E-002   978.142285685099     
  1.272000000000000E-002   977.918256136479     
  1.274000000000000E-002   977.716563030800     
  1.276000000000000E-002   977.535379481399     
  1.278000000000000E-002   977.371926286225     
  1.280000000000000E-002   977.222990100691     
  1.282000000000000E-002   977.085305076330     
  1.284000000000000E-002   976.956407045706     
  1.286000000000000E-002   976.833892654977     
  1.288000000000000E-002   976.716633848538     
  1.290000000000000E-002   976.602603691701     
  1.292000000000000E-002   976.489968940872     
  1.294000000000000E-002   976.377371177697     
  1.296000000000000E-002   976.263805958153     
  1.298000000000000E-002   976.147112441714     
  1.300000000000000E-002   976.025708143057     
  1.302000000000000E-002   975.899924986051     
  1.304000000000000E-002   975.771379587465     
  1.306000000000000E-002   975.640441203361     
  1.308000000000000E-002   975.507091594036     
  1.310000000000000E-002   975.383499199071     
  1.312000000000000E-002   975.277420434608     
  1.314000000000000E-002   975.194262392391     
  1.316000000000000E-002   975.135007762566     
  1.318000000000000E-002   975.094340368546     
  1.320000000000000E-002   975.078460826131     
  1.322000000000000E-002   975.089027339552     
  1.324000000000000E-002   975.127395714325     
  1.326000000000000E-002   975.197956796533     
  1.328000000000000E-002   975.305967765234     
  1.330000000000000E-002   975.456473220343     
  1.332000000000000E-002   975.655516839382     
  1.334000000000000E-002   975.911285347269     
  1.336000000000000E-002   976.234999554751     
  1.338000000000000E-002   976.640854638949     
  1.340000000000000E-002   977.145825467387     
  1.342000000000000E-002   977.770036174857     
  1.344000000000000E-002   978.536945843765     
  1.346000000000000E-002   979.472926246677     
  1.348000000000000E-002   980.606564428525     
  1.350000000000000E-002   981.968045236599     
  1.352000000000000E-002   983.588494131036     
  1.354000000000000E-002   985.498258952202     
  1.356000000000000E-002   987.688577240612     
  1.358000000000000E-002   989.823467192125     
  1.360000000000000E-002   991.705103042256     
  1.362000000000000E-002   993.317383898915     
  1.364000000000000E-002   994.682482231704     
  1.366000000000000E-002   995.825557187641     
  1.368000000000000E-002   996.775702110923     
  1.370000000000000E-002   997.560979374521     
  1.372000000000000E-002   998.206986418176     
  1.374000000000000E-002   998.736234412029     
  1.376000000000000E-002   999.167454216271     
  1.378000000000000E-002   999.516597661258     
  1.380000000000000E-002   999.796621939545     
  1.382000000000000E-002   1000.01837192745     
  1.384000000000000E-002   1000.19005561506     
  1.386000000000000E-002   1000.31840020452     
  1.388000000000000E-002   1000.40765436069     
  1.390000000000000E-002   1000.46426406610     
  1.392000000000000E-002   1000.48884332013     
  1.394000000000000E-002   1000.48717761745     
  1.396000000000000E-002   1000.46474239047     
  1.398000000000000E-002   1000.41894660150     
  1.400000000000000E-002   1000.35111349896     
  1.402000000000000E-002   1000.26263232584     
  1.404000000000000E-002   1000.15328191868     
  1.406000000000000E-002   1000.01104508334     
  1.408000000000000E-002   999.831604004869     
  1.410000000000000E-002   999.619832009348     
  1.412000000000000E-002   999.375610128416     
  1.414000000000000E-002   999.101524973069     
  1.416000000000000E-002   998.799266674712     
  1.418000000000000E-002   998.470226023359     
  1.420000000000000E-002   998.116519710939     
  1.422000000000000E-002   997.739989025594     
  1.424000000000000E-002   997.342799269399     
  1.426000000000000E-002   996.927389910300     
  1.428000000000000E-002   996.496705292742     
  1.430000000000000E-002   996.051216052552     
  1.432000000000000E-002   995.596118706993     
  1.434000000000000E-002   995.141759443028     
  1.436000000000000E-002   994.694033359520     
  1.438000000000000E-002   994.256639601053     
  1.440000000000000E-002   993.832909513600     
  1.442000000000000E-002   993.425191337941     
  1.444000000000000E-002   993.034148852183     
  1.446000000000000E-002   992.660002684264     
  1.448000000000000E-002   992.302378260741     
  1.450000000000000E-002   991.960454464251     
  1.452000000000000E-002   991.633285926328     
  1.454000000000000E-002   991.320038990450     
  1.456000000000000E-002   991.020459926139     
  1.458000000000000E-002   990.734962644955     
  1.460000000000000E-002   990.465485867249     
  1.462000000000000E-002   990.215264044252     
  1.464000000000000E-002   989.987252633800     
  1.466000000000000E-002   989.783655680504     
  1.468000000000000E-002   989.606330113292     
  1.470000000000000E-002   989.456450727910     
  1.472000000000000E-002   989.334051488004     
  1.474000000000000E-002   989.238319731759     
  1.476000000000000E-002   989.167477595282     
  1.478000000000000E-002   989.115524575922     
  1.480000000000000E-002   989.086073582956     
  1.482000000000000E-002   989.077036894281     
  1.484000000000000E-002   989.082996859161     
  1.486000000000000E-002   989.101912248348     
  1.488000000000000E-002   989.132799158272     
  1.490000000000000E-002   989.174749367323     
  1.492000000000000E-002   989.226916058106     
  1.494000000000000E-002   989.288691305417     
  1.496000000000000E-002   989.359850427623     
  1.498000000000000E-002   989.440939402037     
  1.500000000000000E-002   989.531443935238     
  1.502000000000000E-002   989.630683165714     
  1.504000000000000E-002   989.740494118921     
  1.506000000000000E-002   989.861188090281     
  1.508000000000000E-002   989.993059567514     
  1.510000000000000E-002   990.135203645006     
  1.512000000000000E-002   990.285887264001     
  1.514000000000000E-002   990.446155412219     
  1.516000000000000E-002   990.617311123774     
  1.518000000000000E-002   990.799380978433     
  1.520000000000000E-002   990.993264971302     
  1.522000000000000E-002   991.201076024721     
  1.524000000000000E-002   991.423989177790     
  1.526000000000000E-002   991.661737477871     
  1.528000000000000E-002   991.912739608535     
  1.530000000000000E-002   992.176740283238     
  1.532000000000000E-002   992.449380747693     
  1.534000000000000E-002   992.719672546691     
  1.536000000000000E-002   992.992857303116     
  1.538000000000000E-002   993.275081684990     
  1.540000000000000E-002   993.572763631013     
  1.542000000000000E-002   993.893476388763     
  1.544000000000000E-002   994.248696671381     
  1.546000000000000E-002   994.650297903661     
  1.548000000000000E-002   995.107136118290     
  1.550000000000000E-002   995.626094299755     
  1.552000000000000E-002   996.213929941543     
  1.554000000000000E-002   996.877461279252     
  1.556000000000000E-002   997.622631499926     
  1.558000000000000E-002   998.455746153632     
  1.560000000000000E-002   999.384563278478     
  1.562000000000000E-002   1000.41476260577     
  1.564000000000000E-002   1001.55452394121     
  1.566000000000000E-002   1002.73364833535     
  1.568000000000000E-002   1003.86784946762     
  1.570000000000000E-002   1004.94454630778     
  1.572000000000000E-002   1005.95095414549     
  1.574000000000000E-002   1006.88813491763     
  1.576000000000000E-002   1007.75340480717     
  1.578000000000000E-002   1008.54505441031     
  1.580000000000000E-002   1009.26244718794     
  1.582000000000000E-002   1009.90703501838     
  1.584000000000000E-002   1010.48202706751     
  1.586000000000000E-002   1010.98860372415     
  1.588000000000000E-002   1011.42741722278     
  1.590000000000000E-002   1011.80825908508     
  1.592000000000000E-002   1012.14465803067     
  1.594000000000000E-002   1012.44475715117     
  1.596000000000000E-002   1012.70902882374     
  1.598000000000000E-002   1012.93568446291     
  1.600000000000000E-002   1013.11637361581     
  1.602000000000000E-002   1013.24728513733     
  1.604000000000000E-002   1013.32955618571     
  1.606000000000000E-002   1013.37040014021     
  1.608000000000000E-002   1013.36908375014     
  1.610000000000000E-002   1013.33967532031     
  1.612000000000000E-002   1013.26777406716     
  1.614000000000000E-002   1013.15638857513     
  1.616000000000000E-002   1013.00957290745     
  1.618000000000000E-002   1012.83196760913     
  1.620000000000000E-002   1012.62846044547     
  1.622000000000000E-002   1012.39775782645     
  1.624000000000000E-002   1012.13770651166     
  1.626000000000000E-002   1011.84817797526     
  1.628000000000000E-002   1011.53231020478     
  1.630000000000000E-002   1011.19506355975     
  1.632000000000000E-002   1010.84149610719     
  1.634000000000000E-002   1010.47600579430     
  1.636000000000000E-002   1010.10362060323     
  1.638000000000000E-002   1009.72800570676     
  1.640000000000000E-002   1009.34975559914     
  1.642000000000000E-002   1008.96809555973     
  1.644000000000000E-002   1008.58254769483     
  1.646000000000000E-002   1008.19405970638     
  1.648000000000000E-002   1007.80413101880     
  1.650000000000000E-002   1007.41296712818     
  1.652000000000000E-002   1007.02052352428     
  1.654000000000000E-002   1006.62797143662     
  1.656000000000000E-002   1006.23750871150     
  1.658000000000000E-002   1005.85073704345     
  1.660000000000000E-002   1005.46879044992     
  1.662000000000000E-002   1005.09316732213     
  1.664000000000000E-002   1004.72545415769     
  1.666000000000000E-002   1004.36698069110     
  1.668000000000000E-002   1004.01819744808     
  1.670000000000000E-002   1003.67907210860     
  1.672000000000000E-002   1003.34953787382     
  1.674000000000000E-002   1003.03003277462     
  1.676000000000000E-002   1002.72187271617     
  1.678000000000000E-002   1002.42441379531     
  1.680000000000000E-002   1002.13914507859     
  1.682000000000000E-002   1001.86654743682     
  1.684000000000000E-002   1001.60813286813     
  1.686000000000000E-002   1001.36618628188     
  1.688000000000000E-002   1001.14188406942     
  1.690000000000000E-002   1000.93574399601     
  1.692000000000000E-002   1000.74704724592     
  1.694000000000000E-002   1000.57506990347     
  1.696000000000000E-002   1000.41971273211     
  1.698000000000000E-002   1000.28139784789     
  1.700000000000000E-002   1000.16173522818     
  1.702000000000000E-002   1000.06102336976     
  1.704000000000000E-002   999.980889493958     
  1.706000000000000E-002   999.922595219397     
  1.708000000000000E-002   999.888137399294     
  1.710000000000000E-002   999.881127584224     
  1.712000000000000E-002   999.898572813399     
  1.714000000000000E-002   999.940952299426     
  1.716000000000000E-002   1000.00770010908     
  1.718000000000000E-002   1000.09497257803     
  1.720000000000000E-002   1000.19666194467     
  1.722000000000000E-002   1000.30555414773     
  1.724000000000000E-002   1000.41679449739     
  1.726000000000000E-002   1000.52977892898     
  1.728000000000000E-002   1000.64220007944     
  1.730000000000000E-002   1000.74967995688     
  1.732000000000000E-002   1000.85101842942     
  1.734000000000000E-002   1000.94660704669     
  1.736000000000000E-002   1001.03813410080     
  1.738000000000000E-002   1001.12575917850     
  1.740000000000000E-002   1001.20911176930     
  1.742000000000000E-002   1001.28864789383     
  1.744000000000000E-002   1001.36516981213     
  1.746000000000000E-002   1001.43939800273     
  1.748000000000000E-002   1001.51533092449     
  1.750000000000000E-002   1001.59468451318     
  1.752000000000000E-002   1001.67762472930     
  1.754000000000000E-002   1001.76606328408     
  1.756000000000000E-002   1001.86595410342     
  1.758000000000000E-002   1001.98017276536     
  1.760000000000000E-002   1002.11189959478     
  1.762000000000000E-002   1002.26269324771     
  1.764000000000000E-002   1002.43410372970     
  1.766000000000000E-002   1002.62684161554     
  1.768000000000000E-002   1002.84127395939     
  1.770000000000000E-002   1003.07818804640     
  1.772000000000000E-002   1003.33703774054     
  1.774000000000000E-002   1003.61792473025     
  1.776000000000000E-002   1003.92210345686     
  1.778000000000000E-002   1004.23831579481     
  1.780000000000000E-002   1004.55335420800     
  1.782000000000000E-002   1004.85260226495     
  1.784000000000000E-002   1005.13366640162     
  1.786000000000000E-002   1005.39700019933     
  1.788000000000000E-002   1005.64230660945     
  1.790000000000000E-002   1005.86955079046     
  1.792000000000000E-002   1006.07937260256     
  1.794000000000000E-002   1006.27234153587     
  1.796000000000000E-002   1006.44999187488     
  1.798000000000000E-002   1006.61376998798     
  1.800000000000000E-002   1006.76501094479     
  1.802000000000000E-002   1006.90565604364     
  1.804000000000000E-002   1007.03693655964     
  1.806000000000000E-002   1007.16044951427     
  1.808000000000000E-002   1007.27692726433     
  1.810000000000000E-002   1007.38712998294     
  1.812000000000000E-002   1007.49207162092     
  1.814000000000000E-002   1007.59318939430     
  1.816000000000000E-002   1007.69053679887     
  1.818000000000000E-002   1007.78425870354     
  1.820000000000000E-002   1007.87476998435     
  1.822000000000000E-002   1007.96259088759     
  1.824000000000000E-002   1008.04696622468     
  1.826000000000000E-002   1008.12617680564     
  1.828000000000000E-002   1008.19867656976     
  1.830000000000000E-002   1008.26350976425     
  1.832000000000000E-002   1008.31920295908     
  1.834000000000000E-002   1008.36544618056     
  1.836000000000000E-002   1008.40213914935     
  1.838000000000000E-002   1008.43028487617     
  1.840000000000000E-002   1008.45045934330     
  1.842000000000000E-002   1008.46282401673     
  1.844000000000000E-002   1008.46746195930     
  1.846000000000000E-002   1008.46414673130     
  1.848000000000000E-002   1008.45390811131     
  1.850000000000000E-002   1008.43720370479     
  1.852000000000000E-002   1008.41787790617     
  1.854000000000000E-002   1008.39891149057     
  1.856000000000000E-002   1008.38362388237     
  1.858000000000000E-002   1008.37222844899     
  1.860000000000000E-002   1008.36416706250     
  1.862000000000000E-002   1008.35512777541     
  1.864000000000000E-002   1008.34645769526     
  1.866000000000000E-002   1008.33577639283     
  1.868000000000000E-002   1008.32212758126     
  1.870000000000000E-002   1008.30426332160     
  1.872000000000000E-002   1008.28020879888     
  1.874000000000000E-002   1008.24770276590     
  1.876000000000000E-002   1008.20490630104     
  1.878000000000000E-002   1008.14976198203     
  1.880000000000000E-002   1008.08130946459     
  1.882000000000000E-002   1007.99696696814     
  1.884000000000000E-002   1007.89617736485     
  1.886000000000000E-002   1007.77805844985     
  1.888000000000000E-002   1007.64183337864     
  1.890000000000000E-002   1007.48710137514     
  1.892000000000000E-002   1007.31378992153     
  1.894000000000000E-002   1007.12214743099     
  1.896000000000000E-002   1006.91268871316     
  1.898000000000000E-002   1006.68626741581     
  1.900000000000000E-002   1006.44362797070     
  1.902000000000000E-002   1006.18555862684     
  1.904000000000000E-002   1005.91320117236     
  1.906000000000000E-002   1005.62788780937     
  1.908000000000000E-002   1005.33053006611     
  1.910000000000000E-002   1005.02266829515     
  1.912000000000000E-002   1004.70615694031     
  1.914000000000000E-002   1004.38281712183     
  1.916000000000000E-002   1004.05472970306     
  1.918000000000000E-002   1003.72481098544     
  1.920000000000000E-002   1003.39465505470     
  1.922000000000000E-002   1003.06625431611     
  1.924000000000000E-002   1002.74128977958     
  1.926000000000000E-002   1002.42071401118     
  1.928000000000000E-002   1002.10523741867     
  1.930000000000000E-002   1001.79552981045     
  1.932000000000000E-002   1001.49213874836     
  1.934000000000000E-002   1001.19505861901     
  1.936000000000000E-002   1000.90370244469     
  1.938000000000000E-002   1000.61710407832     
  1.940000000000000E-002   1000.33403167289     
  1.942000000000000E-002   1000.05350976067     
  1.944000000000000E-002   999.774627077653     
  1.946000000000000E-002   999.496298158641     
  1.948000000000000E-002   999.218249081361     
  1.950000000000000E-002   998.940047888805     
  1.952000000000000E-002   998.661245651591     
  1.954000000000000E-002   998.381636073690     
  1.956000000000000E-002   998.101240921602     
  1.958000000000000E-002   997.820490669297     
  1.960000000000000E-002   997.541800588991     
  1.962000000000000E-002   997.267924371886     
  1.964000000000000E-002   997.001170686270     
  1.966000000000000E-002   996.743720267188     
  1.968000000000000E-002   996.497569846528     
  1.970000000000000E-002   996.264510722883     
  1.972000000000000E-002   996.045779507809     
  1.974000000000000E-002   995.842063523981     
  1.976000000000000E-002   995.653385328190     
  1.978000000000000E-002   995.479071715730     
  1.980000000000000E-002   995.318015660640     
  1.982000000000000E-002   995.168930719956     
  1.984000000000000E-002   995.030344699143     
  1.986000000000000E-002   994.900944215658     
  1.988000000000000E-002   994.779658895216     
  1.990000000000000E-002   994.665533339883     
  1.992000000000000E-002   994.557840219762     
  1.994000000000000E-002   994.456428563210     
  1.996000000000000E-002   994.361686287137     
  1.998000000000000E-002   994.274109943110     
  2.000000000000000E-002   994.194582184836     
  2.002000000000000E-002   994.123940594774     
  2.004000000000000E-002   994.062507842695     
  2.006000000000000E-002   994.010295648796     
  2.008000000000000E-002   993.967455343583     
  2.010000000000000E-002   993.934064763763     
  2.012000000000000E-002   993.909875196270     
  2.014000000000000E-002   993.894421014961     
  2.016000000000000E-002   993.886951872641     
  2.018000000000000E-002   993.887200817387     
  2.020000000000000E-002   993.893547295828     
  2.022000000000000E-002   993.906497465659     
  2.024000000000000E-002   993.925661617546     
  2.026000000000000E-002   993.950819680551     
  2.028000000000000E-002   993.981413934844     
  2.030000000000000E-002   994.016379108911     
  2.032000000000000E-002   994.054051346451     
  2.034000000000000E-002   994.093604624809     
  2.036000000000000E-002   994.133955118614     
  2.038000000000000E-002   994.174289612425     
  2.040000000000000E-002   994.213942725340     
  2.042000000000000E-002   994.252849512631     
  2.044000000000000E-002   994.291333859835     
  2.046000000000000E-002   994.330193433380     
  2.048000000000000E-002   994.370541788072     
  2.050000000000000E-002   994.414128182170     
  2.052000000000000E-002   994.462687742129     
  2.054000000000000E-002   994.518419192863     
  2.056000000000000E-002   994.583648832464     
  2.058000000000000E-002   994.660432770727     
  2.060000000000000E-002   994.750127611349     
  2.062000000000000E-002   994.854129951657     
  2.064000000000000E-002   994.972399692451     
  2.066000000000000E-002   995.103487264808     
  2.068000000000000E-002   995.245562141570     
  2.070000000000000E-002   995.398455708254     
  2.072000000000000E-002   995.561639832020     
  2.074000000000000E-002   995.730334024843     
  2.076000000000000E-002   995.903639796833     
  2.078000000000000E-002   996.082953535359     
  2.080000000000000E-002   996.269539879642     
  2.082000000000000E-002   996.464885160593     
  2.084000000000000E-002   996.670741510449     
  2.086000000000000E-002   996.889178465907     
  2.088000000000000E-002   997.121144285651     
  2.090000000000000E-002   997.368655318887     
  2.092000000000000E-002   997.631729622778     
  2.094000000000000E-002   997.901868639031     
  2.096000000000000E-002   998.165605991682     
  2.098000000000000E-002   998.417735595318     
  2.100000000000000E-002   998.658917203450     
  2.102000000000000E-002   998.888887213535     
  2.104000000000000E-002   999.107525331885     
  2.106000000000000E-002   999.315328250820     
  2.108000000000000E-002   999.513027548073     
  2.110000000000000E-002   999.701050395951     
  2.112000000000000E-002   999.879799535982     
  2.114000000000000E-002   1000.04992291012     
  2.116000000000000E-002   1000.21158023192     
  2.118000000000000E-002   1000.36516192770     
  2.120000000000000E-002   1000.51057843045     
  2.122000000000000E-002   1000.64745673152     
  2.124000000000000E-002   1000.77631637249     
  2.126000000000000E-002   1000.89687097057     
  2.128000000000000E-002   1001.00947724325     
  2.130000000000000E-002   1001.11430280115     
  2.132000000000000E-002   1001.21226358948     
  2.134000000000000E-002   1001.30587261239     
  2.136000000000000E-002   1001.39394368964     
  2.138000000000000E-002   1001.47469405038     
  2.140000000000000E-002   1001.54494872537     
  2.142000000000000E-002   1001.60658040593     
  2.144000000000000E-002   1001.66159017347     
  2.146000000000000E-002   1001.71019337897     
  2.148000000000000E-002   1001.75075980261     
  2.150000000000000E-002   1001.78252836135     
  2.152000000000000E-002   1001.80520866785     
  2.154000000000000E-002   1001.81729189957     
  2.156000000000000E-002   1001.81783129829     
  2.158000000000000E-002   1001.80796620799     
  2.160000000000000E-002   1001.78720874630     
  2.162000000000000E-002   1001.75584232057     
  2.164000000000000E-002   1001.71128284487     
  2.166000000000000E-002   1001.65300296862     
  2.168000000000000E-002   1001.58100590040     
  2.170000000000000E-002   1001.49562490517     
  2.172000000000000E-002   1001.39762102453     
  2.174000000000000E-002   1001.28819936063     
  2.176000000000000E-002   1001.16859612394     
  2.178000000000000E-002   1001.04005503816     
  2.180000000000000E-002   1000.90365332887     
  2.182000000000000E-002   1000.76031076396     
  2.184000000000000E-002   1000.61090758301     
  2.186000000000000E-002   1000.45625019419     
  2.188000000000000E-002   1000.29708503067     
  2.190000000000000E-002   1000.13399953553     
  2.192000000000000E-002   999.967505993375     
  2.194000000000000E-002   999.798096847419     
  2.196000000000000E-002   999.626350081185     
  2.198000000000000E-002   999.452751058173     
  2.200000000000000E-002   999.277711515100     
  2.202000000000000E-002   999.101460976507     
  2.204000000000000E-002   998.924301853478     
  2.206000000000000E-002   998.746545170350     
  2.208000000000000E-002   998.568668731026     
  2.210000000000000E-002   998.391202752065     
  2.212000000000000E-002   998.214677277725     
  2.214000000000000E-002   998.039688383488     
  2.216000000000000E-002   997.866897638558     
  2.218000000000000E-002   997.696784125570     
  2.220000000000000E-002   997.529391662069     
  2.222000000000000E-002   997.364623643911     
  2.224000000000000E-002   997.202387821050     
  2.226000000000000E-002   997.042666749983     
  2.228000000000000E-002   996.885525269160     
  2.230000000000000E-002   996.731307772817     
  2.232000000000000E-002   996.580613032022     
  2.234000000000000E-002   996.434254075227     
  2.236000000000000E-002   996.293016089582     
  2.238000000000000E-002   996.157706684722     
  2.240000000000000E-002   996.029030161666     
  2.242000000000000E-002   995.907595329211     
  2.244000000000000E-002   995.793971365391     
  2.246000000000000E-002   995.688688423178     
  2.248000000000000E-002   995.592287510955     
  2.250000000000000E-002   995.505245574570     
  2.252000000000000E-002   995.428306525885     
  2.254000000000000E-002   995.362539777189     
  2.256000000000000E-002   995.304026610962     
  2.258000000000000E-002   995.255991658581     
  2.260000000000000E-002   995.217285632551     
  2.262000000000000E-002   995.186996880217     
  2.264000000000000E-002   995.164573563000     
  2.266000000000000E-002   995.149914427673     
  2.268000000000000E-002   995.143810500613     
  2.270000000000000E-002   995.145296459584     
  2.272000000000000E-002   995.152268879761     
  2.274000000000000E-002   995.165186475768     
  2.276000000000000E-002   995.183719459668     
  2.278000000000000E-002   995.207151746578     
  2.280000000000000E-002   995.234790171226     
  2.282000000000000E-002   995.266177739140     
  2.284000000000000E-002   995.301167765997     
  2.286000000000000E-002   995.339803415209     
  2.288000000000000E-002   995.382190645739     
  2.290000000000000E-002   995.428241129021     
  2.292000000000000E-002   995.477441015328     
  2.294000000000000E-002   995.528814483503     
  2.296000000000000E-002   995.580287224037     
  2.298000000000000E-002   995.629274486548     
  2.300000000000000E-002   995.674491822608     
  2.302000000000000E-002   995.715144935821     
  2.304000000000000E-002   995.750751374151     
  2.306000000000000E-002   995.780754723580     
  2.308000000000000E-002   995.804617077789     
  2.310000000000000E-002   995.821478946964     
  2.312000000000000E-002   995.830923348616     
  2.314000000000000E-002   995.832323861335     
  2.316000000000000E-002   995.826711768122     
  2.318000000000000E-002   995.812258211586     
  2.320000000000000E-002   995.788462023319     
  2.322000000000000E-002   995.755913947364     
  2.324000000000000E-002   995.715359588328     
  2.326000000000000E-002   995.667599701315     
  2.328000000000000E-002   995.613542057883     
  2.330000000000000E-002   995.554274291313     
  2.332000000000000E-002   995.490280183339     
  2.334000000000000E-002   995.422080556937     
  2.336000000000000E-002   995.350280918463     
  2.338000000000000E-002   995.275526872255     
  2.340000000000000E-002   995.198947082251     
  2.342000000000000E-002   995.121473244619     
  2.344000000000000E-002   995.043901211697     
  2.346000000000000E-002   994.966734176422     
  2.348000000000000E-002   994.891561946263     
  2.350000000000000E-002   994.818204318021     
  2.352000000000000E-002   994.746704492216     
  2.354000000000000E-002   994.676972976988     
  2.356000000000000E-002   994.608809901409     
  2.358000000000000E-002   994.542025838571     
  2.360000000000000E-002   994.476515401968     
  2.362000000000000E-002   994.412265835496     
  2.364000000000000E-002   994.349426235948     
  2.366000000000000E-002   994.288589303245     
  2.368000000000000E-002   994.230969288400     
  2.370000000000000E-002   994.178016580175     
  2.372000000000000E-002   994.130793970769     
  2.374000000000000E-002   994.089622491629     
  2.376000000000000E-002   994.054447659275     
  2.378000000000000E-002   994.026186362493     
  2.380000000000000E-002   994.006117057624     
  2.382000000000000E-002   993.994547063619     
  2.384000000000000E-002   993.990405766683     
  2.386000000000000E-002   993.991692666753     
  2.388000000000000E-002   993.997953070024     
  2.390000000000000E-002   994.009908955841     
  2.392000000000000E-002   994.027705970264     
  2.394000000000000E-002   994.050994213103     
  2.396000000000000E-002   994.079710568982     
  2.398000000000000E-002   994.114154820290     
  2.400000000000000E-002   994.154990916579     
  2.402000000000000E-002   994.202957135796     
  2.404000000000000E-002   994.258794836548     
  2.406000000000000E-002   994.322880112480     
  2.408000000000000E-002   994.395227504544     
  2.410000000000000E-002   994.475532901200     
  2.412000000000000E-002   994.563197767435     
  2.414000000000000E-002   994.657569287701     
  2.416000000000000E-002   994.757931904223     
  2.418000000000000E-002   994.863623187028     
  2.420000000000000E-002   994.974253691730     
  2.422000000000000E-002   995.089615973639     
  2.424000000000000E-002   995.209428394602     
  2.426000000000000E-002   995.332956430318     
  2.428000000000000E-002   995.458911738901     
  2.430000000000000E-002   995.585846093454     
  2.432000000000000E-002   995.712766786450     
  2.434000000000000E-002   995.838402464475     
  2.436000000000000E-002   995.960949934660     
  2.438000000000000E-002   996.078504234927     
  2.440000000000000E-002   996.189340135660     
  2.442000000000000E-002   996.292816922498     
  2.444000000000000E-002   996.388685060248     
  2.446000000000000E-002   996.476840786230     
  2.448000000000000E-002   996.557878875728     
  2.450000000000000E-002   996.632544363637     
  2.452000000000000E-002   996.701558511044     
  2.454000000000000E-002   996.764932296570     
  2.456000000000000E-002   996.821880609432     
  2.458000000000000E-002   996.871201143824     
  2.460000000000000E-002   996.911909740355     
  2.462000000000000E-002   996.943619970364     
  2.464000000000000E-002   996.966543639499     
  2.466000000000000E-002   996.980392482339     
  2.468000000000000E-002   996.983630364553     
  2.470000000000000E-002   996.978252500745     
  2.472000000000000E-002   996.963399436554     
  2.474000000000000E-002   996.938302043823     
  2.476000000000000E-002   996.903037556873     
  2.478000000000000E-002   996.858156340816     
  2.480000000000000E-002   996.804438612957     
  2.482000000000000E-002   996.742652508551     
  2.484000000000000E-002   996.673465028536     
  2.486000000000000E-002   996.597723424457     
  2.488000000000000E-002   996.516861947836     
  2.490000000000000E-002   996.432409411200     
  2.492000000000000E-002   996.345085890729     
  2.494000000000000E-002   996.254529127756     
  2.496000000000000E-002   996.159787527518     
  2.498000000000000E-002   996.060239570119     
  2.500000000000000E-002   995.956149577632     
  2.502000000000000E-002   995.848135745120     
  2.504000000000000E-002   995.737067287562     
  2.506000000000000E-002   995.624473868049     
  2.508000000000000E-002   995.511764681773     
  2.510000000000000E-002   995.399358903654     
  2.512000000000000E-002   995.287029640109     
  2.514000000000000E-002   995.174335251626     
  2.516000000000000E-002   995.061214322555     
  2.518000000000000E-002   994.948323786945     
  2.520000000000000E-002   994.836933475171     
  2.522000000000000E-002   994.727757644147     
  2.524000000000000E-002   994.621076305009     
  2.526000000000000E-002   994.516791642535     
  2.528000000000000E-002   994.414436983917     
  2.530000000000000E-002   994.313319232970     
  2.532000000000000E-002   994.212749525775     
  2.534000000000000E-002   994.112260837925     
  2.536000000000000E-002   994.011746632655     
  2.538000000000000E-002   993.911736608882     
  2.540000000000000E-002   993.813049021939     
  2.542000000000000E-002   993.716265403145     
  2.544000000000000E-002   993.619933382567     
  2.546000000000000E-002   993.524498407519     
  2.548000000000000E-002   993.430996180863     
  2.550000000000000E-002   993.340429087961     
  2.552000000000000E-002   993.250676335516     
  2.554000000000000E-002   993.162580717283     
  2.556000000000000E-002   993.078658114686     
  2.558000000000000E-002   992.993131588921     
  2.560000000000000E-002   992.906161738859     
  2.562000000000000E-002   992.836455461341     
  2.564000000000000E-002   992.744406489138     
  2.566000000000000E-002   992.652948195096     
  2.568000000000000E-002   992.573125053594     
  2.570000000000000E-002   992.494466213947     
  2.572000000000000E-002   992.413753865119     
  2.574000000000000E-002   992.329822338304     
  2.576000000000000E-002   992.242644870345     
  2.578000000000000E-002   992.152757680444     
  2.580000000000000E-002   992.060771855118     
  2.582000000000000E-002   991.967090431734     
  2.584000000000000E-002   991.872083782512     
  2.586000000000000E-002   991.775716902629     
  2.588000000000000E-002   991.678162799671     
  2.590000000000000E-002   991.579477600225     
  2.592000000000000E-002   991.479742288650     
  2.594000000000000E-002   991.378667239673     
  2.596000000000000E-002   991.275911339504     
  2.598000000000000E-002   991.171171083728     
  2.600000000000000E-002   991.064407382470     
  2.602000000000000E-002   990.955878727574     
  2.604000000000000E-002   990.845892691196     
  2.606000000000000E-002   990.734529950845     
  2.608000000000000E-002   990.621835156373     
  2.610000000000000E-002   990.508007884966     
  2.612000000000000E-002   990.393440465207     
  2.614000000000000E-002   990.279134878592     
  2.616000000000000E-002   990.166479274721     
  2.618000000000000E-002   990.056007445073     
  2.620000000000000E-002   989.947592999740     
  2.622000000000000E-002   989.840697070350     
  2.624000000000000E-002   989.734601708740     
  2.626000000000000E-002   989.628628080538     
  2.628000000000000E-002   989.521992558219     
  2.630000000000000E-002   989.414374272088     
  2.632000000000000E-002   989.305821746492     
  2.634000000000000E-002   989.196589416898     
  2.636000000000000E-002   989.086809772784     
  2.638000000000000E-002   988.976109772860     
  2.640000000000000E-002   988.863405574038     
  2.642000000000000E-002   988.747339168488     
  2.644000000000000E-002   988.626941450178     
  2.646000000000000E-002   988.501926833965     
  2.648000000000000E-002   988.372447516367     
  2.650000000000000E-002   988.238493962667     
  2.652000000000000E-002   988.099681017015     
  2.654000000000000E-002   987.955341957394     
  2.656000000000000E-002   987.804614863419     
  2.658000000000000E-002   987.646934466880     
  2.660000000000000E-002   987.482260912787     
  2.662000000000000E-002   987.310918846956     
  2.664000000000000E-002   987.133316434181     
  2.666000000000000E-002   986.949652873470     
  2.668000000000000E-002   986.759586328365     
  2.670000000000000E-002   986.562507215342     
  2.672000000000000E-002   986.358984958307     
  2.674000000000000E-002   986.148622067175     
  2.676000000000000E-002   985.930538914950     
  2.678000000000000E-002   985.703813851484     
  2.680000000000000E-002   985.467371161649     
  2.682000000000000E-002   985.220310527667     
  2.684000000000000E-002   984.961524195849     
  2.686000000000000E-002   984.689844285149     
  2.688000000000000E-002   984.404757225024     
  2.690000000000000E-002   984.106310600374     
  2.692000000000000E-002   983.794202658216     
  2.694000000000000E-002   983.466827951469     
  2.696000000000000E-002   983.122402064572     
  2.698000000000000E-002   982.759967195430     
  2.700000000000000E-002   982.379014308808     
  2.702000000000000E-002   981.979575946299     
  2.704000000000000E-002   981.561731685791     
  2.706000000000000E-002   981.125090577039     
  2.708000000000000E-002   980.668645889009     
  2.710000000000000E-002   980.191096550365     
  2.712000000000000E-002   979.691411293826     
  2.714000000000000E-002   979.169314349176     
  2.716000000000000E-002   978.625507639478     
  2.718000000000000E-002   978.061604171106     
  2.720000000000000E-002   977.479864657128     
  2.722000000000000E-002   976.882841581352     
  2.724000000000000E-002   976.273132061110     
  2.726000000000000E-002   975.653458601949     
  2.728000000000000E-002   975.026320579326     
  2.730000000000000E-002   974.396783526622     
  2.732000000000000E-002   973.772197684618     
  2.734000000000000E-002   973.162317350707     
  2.736000000000000E-002   972.579262991750     
  2.738000000000000E-002   972.036051249659     
  2.740000000000000E-002   971.546970467660     
  2.742000000000000E-002   971.126145849327     
  2.744000000000000E-002   970.791059936765     
  2.746000000000000E-002   970.561750697921     
  2.748000000000000E-002   970.458603208658     
  2.750000000000000E-002   970.499303864700     
  2.752000000000000E-002   970.697528235878     
  2.754000000000000E-002   971.042631391534     
  2.756000000000000E-002   971.219144167923     
  2.758000000000000E-002   971.034858810541     
  2.760000000000000E-002   970.517643036057     
  2.762000000000000E-002   969.710925730614     
  2.764000000000000E-002   968.667286812735     
  2.766000000000000E-002   967.441974341555     
  2.768000000000000E-002   966.093701118574     
  2.770000000000000E-002   964.657938485651     
  2.772000000000000E-002   963.159528402714     
  2.774000000000000E-002   961.616358961230     
  2.776000000000000E-002   960.065459514704     
  2.778000000000000E-002   958.560954956464     
  2.780000000000000E-002   957.188050189432     
  2.782000000000000E-002   956.067591528627     
  2.784000000000000E-002   955.370356536125     
  2.786000000000000E-002   955.337314699560     
  2.788000000000000E-002   956.299730464162     
  2.790000000000000E-002   958.717498405681     
  2.792000000000000E-002   963.229873214050     
  2.794000000000000E-002   970.754338174929     
  2.796000000000000E-002   982.638936401740     
  2.798000000000000E-002   1000.90636813856     
  2.800000000000000E-002   1028.72346159234     
  2.802000000000000E-002   1071.22777528178     
  2.804000000000000E-002   1137.10865783153     
  2.806000000000000E-002   1239.73165222246     
  2.808000000000000E-002   1383.36258588663     
  2.810000000000000E-002   1521.23359550986     
  2.812000000000000E-002   1635.98146870090     
  2.814000000000000E-002   1727.47156953121     
  2.816000000000000E-002   1806.90728285514     
  2.818000000000000E-002   1886.06863418965     
  2.820000000000000E-002   1967.03422968215     
  2.822000000000000E-002   2045.72753005558     
  2.824000000000000E-002   2114.92460696345     
  2.826000000000000E-002   2164.46893611308     
  2.828000000000000E-002   2190.17636065506     
  2.830000000000000E-002   2195.80818502123     
  2.832000000000000E-002   2190.91215830540     
  2.834000000000000E-002   2178.42016410634     
  2.836000000000000E-002   2155.11490933431     
  2.838000000000000E-002   2120.18037842962     
  2.840000000000000E-002   2075.36622313673     
  2.842000000000000E-002   2030.64649665329     
  2.844000000000000E-002   1997.08012094777     
  2.846000000000000E-002   1975.29988439513     
  2.848000000000000E-002   1962.61007462709     
  2.850000000000000E-002   1955.95122813794     
  2.852000000000000E-002   1952.57699490215     
  2.854000000000000E-002   1954.22689766356     
  2.856000000000000E-002   1964.90962613255     
  2.858000000000000E-002   1988.49476131510     
  2.860000000000000E-002   2029.63165557196     
  2.862000000000000E-002   2093.12441087640     
  2.864000000000000E-002   2183.53247541062     
  2.866000000000000E-002   2292.92916352129     
  2.868000000000000E-002   2388.03977192587     
  2.870000000000000E-002   2461.80959404988     
  2.872000000000000E-002   2518.21302293317     
  2.874000000000000E-002   2561.82558480854     
  2.876000000000000E-002   2596.94564585654     
  2.878000000000000E-002   2626.80277269962     
  2.880000000000000E-002   2653.70492137374     
  2.882000000000000E-002   2678.42412418394     
  2.884000000000000E-002   2701.81462221705     
  2.886000000000000E-002   2725.43040095893     
  2.888000000000000E-002   2750.09875731610     
  2.890000000000000E-002   2776.72324614991     
  2.892000000000000E-002   2805.72649362471     
  2.894000000000000E-002   2834.42966922814     
  2.896000000000000E-002   2860.50446594744     
  2.898000000000000E-002   2882.48927292631     
  2.900000000000000E-002   2899.80461028400     
  2.902000000000000E-002   2913.14913675903     
  2.904000000000000E-002   2922.95626147298     
  2.906000000000000E-002   2929.58862438049     
  2.908000000000000E-002   2933.42427749071     
  2.910000000000000E-002   2935.11743852136     
  2.912000000000000E-002   2934.52220672955     
  2.914000000000000E-002   2931.09138141123     
  2.916000000000000E-002   2925.47873323536     
  2.918000000000000E-002   2917.96454776933     
  2.920000000000000E-002   2908.37937446983     
  2.922000000000000E-002   2896.46861930088     
  2.924000000000000E-002   2882.00239435803     
  2.926000000000000E-002   2864.73364305832     
  2.928000000000000E-002   2844.38366750502     
  2.930000000000000E-002   2820.66353055395     
  2.932000000000000E-002   2793.33522183893     
  2.934000000000000E-002   2762.17425241801     
  2.936000000000000E-002   2727.02672883380     
  2.938000000000000E-002   2687.86827091199     
  2.940000000000000E-002   2644.83323002992     
  2.942000000000000E-002   2598.24707862978     
  2.944000000000000E-002   2548.70469283876     
  2.946000000000000E-002   2498.97364903541     
  2.948000000000000E-002   2454.15262584386     
  2.950000000000000E-002   2414.74773025852     
  2.952000000000000E-002   2379.60812289978     
  2.954000000000000E-002   2347.79631048142     
  2.956000000000000E-002   2318.42196635580     
  2.958000000000000E-002   2290.74982810579     
  2.960000000000000E-002   2264.21643331545     
  2.962000000000000E-002   2238.48229907629     
  2.964000000000000E-002   2213.19915827588     
  2.966000000000000E-002   2187.84644451425     
  2.968000000000000E-002   2162.04106511268     
  2.970000000000000E-002   2135.45157398949     
  2.972000000000000E-002   2107.44662539208     
  2.974000000000000E-002   2077.10819845973     
  2.976000000000000E-002   2043.44324446758     
  2.978000000000000E-002   2005.04767726010     
  2.980000000000000E-002   1960.49431484270     
  2.982000000000000E-002   1908.43240827766     
  2.984000000000000E-002   1847.92084836487     
  2.986000000000000E-002   1778.58732713440     
  2.988000000000000E-002   1701.36975360545     
  2.990000000000000E-002   1618.68781757887     
  2.992000000000000E-002   1545.91554472299     
  2.994000000000000E-002   1499.24586292899     
  2.996000000000000E-002   1471.48409808197     
  2.998000000000000E-002   1455.88764079446     
  3.000000000000000E-002   1448.27179613714     
  3.002000000000000E-002   1447.12825883306     
  3.004000000000000E-002   1448.94077951794     
  3.006000000000000E-002   1453.22169624810     
  3.008000000000000E-002   1461.02547009590     
  3.010000000000000E-002   1473.25744139501     
  3.012000000000000E-002   1490.33995679087     
  3.014000000000000E-002   1512.40900885263     
  3.016000000000000E-002   1533.51792947033     
  3.018000000000000E-002   1545.85416723421     
  3.020000000000000E-002   1551.32263075853     
  3.022000000000000E-002   1554.01699174615     
  3.024000000000000E-002   1555.18074365963     
  3.026000000000000E-002   1554.23566268452     
  3.028000000000000E-002   1550.17723324639     
  3.030000000000000E-002   1541.63285286977     
  3.032000000000000E-002   1526.56368102871     
  3.034000000000000E-002   1502.71090180832     
  3.036000000000000E-002   1468.93029775362     
  3.038000000000000E-002   1425.94504624724     
  3.040000000000000E-002   1374.45530211510     
  3.042000000000000E-002   1316.59866221760     
  3.044000000000000E-002   1255.35077822629     
  3.046000000000000E-002   1193.85973635697     
  3.048000000000000E-002   1137.90496506633     
  3.050000000000000E-002   1096.04781247310     
  3.052000000000000E-002   1064.50470531363     
  3.054000000000000E-002   1040.46346410012     
  3.056000000000000E-002   1022.06594026604     
  3.058000000000000E-002   1008.02568106785     
  3.060000000000000E-002   997.395996579566     
  3.062000000000000E-002   989.449614969131     
  3.064000000000000E-002   983.612028675001     
  3.066000000000000E-002   979.422988231423     
  3.068000000000000E-002   976.511152981358     
  3.070000000000000E-002   974.581789613994     
  3.072000000000000E-002   973.402231468226     
  3.074000000000000E-002   972.781894061522     
  3.076000000000000E-002   972.569817032429     
  3.078000000000000E-002   972.654820240026     
  3.080000000000000E-002   972.951496037744     
  3.082000000000000E-002   973.393566059007     
  3.084000000000000E-002   973.930496884770     
  3.086000000000000E-002   974.524099089257     
  3.088000000000000E-002   975.146043504809     
  3.090000000000000E-002   975.776314618708     
  3.092000000000000E-002   976.401774812363     
  3.094000000000000E-002   977.014470524887     
  3.096000000000000E-002   977.610326519103     
  3.098000000000000E-002   978.188102322266     
  3.100000000000000E-002   978.748311671654     
  3.102000000000000E-002   979.291517804054     
  3.104000000000000E-002   979.817915969255     
  3.106000000000000E-002   980.327125549957     
  3.108000000000000E-002   980.816470178287     
  3.110000000000000E-002   981.283154983096     
  3.112000000000000E-002   981.728894088483     
  3.114000000000000E-002   982.156713386772     
  3.116000000000000E-002   982.571644972039     
  3.118000000000000E-002   982.981859798381     
  3.120000000000000E-002   983.392698665601     
  3.122000000000000E-002   983.812334753900     
  3.124000000000000E-002   984.254197412156     
  3.126000000000000E-002   984.727198437869     
  3.128000000000000E-002   985.249159588495     
  3.130000000000000E-002   985.838101813231     
  3.132000000000000E-002   986.514761316139     
  3.134000000000000E-002   987.305490831526     
  3.136000000000001E-002   988.239508729061     
  3.138000000000001E-002   989.344410908922     
  3.140000000000000E-002   990.650277822895     
  3.142000000000000E-002   992.184560080615     
  3.144000000000000E-002   993.915603284319     
  3.146000000000000E-002   995.388967586879     
  3.148000000000000E-002   996.437801960417     
  3.150000000000000E-002   997.120654269499     
  3.152000000000000E-002   997.521109637234     
  3.154000000000001E-002   997.739267058180     
  3.156000000000000E-002   997.875705049789     
  3.158000000000000E-002   997.943067387551     
  3.160000000000000E-002   997.884990372996     
  3.162000000000000E-002   997.647076886871     
  3.164000000000000E-002   997.185365334995     
  3.166000000000000E-002   996.470982885669     
  3.168000000000000E-002   995.489684430719     
  3.170000000000001E-002   994.252405869443     
  3.172000000000001E-002   992.853631768699     
  3.174000000000000E-002   991.709157782866     
  3.176000000000000E-002   990.876454732409     
  3.178000000000000E-002   990.285308435040     
  3.180000000000000E-002   989.877173585610     
  3.182000000000000E-002   989.604522784758     
  3.184000000000000E-002   989.428130230655     
  3.186000000000000E-002   989.316544425931     
  3.188000000000001E-002   989.246913105732     
  3.190000000000000E-002   989.205751404021     
  3.192000000000000E-002   989.185464560289     
  3.194000000000000E-002   989.178120966709     
  3.196000000000000E-002   989.178584284055     
  3.198000000000000E-002   989.185212097024     
  3.200000000000000E-002   989.197400620222     
  3.202000000000000E-002   989.214871767918     
  3.204000000000001E-002   989.237171466001     
  3.206000000000001E-002   989.262528305988     
  3.208000000000000E-002   989.281993869781     
  3.210000000000000E-002   989.285839022061     
  3.212000000000000E-002   989.276240892524     
  3.214000000000000E-002   989.252412662276     
  3.216000000000000E-002   989.213067903183     
  3.218000000000000E-002   989.158434153474     
  3.220000000000000E-002   989.089517576994     
  3.222000000000001E-002   989.007845956903     
  3.224000000000000E-002   988.915265090701     
  3.226000000000000E-002   988.813911944574     
  3.228000000000000E-002   988.706258456842     
  3.230000000000000E-002   988.594877495474     
  3.232000000000000E-002   988.482935235445     
  3.234000000000000E-002   988.376119241125     
  3.236000000000000E-002   988.275569212028     
  3.238000000000001E-002   988.183982765315     
  3.240000000000001E-002   988.112644297292     
  3.242000000000000E-002   988.041968897411     
  3.244000000000000E-002   987.986852915082     
  3.246000000000000E-002   987.945939412896     
  3.248000000000000E-002   987.917306133199     
  3.250000000000000E-002   987.900211650496     
  3.252000000000000E-002   987.892210207202     
  3.254000000000000E-002   987.889260099488     
  3.256000000000001E-002   987.890635649632     
  3.258000000000000E-002   987.894624116144     
  3.260000000000000E-002   987.914382347151     
  3.262000000000000E-002   987.932584553741     
  3.264000000000000E-002   987.917737969640     
  3.266000000000000E-002   987.921670406377     
  3.268000000000000E-002   987.939348840266     
  3.270000000000000E-002   987.964250278526     
  3.272000000000001E-002   987.992199576329     
  3.274000000000001E-002   988.019607063284     
  3.276000000000000E-002   988.036264051443     
  3.278000000000000E-002   988.046668344091     
  3.280000000000000E-002   988.054820784209     
  3.282000000000000E-002   988.060068381014     
  3.284000000000000E-002   988.062599544832     
  3.286000000000000E-002   988.063021395513     
  3.288000000000000E-002   988.061600703250     
  3.290000000000001E-002   988.057244180453     
  3.292000000000000E-002   988.049442831143     
  3.294000000000000E-002   988.038297219300     
  3.296000000000000E-002   988.024112804186     
  3.298000000000000E-002   988.007309058658     
  3.300000000000000E-002   987.987900676270     
  3.302000000000000E-002   987.966915427226     
  3.304000000000000E-002   987.948591774070     
  3.306000000000001E-002   987.932053704521     
  3.308000000000001E-002   987.917655764961     
  3.310000000000000E-002   987.908971259936     
  3.312000000000000E-002   987.907554520200     
  3.314000000000000E-002   987.910554387582     
  3.316000000000000E-002   987.918003833560     
  3.318000000000000E-002   987.929890147287     
  3.320000000000000E-002   987.945829437372     
  3.322000000000000E-002   987.965160359747     
  3.324000000000001E-002   987.986039326145     
  3.326000000000000E-002   988.005327265176     
  3.328000000000000E-002   988.021834672566     
  3.330000000000000E-002   988.035084299532     
  3.332000000000000E-002   988.044501076122     
  3.334000000000000E-002   988.049499524653     
  3.336000000000000E-002   988.049826408285     
  3.338000000000000E-002   988.043740745853     
  3.340000000000001E-002   988.028946179877     
  3.342000000000001E-002   988.004660676872     
  3.344000000000000E-002   987.970637566841     
  3.346000000000000E-002   987.926619900287     
  3.348000000000000E-002   987.872327563925     
  3.350000000000000E-002   987.807644581927     
  3.352000000000000E-002   987.732586103026     
  3.354000000000000E-002   987.647053922159     
  3.356000000000000E-002   987.550838732704     
  3.358000000000001E-002   987.443553869586     
  3.360000000000000E-002   987.324923327474     
  3.362000000000000E-002   987.195133091365     
  3.364000000000000E-002   987.054750137374     
  3.366000000000000E-002   986.904301707326     
  3.368000000000000E-002   986.746178937680     
  3.370000000000000E-002   986.590447866310     
  3.372000000000000E-002   986.440764836391     
  3.374000000000001E-002   986.296727326579     
  3.376000000000001E-002   986.160396926245     
  3.378000000000000E-002   986.032635049149     
  3.380000000000000E-002   985.913994706444     
  3.382000000000000E-002   985.804133971566     
  3.384000000000000E-002   985.702883865369     
  3.386000000000000E-002   985.610068824400     
  3.388000000000000E-002   985.525199334786     
  3.390000000000000E-002   985.447556626693     
  3.392000000000001E-002   985.376505603452     
  3.394000000000000E-002   985.311593468429     
  3.396000000000000E-002   985.252255593116     
  3.398000000000000E-002   985.197483959514     
  3.400000000000000E-002   985.145925620267     
  3.402000000000000E-002   985.096458962999     
  3.404000000000000E-002   985.048697924057     
  3.406000000000000E-002   985.002972334164     
  3.408000000000001E-002   984.959889370490     
  3.410000000000001E-002   984.919932093380     
  3.412000000000000E-002   984.883462262536     
  3.414000000000000E-002   984.850839579650     
  3.416000000000000E-002   984.822519928070     
  3.418000000000000E-002   984.799294433640     
  3.420000000000000E-002   984.781802492855     
  3.422000000000000E-002   984.770012635342     
  3.424000000000000E-002   984.764810844400     
  3.426000000000001E-002   984.765070551541     
  3.428000000000000E-002   984.768356251326     
  3.430000000000000E-002   984.778311290003     
  3.432000000000000E-002   984.793412066466     
  3.434000000000000E-002   984.812485615210     
  3.436000000000000E-002   984.834492234290     
  3.438000000000000E-002   984.859200664782     
  3.440000000000000E-002   984.886384665473     
  3.442000000000001E-002   984.921520501703     
  3.444000000000001E-002   984.965130956704     
  3.446000000000000E-002   985.007615859792     
  3.448000000000000E-002   985.051463435480     
  3.450000000000000E-002   985.101612685145     
  3.452000000000000E-002   985.157730745619     
  3.454000000000000E-002   985.219233731127     
  3.456000000000000E-002   985.285642032205     
  3.458000000000000E-002   985.356815444826     
  3.460000000000001E-002   985.432606824794     
  3.462000000000000E-002   985.512748705608     
  3.464000000000000E-002   985.596758297000     
  3.466000000000000E-002   985.683967471409     
  3.468000000000000E-002   985.773567614872     
  3.470000000000000E-002   985.864826714612     
  3.472000000000000E-002   985.957392420702     
  3.474000000000000E-002   986.051401834489     
  3.476000000000001E-002   986.147119893851     
  3.478000000000001E-002   986.244606577505     
  3.480000000000000E-002   986.344315419178     
  3.482000000000000E-002   986.446616368998     
  3.484000000000000E-002   986.551584340333     
  3.486000000000000E-002   986.659912416817     
  3.488000000000000E-002   986.772919985770     
  3.490000000000000E-002   986.888055924159     
  3.492000000000000E-002   987.010125090711     
  3.494000000000001E-002   987.137879441575     
  3.496000000000000E-002   987.272266729192     
  3.498000000000000E-002   987.413900293718     
  3.500000000000000E-002   987.562730976588     
  3.502000000000000E-002   987.718798218910     
  3.504000000000000E-002   987.882391814564     
  3.506000000000000E-002   988.052906186080     
  3.508000000000000E-002   988.232485379770     
  3.510000000000001E-002   988.422432017463     
  3.512000000000001E-002   988.602847322004     
  3.514000000000000E-002   988.787872075210     
  3.516000000000000E-002   988.981536362570     
  3.518000000000000E-002   989.145820002396     
  3.520000000000000E-002   989.294551008277     
  3.522000000000000E-002   989.445674091007     
  3.524000000000000E-002   989.592343584710     
  3.526000000000000E-002   989.732158985819     
  3.528000000000001E-002   989.864802928274     
  3.530000000000000E-002   989.990622292208     
  3.532000000000000E-002   990.110315990844     
  3.534000000000000E-002   990.224146251371     
  3.536000000000000E-002   990.332124794740     
  3.538000000000000E-002   990.436225934107     
  3.540000000000000E-002   990.539672523262     
  3.542000000000000E-002   990.629286437250     
  3.544000000000001E-002   990.713411629829     
  3.546000000000001E-002   990.792735067941     
  3.548000000000000E-002   990.868371672553     
  3.550000000000000E-002   990.941419241728     
  3.552000000000000E-002   991.012812986645     
  3.554000000000000E-002   991.083385021793     
  3.556000000000000E-002   991.153887010202     
  3.558000000000000E-002   991.225200429085     
  3.560000000000000E-002   991.299221211715     
  3.562000000000001E-002   991.379128934386     
  3.564000000000001E-002   991.465955090379     
  3.566000000000000E-002   991.560370910441     
  3.568000000000000E-002   991.663113414910     
  3.570000000000000E-002   991.774811409924     
  3.572000000000000E-002   991.895819162881     
  3.574000000000000E-002   992.025931584841     
  3.576000000000000E-002   992.163675196313     
  3.578000000000001E-002   992.304192625750     
  3.580000000000001E-002   992.441075390184     
  3.582000000000000E-002   992.573006403312     
  3.584000000000000E-002   992.699313232022     
  3.586000000000000E-002   992.819245188489     
  3.588000000000000E-002   992.932627279848     
  3.590000000000000E-002   993.039256363995     
  3.592000000000000E-002   993.138678648322     
  3.594000000000000E-002   993.230201243039     
  3.596000000000001E-002   993.313153712977     
  3.598000000000001E-002   993.387592605357     
  3.600000000000000E-002   993.455344030497     
  3.602000000000000E-002   993.520733257714     
  3.604000000000000E-002   993.585789663921     
  3.606000000000000E-002   993.650974394265     
  3.608000000000000E-002   993.717006223938     
  3.610000000000000E-002   993.785180105266     
  3.612000000000001E-002   993.857302733215     
  3.614000000000001E-002   993.935552037739     
  3.616000000000000E-002   994.022269843006     
  3.618000000000000E-002   994.119597122703     
  3.620000000000000E-002   994.229281581496     
  3.622000000000000E-002   994.353309820954     
  3.624000000000000E-002   994.495397073896     
  3.626000000000000E-002   994.660938020298     
  3.628000000000000E-002   994.846273525668     
  3.630000000000001E-002   995.043179033117     
  3.632000000000001E-002   995.253259954339     
  3.634000000000000E-002   995.477268089900     
  3.636000000000000E-002   995.715147760300     
  3.638000000000000E-002   995.966206186034     
  3.640000000000000E-002   996.229283447111     
  3.642000000000000E-002   996.502828939865     
  3.644000000000000E-002   996.784270081041     
  3.646000000000001E-002   997.069563784575     
  3.648000000000001E-002   997.350745717006     
  3.650000000000000E-002   997.621407383071     
  3.652000000000000E-002   997.880776031642     
  3.654000000000000E-002   998.127711925077     
  3.656000000000000E-002   998.360508229051     
  3.658000000000000E-002   998.577269904094     
  3.660000000000000E-002   998.776395034058     
  3.662000000000000E-002   998.956518610679     
  3.664000000000001E-002   999.116311211725     
  3.666000000000001E-002   999.254775604231     
  3.668000000000000E-002   999.371649717320     
  3.670000000000000E-002   999.466935239457     
  3.672000000000000E-002   999.541095556201     
  3.674000000000000E-002   999.595177200053     
  3.676000000000000E-002   999.630495855776     
  3.678000000000000E-002   999.647891987307     
  3.680000000000001E-002   999.651853235267     
  3.682000000000001E-002   999.645362556505     
  3.684000000000000E-002   999.626388855512     
  3.686000000000000E-002   999.596251062297     
  3.688000000000000E-002   999.560854389077     
  3.690000000000000E-002   999.524670652386     
  3.692000000000000E-002   999.495054382519     
  3.694000000000000E-002   999.470954897818     
  3.696000000000000E-002   999.451278336036     
  3.698000000000001E-002   999.435039745867     
  3.700000000000001E-002   999.421537398699     
  3.702000000000000E-002   999.410408688864     
  3.704000000000000E-002   999.401606161149     
  3.706000000000000E-002   999.395148806154     
  3.708000000000000E-002   999.388961325542     
  3.710000000000000E-002   999.384154035163     
  3.712000000000000E-002   999.382308191411     
  3.714000000000001E-002   999.381644891972     
  3.716000000000001E-002   999.381587569060     
  3.718000000000000E-002   999.382019851113     
  3.720000000000000E-002   999.383298702993     
  3.722000000000000E-002   999.385631880503     
  3.724000000000000E-002   999.388984216908     
  3.726000000000000E-002   999.393105544052     
  3.728000000000000E-002   999.398017660899     
  3.730000000000000E-002   999.405153371498     
  3.732000000000001E-002   999.415756379721     
  3.734000000000001E-002   999.430450630745     
  3.736000000000000E-002   999.449333014480     
  3.738000000000000E-002   999.472141803001     
  3.740000000000000E-002   999.502233511592     
  3.742000000000000E-002   999.532099120474     
  3.744000000000000E-002   999.558909488851     
  3.746000000000000E-002   999.587535200966     
  3.748000000000001E-002   999.615152301798     
  3.750000000000001E-002   999.639582839204     
  3.752000000000000E-002   999.660097916763     
  3.754000000000000E-002   999.676369683586     
  3.756000000000000E-002   999.687879940185     
  3.758000000000000E-002   999.694301688547     
  3.760000000000000E-002   999.694322801892     
  3.762000000000000E-002   999.689068832937     
  3.764000000000000E-002   999.679064363702     
  3.766000000000001E-002   999.665425183434     
  3.768000000000001E-002   999.649761839903     
  3.770000000000000E-002   999.634453594246     
  3.772000000000000E-002   999.621959067962     
  3.774000000000000E-002   999.616184896656     
  3.776000000000000E-002   999.618734077892     
  3.778000000000000E-002   999.635239461520     
  3.780000000000000E-002   999.670862790264     
  3.782000000000001E-002   999.726554896063     
  3.784000000000001E-002   999.802022813616     
  3.786000000000000E-002   999.896176345268     
  3.788000000000000E-002   1000.01188477338     
  3.790000000000000E-002   1000.14712743694     
  3.792000000000000E-002   1000.29076165138     
  3.794000000000000E-002   1000.44429245260     
  3.796000000000000E-002   1000.60813677966     
  3.798000000000000E-002   1000.78238905422     
  3.800000000000001E-002   1000.96644015043     
  3.802000000000001E-002   1001.15982878129     
  3.804000000000000E-002   1001.36233770876     
  3.806000000000000E-002   1001.57326088769     
  3.808000000000000E-002   1001.78900331619     
  3.810000000000000E-002   1002.00628508584     
  3.812000000000000E-002   1002.22374469603     
  3.814000000000000E-002   1002.43993108737     
  3.816000000000001E-002   1002.65460860560     
  3.818000000000001E-002   1002.86929486729     
  3.820000000000000E-002   1003.07674803565     
  3.822000000000000E-002   1003.28809807462     
  3.824000000000000E-002   1003.49911095888     
  3.826000000000000E-002   1003.70747418356     
  3.828000000000000E-002   1003.91406566338     
  3.830000000000000E-002   1004.11630118403     
  3.832000000000000E-002   1004.31668318135     
  3.834000000000001E-002   1004.51622442534     
  3.836000000000001E-002   1004.71501061319     
  3.838000000000000E-002   1004.91289020584     
  3.840000000000000E-002   1005.10749411923     
  3.842000000000000E-002   1005.29291877511     
  3.844000000000000E-002   1005.46854636983     
  3.846000000000000E-002   1005.63596712299     
  3.848000000000000E-002   1005.79342160353     
  3.850000000000001E-002   1005.93045341736     
  3.852000000000001E-002   1006.03240165000     
  3.854000000000000E-002   1006.09853382926     
  3.856000000000000E-002   1006.14999209347     
  3.858000000000000E-002   1006.19035621327     
  3.860000000000000E-002   1006.20945307179     
  3.862000000000000E-002   1006.20704442420     
  3.864000000000000E-002   1006.18014367311     
  3.866000000000000E-002   1006.12381867304     
  3.868000000000001E-002   1006.03510574611     
  3.870000000000001E-002   1005.91058795641     
  3.872000000000000E-002   1005.74478079680     
  3.874000000000000E-002   1005.53008084554     
  3.876000000000000E-002   1005.25737278509     
  3.878000000000000E-002   1004.92119068146     
  3.880000000000000E-002   1004.52273076398     
  3.882000000000000E-002   1004.07616314938     
  3.884000000000001E-002   1003.64510076166     
  3.886000000000001E-002   1003.37498551700     
  3.888000000000000E-002   1003.42611875174     
  3.890000000000000E-002   1004.63209898958     
  3.892000000000000E-002   1009.18497760256     
  3.894000000000000E-002   1021.75689310241     
  3.896000000000000E-002   1046.52809321950     
  3.898000000000000E-002   1066.78662900956     
  3.900000000000000E-002   1077.74060481778     
  3.902000000000001E-002   1082.69173066933     
  3.904000000000001E-002   1084.61700759664     
  3.906000000000000E-002   1085.20947400091     
  3.908000000000000E-002   1085.27689766417     
  3.910000000000000E-002   1085.19465746467     
  3.912000000000000E-002   1085.07602444514     
  3.914000000000000E-002   1084.98888520669     
  3.916000000000000E-002   1084.98069054830     
  3.918000000000001E-002   1084.94648948725     
  3.920000000000001E-002   1084.86110487991     
  3.922000000000000E-002   1084.72115440726     
  3.924000000000000E-002   1084.51001609186     
  3.926000000000000E-002   1084.21457318228     
  3.928000000000000E-002   1083.84051537156     
  3.930000000000000E-002   1083.39462793491     
  3.932000000000000E-002   1082.88588073280     
  3.934000000000000E-002   1082.27838905010     
  3.936000000000001E-002   1081.63720006204     
  3.938000000000001E-002   1081.10052920254     
  3.940000000000000E-002   1080.70349300885     
  3.942000000000000E-002   1080.43268892408     
  3.944000000000000E-002   1080.28090070720     
  3.946000000000000E-002   1080.27798506071     
  3.948000000000000E-002   1080.39537685623     
  3.950000000000000E-002   1080.60944446321     
  3.952000000000001E-002   1080.90908040882     
  3.954000000000001E-002   1081.23235830733     
  3.956000000000000E-002   1081.52422429827     
  3.958000000000000E-002   1081.79995947870     
  3.960000000000000E-002   1081.98491643790     
  3.962000000000000E-002   1082.08816340781     
  3.964000000000000E-002   1082.11769043009     
  3.966000000000000E-002   1082.07974879620     
  3.968000000000000E-002   1082.01764455138     
  3.970000000000001E-002   1082.03650227123     
  3.972000000000001E-002   1082.11080577986     
  3.974000000000000E-002   1082.23393283882     
  3.976000000000000E-002   1082.39558371135     
  3.978000000000000E-002   1082.59069168667     
  3.980000000000000E-002   1082.81755951080     
  3.982000000000000E-002   1083.06721285253     
  3.984000000000000E-002   1083.32240540123     
  3.986000000000001E-002   1083.56209824194     
  3.988000000000001E-002   1083.77651274930     
  3.990000000000000E-002   1083.98670020961     
  3.992000000000000E-002   1084.21867570740     
  3.994000000000000E-002   1084.48471445096     
  3.996000000000000E-002   1084.91928613501     
  3.998000000000000E-002   1085.33810961208     
  4.000000000000000E-002   299.597999998362     
