  0.000000000000000E+000   443.669005160825     
  2.000000000000000E-005   997.654209138110     
  4.000000000000000E-005   997.647801058181     
  6.000000000000001E-005   997.641015945739     
  8.000000000000001E-005   997.628179886522     
  1.000000000000000E-004   997.609121625482     
  1.200000000000000E-004   997.579115960002     
  1.400000000000000E-004   997.533939245425     
  1.600000000000000E-004   997.466534397435     
  1.800000000000000E-004   997.368190239714     
  2.000000000000000E-004   997.227319022025     
  2.200000000000000E-004   997.029595784632     
  2.400000000000000E-004   996.757543363234     
  2.600000000000000E-004   996.390611135399     
  2.800000000000000E-004   995.904996206257     
  3.000000000000000E-004   995.297893825922     
  3.200000000000000E-004   994.727585581385     
  3.400000000000000E-004   994.251341267466     
  3.600000000000000E-004   993.877081129956     
  3.800000000000000E-004   993.604732189896     
  4.000000000000000E-004   993.426438627069     
  4.200000000000000E-004   993.327071506264     
  4.400000000000000E-004   993.286272309227     
  4.600000000000000E-004   993.278961902687     
  4.800000000000001E-004   993.304092217186     
  5.000000000000000E-004   993.410188588327     
  5.200000000000001E-004   993.648306372437     
  5.400000000000000E-004   994.057690435552     
  5.600000000000001E-004   994.603196349117     
  5.800000000000000E-004   995.089295787197     
  6.000000000000001E-004   995.492667929981     
  6.200000000000000E-004   995.825433453361     
  6.400000000000001E-004   996.098896481337     
  6.600000000000001E-004   996.323104131488     
  6.800000000000000E-004   996.506784928098     
  7.000000000000001E-004   996.657342141153     
  7.200000000000000E-004   996.780967960152     
  7.400000000000001E-004   996.882726724438     
  7.600000000000000E-004   996.966773302329     
  7.800000000000001E-004   997.036409675661     
  8.000000000000000E-004   997.094289058375     
  8.200000000000001E-004   997.142570015716     
  8.400000000000000E-004   997.183010749769     
  8.600000000000001E-004   997.217040309660     
  8.800000000000000E-004   997.245795856658     
  9.000000000000001E-004   997.270172594756     
  9.200000000000000E-004   997.290875285974     
  9.400000000000001E-004   997.308469549325     
  9.600000000000001E-004   997.323442559655     
  9.800000000000002E-004   997.336248079580     
  1.000000000000000E-003   997.347348250267     
  1.020000000000000E-003   997.357215151582     
  1.040000000000000E-003   997.366303229807     
  1.060000000000000E-003   997.374989658628     
  1.080000000000000E-003   997.383502621310     
  1.100000000000000E-003   997.391926509326     
  1.120000000000000E-003   997.400190880128     
  1.140000000000000E-003   997.408076547115     
  1.160000000000000E-003   997.415241989267     
  1.180000000000000E-003   997.421293309599     
  1.200000000000000E-003   997.425993037447     
  1.220000000000000E-003   997.429177984767     
  1.240000000000000E-003   997.430925316844     
  1.260000000000000E-003   997.431592423204     
  1.280000000000000E-003   997.431610758773     
  1.300000000000000E-003   997.430834857829     
  1.320000000000000E-003   997.428510160145     
  1.340000000000000E-003   997.423655576690     
  1.360000000000000E-003   997.414884913683     
  1.380000000000000E-003   997.400276310097     
  1.400000000000000E-003   997.377215165127     
  1.420000000000000E-003   997.342177375608     
  1.440000000000000E-003   997.290496220032     
  1.460000000000000E-003   997.216186362440     
  1.480000000000000E-003   997.111818376555     
  1.500000000000000E-003   996.968612436665     
  1.520000000000000E-003   996.776688814298     
  1.540000000000000E-003   996.525532295293     
  1.560000000000000E-003   996.204678233627     
  1.580000000000000E-003   995.804575682307     
  1.600000000000000E-003   995.317476403224     
  1.620000000000000E-003   994.738228231316     
  1.640000000000000E-003   994.064827650735     
  1.660000000000000E-003   993.298615901151     
  1.680000000000000E-003   992.444078933464     
  1.700000000000000E-003   991.508293409997     
  1.720000000000000E-003   990.500137786305     
  1.740000000000000E-003   989.429443542938     
  1.760000000000000E-003   988.306265863492     
  1.780000000000000E-003   987.140402574261     
  1.800000000000000E-003   985.941216364389     
  1.820000000000000E-003   984.717678074822     
  1.840000000000000E-003   983.477596623817     
  1.860000000000000E-003   982.227535223547     
  1.880000000000000E-003   980.972443076585     
  1.900000000000000E-003   979.721668468699     
  1.920000000000000E-003   978.479098319534     
  1.940000000000000E-003   977.246118348676     
  1.960000000000000E-003   976.022615894191     
  1.980000000000000E-003   974.807965711424     
  2.000000000000000E-003   973.601625896309     
  2.020000000000000E-003   972.403127914046     
  2.040000000000000E-003   971.211992936207     
  2.060000000000000E-003   970.027552622185     
  2.080000000000000E-003   968.848786498174     
  2.100000000000000E-003   967.674574864997     
  2.120000000000000E-003   966.503643594816     
  2.140000000000000E-003   965.335048863430     
  2.160000000000000E-003   964.167294822023     
  2.180000000000000E-003   962.999397847391     
  2.200000000000000E-003   961.831044140008     
  2.220000000000000E-003   960.663163469794     
  2.240000000000000E-003   959.498088672439     
  2.260000000000000E-003   958.337607589277     
  2.280000000000000E-003   957.184115831845     
  2.300000000000000E-003   956.040179929862     
  2.320000000000000E-003   954.908412184124     
  2.340000000000000E-003   953.791339258706     
  2.360000000000000E-003   952.691272108046     
  2.380000000000000E-003   951.610213826787     
  2.400000000000000E-003   950.549784506904     
  2.420000000000000E-003   949.511141656733     
  2.440000000000000E-003   948.494902271382     
  2.460000000000000E-003   947.501106597597     
  2.480000000000000E-003   946.529225959808     
  2.500000000000000E-003   945.578212688683     
  2.520000000000000E-003   944.646551026341     
  2.540000000000000E-003   943.732302292420     
  2.560000000000000E-003   942.833182167700     
  2.580000000000000E-003   941.946591330602     
  2.600000000000000E-003   941.069831301049     
  2.620000000000000E-003   940.200108828862     
  2.640000000000000E-003   939.335001503082     
  2.660000000000000E-003   938.472446596124     
  2.680000000000000E-003   937.611171711015     
  2.700000000000000E-003   936.749433229540     
  2.720000000000000E-003   935.883484647923     
  2.740000000000000E-003   935.008320960265     
  2.760000000000000E-003   934.117707862875     
  2.780000000000000E-003   933.204392394063     
  2.800000000000000E-003   932.259309007860     
  2.820000000000000E-003   931.273742409067     
  2.840000000000000E-003   930.239698223334     
  2.860000000000000E-003   929.152123614673     
  2.880000000000000E-003   928.007094408441     
  2.900000000000000E-003   926.810771191132     
  2.920000000000000E-003   925.565476678368     
  2.940000000000000E-003   924.270525995412     
  2.960000000000000E-003   922.941875124081     
  2.980000000000000E-003   921.602788365004     
  3.000000000000000E-003   920.257988312582     
  3.020000000000000E-003   918.906360652089     
  3.040000000000000E-003   917.553073627961     
  3.060000000000000E-003   916.206025882234     
  3.080000000000000E-003   914.869198635033     
  3.100000000000000E-003   913.544248479517     
  3.120000000000000E-003   912.231779255232     
  3.140000000000000E-003   910.930681469757     
  3.160000000000000E-003   909.639380912352     
  3.180000000000000E-003   908.355788503895     
  3.200000000000000E-003   907.077482278944     
  3.220000000000000E-003   905.801985434844     
  3.240000000000000E-003   904.526964157243     
  3.260000000000000E-003   903.249823398206     
  3.280000000000000E-003   901.965407571344     
  3.300000000000000E-003   900.666437695107     
  3.320000000000000E-003   899.345133382629     
  3.340000000000000E-003   897.994889597822     
  3.360000000000000E-003   896.611165531528     
  3.380000000000000E-003   895.191944142068     
  3.400000000000000E-003   893.737721808667     
  3.420000000000000E-003   892.250828670205     
  3.440000000000000E-003   890.734907850838     
  3.460000000000000E-003   889.194114951115     
  3.480000000000000E-003   887.632274400548     
  3.500000000000000E-003   886.052720379505     
  3.520000000000000E-003   884.457651005757     
  3.540000000000000E-003   882.854933112992     
  3.560000000000000E-003   881.261111263261     
  3.580000000000000E-003   879.682779994736     
  3.600000000000000E-003   878.122599677032     
  3.620000000000000E-003   876.580406650505     
  3.640000000000000E-003   875.056099532538     
  3.660000000000000E-003   873.549716478163     
  3.680000000000000E-003   872.061416263407     
  3.700000000000000E-003   870.591496326825     
  3.720000000000000E-003   869.140406018471     
  3.740000000000000E-003   867.708739398311     
  3.760000000000000E-003   866.297187850872     
  3.780000000000000E-003   864.906463473183     
  3.800000000000000E-003   863.537215845055     
  3.820000000000000E-003   862.189957162710     
  3.840000000000001E-003   860.865042494068     
  3.860000000000000E-003   859.562643692225     
  3.880000000000000E-003   858.282859394036     
  3.900000000000000E-003   857.025834324273     
  3.920000000000001E-003   855.791871546877     
  3.940000000000000E-003   854.581592907811     
  3.960000000000000E-003   853.396015793994     
  3.980000000000000E-003   852.236482979560     
  4.000000000000000E-003   851.104482865011     
  4.020000000000000E-003   850.001420799355     
  4.040000000000000E-003   848.928437782696     
  4.060000000000000E-003   847.886380081899     
  4.080000000000000E-003   846.875929435864     
  4.100000000000000E-003   845.897857761160     
  4.120000000000000E-003   844.953274724220     
  4.140000000000000E-003   844.043677042157     
  4.160000000000001E-003   843.170587524659     
  4.180000000000001E-003   842.334218881040     
  4.200000000000001E-003   841.532085549666     
  4.220000000000001E-003   840.761670225717     
  4.240000000000001E-003   840.021063973836     
  4.260000000000001E-003   839.310256899301     
  4.280000000000000E-003   838.633614898923     
  4.300000000000000E-003   838.000442601278     
  4.320000000000000E-003   837.423078679406     
  4.340000000000000E-003   836.913420751666     
  4.360000000000000E-003   836.478325054916     
  4.380000000000000E-003   836.115475734958     
  4.400000000000000E-003   835.813205427030     
  4.420000000000000E-003   835.552236660977     
  4.440000000000000E-003   835.312657307454     
  4.460000000000000E-003   835.077726069453     
  4.480000000000000E-003   834.837665691350     
  4.500000000000001E-003   834.572891009890     
  4.520000000000001E-003   834.238556767061     
  4.540000000000001E-003   833.816115697935     
  4.560000000000001E-003   833.288482522896     
  4.580000000000001E-003   832.699241817660     
  4.600000000000001E-003   832.123460183704     
  4.620000000000000E-003   831.585972387283     
  4.640000000000000E-003   831.090944980460     
  4.660000000000000E-003   830.636205226836     
  4.680000000000000E-003   830.215977002281     
  4.700000000000000E-003   829.822692654244     
  4.720000000000000E-003   829.447128006603     
  4.740000000000000E-003   829.080629887964     
  4.760000000000000E-003   828.714677685398     
  4.780000000000000E-003   828.325793822518     
  4.800000000000000E-003   827.865499773253     
  4.820000000000000E-003   827.391657056329     
  4.840000000000001E-003   827.011044339911     
  4.860000000000001E-003   826.761872388937     
  4.880000000000001E-003   826.642309418592     
  4.900000000000001E-003   826.620918520060     
  4.920000000000001E-003   826.653083249393     
  4.940000000000001E-003   826.763221214798     
  4.960000000000000E-003   826.961972960326     
  4.980000000000000E-003   827.246395992699     
  5.000000000000000E-003   827.607380020775     
  5.020000000000000E-003   828.033867403052     
  5.040000000000000E-003   828.516113296072     
  5.060000000000000E-003   829.051192329303     
  5.080000000000000E-003   829.651087858105     
  5.100000000000000E-003   830.341465562140     
  5.120000000000000E-003   831.167522446100     
  5.140000000000000E-003   832.332990187541     
  5.160000000000001E-003   835.098664334484     
  5.180000000000001E-003   846.212623587313     
  5.200000000000001E-003   887.926050640302     
  5.220000000000001E-003   945.249213025459     
  5.240000000000001E-003   971.214956023864     
  5.260000000000001E-003   980.486652936898     
  5.280000000000001E-003   984.795781820328     
  5.300000000000000E-003   987.838325056700     
  5.320000000000000E-003   990.577370116754     
  5.340000000000000E-003   993.196672582000     
  5.360000000000000E-003   995.590194794459     
  5.380000000000000E-003   997.727569254997     
  5.400000000000000E-003   999.358481305163     
  5.420000000000000E-003   1000.32323528614     
  5.440000000000000E-003   1000.75965283118     
  5.460000000000000E-003   1000.78338543728     
  5.480000000000000E-003   1000.64060321260     
  5.500000000000001E-003   1000.34995049443     
  5.520000000000001E-003   999.892001451888     
  5.540000000000001E-003   999.503210546576     
  5.560000000000001E-003   999.309071833065     
  5.580000000000001E-003   999.453459526784     
  5.600000000000001E-003   1000.43223443951     
  5.620000000000001E-003   1003.25218850314     
  5.640000000000000E-003   1009.46870542387     
  5.660000000000000E-003   1020.22075614613     
  5.680000000000000E-003   1030.03562134366     
  5.700000000000000E-003   1035.90672734229     
  5.720000000000000E-003   1038.76151649910     
  5.740000000000000E-003   1039.84074923699     
  5.760000000000000E-003   1039.95743512065     
  5.780000000000000E-003   1039.61024856598     
  5.800000000000000E-003   1038.06729872678     
  5.820000000000001E-003   1035.58957948921     
  5.840000000000001E-003   1033.02918173882     
  5.860000000000001E-003   1030.59617620171     
  5.880000000000001E-003   1028.23219901340     
  5.900000000000001E-003   1025.91624146709     
  5.920000000000001E-003   1023.65074729453     
  5.940000000000001E-003   1021.44747616144     
  5.960000000000001E-003   1019.32021742910     
  5.980000000000000E-003   1017.28132214711     
  6.000000000000000E-003   1015.34029444516     
  6.020000000000000E-003   1013.50354393063     
  6.040000000000000E-003   1011.77479446718     
  6.060000000000000E-003   1010.15553673589     
  6.080000000000000E-003   1008.64508293665     
  6.100000000000000E-003   1007.24044918670     
  6.120000000000000E-003   1005.93642493678     
  6.140000000000000E-003   1004.72629122198     
  6.160000000000001E-003   1003.60313527169     
  6.180000000000001E-003   1002.56076638089     
  6.200000000000001E-003   1001.59498069048     
  6.220000000000001E-003   1000.70089296844     
  6.240000000000001E-003   999.878494700180     
  6.260000000000001E-003   999.131525858058     
  6.280000000000001E-003   998.465056634017     
  6.300000000000001E-003   997.884139349959     
  6.320000000000000E-003   997.387671030924     
  6.340000000000000E-003   996.971270631474     
  6.360000000000000E-003   996.618901656393     
  6.380000000000000E-003   996.320114706519     
  6.400000000000000E-003   996.043688398544     
  6.420000000000000E-003   995.792947764295     
  6.440000000000000E-003   995.542573700870     
  6.460000000000000E-003   995.286701127629     
  6.480000000000001E-003   995.003719421594     
  6.500000000000001E-003   994.671680835173     
  6.520000000000001E-003   994.282803593925     
  6.540000000000001E-003   993.819652139210     
  6.560000000000001E-003   993.269019482248     
  6.580000000000001E-003   992.602229109010     
  6.600000000000001E-003   991.779385189874     
  6.620000000000001E-003   990.914451965416     
  6.640000000000001E-003   990.110229858021     
  6.660000000000000E-003   989.373444451739     
  6.680000000000000E-003   988.695037408450     
  6.700000000000000E-003   988.075498777768     
  6.720000000000000E-003   987.522745725973     
  6.740000000000000E-003   987.092603082670     
  6.760000000000000E-003   986.802119703653     
  6.780000000000000E-003   986.806050056093     
  6.800000000000000E-003   986.960044461917     
  6.820000000000001E-003   987.053493129619     
  6.840000000000001E-003   987.032586409326     
  6.860000000000001E-003   986.918546647022     
  6.880000000000001E-003   986.719107087624     
  6.900000000000001E-003   986.400327705848     
  6.920000000000001E-003   985.956570219403     
  6.940000000000001E-003   985.415761254703     
  6.960000000000001E-003   984.804718823133     
  6.980000000000001E-003   984.131880454737     
  7.000000000000000E-003   983.375555149254     
  7.020000000000000E-003   982.718175605537     
  7.040000000000000E-003   982.340645806078     
  7.060000000000000E-003   982.306842201786     
  7.080000000000000E-003   982.660974931148     
  7.100000000000000E-003   983.605066002851     
  7.120000000000000E-003   985.295145831644     
  7.140000000000001E-003   987.854442748640     
  7.160000000000001E-003   991.354553971640     
  7.180000000000001E-003   995.563003731463     
  7.200000000000001E-003   999.269352086696     
  7.220000000000001E-003   1002.08025612591     
  7.240000000000001E-003   1004.15490155405     
  7.260000000000001E-003   1005.66381488912     
  7.280000000000001E-003   1006.74768525673     
  7.300000000000001E-003   1007.51615776981     
  7.320000000000001E-003   1008.05081468814     
  7.340000000000000E-003   1008.41063730338     
  7.360000000000000E-003   1008.64858785588     
  7.380000000000000E-003   1008.81870042411     
  7.400000000000000E-003   1008.95788992587     
  7.420000000000000E-003   1009.07830031211     
  7.440000000000000E-003   1009.18168830351     
  7.460000000000000E-003   1009.26070297762     
  7.480000000000001E-003   1009.30720032996     
  7.500000000000001E-003   1009.32051921969     
  7.520000000000001E-003   1009.31200882636     
  7.540000000000001E-003   1009.28977904684     
  7.560000000000001E-003   1009.26165015219     
  7.580000000000001E-003   1009.23019700973     
  7.600000000000001E-003   1009.19774677479     
  7.620000000000001E-003   1009.16678549399     
  7.640000000000001E-003   1009.14229901874     
  7.660000000000001E-003   1009.13312738681     
  7.680000000000001E-003   1009.13952714581     
  7.700000000000000E-003   1009.15649513923     
  7.720000000000000E-003   1009.19039948294     
  7.740000000000000E-003   1009.23867353915     
  7.760000000000000E-003   1009.29870127116     
  7.780000000000000E-003   1009.36913030117     
  7.800000000000001E-003   1009.42813311192     
  7.820000000000001E-003   1009.46383641131     
  7.840000000000001E-003   1009.45004807510     
  7.860000000000001E-003   1009.39878449913     
  7.880000000000000E-003   1009.28661938052     
  7.900000000000001E-003   1009.11890884095     
  7.920000000000000E-003   1008.89135966901     
  7.940000000000001E-003   1008.60599484929     
  7.960000000000000E-003   1008.26868240922     
  7.980000000000001E-003   1007.87722245506     
  8.000000000000000E-003   1007.43545737335     
  8.020000000000001E-003   1006.95088594786     
  8.040000000000000E-003   1006.43366497227     
  8.060000000000001E-003   1005.89376837294     
  8.080000000000000E-003   1005.35822189873     
  8.100000000000001E-003   1004.87214098845     
  8.120000000000000E-003   1004.45288065724     
  8.140000000000001E-003   1004.12645733571     
  8.160000000000001E-003   1003.93942672914     
  8.180000000000002E-003   1003.93531154476     
  8.200000000000001E-003   1004.09564101748     
  8.220000000000000E-003   1004.47017018475     
  8.240000000000001E-003   1005.11179404614     
  8.260000000000000E-003   1006.07361821377     
  8.280000000000001E-003   1007.42121242808     
  8.300000000000000E-003   1009.23056588719     
  8.320000000000001E-003   1011.57959286716     
  8.340000000000000E-003   1014.53253431487     
  8.360000000000001E-003   1017.73576103633     
  8.380000000000000E-003   1020.71649170862     
  8.400000000000001E-003   1023.36965410934     
  8.420000000000000E-003   1025.71129861169     
  8.440000000000001E-003   1027.78702671290     
  8.460000000000001E-003   1029.64919952236     
  8.480000000000001E-003   1031.33135802623     
  8.500000000000001E-003   1032.80668841219     
  8.520000000000002E-003   1034.03647715841     
  8.540000000000001E-003   1035.01122813194     
  8.560000000000000E-003   1035.74900706769     
  8.580000000000001E-003   1036.23002884635     
  8.600000000000000E-003   1036.45683212728     
  8.620000000000001E-003   1036.51413190497     
  8.640000000000000E-003   1036.43521577003     
  8.660000000000001E-003   1036.20004032439     
  8.680000000000000E-003   1035.83046108234     
  8.700000000000001E-003   1035.36422424201     
  8.720000000000000E-003   1034.83081075180     
  8.740000000000001E-003   1034.27766405070     
  8.760000000000000E-003   1033.74230971581     
  8.780000000000001E-003   1033.22648600548     
  8.800000000000001E-003   1032.70982012559     
  8.820000000000001E-003   1032.17437598715     
  8.840000000000001E-003   1031.58423208617     
  8.860000000000002E-003   1030.91498985967     
  8.880000000000001E-003   1030.15478935805     
  8.900000000000000E-003   1029.29848462176     
  8.920000000000001E-003   1028.35066985592     
  8.940000000000000E-003   1027.32858949812     
  8.960000000000001E-003   1026.25460955755     
  8.980000000000000E-003   1025.15127583073     
  9.000000000000001E-003   1024.03673832100     
  9.020000000000000E-003   1022.91718854378     
  9.040000000000001E-003   1021.79047371914     
  9.060000000000000E-003   1020.68507676699     
  9.080000000000001E-003   1019.62363970732     
  9.100000000000000E-003   1018.62525359877     
  9.120000000000001E-003   1017.70409169503     
  9.140000000000001E-003   1016.86915414909     
  9.160000000000001E-003   1016.12356018316     
  9.180000000000001E-003   1015.46500149359     
  9.200000000000002E-003   1014.88381380364     
  9.220000000000001E-003   1014.36674494248     
  9.240000000000000E-003   1013.89579524867     
  9.260000000000001E-003   1013.45369741190     
  9.280000000000000E-003   1013.02743075889     
  9.300000000000001E-003   1012.60445910014     
  9.320000000000000E-003   1012.17142652238     
  9.340000000000001E-003   1011.70030180959     
  9.360000000000000E-003   1011.15162280792     
  9.380000000000001E-003   1010.49468352195     
  9.400000000000000E-003   1009.71320248401     
  9.420000000000001E-003   1008.80389743765     
  9.440000000000000E-003   1007.76900937766     
  9.460000000000001E-003   1006.61599312270     
  9.480000000000001E-003   1005.35507814097     
  9.500000000000001E-003   1003.99475045674     
  9.520000000000001E-003   1002.59654681169     
  9.540000000000002E-003   1001.24428050717     
  9.560000000000001E-003   999.942771208565     
  9.580000000000000E-003   998.694535020025     
  9.600000000000001E-003   997.501183442568     
  9.620000000000000E-003   996.364539285730     
  9.640000000000001E-003   995.289078088623     
  9.660000000000000E-003   994.282028379737     
  9.680000000000001E-003   993.351478490373     
  9.700000000000000E-003   992.504903905217     
  9.720000000000001E-003   991.748158254267     
  9.740000000000000E-003   991.091129738711     
  9.760000000000001E-003   990.542692907198     
  9.780000000000000E-003   990.120181267808     
  9.800000000000001E-003   989.823544937596     
  9.820000000000001E-003   989.634702782375     
  9.840000000000002E-003   989.528576321247     
  9.860000000000001E-003   989.483753509653     
  9.880000000000002E-003   989.465445706695     
  9.900000000000001E-003   989.515693173317     
  9.920000000000000E-003   989.624780379236     
  9.940000000000001E-003   989.773649870609     
  9.960000000000000E-003   989.953805999254     
  9.980000000000001E-003   990.164324200395     
  1.000000000000000E-002   990.410915100354     
  1.002000000000000E-002   990.700865748350     
  1.004000000000000E-002   991.035001254412     
  1.006000000000000E-002   991.392328856854     
  1.008000000000000E-002   991.761674599805     
  1.010000000000000E-002   992.159591641311     
  1.012000000000000E-002   992.599322288518     
  1.014000000000000E-002   993.086064136636     
  1.016000000000000E-002   993.617717815098     
  1.018000000000000E-002   994.194968307902     
  1.020000000000000E-002   994.808079329271     
  1.022000000000000E-002   995.448556343520     
  1.024000000000000E-002   996.115911359989     
  1.026000000000000E-002   996.789661738714     
  1.028000000000000E-002   997.435095788571     
  1.030000000000000E-002   998.030393707773     
  1.032000000000000E-002   998.552430754136     
  1.034000000000000E-002   998.972371174033     
  1.036000000000000E-002   999.251018171137     
  1.038000000000000E-002   999.381142610751     
  1.040000000000000E-002   999.339562553081     
  1.042000000000000E-002   999.174910951028     
  1.044000000000000E-002   998.884880499209     
  1.046000000000000E-002   998.429301583512     
  1.048000000000000E-002   997.832639786482     
  1.050000000000000E-002   997.118242207873     
  1.052000000000000E-002   996.305143421956     
  1.054000000000000E-002   995.411861522398     
  1.056000000000000E-002   994.449622105918     
  1.058000000000000E-002   993.426271417455     
  1.060000000000000E-002   992.353319445840     
  1.062000000000000E-002   991.249145315658     
  1.064000000000000E-002   990.134551505781     
  1.066000000000000E-002   989.029651410295     
  1.068000000000000E-002   987.951390222751     
  1.070000000000000E-002   986.922714449349     
  1.072000000000000E-002   985.960565316752     
  1.074000000000000E-002   985.071175539091     
  1.076000000000000E-002   984.250718144719     
  1.078000000000000E-002   983.491700746195     
  1.080000000000000E-002   982.784929209606     
  1.082000000000000E-002   982.120518961686     
  1.084000000000000E-002   981.487923488355     
  1.086000000000000E-002   980.879146230011     
  1.088000000000000E-002   980.283431830959     
  1.090000000000000E-002   979.688877593980     
  1.092000000000000E-002   979.078745547275     
  1.094000000000000E-002   978.438803765559     
  1.096000000000000E-002   977.757704390374     
  1.098000000000000E-002   977.031656791413     
  1.100000000000000E-002   976.316006157649     
  1.102000000000000E-002   975.626551023444     
  1.104000000000000E-002   974.967479187877     
  1.106000000000000E-002   974.340986959171     
  1.108000000000000E-002   973.745769498680     
  1.110000000000000E-002   973.179364713859     
  1.112000000000000E-002   972.639692273635     
  1.114000000000000E-002   972.123338872461     
  1.116000000000000E-002   971.628711192816     
  1.118000000000000E-002   971.154591358214     
  1.120000000000000E-002   970.702787416773     
  1.122000000000000E-002   970.274876971465     
  1.124000000000000E-002   969.870576050351     
  1.126000000000000E-002   969.489676013423     
  1.128000000000000E-002   969.133178316582     
  1.130000000000000E-002   968.800568547152     
  1.132000000000000E-002   968.489648764183     
  1.134000000000000E-002   968.194138403512     
  1.136000000000000E-002   967.930377776092     
  1.138000000000000E-002   967.726196759217     
  1.140000000000000E-002   967.606672424295     
  1.142000000000000E-002   967.584451795037     
  1.144000000000000E-002   967.661841252086     
  1.146000000000000E-002   967.835552616768     
  1.148000000000000E-002   968.107000764486     
  1.150000000000000E-002   968.479330456482     
  1.152000000000000E-002   968.952843952277     
  1.154000000000000E-002   969.529659123093     
  1.156000000000000E-002   970.215176398965     
  1.158000000000000E-002   971.006187178842     
  1.160000000000000E-002   971.889947669483     
  1.162000000000000E-002   972.861118680004     
  1.164000000000000E-002   973.910825309404     
  1.166000000000000E-002   975.013511879395     
  1.168000000000000E-002   976.151822980139     
  1.170000000000000E-002   977.320757548176     
  1.172000000000000E-002   978.516299228497     
  1.174000000000000E-002   979.732076751862     
  1.176000000000000E-002   980.962785653956     
  1.178000000000000E-002   982.200577321495     
  1.180000000000000E-002   983.431272242800     
  1.182000000000000E-002   984.653571872357     
  1.184000000000000E-002   985.869190168185     
  1.186000000000000E-002   987.072856351908     
  1.188000000000000E-002   988.255838698428     
  1.190000000000000E-002   989.411832654903     
  1.192000000000000E-002   990.539844572621     
  1.194000000000000E-002   991.638728512459     
  1.196000000000000E-002   992.705709018941     
  1.198000000000000E-002   993.735551155681     
  1.200000000000000E-002   994.721419926580     
  1.202000000000000E-002   995.655015083986     
  1.204000000000000E-002   996.528066050584     
  1.206000000000000E-002   997.333225631142     
  1.208000000000000E-002   998.066080042309     
  1.210000000000000E-002   998.725225779397     
  1.212000000000000E-002   999.311898171408     
  1.214000000000000E-002   999.828570013290     
  1.216000000000000E-002   1000.27812670726     
  1.218000000000000E-002   1000.66327527457     
  1.220000000000000E-002   1000.98907898032     
  1.222000000000000E-002   1001.26151884874     
  1.224000000000000E-002   1001.48829036114     
  1.226000000000000E-002   1001.67849343399     
  1.228000000000000E-002   1001.84153989288     
  1.230000000000000E-002   1001.98524761263     
  1.232000000000000E-002   1002.11992303242     
  1.234000000000000E-002   1002.25528658002     
  1.236000000000000E-002   1002.39717206327     
  1.238000000000000E-002   1002.55037731415     
  1.240000000000000E-002   1002.71616667258     
  1.242000000000000E-002   1002.89463950296     
  1.244000000000000E-002   1003.08570411206     
  1.246000000000000E-002   1003.29001723880     
  1.248000000000000E-002   1003.50931165130     
  1.250000000000000E-002   1003.74452943643     
  1.252000000000000E-002   1003.99436484673     
  1.254000000000000E-002   1004.25440895923     
  1.256000000000000E-002   1004.51147981108     
  1.258000000000000E-002   1004.75084564571     
  1.260000000000000E-002   1004.96210179523     
  1.262000000000000E-002   1005.13852702275     
  1.264000000000000E-002   1005.27782976260     
  1.266000000000000E-002   1005.38140047583     
  1.268000000000000E-002   1005.45197406740     
  1.270000000000000E-002   1005.49059882369     
  1.272000000000000E-002   1005.49995171462     
  1.274000000000000E-002   1005.48158097580     
  1.276000000000000E-002   1005.44581219619     
  1.278000000000000E-002   1005.39675977180     
  1.280000000000000E-002   1005.33637784444     
  1.282000000000000E-002   1005.26132999826     
  1.284000000000000E-002   1005.16574581566     
  1.286000000000000E-002   1005.04348748977     
  1.288000000000000E-002   1004.88666753858     
  1.290000000000000E-002   1004.68650044059     
  1.292000000000000E-002   1004.43819368179     
  1.294000000000000E-002   1004.13578626227     
  1.296000000000000E-002   1003.77144070424     
  1.298000000000000E-002   1003.33373449903     
  1.300000000000000E-002   1002.80812799495     
  1.302000000000000E-002   1002.18216774705     
  1.304000000000000E-002   1001.45349769140     
  1.306000000000000E-002   1000.61265238319     
  1.308000000000000E-002   999.692165809140     
  1.310000000000000E-002   998.626478859811     
  1.312000000000000E-002   997.444223772141     
  1.314000000000000E-002   996.160880146090     
  1.316000000000000E-002   994.770818786212     
  1.318000000000000E-002   993.298758156974     
  1.320000000000000E-002   991.759416088548     
  1.322000000000000E-002   990.163297599294     
  1.324000000000000E-002   988.540628248419     
  1.326000000000000E-002   986.920851562400     
  1.328000000000000E-002   985.352158751900     
  1.330000000000000E-002   983.934273220102     
  1.332000000000000E-002   982.792258809851     
  1.334000000000000E-002   982.075947552559     
  1.336000000000000E-002   982.025635875156     
  1.338000000000000E-002   982.970067768282     
  1.340000000000000E-002   985.367930082801     
  1.342000000000000E-002   989.779989047457     
  1.344000000000000E-002   997.023799914608     
  1.346000000000000E-002   1008.29922031526     
  1.348000000000000E-002   1025.24183262116     
  1.350000000000000E-002   1050.10853122493     
  1.352000000000000E-002   1086.07792588368     
  1.354000000000000E-002   1137.95053382223     
  1.356000000000000E-002   1213.33927908293     
  1.358000000000000E-002   1325.06123419606     
  1.360000000000000E-002   1496.51593012908     
  1.362000000000000E-002   1746.00553108092     
  1.364000000000000E-002   2043.52007505734     
  1.366000000000000E-002   2384.07782270365     
  1.368000000000000E-002   2758.99201109499     
  1.370000000000000E-002   3153.61784048319     
  1.372000000000000E-002   3545.43070234521     
  1.374000000000000E-002   3904.93175440567     
  1.376000000000000E-002   4207.09707333765     
  1.378000000000000E-002   4440.26839765044     
  1.380000000000000E-002   4607.47896980714     
  1.382000000000000E-002   4720.75626193164     
  1.384000000000000E-002   4794.38311821923     
  1.386000000000000E-002   4840.85843154909     
  1.388000000000000E-002   4869.66604213480     
  1.390000000000000E-002   4887.34223601684     
  1.392000000000000E-002   4898.06921156232     
  1.394000000000000E-002   4904.50655336242     
  1.396000000000000E-002   4908.29147453280     
  1.398000000000000E-002   4910.46788135330     
  1.400000000000000E-002   4911.66273599196     
  1.402000000000000E-002   4912.21747847458     
  1.404000000000000E-002   4912.35778524004     
  1.406000000000000E-002   4912.21839090594     
  1.408000000000000E-002   4911.87686717953     
  1.410000000000000E-002   4911.42001888039     
  1.412000000000000E-002   4910.87846901870     
  1.414000000000000E-002   4910.29480178943     
  1.416000000000000E-002   4909.68909013729     
  1.418000000000000E-002   4909.04015335141     
  1.420000000000000E-002   4908.32067986023     
  1.422000000000000E-002   4907.51826282775     
  1.424000000000000E-002   4906.60443703855     
  1.426000000000000E-002   4905.49029900531     
  1.428000000000000E-002   4904.23922013521     
  1.430000000000000E-002   4902.72874573087     
  1.432000000000000E-002   4900.85305840744     
  1.434000000000000E-002   4898.53560324037     
  1.436000000000000E-002   4895.51725057512     
  1.438000000000000E-002   4891.41993966673     
  1.440000000000000E-002   4885.49082261094     
  1.442000000000000E-002   4876.27052810680     
  1.444000000000000E-002   4861.08414825132     
  1.446000000000000E-002   4834.63448270833     
  1.448000000000000E-002   4786.00173597004     
  1.450000000000000E-002   4694.60031599724     
  1.452000000000000E-002   4526.04830629047     
  1.454000000000000E-002   4235.56620097449     
  1.456000000000000E-002   3789.09875858745     
  1.458000000000000E-002   3205.69555282902     
  1.460000000000000E-002   2576.14061477060     
  1.462000000000000E-002   2008.77629618772     
  1.464000000000000E-002   1564.69988438535     
  1.466000000000000E-002   1273.40033011133     
  1.468000000000000E-002   1142.59589042675     
  1.470000000000000E-002   1084.37591344468     
  1.472000000000000E-002   1058.57146921971     
  1.474000000000000E-002   1047.38949041507     
  1.476000000000000E-002   1042.03033660467     
  1.478000000000000E-002   1038.29618271382     
  1.480000000000000E-002   1034.57520832378     
  1.482000000000000E-002   1030.24779673191     
  1.484000000000000E-002   1024.63600147662     
  1.486000000000000E-002   1017.38860246113     
  1.488000000000000E-002   1011.49134763699     
  1.490000000000000E-002   1008.15980821400     
  1.492000000000000E-002   1006.83921825485     
  1.494000000000000E-002   1008.57348024139     
  1.496000000000000E-002   1014.11524277595     
  1.498000000000000E-002   1023.93039074237     
  1.500000000000000E-002   1037.87974716948     
  1.502000000000000E-002   1055.67106918025     
  1.504000000000000E-002   1076.82639951797     
  1.506000000000000E-002   1100.81167722798     
  1.508000000000000E-002   1126.50563774978     
  1.510000000000000E-002   1153.06328032286     
  1.512000000000000E-002   1181.54487442689     
  1.514000000000000E-002   1213.67230150402     
  1.516000000000000E-002   1252.30694932057     
  1.518000000000000E-002   1302.18532464314     
  1.520000000000000E-002   1370.02730289354     
  1.522000000000000E-002   1465.36990260469     
  1.524000000000000E-002   1601.95925488706     
  1.526000000000000E-002   1780.19564374870     
  1.528000000000000E-002   1964.02446931781     
  1.530000000000000E-002   2134.34562865139     
  1.532000000000000E-002   2283.59552249707     
  1.534000000000000E-002   2407.35251887419     
  1.536000000000000E-002   2504.49318060988     
  1.538000000000000E-002   2576.17381825800     
  1.540000000000000E-002   2625.21495519092     
  1.542000000000000E-002   2655.16856082619     
  1.544000000000000E-002   2669.83800497947     
  1.546000000000000E-002   2673.78637349707     
  1.548000000000000E-002   2671.54626440129     
  1.550000000000000E-002   2659.38652943445     
  1.552000000000000E-002   2634.67351576795     
  1.554000000000000E-002   2598.25198999389     
  1.556000000000000E-002   2551.99366972407     
  1.558000000000000E-002   2497.13600886076     
  1.560000000000000E-002   2434.12773933987     
  1.562000000000000E-002   2363.18395938604     
  1.564000000000000E-002   2284.73124101468     
  1.566000000000000E-002   2199.61156824460     
  1.568000000000000E-002   2109.06557518065     
  1.570000000000000E-002   2014.74536026939     
  1.572000000000000E-002   1918.44335673502     
  1.574000000000000E-002   1822.17684517428     
  1.576000000000000E-002   1727.95007542570     
  1.578000000000000E-002   1637.64052509049     
  1.580000000000000E-002   1553.45377260960     
  1.582000000000000E-002   1483.03112261752     
  1.584000000000000E-002   1426.22208854927     
  1.586000000000000E-002   1379.07670735744     
  1.588000000000000E-002   1338.91180394837     
  1.590000000000000E-002   1303.86127046942     
  1.592000000000000E-002   1272.57323668417     
  1.594000000000000E-002   1244.04932048182     
  1.596000000000000E-002   1217.53035033990     
  1.598000000000000E-002   1192.57096042520     
  1.600000000000000E-002   1168.81878574929     
  1.602000000000000E-002   1145.88853460701     
  1.604000000000000E-002   1123.24574075239     
  1.606000000000000E-002   1100.55823447866     
  1.608000000000000E-002   1077.68535182707     
  1.610000000000000E-002   1054.83761899824     
  1.612000000000000E-002   1033.08898872672     
  1.614000000000000E-002   1014.03524540336     
  1.616000000000000E-002   997.537472711656     
  1.618000000000000E-002   983.336224486758     
  1.620000000000000E-002   971.227003133365     
  1.622000000000000E-002   961.068696556978     
  1.624000000000000E-002   952.767553476152     
  1.626000000000000E-002   946.230271184373     
  1.628000000000000E-002   941.343370138494     
  1.630000000000000E-002   938.010846387637     
  1.632000000000000E-002   936.084998415713     
  1.634000000000000E-002   935.368482920364     
  1.636000000000000E-002   935.644802472233     
  1.638000000000000E-002   936.663125304310     
  1.640000000000000E-002   938.287004409430     
  1.642000000000000E-002   940.532441248944     
  1.644000000000000E-002   943.225916708252     
  1.646000000000000E-002   946.350982836231     
  1.648000000000000E-002   950.126349004181     
  1.650000000000000E-002   954.769599483270     
  1.652000000000000E-002   960.542557993519     
  1.654000000000000E-002   967.776352842322     
  1.656000000000000E-002   976.864170790828     
  1.658000000000000E-002   988.251775504424     
  1.660000000000000E-002   1002.47990625432     
  1.662000000000000E-002   1020.18674662722     
  1.664000000000000E-002   1041.93781950007     
  1.666000000000000E-002   1063.37767290360     
  1.668000000000000E-002   1078.91677148595     
  1.670000000000000E-002   1088.86462149307     
  1.672000000000000E-002   1094.45764302383     
  1.674000000000000E-002   1097.49426396585     
  1.676000000000000E-002   1099.09254623190     
  1.678000000000000E-002   1098.77378524887     
  1.680000000000000E-002   1095.72702378949     
  1.682000000000000E-002   1088.98850930761     
  1.684000000000000E-002   1078.08885442506     
  1.686000000000000E-002   1063.23864044007     
  1.688000000000000E-002   1045.20854676065     
  1.690000000000000E-002   1028.03622162127     
  1.692000000000000E-002   1016.79775893220     
  1.694000000000000E-002   1010.06716638399     
  1.696000000000000E-002   1006.58378615793     
  1.698000000000000E-002   1005.44640825751     
  1.700000000000000E-002   1005.90033419717     
  1.702000000000000E-002   1007.23404541544     
  1.704000000000000E-002   1008.95847861800     
  1.706000000000000E-002   1010.69114376406     
  1.708000000000000E-002   1012.14352208620     
  1.710000000000000E-002   1013.15996180750     
  1.712000000000000E-002   1013.71630419143     
  1.714000000000000E-002   1013.90933165005     
  1.716000000000000E-002   1013.89892825472     
  1.718000000000000E-002   1013.75088573105     
  1.720000000000000E-002   1013.37867109936     
  1.722000000000000E-002   1012.74454042689     
  1.724000000000000E-002   1011.86463917304     
  1.726000000000000E-002   1010.80436105540     
  1.728000000000000E-002   1009.68627612570     
  1.730000000000000E-002   1008.62663642222     
  1.732000000000000E-002   1007.66633018905     
  1.734000000000000E-002   1006.82841315798     
  1.736000000000000E-002   1006.12409087665     
  1.738000000000000E-002   1005.55607334316     
  1.740000000000000E-002   1005.11640721383     
  1.742000000000000E-002   1004.77323625509     
  1.744000000000000E-002   1004.46526586865     
  1.746000000000000E-002   1004.16374596421     
  1.748000000000000E-002   1003.85980499744     
  1.750000000000000E-002   1003.54150343534     
  1.752000000000000E-002   1003.19541547664     
  1.754000000000000E-002   1002.81286996120     
  1.756000000000000E-002   1002.39138038765     
  1.758000000000000E-002   1001.93290450547     
  1.760000000000000E-002   1001.44150827045     
  1.762000000000000E-002   1000.92195945929     
  1.764000000000000E-002   1000.37909485474     
  1.766000000000000E-002   999.817827387451     
  1.768000000000000E-002   999.243155235807     
  1.770000000000000E-002   998.659727024324     
  1.772000000000000E-002   998.071360676970     
  1.774000000000000E-002   997.480033543519     
  1.776000000000000E-002   996.888056022365     
  1.778000000000000E-002   996.301351154685     
  1.780000000000000E-002   995.723466885988     
  1.782000000000000E-002   995.158502564280     
  1.784000000000000E-002   994.618215465918     
  1.786000000000000E-002   994.109185077945     
  1.788000000000000E-002   993.636095764639     
  1.790000000000000E-002   993.203706962277     
  1.792000000000000E-002   992.817011701976     
  1.794000000000000E-002   992.483351183695     
  1.796000000000000E-002   992.206235382157     
  1.798000000000000E-002   991.986015867468     
  1.800000000000000E-002   991.821915364932     
  1.802000000000000E-002   991.715970161270     
  1.804000000000000E-002   991.664708141250     
  1.806000000000000E-002   991.658260228033     
  1.808000000000000E-002   991.686475130129     
  1.810000000000000E-002   991.768945283227     
  1.812000000000000E-002   991.921212266826     
  1.814000000000000E-002   992.140299118394     
  1.816000000000000E-002   992.402177593072     
  1.818000000000000E-002   992.694412611600     
  1.820000000000000E-002   993.016079099633     
  1.822000000000000E-002   993.374928047066     
  1.824000000000000E-002   993.763532517127     
  1.826000000000000E-002   994.169383893799     
  1.828000000000000E-002   994.597928345934     
  1.830000000000000E-002   995.054046688680     
  1.832000000000000E-002   995.531098081933     
  1.834000000000000E-002   996.029287156111     
  1.836000000000000E-002   996.547056458712     
  1.838000000000000E-002   997.084748796715     
  1.840000000000000E-002   997.632896271150     
  1.842000000000000E-002   998.185784854225     
  1.844000000000000E-002   998.739762002385     
  1.846000000000000E-002   999.290955301227     
  1.848000000000000E-002   999.844307530829     
  1.850000000000000E-002   1000.39847101263     
  1.852000000000000E-002   1000.95590501685     
  1.854000000000000E-002   1001.54444813415     
  1.856000000000000E-002   1002.11198012114     
  1.858000000000000E-002   1002.71882419645     
  1.860000000000000E-002   1003.27853696992     
  1.862000000000000E-002   1003.75184745096     
  1.864000000000000E-002   1004.12032524380     
  1.866000000000000E-002   1004.38445491296     
  1.868000000000000E-002   1004.56341161923     
  1.870000000000000E-002   1004.65877480135     
  1.872000000000000E-002   1004.68446850765     
  1.874000000000000E-002   1004.70016151925     
  1.876000000000000E-002   1004.64675598556     
  1.878000000000000E-002   1004.45260682279     
  1.880000000000000E-002   1004.23661124069     
  1.882000000000000E-002   1003.94817585724     
  1.884000000000000E-002   1003.56069269970     
  1.886000000000000E-002   1003.05685872103     
  1.888000000000000E-002   1002.42837442460     
  1.890000000000000E-002   1001.67529302048     
  1.892000000000000E-002   1000.80116740524     
  1.894000000000000E-002   999.814710426188     
  1.896000000000000E-002   998.725718187112     
  1.898000000000000E-002   997.539372979784     
  1.900000000000000E-002   996.251299499635     
  1.902000000000000E-002   994.927179924961     
  1.904000000000000E-002   993.755533818107     
  1.906000000000000E-002   992.765338779204     
  1.908000000000000E-002   991.953015025832     
  1.910000000000000E-002   991.297915424296     
  1.912000000000000E-002   990.771409245827     
  1.914000000000000E-002   990.341936303052     
  1.916000000000000E-002   989.979918162554     
  1.918000000000000E-002   989.663079194960     
  1.920000000000000E-002   989.376457198664     
  1.922000000000000E-002   989.112137548525     
  1.924000000000000E-002   988.865757798503     
  1.926000000000000E-002   988.628089635867     
  1.928000000000000E-002   988.390785118765     
  1.930000000000000E-002   988.148148124270     
  1.932000000000000E-002   987.891124439727     
  1.934000000000000E-002   987.639362775718     
  1.936000000000000E-002   987.404808841349     
  1.938000000000000E-002   987.172678118092     
  1.940000000000000E-002   986.930303146952     
  1.942000000000000E-002   986.665577062390     
  1.944000000000000E-002   986.367131591039     
  1.946000000000000E-002   986.064140389934     
  1.948000000000000E-002   985.821581788403     
  1.950000000000000E-002   985.642724086042     
  1.952000000000000E-002   985.511106627682     
  1.954000000000000E-002   985.431233143843     
  1.956000000000000E-002   985.393118449825     
  1.958000000000000E-002   985.380116667840     
  1.960000000000000E-002   985.380813730260     
  1.962000000000000E-002   985.392095893785     
  1.964000000000000E-002   985.414202862929     
  1.966000000000000E-002   985.448234328081     
  1.968000000000000E-002   985.495995390194     
  1.970000000000000E-002   985.559682425064     
  1.972000000000000E-002   985.642140154355     
  1.974000000000000E-002   985.747985578512     
  1.976000000000000E-002   985.885749100716     
  1.978000000000000E-002   986.067183244529     
  1.980000000000000E-002   986.303102167320     
  1.982000000000000E-002   986.599169208185     
  1.984000000000000E-002   986.949186038678     
  1.986000000000000E-002   987.335112464913     
  1.988000000000000E-002   987.764952756809     
  1.990000000000000E-002   988.253366155969     
  1.992000000000000E-002   988.811269511196     
  1.994000000000000E-002   989.444033658611     
  1.996000000000000E-002   990.151474266873     
  1.998000000000000E-002   990.928201931622     
  2.000000000000000E-002   991.763966933603     
  2.002000000000000E-002   992.643526224884     
  2.004000000000000E-002   993.522108956284     
  2.006000000000000E-002   994.356277499388     
  2.008000000000000E-002   995.136822108623     
  2.010000000000000E-002   995.848238646627     
  2.012000000000000E-002   996.474694802027     
  2.014000000000000E-002   997.003904476384     
  2.016000000000000E-002   997.431278450271     
  2.018000000000000E-002   997.762057989966     
  2.020000000000000E-002   998.009248933670     
  2.022000000000000E-002   998.148494356500     
  2.024000000000000E-002   998.185637077765     
  2.026000000000000E-002   998.169246211549     
  2.028000000000000E-002   998.121895396337     
  2.030000000000000E-002   998.046051260644     
  2.032000000000000E-002   997.955897168935     
  2.034000000000000E-002   997.887321190752     
  2.036000000000000E-002   997.849094795469     
  2.038000000000000E-002   997.838754453814     
  2.040000000000000E-002   997.861195675265     
  2.042000000000000E-002   997.944878127234     
  2.044000000000000E-002   998.097979822717     
  2.046000000000000E-002   998.303718647729     
  2.048000000000000E-002   998.539456906817     
  2.050000000000000E-002   998.805941927038     
  2.052000000000000E-002   999.115356318468     
  2.054000000000000E-002   999.468042953560     
  2.056000000000000E-002   999.859068790500     
  2.058000000000000E-002   1000.28932156382     
  2.060000000000000E-002   1000.75813911493     
  2.062000000000000E-002   1001.25489442039     
  2.064000000000000E-002   1001.76757159088     
  2.066000000000000E-002   1002.29539118220     
  2.068000000000000E-002   1002.84046619381     
  2.070000000000000E-002   1003.39981754420     
  2.072000000000000E-002   1003.96652020780     
  2.074000000000000E-002   1004.54625924250     
  2.076000000000000E-002   1005.15174869005     
  2.078000000000000E-002   1005.78688074459     
  2.080000000000000E-002   1006.44738144790     
  2.082000000000000E-002   1007.13873733322     
  2.084000000000000E-002   1007.87639749837     
  2.086000000000000E-002   1008.66795420330     
  2.088000000000000E-002   1009.51024156486     
  2.090000000000000E-002   1010.40379076780     
  2.092000000000000E-002   1011.36447852841     
  2.094000000000000E-002   1012.40482451344     
  2.096000000000000E-002   1013.52101307635     
  2.098000000000000E-002   1014.70791531352     
  2.100000000000000E-002   1015.97975112231     
  2.102000000000000E-002   1017.35310651000     
  2.104000000000000E-002   1018.82511726456     
  2.106000000000000E-002   1020.38383424846     
  2.108000000000000E-002   1022.03076069252     
  2.110000000000000E-002   1023.77970433605     
  2.112000000000000E-002   1025.63225501283     
  2.114000000000000E-002   1027.57232592745     
  2.116000000000000E-002   1029.58105544078     
  2.118000000000000E-002   1031.65126314158     
  2.120000000000000E-002   1033.78863993649     
  2.122000000000000E-002   1035.99131631408     
  2.124000000000000E-002   1038.23125640292     
  2.126000000000000E-002   1040.47516870874     
  2.128000000000000E-002   1042.70217396087     
  2.130000000000000E-002   1044.94243149489     
  2.132000000000000E-002   1047.20947220788     
  2.134000000000000E-002   1049.49665225378     
  2.136000000000000E-002   1051.75906142932     
  2.138000000000000E-002   1054.03924053726     
  2.140000000000000E-002   1056.38322967877     
  2.142000000000000E-002   1058.77038862236     
  2.144000000000000E-002   1061.18549495705     
  2.146000000000000E-002   1063.64653389255     
  2.148000000000000E-002   1066.15711574825     
  2.150000000000000E-002   1068.72390596083     
  2.152000000000000E-002   1071.38454388233     
  2.154000000000000E-002   1074.20717324061     
  2.156000000000000E-002   1077.16220539910     
  2.158000000000000E-002   1080.23602734251     
  2.160000000000000E-002   1083.22226792926     
  2.162000000000000E-002   1086.46983610166     
  2.164000000000000E-002   1089.90787742742     
  2.166000000000000E-002   1094.33368549745     
  2.168000000000000E-002   1096.65052378922     
  2.170000000000000E-002   1093.39692957976     
  2.172000000000000E-002   1080.36739549171     
  2.174000000000000E-002   1030.12748383419     
  2.176000000000000E-002   865.558878863372     
  2.178000000000000E-002   523.739606429700     
  2.180000000000000E-002   332.955270004645     
  2.182000000000000E-002   303.481590879213     
  2.184000000000000E-002   300.029371382355     
  2.186000000000000E-002   299.645446485055     
  2.188000000000000E-002   299.602957714566     
  2.190000000000000E-002   299.598236146712     
  2.192000000000000E-002   299.597707751079     
  2.194000000000000E-002   299.597648086640     
  2.196000000000000E-002   299.597641277550     
  2.198000000000000E-002   299.597640491053     
  2.200000000000000E-002   299.597640399020     
  2.202000000000000E-002   299.597640388105     
  2.204000000000000E-002   299.597640386794     
  2.206000000000000E-002   299.597640386635     
  2.208000000000000E-002   299.597640386615     
  2.210000000000000E-002   299.597640386613     
  2.212000000000000E-002   299.597640386612     
  2.214000000000000E-002   299.597640386612     
  2.216000000000000E-002   299.597640386612     
  2.218000000000000E-002   299.597640386612     
  2.220000000000000E-002   299.597640386612     
  2.222000000000000E-002   299.597640386612     
  2.224000000000000E-002   299.597640386612     
  2.226000000000000E-002   299.597640386612     
  2.228000000000000E-002   299.597640386612     
  2.230000000000000E-002   299.597640386612     
  2.232000000000000E-002   299.597640386612     
  2.234000000000000E-002   299.597640386612     
  2.236000000000000E-002   299.597640386612     
  2.238000000000000E-002   299.597640386612     
  2.240000000000000E-002   299.597640386612     
  2.242000000000000E-002   299.597640386612     
  2.244000000000000E-002   299.597640386612     
  2.246000000000000E-002   299.597640386612     
  2.248000000000000E-002   299.597640386612     
  2.250000000000000E-002   299.597640386612     
  2.252000000000000E-002   299.597640386612     
  2.254000000000000E-002   299.597640386612     
  2.256000000000000E-002   299.597640386612     
  2.258000000000000E-002   299.597640386612     
  2.260000000000000E-002   299.597640386612     
  2.262000000000000E-002   299.597640386612     
  2.264000000000000E-002   299.597640386612     
  2.266000000000000E-002   299.597640386612     
  2.268000000000000E-002   299.597640386612     
  2.270000000000000E-002   299.597640386612     
  2.272000000000000E-002   299.597640386612     
  2.274000000000000E-002   299.597640386612     
  2.276000000000000E-002   299.597640386612     
  2.278000000000000E-002   299.597640386612     
  2.280000000000000E-002   299.597640386612     
  2.282000000000000E-002   299.597640386612     
  2.284000000000000E-002   299.597640386612     
  2.286000000000000E-002   299.597640386612     
  2.288000000000000E-002   299.597640386612     
  2.290000000000000E-002   299.597640386612     
  2.292000000000000E-002   299.597640386612     
  2.294000000000000E-002   299.597640386612     
  2.296000000000000E-002   299.597640386612     
  2.298000000000000E-002   299.597640386612     
  2.300000000000000E-002   299.597640386612     
  2.302000000000000E-002   299.597640386612     
  2.304000000000000E-002   299.597640386612     
  2.306000000000000E-002   299.597640386612     
  2.308000000000000E-002   299.597640386612     
  2.310000000000000E-002   299.597640386612     
  2.312000000000000E-002   299.597640386612     
  2.314000000000000E-002   299.597640386612     
  2.316000000000000E-002   299.597640386612     
  2.318000000000000E-002   299.597640386612     
  2.320000000000000E-002   299.597640386612     
  2.322000000000000E-002   299.597640386612     
  2.324000000000000E-002   299.597640386612     
  2.326000000000000E-002   299.597640386612     
  2.328000000000000E-002   299.597640386612     
  2.330000000000000E-002   299.597640386612     
  2.332000000000000E-002   299.597640386612     
  2.334000000000000E-002   299.597640386612     
  2.336000000000000E-002   299.597640386612     
  2.338000000000000E-002   299.597640386612     
  2.340000000000000E-002   299.597640386612     
  2.342000000000000E-002   299.597640386612     
  2.344000000000000E-002   299.597640386612     
  2.346000000000000E-002   299.597640386612     
  2.348000000000000E-002   299.597640386612     
  2.350000000000000E-002   299.597640386612     
  2.352000000000000E-002   299.597640386612     
  2.354000000000000E-002   299.597640386612     
  2.356000000000000E-002   299.597640386612     
  2.358000000000000E-002   299.597640386612     
  2.360000000000000E-002   299.597640386612     
  2.362000000000000E-002   299.597640386612     
  2.364000000000000E-002   299.597640386612     
  2.366000000000000E-002   299.597640386612     
  2.368000000000000E-002   299.597640386612     
  2.370000000000000E-002   299.597640386612     
  2.372000000000000E-002   299.597640386612     
  2.374000000000000E-002   299.597640386612     
  2.376000000000000E-002   299.597640386612     
  2.378000000000000E-002   299.597640386612     
  2.380000000000000E-002   299.597640386612     
  2.382000000000000E-002   299.597640386612     
  2.384000000000000E-002   299.597640386612     
  2.386000000000000E-002   299.597640386612     
  2.388000000000000E-002   299.597640386612     
  2.390000000000000E-002   299.597640386612     
  2.392000000000000E-002   299.597640386612     
  2.394000000000000E-002   299.597640386612     
  2.396000000000000E-002   299.597640386612     
  2.398000000000000E-002   299.597640386612     
  2.400000000000000E-002   299.597640386612     
  2.402000000000000E-002   299.597640386612     
  2.404000000000000E-002   299.597640386612     
  2.406000000000000E-002   299.597640386612     
  2.408000000000000E-002   299.597640386612     
  2.410000000000000E-002   299.597640386612     
  2.412000000000000E-002   299.597640386612     
  2.414000000000000E-002   299.597640386612     
  2.416000000000000E-002   299.597640386612     
  2.418000000000000E-002   299.597640386612     
  2.420000000000000E-002   299.597640386612     
  2.422000000000000E-002   299.597640386612     
  2.424000000000000E-002   299.597640386612     
  2.426000000000000E-002   299.597640386612     
  2.428000000000000E-002   299.597640386612     
  2.430000000000000E-002   299.597640386612     
  2.432000000000000E-002   299.597640386612     
  2.434000000000000E-002   299.597640386612     
  2.436000000000000E-002   299.597640386612     
  2.438000000000000E-002   299.597640386612     
  2.440000000000000E-002   299.597640386612     
  2.442000000000000E-002   299.597640386612     
  2.444000000000000E-002   299.597640386612     
  2.446000000000000E-002   299.597640386612     
  2.448000000000000E-002   299.597640386612     
  2.450000000000000E-002   299.597640386612     
  2.452000000000000E-002   299.597640386612     
  2.454000000000000E-002   299.597640386612     
  2.456000000000000E-002   299.597640386612     
  2.458000000000000E-002   299.597640386612     
  2.460000000000000E-002   299.597640386612     
  2.462000000000000E-002   299.597640386612     
  2.464000000000000E-002   299.597640386612     
  2.466000000000000E-002   299.597640386612     
  2.468000000000000E-002   299.597640386612     
  2.470000000000000E-002   299.597640386612     
  2.472000000000000E-002   299.597640386612     
  2.474000000000000E-002   299.597640386612     
  2.476000000000000E-002   299.597640386612     
  2.478000000000000E-002   299.597640386612     
  2.480000000000000E-002   299.597640386612     
  2.482000000000000E-002   299.597640386612     
  2.484000000000000E-002   299.597640386612     
  2.486000000000000E-002   299.597640386612     
  2.488000000000000E-002   299.597640386612     
  2.490000000000000E-002   299.597640386612     
  2.492000000000000E-002   299.597640386612     
  2.494000000000000E-002   299.597640386612     
  2.496000000000000E-002   299.597640386612     
  2.498000000000000E-002   299.597640386612     
  2.500000000000000E-002   299.597640386612     
  2.502000000000000E-002   299.597640386612     
  2.504000000000000E-002   299.597640386612     
  2.506000000000000E-002   299.597640386612     
  2.508000000000000E-002   299.597640386612     
  2.510000000000000E-002   299.597640386612     
  2.512000000000000E-002   299.597640386612     
  2.514000000000000E-002   299.597640386612     
  2.516000000000000E-002   299.597640386612     
  2.518000000000000E-002   299.597640386612     
  2.520000000000000E-002   299.597640386612     
  2.522000000000000E-002   299.597640386612     
  2.524000000000000E-002   299.597640386612     
  2.526000000000000E-002   299.597640386612     
  2.528000000000000E-002   299.597640386612     
  2.530000000000000E-002   299.597640386612     
  2.532000000000000E-002   299.597640386612     
  2.534000000000000E-002   299.597640386612     
  2.536000000000000E-002   299.597640386612     
  2.538000000000000E-002   299.597640386612     
  2.540000000000000E-002   299.597640386612     
  2.542000000000000E-002   299.597640386612     
  2.544000000000000E-002   299.597640386612     
  2.546000000000000E-002   299.597640386612     
  2.548000000000000E-002   299.597640386612     
  2.550000000000000E-002   299.597640386612     
  2.552000000000000E-002   299.597640386612     
  2.554000000000000E-002   299.597640386612     
  2.556000000000000E-002   299.597640386612     
  2.558000000000000E-002   299.597640386612     
  2.560000000000000E-002   299.597640386612     
  2.562000000000000E-002   299.597640386612     
  2.564000000000000E-002   299.597640386612     
  2.566000000000000E-002   299.597640386612     
  2.568000000000000E-002   299.597640386612     
  2.570000000000000E-002   299.597640386612     
  2.572000000000000E-002   299.597640386612     
  2.574000000000000E-002   299.597640386612     
  2.576000000000000E-002   299.597640386612     
  2.578000000000000E-002   299.597640386612     
  2.580000000000000E-002   299.597640386612     
  2.582000000000000E-002   299.597640386612     
  2.584000000000000E-002   299.597640386612     
  2.586000000000000E-002   299.597640386612     
  2.588000000000000E-002   299.597640386612     
  2.590000000000000E-002   299.597640386612     
  2.592000000000000E-002   299.597640386612     
  2.594000000000000E-002   299.597640386612     
  2.596000000000000E-002   299.597640386612     
  2.598000000000000E-002   299.597640386612     
  2.600000000000000E-002   299.597640386612     
  2.602000000000000E-002   299.597640386612     
  2.604000000000000E-002   299.597640386612     
  2.606000000000000E-002   299.597640386612     
  2.608000000000000E-002   299.597640386612     
  2.610000000000000E-002   299.597640386612     
  2.612000000000000E-002   299.597640386612     
  2.614000000000000E-002   299.597640386612     
  2.616000000000000E-002   299.597640386612     
  2.618000000000000E-002   299.597640386612     
  2.620000000000000E-002   299.597640386612     
  2.622000000000000E-002   299.597640386612     
  2.624000000000000E-002   299.597640386612     
  2.626000000000000E-002   299.597640386612     
  2.628000000000000E-002   299.597640386612     
  2.630000000000000E-002   299.597640386612     
  2.632000000000000E-002   299.597640386612     
  2.634000000000000E-002   299.597640386612     
  2.636000000000000E-002   299.597640386612     
  2.638000000000000E-002   299.597640386612     
  2.640000000000000E-002   299.597640386612     
  2.642000000000000E-002   299.597640386612     
  2.644000000000000E-002   299.597640386612     
  2.646000000000000E-002   299.597640386612     
  2.648000000000000E-002   299.597640386612     
  2.650000000000000E-002   299.597640386612     
  2.652000000000000E-002   299.597640386612     
  2.654000000000000E-002   299.597640386612     
  2.656000000000000E-002   299.597640386612     
  2.658000000000000E-002   299.597640386612     
  2.660000000000000E-002   299.597640386612     
  2.662000000000000E-002   299.597640386612     
  2.664000000000000E-002   299.597640386612     
  2.666000000000000E-002   299.597640386612     
  2.668000000000000E-002   299.597640386612     
  2.670000000000000E-002   299.597640386612     
  2.672000000000000E-002   299.597640386612     
  2.674000000000000E-002   299.597640386612     
  2.676000000000000E-002   299.597640386612     
  2.678000000000000E-002   299.597640386612     
  2.680000000000000E-002   299.597640386612     
  2.682000000000000E-002   299.597640386612     
  2.684000000000000E-002   299.597640386612     
  2.686000000000000E-002   299.597640386612     
  2.688000000000000E-002   299.597640386612     
  2.690000000000000E-002   299.597640386612     
  2.692000000000000E-002   299.597640386612     
  2.694000000000000E-002   299.597640386612     
  2.696000000000000E-002   299.597640386612     
  2.698000000000000E-002   299.597640386612     
  2.700000000000000E-002   299.597640386612     
  2.702000000000000E-002   299.597640386612     
  2.704000000000000E-002   299.597640386612     
  2.706000000000000E-002   299.597640386612     
  2.708000000000000E-002   299.597640386612     
  2.710000000000000E-002   299.597640386612     
  2.712000000000000E-002   299.597640386612     
  2.714000000000000E-002   299.597640386612     
  2.716000000000000E-002   299.597640386612     
  2.718000000000000E-002   299.597640386612     
  2.720000000000000E-002   299.597640386612     
  2.722000000000000E-002   299.597640386612     
  2.724000000000000E-002   299.597640386612     
  2.726000000000000E-002   299.597640386612     
  2.728000000000000E-002   299.597640386612     
  2.730000000000000E-002   299.597640386612     
  2.732000000000000E-002   299.597640386612     
  2.734000000000000E-002   299.597640386612     
  2.736000000000000E-002   299.597640386612     
  2.738000000000000E-002   299.597640386612     
  2.740000000000000E-002   299.597640386612     
  2.742000000000000E-002   299.597640386612     
  2.744000000000000E-002   299.597640386612     
  2.746000000000000E-002   299.597640386612     
  2.748000000000000E-002   299.597640386612     
  2.750000000000000E-002   299.597640386612     
  2.752000000000000E-002   299.597640386612     
  2.754000000000000E-002   299.597640386612     
  2.756000000000000E-002   299.597640386612     
  2.758000000000000E-002   299.597640386612     
  2.760000000000000E-002   299.597640386612     
  2.762000000000000E-002   299.597640386612     
  2.764000000000000E-002   299.597640386612     
  2.766000000000000E-002   299.597640386612     
  2.768000000000000E-002   299.597640386612     
  2.770000000000000E-002   299.597640386612     
  2.772000000000000E-002   299.597640386612     
  2.774000000000000E-002   299.597640386612     
  2.776000000000000E-002   299.597640386612     
  2.778000000000000E-002   299.597640386612     
  2.780000000000000E-002   299.597640386612     
  2.782000000000000E-002   299.597640386612     
  2.784000000000000E-002   299.597640386612     
  2.786000000000000E-002   299.597640386612     
  2.788000000000000E-002   299.597640386612     
  2.790000000000000E-002   299.597640386612     
  2.792000000000000E-002   299.597640386612     
  2.794000000000000E-002   299.597640386612     
  2.796000000000000E-002   299.597640386612     
  2.798000000000000E-002   299.597640386612     
  2.800000000000000E-002   299.597640386612     
  2.802000000000000E-002   299.597640386612     
  2.804000000000000E-002   299.597640386612     
  2.806000000000000E-002   299.597640386612     
  2.808000000000000E-002   299.597640386612     
  2.810000000000000E-002   299.597640386612     
  2.812000000000000E-002   299.597640386612     
  2.814000000000000E-002   299.597640386612     
  2.816000000000000E-002   299.597640386612     
  2.818000000000000E-002   299.597640386612     
  2.820000000000000E-002   299.597640386612     
  2.822000000000000E-002   299.597640386612     
  2.824000000000000E-002   299.597640386612     
  2.826000000000000E-002   299.597640386612     
  2.828000000000000E-002   299.597640386612     
  2.830000000000000E-002   299.597640386612     
  2.832000000000000E-002   299.597640386612     
  2.834000000000000E-002   299.597640386612     
  2.836000000000000E-002   299.597640386612     
  2.838000000000000E-002   299.597640386612     
  2.840000000000000E-002   299.597640386612     
  2.842000000000000E-002   299.597640386612     
  2.844000000000000E-002   299.597640386612     
  2.846000000000000E-002   299.597640386612     
  2.848000000000000E-002   299.597640386612     
  2.850000000000000E-002   299.597640386612     
  2.852000000000000E-002   299.597640386612     
  2.854000000000000E-002   299.597640386612     
  2.856000000000000E-002   299.597640386612     
  2.858000000000000E-002   299.597640386612     
  2.860000000000000E-002   299.597640386612     
  2.862000000000000E-002   299.597640386612     
  2.864000000000000E-002   299.597640386612     
  2.866000000000000E-002   299.597640386612     
  2.868000000000000E-002   299.597640386612     
  2.870000000000000E-002   299.597640386612     
  2.872000000000000E-002   299.597640386612     
  2.874000000000000E-002   299.597640386612     
  2.876000000000000E-002   299.597640386612     
  2.878000000000000E-002   299.597640386612     
  2.880000000000000E-002   299.597640386612     
  2.882000000000000E-002   299.597640386612     
  2.884000000000000E-002   299.597640386612     
  2.886000000000000E-002   299.597640386612     
  2.888000000000000E-002   299.597640386612     
  2.890000000000000E-002   299.597640386612     
  2.892000000000000E-002   299.597640386612     
  2.894000000000000E-002   299.597640386612     
  2.896000000000000E-002   299.597640386612     
  2.898000000000000E-002   299.597640386612     
  2.900000000000000E-002   299.597640386612     
  2.902000000000000E-002   299.597640386612     
  2.904000000000000E-002   299.597640386612     
  2.906000000000000E-002   299.597640386612     
  2.908000000000000E-002   299.597640386612     
  2.910000000000000E-002   299.597640386612     
  2.912000000000000E-002   299.597640386612     
  2.914000000000000E-002   299.597640386612     
  2.916000000000000E-002   299.597640386612     
  2.918000000000000E-002   299.597640386612     
  2.920000000000000E-002   299.597640386612     
  2.922000000000000E-002   299.597640386612     
  2.924000000000000E-002   299.597640386612     
  2.926000000000000E-002   299.597640386612     
  2.928000000000000E-002   299.597640386612     
  2.930000000000000E-002   299.597640386612     
  2.932000000000000E-002   299.597640386612     
  2.934000000000000E-002   299.597640386612     
  2.936000000000000E-002   299.597640386612     
  2.938000000000000E-002   299.597640386612     
  2.940000000000000E-002   299.597640386612     
  2.942000000000000E-002   299.597640386612     
  2.944000000000000E-002   299.597640386612     
  2.946000000000000E-002   299.597640386612     
  2.948000000000000E-002   299.597640386612     
  2.950000000000000E-002   299.597640386612     
  2.952000000000000E-002   299.597640386612     
  2.954000000000000E-002   299.597640386612     
  2.956000000000000E-002   299.597640386612     
  2.958000000000000E-002   299.597640386612     
  2.960000000000000E-002   299.597640386612     
  2.962000000000000E-002   299.597640386612     
  2.964000000000000E-002   299.597640386612     
  2.966000000000000E-002   299.597640386612     
  2.968000000000000E-002   299.597640386612     
  2.970000000000000E-002   299.597640386612     
  2.972000000000000E-002   299.597640386612     
  2.974000000000000E-002   299.597640386612     
  2.976000000000000E-002   299.597640386612     
  2.978000000000000E-002   299.597640386612     
  2.980000000000000E-002   299.597640386612     
  2.982000000000000E-002   299.597640386612     
  2.984000000000000E-002   299.597640386612     
  2.986000000000000E-002   299.597640386612     
  2.988000000000000E-002   299.597640386612     
  2.990000000000000E-002   299.597640386612     
  2.992000000000000E-002   299.597640386612     
  2.994000000000000E-002   299.597640386612     
  2.996000000000000E-002   299.597640386612     
  2.998000000000000E-002   299.597640386612     
  3.000000000000000E-002   299.597640386612     
  3.002000000000000E-002   299.597640386612     
  3.004000000000000E-002   299.597640386612     
  3.006000000000000E-002   299.597640386612     
  3.008000000000000E-002   299.597640386612     
  3.010000000000000E-002   299.597640386612     
  3.012000000000000E-002   299.597640386612     
  3.014000000000000E-002   299.597640386612     
  3.016000000000000E-002   299.597640386612     
  3.018000000000000E-002   299.597640386612     
  3.020000000000000E-002   299.597640386612     
  3.022000000000000E-002   299.597640386612     
  3.024000000000000E-002   299.597640386612     
  3.026000000000000E-002   299.597640386612     
  3.028000000000000E-002   299.597640386612     
  3.030000000000000E-002   299.597640386612     
  3.032000000000000E-002   299.597640386612     
  3.034000000000000E-002   299.597640386612     
  3.036000000000000E-002   299.597640386612     
  3.038000000000000E-002   299.597640386612     
  3.040000000000000E-002   299.597640386612     
  3.042000000000000E-002   299.597640386612     
  3.044000000000000E-002   299.597640386612     
  3.046000000000000E-002   299.597640386612     
  3.048000000000000E-002   299.597640386612     
  3.050000000000000E-002   299.597640386612     
  3.052000000000000E-002   299.597640386612     
  3.054000000000000E-002   299.597640386612     
  3.056000000000000E-002   299.597640386612     
  3.058000000000000E-002   299.597640386612     
  3.060000000000000E-002   299.597640386612     
  3.062000000000000E-002   299.597640386612     
  3.064000000000000E-002   299.597640386612     
  3.066000000000000E-002   299.597640386612     
  3.068000000000000E-002   299.597640386612     
  3.070000000000000E-002   299.597640386612     
  3.072000000000000E-002   299.597640386612     
  3.074000000000000E-002   299.597640386612     
  3.076000000000000E-002   299.597640386612     
  3.078000000000000E-002   299.597640386612     
  3.080000000000000E-002   299.597640386612     
  3.082000000000000E-002   299.597640386612     
  3.084000000000000E-002   299.597640386612     
  3.086000000000000E-002   299.597640386612     
  3.088000000000000E-002   299.597640386612     
  3.090000000000000E-002   299.597640386612     
  3.092000000000000E-002   299.597640386612     
  3.094000000000000E-002   299.597640386612     
  3.096000000000000E-002   299.597640386612     
  3.098000000000000E-002   299.597640386612     
  3.100000000000000E-002   299.597640386612     
  3.102000000000000E-002   299.597640386612     
  3.104000000000000E-002   299.597640386612     
  3.106000000000000E-002   299.597640386612     
  3.108000000000000E-002   299.597640386612     
  3.110000000000000E-002   299.597640386612     
  3.112000000000000E-002   299.597640386612     
  3.114000000000000E-002   299.597640386612     
  3.116000000000000E-002   299.597640386612     
  3.118000000000000E-002   299.597640386612     
  3.120000000000000E-002   299.597640386612     
  3.122000000000000E-002   299.597640386612     
  3.124000000000000E-002   299.597640386612     
  3.126000000000000E-002   299.597640386612     
  3.128000000000000E-002   299.597640386612     
  3.130000000000000E-002   299.597640386612     
  3.132000000000000E-002   299.597640386612     
  3.134000000000000E-002   299.597640386612     
  3.136000000000001E-002   299.597640386612     
  3.138000000000001E-002   299.597640386612     
  3.140000000000000E-002   299.597640386612     
  3.142000000000000E-002   299.597640386612     
  3.144000000000000E-002   299.597640386612     
  3.146000000000000E-002   299.597640386612     
  3.148000000000000E-002   299.597640386612     
  3.150000000000000E-002   299.597640386612     
  3.152000000000000E-002   299.597640386612     
  3.154000000000001E-002   299.597640386612     
  3.156000000000000E-002   299.597640386612     
  3.158000000000000E-002   299.597640386612     
  3.160000000000000E-002   299.597640386612     
  3.162000000000000E-002   299.597640386612     
  3.164000000000000E-002   299.597640386612     
  3.166000000000000E-002   299.597640386612     
  3.168000000000000E-002   299.597640386612     
  3.170000000000001E-002   299.597640386612     
  3.172000000000001E-002   299.597640386612     
  3.174000000000000E-002   299.597640386612     
  3.176000000000000E-002   299.597640386612     
  3.178000000000000E-002   299.597640386612     
  3.180000000000000E-002   299.597640386612     
  3.182000000000000E-002   299.597640386612     
  3.184000000000000E-002   299.597640386612     
  3.186000000000000E-002   299.597640386612     
  3.188000000000001E-002   299.597640386612     
  3.190000000000000E-002   299.597640386612     
  3.192000000000000E-002   299.597640386612     
  3.194000000000000E-002   299.597640386612     
  3.196000000000000E-002   299.597640386612     
  3.198000000000000E-002   299.597640386612     
  3.200000000000000E-002   299.597640386612     
  3.202000000000000E-002   299.597640386612     
  3.204000000000001E-002   299.597640386612     
  3.206000000000001E-002   299.597640386612     
  3.208000000000000E-002   299.597640386612     
  3.210000000000000E-002   299.597640386612     
  3.212000000000000E-002   299.597640386612     
  3.214000000000000E-002   299.597640386612     
  3.216000000000000E-002   299.597640386612     
  3.218000000000000E-002   299.597640386612     
  3.220000000000000E-002   299.597640386612     
  3.222000000000001E-002   299.597640386612     
  3.224000000000000E-002   299.597640386612     
  3.226000000000000E-002   299.597640386612     
  3.228000000000000E-002   299.597640386612     
  3.230000000000000E-002   299.597640386612     
  3.232000000000000E-002   299.597640386612     
  3.234000000000000E-002   299.597640386612     
  3.236000000000000E-002   299.597640386612     
  3.238000000000001E-002   299.597640386612     
  3.240000000000001E-002   299.597640386612     
  3.242000000000000E-002   299.597640386612     
  3.244000000000000E-002   299.597640386612     
  3.246000000000000E-002   299.597640386612     
  3.248000000000000E-002   299.597640386612     
  3.250000000000000E-002   299.597640386612     
  3.252000000000000E-002   299.597640386612     
  3.254000000000000E-002   299.597640386612     
  3.256000000000001E-002   299.597640386612     
  3.258000000000000E-002   299.597640386612     
  3.260000000000000E-002   299.597640386612     
  3.262000000000000E-002   299.597640386612     
  3.264000000000000E-002   299.597640386612     
  3.266000000000000E-002   299.597640386612     
  3.268000000000000E-002   299.597640386612     
  3.270000000000000E-002   299.597640386612     
  3.272000000000001E-002   299.597640386612     
  3.274000000000001E-002   299.597640386612     
  3.276000000000000E-002   299.597640386612     
  3.278000000000000E-002   299.597640386612     
  3.280000000000000E-002   299.597640386612     
  3.282000000000000E-002   299.597640386612     
  3.284000000000000E-002   299.597640386612     
  3.286000000000000E-002   299.597640386612     
  3.288000000000000E-002   299.597640386612     
  3.290000000000001E-002   299.597640386612     
  3.292000000000000E-002   299.597640386612     
  3.294000000000000E-002   299.597640386612     
  3.296000000000000E-002   299.597640386612     
  3.298000000000000E-002   299.597640386612     
  3.300000000000000E-002   299.597640386612     
  3.302000000000000E-002   299.597640386612     
  3.304000000000000E-002   299.597640386612     
  3.306000000000001E-002   299.597640386612     
  3.308000000000001E-002   299.597640386612     
  3.310000000000000E-002   299.597640386612     
  3.312000000000000E-002   299.597640386612     
  3.314000000000000E-002   299.597640386612     
  3.316000000000000E-002   299.597640386612     
  3.318000000000000E-002   299.597640386612     
  3.320000000000000E-002   299.597640386612     
  3.322000000000000E-002   299.597640386612     
  3.324000000000001E-002   299.597640386612     
  3.326000000000000E-002   299.597640386612     
  3.328000000000000E-002   299.597640386612     
  3.330000000000000E-002   299.597640386612     
  3.332000000000000E-002   299.597640386612     
  3.334000000000000E-002   299.597640386612     
  3.336000000000000E-002   299.597640386612     
  3.338000000000000E-002   299.597640386612     
  3.340000000000001E-002   299.597640386612     
  3.342000000000001E-002   299.597640386612     
  3.344000000000000E-002   299.597640386612     
  3.346000000000000E-002   299.597640386612     
  3.348000000000000E-002   299.597640386612     
  3.350000000000000E-002   299.597640386612     
  3.352000000000000E-002   299.597640386612     
  3.354000000000000E-002   299.597640386612     
  3.356000000000000E-002   299.597640386612     
  3.358000000000001E-002   299.597640386612     
  3.360000000000000E-002   299.597640386612     
  3.362000000000000E-002   299.597640386612     
  3.364000000000000E-002   299.597640386612     
  3.366000000000000E-002   299.597640386612     
  3.368000000000000E-002   299.597640386612     
  3.370000000000000E-002   299.597640386612     
  3.372000000000000E-002   299.597640386612     
  3.374000000000001E-002   299.597640386612     
  3.376000000000001E-002   299.597640386612     
  3.378000000000000E-002   299.597640386612     
  3.380000000000000E-002   299.597640386612     
  3.382000000000000E-002   299.597640386612     
  3.384000000000000E-002   299.597640386612     
  3.386000000000000E-002   299.597640386612     
  3.388000000000000E-002   299.597640386612     
  3.390000000000000E-002   299.597640386612     
  3.392000000000001E-002   299.597640386612     
  3.394000000000000E-002   299.597640386612     
  3.396000000000000E-002   299.597640386612     
  3.398000000000000E-002   299.597640386612     
  3.400000000000000E-002   299.597640386612     
  3.402000000000000E-002   299.597640386612     
  3.404000000000000E-002   299.597640386612     
  3.406000000000000E-002   299.597640386612     
  3.408000000000001E-002   299.597640386612     
  3.410000000000001E-002   299.597640386612     
  3.412000000000000E-002   299.597640386612     
  3.414000000000000E-002   299.597640386612     
  3.416000000000000E-002   299.597640386612     
  3.418000000000000E-002   299.597640386612     
  3.420000000000000E-002   299.597640386612     
  3.422000000000000E-002   299.597640386612     
  3.424000000000000E-002   299.597640386612     
  3.426000000000001E-002   299.597640386612     
  3.428000000000000E-002   299.597640386612     
  3.430000000000000E-002   299.597640386612     
  3.432000000000000E-002   299.597640386612     
  3.434000000000000E-002   299.597640386612     
  3.436000000000000E-002   299.597640386612     
  3.438000000000000E-002   299.597640386612     
  3.440000000000000E-002   299.597640386612     
  3.442000000000001E-002   299.597640386612     
  3.444000000000001E-002   299.597640386612     
  3.446000000000000E-002   299.597640386612     
  3.448000000000000E-002   299.597640386612     
  3.450000000000000E-002   299.597640386612     
  3.452000000000000E-002   299.597640386612     
  3.454000000000000E-002   299.597640386612     
  3.456000000000000E-002   299.597640386612     
  3.458000000000000E-002   299.597640386612     
  3.460000000000001E-002   299.597640386612     
  3.462000000000000E-002   299.597640386612     
  3.464000000000000E-002   299.597640386612     
  3.466000000000000E-002   299.597640386612     
  3.468000000000000E-002   299.597640386612     
  3.470000000000000E-002   299.597640386612     
  3.472000000000000E-002   299.597640386612     
  3.474000000000000E-002   299.597640386612     
  3.476000000000001E-002   299.597640386612     
  3.478000000000001E-002   299.597640386612     
  3.480000000000000E-002   299.597640386612     
  3.482000000000000E-002   299.597640386612     
  3.484000000000000E-002   299.597640386612     
  3.486000000000000E-002   299.597640386612     
  3.488000000000000E-002   299.597640386612     
  3.490000000000000E-002   299.597640386612     
  3.492000000000000E-002   299.597640386612     
  3.494000000000001E-002   299.597640386612     
  3.496000000000000E-002   299.597640386612     
  3.498000000000000E-002   299.597640386612     
  3.500000000000000E-002   299.597640386612     
  3.502000000000000E-002   299.597640386612     
  3.504000000000000E-002   299.597640386612     
  3.506000000000000E-002   299.597640386612     
  3.508000000000000E-002   299.597640386612     
  3.510000000000001E-002   299.597640386612     
  3.512000000000001E-002   299.597640386612     
  3.514000000000000E-002   299.597640386612     
  3.516000000000000E-002   299.597640386612     
  3.518000000000000E-002   299.597640386612     
  3.520000000000000E-002   299.597640386612     
  3.522000000000000E-002   299.597640386612     
  3.524000000000000E-002   299.597640386612     
  3.526000000000000E-002   299.597640386612     
  3.528000000000001E-002   299.597640386612     
  3.530000000000000E-002   299.597640386612     
  3.532000000000000E-002   299.597640386612     
  3.534000000000000E-002   299.597640386612     
  3.536000000000000E-002   299.597640386612     
  3.538000000000000E-002   299.597640386612     
  3.540000000000000E-002   299.597640386612     
  3.542000000000000E-002   299.597640386612     
  3.544000000000001E-002   299.597640386612     
  3.546000000000001E-002   299.597640386612     
  3.548000000000000E-002   299.597640386612     
  3.550000000000000E-002   299.597640386612     
  3.552000000000000E-002   299.597640386612     
  3.554000000000000E-002   299.597640386612     
  3.556000000000000E-002   299.597640386612     
  3.558000000000000E-002   299.597640386612     
  3.560000000000000E-002   299.597640386612     
  3.562000000000001E-002   299.597640386612     
  3.564000000000001E-002   299.597640386612     
  3.566000000000000E-002   299.597640386612     
  3.568000000000000E-002   299.597640386612     
  3.570000000000000E-002   299.597640386612     
  3.572000000000000E-002   299.597640386612     
  3.574000000000000E-002   299.597640386612     
  3.576000000000000E-002   299.597640386612     
  3.578000000000001E-002   299.597640386612     
  3.580000000000001E-002   299.597640386612     
  3.582000000000000E-002   299.597640386612     
  3.584000000000000E-002   299.597640386612     
  3.586000000000000E-002   299.597640386612     
  3.588000000000000E-002   299.597640386612     
  3.590000000000000E-002   299.597640386612     
  3.592000000000000E-002   299.597640386612     
  3.594000000000000E-002   299.597640386612     
  3.596000000000001E-002   299.597640386612     
  3.598000000000001E-002   299.597640386612     
  3.600000000000000E-002   299.597640386612     
  3.602000000000000E-002   299.597640386612     
  3.604000000000000E-002   299.597640386612     
  3.606000000000000E-002   299.597640386612     
  3.608000000000000E-002   299.597640386612     
  3.610000000000000E-002   299.597640386612     
  3.612000000000001E-002   299.597640386612     
  3.614000000000001E-002   299.597640386612     
  3.616000000000000E-002   299.597640386612     
  3.618000000000000E-002   299.597640386612     
  3.620000000000000E-002   299.597640386612     
  3.622000000000000E-002   299.597640386612     
  3.624000000000000E-002   299.597640386612     
  3.626000000000000E-002   299.597640386612     
  3.628000000000000E-002   299.597640386612     
  3.630000000000001E-002   299.597640386612     
  3.632000000000001E-002   299.597640386612     
  3.634000000000000E-002   299.597640386612     
  3.636000000000000E-002   299.597640386612     
  3.638000000000000E-002   299.597640386612     
  3.640000000000000E-002   299.597640386612     
  3.642000000000000E-002   299.597640386612     
  3.644000000000000E-002   299.597640386612     
  3.646000000000001E-002   299.597640386612     
  3.648000000000001E-002   299.597640386612     
  3.650000000000000E-002   299.597640386612     
  3.652000000000000E-002   299.597640386612     
  3.654000000000000E-002   299.597640386612     
  3.656000000000000E-002   299.597640386612     
  3.658000000000000E-002   299.597640386612     
  3.660000000000000E-002   299.597640386612     
  3.662000000000000E-002   299.597640386612     
  3.664000000000001E-002   299.597640386612     
  3.666000000000001E-002   299.597640386612     
  3.668000000000000E-002   299.597640386612     
  3.670000000000000E-002   299.597640386612     
  3.672000000000000E-002   299.597640386612     
  3.674000000000000E-002   299.597640386612     
  3.676000000000000E-002   299.597640386612     
  3.678000000000000E-002   299.597640386612     
  3.680000000000001E-002   299.597640386612     
  3.682000000000001E-002   299.597640386612     
  3.684000000000000E-002   299.597640386612     
  3.686000000000000E-002   299.597640386612     
  3.688000000000000E-002   299.597640386612     
  3.690000000000000E-002   299.597640386612     
  3.692000000000000E-002   299.597640386612     
  3.694000000000000E-002   299.597640386612     
  3.696000000000000E-002   299.597640386612     
  3.698000000000001E-002   299.597640386612     
  3.700000000000001E-002   299.597640386612     
  3.702000000000000E-002   299.597640386612     
  3.704000000000000E-002   299.597640386612     
  3.706000000000000E-002   299.597640386612     
  3.708000000000000E-002   299.597640386612     
  3.710000000000000E-002   299.597640386612     
  3.712000000000000E-002   299.597640386612     
  3.714000000000001E-002   299.597640386612     
  3.716000000000001E-002   299.597640386612     
  3.718000000000000E-002   299.597640386612     
  3.720000000000000E-002   299.597640386612     
  3.722000000000000E-002   299.597640386612     
  3.724000000000000E-002   299.597640386612     
  3.726000000000000E-002   299.597640386612     
  3.728000000000000E-002   299.597640386612     
  3.730000000000000E-002   299.597640386612     
  3.732000000000001E-002   299.597640386612     
  3.734000000000001E-002   299.597640386612     
  3.736000000000000E-002   299.597640386612     
  3.738000000000000E-002   299.597640386612     
  3.740000000000000E-002   299.597640386612     
  3.742000000000000E-002   299.597640386612     
  3.744000000000000E-002   299.597640386612     
  3.746000000000000E-002   299.597640386612     
  3.748000000000001E-002   299.597640386612     
  3.750000000000001E-002   299.597640386612     
  3.752000000000000E-002   299.597640386612     
  3.754000000000000E-002   299.597640386612     
  3.756000000000000E-002   299.597640386612     
  3.758000000000000E-002   299.597640386612     
  3.760000000000000E-002   299.597640386612     
  3.762000000000000E-002   299.597640386612     
  3.764000000000000E-002   299.597640386612     
  3.766000000000001E-002   299.597640386612     
  3.768000000000001E-002   299.597640386612     
  3.770000000000000E-002   299.597640386612     
  3.772000000000000E-002   299.597640386612     
  3.774000000000000E-002   299.597640386612     
  3.776000000000000E-002   299.597640386612     
  3.778000000000000E-002   299.597640386612     
  3.780000000000000E-002   299.597640386612     
  3.782000000000001E-002   299.597640386612     
  3.784000000000001E-002   299.597640386612     
  3.786000000000000E-002   299.597640386612     
  3.788000000000000E-002   299.597640386612     
  3.790000000000000E-002   299.597640386612     
  3.792000000000000E-002   299.597640386612     
  3.794000000000000E-002   299.597640386612     
  3.796000000000000E-002   299.597640386612     
  3.798000000000000E-002   299.597640386612     
  3.800000000000001E-002   299.597640386612     
  3.802000000000001E-002   299.597640386612     
  3.804000000000000E-002   299.597640386612     
  3.806000000000000E-002   299.597640386612     
  3.808000000000000E-002   299.597640386612     
  3.810000000000000E-002   299.597640386612     
  3.812000000000000E-002   299.597640386612     
  3.814000000000000E-002   299.597640386612     
  3.816000000000001E-002   299.597640386612     
  3.818000000000001E-002   299.597640386612     
  3.820000000000000E-002   299.597640386612     
  3.822000000000000E-002   299.597640386612     
  3.824000000000000E-002   299.597640386612     
  3.826000000000000E-002   299.597640386612     
  3.828000000000000E-002   299.597640386612     
  3.830000000000000E-002   299.597640386612     
  3.832000000000000E-002   299.597640386612     
  3.834000000000001E-002   299.597640386612     
  3.836000000000001E-002   299.597640386612     
  3.838000000000000E-002   299.597640386612     
  3.840000000000000E-002   299.597640386612     
  3.842000000000000E-002   299.597640386612     
  3.844000000000000E-002   299.597640386612     
  3.846000000000000E-002   299.597640386612     
  3.848000000000000E-002   299.597640386612     
  3.850000000000001E-002   299.597640386612     
  3.852000000000001E-002   299.597640386612     
  3.854000000000000E-002   299.597640386612     
  3.856000000000000E-002   299.597640386612     
  3.858000000000000E-002   299.597640386612     
  3.860000000000000E-002   299.597640386612     
  3.862000000000000E-002   299.597640386612     
  3.864000000000000E-002   299.597640386612     
  3.866000000000000E-002   299.597640386612     
  3.868000000000001E-002   299.597640386612     
  3.870000000000001E-002   299.597640386612     
  3.872000000000000E-002   299.597640386612     
  3.874000000000000E-002   299.597640386612     
  3.876000000000000E-002   299.597640386612     
  3.878000000000000E-002   299.597640386612     
  3.880000000000000E-002   299.597640386612     
  3.882000000000000E-002   299.597640386612     
  3.884000000000001E-002   299.597640386612     
  3.886000000000001E-002   299.597640386612     
  3.888000000000000E-002   299.597640386612     
  3.890000000000000E-002   299.597640386612     
  3.892000000000000E-002   299.597640386612     
  3.894000000000000E-002   299.597640386612     
  3.896000000000000E-002   299.597640386612     
  3.898000000000000E-002   299.597640386612     
  3.900000000000000E-002   299.597640386612     
  3.902000000000001E-002   299.597640386612     
  3.904000000000001E-002   299.597640386612     
  3.906000000000000E-002   299.597640386612     
  3.908000000000000E-002   299.597640386612     
  3.910000000000000E-002   299.597640386612     
  3.912000000000000E-002   299.597640386612     
  3.914000000000000E-002   299.597640386612     
  3.916000000000000E-002   299.597640386612     
  3.918000000000001E-002   299.597640386612     
  3.920000000000001E-002   299.597640386612     
  3.922000000000000E-002   299.597640386612     
  3.924000000000000E-002   299.597640386612     
  3.926000000000000E-002   299.597640386612     
  3.928000000000000E-002   299.597640386612     
  3.930000000000000E-002   299.597640386612     
  3.932000000000000E-002   299.597640386612     
  3.934000000000000E-002   299.597640386612     
  3.936000000000001E-002   299.597640386612     
  3.938000000000001E-002   299.597640386612     
  3.940000000000000E-002   299.597640386612     
  3.942000000000000E-002   299.597640386612     
  3.944000000000000E-002   299.597640386612     
  3.946000000000000E-002   299.597640386612     
  3.948000000000000E-002   299.597640386612     
  3.950000000000000E-002   299.597640386612     
  3.952000000000001E-002   299.597640386612     
  3.954000000000001E-002   299.597640386612     
  3.956000000000000E-002   299.597640386612     
  3.958000000000000E-002   299.597640386612     
  3.960000000000000E-002   299.597640386612     
  3.962000000000000E-002   299.597640386612     
  3.964000000000000E-002   299.597640386612     
  3.966000000000000E-002   299.597640386612     
  3.968000000000000E-002   299.597640386612     
  3.970000000000001E-002   299.597640386612     
  3.972000000000001E-002   299.597640386612     
  3.974000000000000E-002   299.597640386612     
  3.976000000000000E-002   299.597640386612     
  3.978000000000000E-002   299.597640386612     
  3.980000000000000E-002   299.597640386612     
  3.982000000000000E-002   299.597640386612     
  3.984000000000000E-002   299.597640386612     
  3.986000000000001E-002   299.597640386612     
  3.988000000000001E-002   299.597640386612     
  3.990000000000000E-002   299.597640386612     
  3.992000000000000E-002   299.597640386612     
  3.994000000000000E-002   299.597640386612     
  3.996000000000000E-002   299.597640386612     
  3.998000000000000E-002   299.597640386612     
  4.000000000000000E-002   299.597999998362     
