  0.000000000000000E+000  1.000000000000000E-010
  2.000000000000000E-005  1.000000000000000E-010
  4.000000000000000E-005  1.000000000000000E-010
  6.000000000000001E-005  1.000000000000000E-010
  8.000000000000001E-005  1.000000000000000E-010
  1.000000000000000E-004  1.000000000000000E-010
  1.200000000000000E-004  1.000000000000000E-010
  1.400000000000000E-004  1.000000000000000E-010
  1.600000000000000E-004  1.000000000000000E-010
  1.800000000000000E-004  1.000000000000000E-010
  2.000000000000000E-004  1.000000000000000E-010
  2.200000000000000E-004  1.000000000000000E-010
  2.400000000000000E-004  1.000000000000000E-010
  2.600000000000000E-004  1.000000000000000E-010
  2.800000000000000E-004  1.000000000000000E-010
  3.000000000000000E-004  1.000000000000000E-010
  3.200000000000000E-004  1.000000000000000E-010
  3.400000000000000E-004  1.000000000000000E-010
  3.600000000000000E-004  1.000000000000000E-010
  3.800000000000000E-004  1.000000000000000E-010
  4.000000000000000E-004  1.000000000000000E-010
  4.200000000000000E-004  1.000000000000000E-010
  4.400000000000000E-004  1.000000000000000E-010
  4.600000000000000E-004  1.000000000000000E-010
  4.800000000000001E-004  1.000000000000000E-010
  5.000000000000000E-004  1.000000000000000E-010
  5.200000000000001E-004  1.000000000000000E-010
  5.400000000000000E-004  1.000000000000000E-010
  5.600000000000001E-004  1.000000000000000E-010
  5.800000000000000E-004  1.000000000000000E-010
  6.000000000000001E-004  1.000000000000000E-010
  6.200000000000000E-004  1.000000000000000E-010
  6.400000000000001E-004  1.000000000000000E-010
  6.600000000000001E-004  1.000000000000000E-010
  6.800000000000000E-004  1.000000000000001E-010
  7.000000000000001E-004  1.000000000000001E-010
  7.200000000000000E-004  1.000000000000000E-010
  7.400000000000001E-004  1.000000000000001E-010
  7.600000000000000E-004  1.000000000000001E-010
  7.800000000000001E-004  1.000000000000001E-010
  8.000000000000000E-004  1.000000000000001E-010
  8.200000000000001E-004  1.000000000000001E-010
  8.400000000000000E-004  1.000000000000001E-010
  8.600000000000001E-004  1.000000000000001E-010
  8.800000000000000E-004  1.000000000000002E-010
  9.000000000000001E-004  1.000000000000002E-010
  9.200000000000000E-004  1.000000000000002E-010
  9.400000000000001E-004  1.000000000000002E-010
  9.600000000000001E-004  1.000000000000002E-010
  9.800000000000002E-004  1.000000000000002E-010
  1.000000000000000E-003  1.000000000000002E-010
  1.020000000000000E-003  1.000000000000003E-010
  1.040000000000000E-003  1.000000000000003E-010
  1.060000000000000E-003  1.000000000000003E-010
  1.080000000000000E-003  1.000000000000003E-010
  1.100000000000000E-003  1.000000000000003E-010
  1.120000000000000E-003  1.000000000000004E-010
  1.140000000000000E-003  1.000000000000004E-010
  1.160000000000000E-003  1.000000000000004E-010
  1.180000000000000E-003  1.000000000000004E-010
  1.200000000000000E-003  1.000000000000004E-010
  1.220000000000000E-003  1.000000000000005E-010
  1.240000000000000E-003  1.000000000000005E-010
  1.260000000000000E-003  1.000000000000005E-010
  1.280000000000000E-003  1.000000000000005E-010
  1.300000000000000E-003  1.000000000000005E-010
  1.320000000000000E-003  1.000000000000005E-010
  1.340000000000000E-003  1.000000000000005E-010
  1.360000000000000E-003  1.000000000000005E-010
  1.380000000000000E-003  1.000000000000005E-010
  1.400000000000000E-003  1.000000000000005E-010
  1.420000000000000E-003  1.000000000000005E-010
  1.440000000000000E-003  1.000000000000005E-010
  1.460000000000000E-003  1.000000000000005E-010
  1.480000000000000E-003  1.000000000000005E-010
  1.500000000000000E-003  1.000000000000003E-010
  1.520000000000000E-003  1.000000000000000E-010
  1.540000000000000E-003  1.000000000000000E-010
  1.560000000000000E-003  1.000000000000000E-010
  1.580000000000000E-003  1.000000000000000E-010
  1.600000000000000E-003  1.000000000000000E-010
  1.620000000000000E-003  1.000000000000000E-010
  1.640000000000000E-003  1.000000000000000E-010
  1.660000000000000E-003  1.000000000000000E-010
  1.680000000000000E-003  1.000000000000000E-010
  1.700000000000000E-003  1.000000000000000E-010
  1.720000000000000E-003  1.000000000000000E-010
  1.740000000000000E-003  1.000000000000000E-010
  1.760000000000000E-003  1.000000000000000E-010
  1.780000000000000E-003  1.000000000000000E-010
  1.800000000000000E-003  1.000000000000000E-010
  1.820000000000000E-003  1.000000000000000E-010
  1.840000000000000E-003  1.000000000000000E-010
  1.860000000000000E-003  1.000000000000000E-010
  1.880000000000000E-003  1.000000000000000E-010
  1.900000000000000E-003  1.000000000000000E-010
  1.920000000000000E-003  1.000000000000000E-010
  1.940000000000000E-003  1.000000000000000E-010
  1.960000000000000E-003  1.000000000000000E-010
  1.980000000000000E-003  1.000000000000000E-010
  2.000000000000000E-003  1.000000000000000E-010
  2.020000000000000E-003  1.000000000000000E-010
  2.040000000000000E-003  1.000000000000000E-010
  2.060000000000000E-003  1.000000000000000E-010
  2.080000000000000E-003  1.000000000000000E-010
  2.100000000000000E-003  1.000000000000000E-010
  2.120000000000000E-003  1.000000000000000E-010
  2.140000000000000E-003  1.000000000000000E-010
  2.160000000000000E-003  1.000000000000000E-010
  2.180000000000000E-003  1.000000000000000E-010
  2.200000000000000E-003  1.000000417313569E-010
  2.220000000000000E-003  1.000019034653640E-010
  2.240000000000000E-003  1.000080142259737E-010
  2.260000000000000E-003  1.000198913903967E-010
  2.280000000000000E-003  1.000321365897488E-010
  2.300000000000000E-003  1.000412937659180E-010
  2.320000000000000E-003  1.000479145540054E-010
  2.340000000000000E-003  1.000526448796166E-010
  2.360000000000000E-003  1.000560558337592E-010
  2.380000000000000E-003  1.000585379842506E-010
  2.400000000000000E-003  1.000602854226246E-010
  2.420000000000000E-003  1.000614321192530E-010
  2.440000000000000E-003  1.000620555164369E-010
  2.460000000000000E-003  1.000622630381231E-010
  2.480000000000000E-003  1.000623168678741E-010
  2.500000000000000E-003  1.000620806439644E-010
  2.520000000000000E-003  1.000615263296087E-010
  2.540000000000000E-003  1.000606154146214E-010
  2.560000000000000E-003  1.000592904239778E-010
  2.580000000000000E-003  1.000574584241397E-010
  2.600000000000000E-003  1.000552266375908E-010
  2.620000000000000E-003  1.000532486917258E-010
  2.640000000000000E-003  1.000517408890352E-010
  2.660000000000000E-003  1.000507425233689E-010
  2.680000000000000E-003  1.000502391856506E-010
  2.700000000000000E-003  1.000501856748621E-010
  2.720000000000000E-003  1.000503086500623E-010
  2.740000000000000E-003  1.000507211217276E-010
  2.760000000000000E-003  1.000514281784939E-010
  2.780000000000000E-003  1.000523897985387E-010
  2.800000000000000E-003  1.000535513033578E-010
  2.820000000000000E-003  1.000547520241209E-010
  2.840000000000000E-003  1.000558468210931E-010
  2.860000000000000E-003  1.000567952489685E-010
  2.880000000000000E-003  1.000575989878591E-010
  2.900000000000000E-003  1.000582816772136E-010
  2.920000000000000E-003  1.000588731548207E-010
  2.940000000000000E-003  1.000593953713686E-010
  2.960000000000000E-003  1.000598614292890E-010
  2.980000000000000E-003  1.000602805630152E-010
  3.000000000000000E-003  1.000606613948790E-010
  3.020000000000000E-003  1.000610113887493E-010
  3.040000000000000E-003  1.000613355955943E-010
  3.060000000000000E-003  1.000616372419509E-010
  3.080000000000000E-003  1.000619195485762E-010
  3.100000000000000E-003  1.000621862274618E-010
  3.120000000000000E-003  1.000624406352545E-010
  3.140000000000000E-003  1.000626848033803E-010
  3.160000000000000E-003  1.000629195695513E-010
  3.180000000000000E-003  1.000631454540254E-010
  3.200000000000000E-003  1.000633639264510E-010
  3.220000000000000E-003  1.000635776664367E-010
  3.240000000000000E-003  1.000637895886541E-010
  3.260000000000000E-003  1.000640026439475E-010
  3.280000000000000E-003  1.000642215830449E-010
  3.300000000000000E-003  1.000644443366198E-010
  3.320000000000000E-003  1.000646566385181E-010
  3.340000000000000E-003  1.000648485117631E-010
  3.360000000000000E-003  1.000650158662525E-010
  3.380000000000000E-003  1.000651568435212E-010
  3.400000000000000E-003  1.000652773124062E-010
  3.420000000000000E-003  1.000652696719726E-010
  3.440000000000000E-003  1.000651262689608E-010
  3.460000000000000E-003  1.000647120013086E-010
  3.480000000000000E-003  1.000638491780187E-010
  3.500000000000000E-003  1.000622735151622E-010
  3.520000000000000E-003  1.000596067501319E-010
  3.540000000000000E-003  1.000553496033483E-010
  3.560000000000000E-003  1.000489017295060E-010
  3.580000000000000E-003  1.000396068197334E-010
  3.600000000000000E-003  1.000268194468652E-010
  3.620000000000000E-003  1.000089533215979E-010
  3.640000000000000E-003  1.000000000000000E-010
  3.660000000000000E-003  1.000000000000000E-010
  3.680000000000000E-003  1.000000000000000E-010
  3.700000000000000E-003  1.000000000000000E-010
  3.720000000000000E-003  1.000000000000000E-010
  3.740000000000000E-003  1.000000000000000E-010
  3.760000000000000E-003  1.000000000000000E-010
  3.780000000000000E-003  1.000000000000000E-010
  3.800000000000000E-003  1.000000000000000E-010
  3.820000000000000E-003  1.000000000000000E-010
  3.840000000000001E-003  1.000000000000000E-010
  3.860000000000000E-003  1.000000000000000E-010
  3.880000000000000E-003  1.000000000000000E-010
  3.900000000000000E-003  1.000000000000000E-010
  3.920000000000001E-003  1.000000000000000E-010
  3.940000000000000E-003  1.000000000000000E-010
  3.960000000000000E-003  1.000000000000000E-010
  3.980000000000000E-003  1.000000000000000E-010
  4.000000000000000E-003  1.000000000000000E-010
  4.020000000000000E-003  1.000000000000000E-010
  4.040000000000000E-003  1.000000000000000E-010
  4.060000000000000E-003  1.000000000000000E-010
  4.080000000000000E-003  1.000000000000000E-010
  4.100000000000000E-003  1.000000000000000E-010
  4.120000000000000E-003  1.000000000000000E-010
  4.140000000000000E-003  1.000000000000000E-010
  4.160000000000001E-003  1.000000000000000E-010
  4.180000000000001E-003  1.000000000000000E-010
  4.200000000000001E-003  1.000000000000000E-010
  4.220000000000001E-003  1.000000000000000E-010
  4.240000000000001E-003  1.000000000000000E-010
  4.260000000000001E-003  1.000000000000000E-010
  4.280000000000000E-003  1.000000000000000E-010
  4.300000000000000E-003  1.000000000000000E-010
  4.320000000000000E-003  1.000000000000000E-010
  4.340000000000000E-003  1.000000000000000E-010
  4.360000000000000E-003  1.000000000000000E-010
  4.380000000000000E-003  1.000000000000000E-010
  4.400000000000000E-003  1.000000000000000E-010
  4.420000000000000E-003  1.000000000000000E-010
  4.440000000000000E-003  1.000000000000000E-010
  4.460000000000000E-003  1.000000000000000E-010
  4.480000000000000E-003  1.000000000000000E-010
  4.500000000000001E-003  1.000000000000000E-010
  4.520000000000001E-003  1.000000000000000E-010
  4.540000000000001E-003  1.000000000000000E-010
  4.560000000000001E-003  1.000000000000000E-010
  4.580000000000001E-003  1.000000000000000E-010
  4.600000000000001E-003  1.000000000000000E-010
  4.620000000000000E-003  1.000000000000000E-010
  4.640000000000000E-003  1.000000000000000E-010
  4.660000000000000E-003  1.000000000000000E-010
  4.680000000000000E-003  1.000000000000000E-010
  4.700000000000000E-003  1.000000000000000E-010
  4.720000000000000E-003  1.000000000000000E-010
  4.740000000000000E-003  1.000000000000000E-010
  4.760000000000000E-003  1.000000000000000E-010
  4.780000000000000E-003  1.000000000000000E-010
  4.800000000000000E-003  1.000000000000000E-010
  4.820000000000000E-003  1.000000000000000E-010
  4.840000000000001E-003  1.000000000000000E-010
  4.860000000000001E-003  1.000000000000000E-010
  4.880000000000001E-003  1.000000000000000E-010
  4.900000000000001E-003  1.000000000000000E-010
  4.920000000000001E-003  1.000000000000000E-010
  4.940000000000001E-003  1.000000000000000E-010
  4.960000000000000E-003  1.000005989337087E-010
  4.980000000000000E-003  1.000023496399209E-010
  5.000000000000000E-003  1.000062648618966E-010
  5.020000000000000E-003  1.000122758120351E-010
  5.040000000000000E-003  1.000187447043881E-010
  5.060000000000000E-003  1.000238325515367E-010
  5.080000000000000E-003  1.000275676419598E-010
  5.100000000000000E-003  1.000305373235566E-010
  5.120000000000000E-003  1.000332156292947E-010
  5.140000000000000E-003  1.000370447544999E-010
  5.160000000000001E-003  1.000430984920614E-010
  5.180000000000001E-003  1.000524895144547E-010
  5.200000000000001E-003  1.000659225790119E-010
  5.220000000000001E-003  1.000823107305795E-010
  5.240000000000001E-003  1.000967272925169E-010
  5.260000000000001E-003  1.001088135943339E-010
  5.280000000000001E-003  1.001196005241077E-010
  5.300000000000000E-003  1.001299355974371E-010
  5.320000000000000E-003  1.001411549833387E-010
  5.340000000000000E-003  1.001530843773672E-010
  5.360000000000000E-003  1.001622105510036E-010
  5.380000000000000E-003  1.001689323317012E-010
  5.400000000000000E-003  1.001726560142959E-010
  5.420000000000000E-003  1.001755248417750E-010
  5.440000000000000E-003  1.001777274835415E-010
  5.460000000000000E-003  1.001807366145060E-010
  5.480000000000000E-003  1.001859438493507E-010
  5.500000000000001E-003  1.001949541616008E-010
  5.520000000000001E-003  1.002084443899165E-010
  5.540000000000001E-003  1.002261227796356E-010
  5.560000000000001E-003  1.002451126888422E-010
  5.580000000000001E-003  1.002624842011935E-010
  5.600000000000001E-003  1.002790165918238E-010
  5.620000000000001E-003  1.002952125729922E-010
  5.640000000000000E-003  1.003117068759006E-010
  5.660000000000000E-003  1.003292521269470E-010
  5.680000000000000E-003  1.003483103751864E-010
  5.700000000000000E-003  1.003685873238588E-010
  5.720000000000000E-003  1.003888741153098E-010
  5.740000000000000E-003  1.004089817351293E-010
  5.760000000000000E-003  1.004287701977633E-010
  5.780000000000000E-003  1.004482685905636E-010
  5.800000000000000E-003  1.004679367000621E-010
  5.820000000000001E-003  1.004885145100705E-010
  5.840000000000001E-003  1.005100990406170E-010
  5.860000000000001E-003  1.005306589436640E-010
  5.880000000000001E-003  1.005500398326361E-010
  5.900000000000001E-003  1.005685044342884E-010
  5.920000000000001E-003  1.005871303874321E-010
  5.940000000000001E-003  1.006073310886185E-010
  5.960000000000001E-003  1.006307571495292E-010
  5.980000000000000E-003  1.006550240375223E-010
  6.000000000000000E-003  1.006763198150180E-010
  6.020000000000000E-003  1.006945189177605E-010
  6.040000000000000E-003  1.007103799728220E-010
  6.060000000000000E-003  1.007261412107553E-010
  6.080000000000000E-003  1.007412171649284E-010
  6.100000000000000E-003  1.007567551802889E-010
  6.120000000000000E-003  1.007737651459532E-010
  6.140000000000000E-003  1.007929056330033E-010
  6.160000000000001E-003  1.008140370272156E-010
  6.180000000000001E-003  1.008371065639705E-010
  6.200000000000001E-003  1.008632375917536E-010
  6.220000000000001E-003  1.008945657805017E-010
  6.240000000000001E-003  1.009335659375475E-010
  6.260000000000001E-003  1.009840051356315E-010
  6.280000000000001E-003  1.010522293616927E-010
  6.300000000000001E-003  1.011488443167163E-010
  6.320000000000000E-003  1.012968817036186E-010
  6.340000000000000E-003  1.015394690536159E-010
  6.360000000000000E-003  1.019509447403361E-010
  6.380000000000000E-003  1.024764541860572E-010
  6.400000000000000E-003  1.031188970873536E-010
  6.420000000000000E-003  1.039266694626348E-010
  6.440000000000000E-003  1.049551917161637E-010
  6.460000000000000E-003  1.062410510404940E-010
  6.480000000000001E-003  1.077658289842525E-010
  6.500000000000001E-003  1.091348550703081E-010
  6.520000000000001E-003  1.101306980633485E-010
  6.540000000000001E-003  1.108447423176917E-010
  6.560000000000001E-003  1.113518142057590E-010
  6.580000000000001E-003  1.116781850530753E-010
  6.600000000000001E-003  1.118930564965351E-010
  6.620000000000001E-003  1.120035979792604E-010
  6.640000000000001E-003  1.120273558002124E-010
  6.660000000000000E-003  1.120241191533947E-010
  6.680000000000000E-003  1.120247571580859E-010
  6.700000000000000E-003  1.120580849049054E-010
  6.720000000000000E-003  1.122281457005976E-010
  6.740000000000000E-003  1.128996700610865E-010
  6.760000000000000E-003  1.153184495446508E-010
  6.780000000000000E-003  1.236359153954937E-010
  6.800000000000000E-003  1.513242662202987E-010
  6.820000000000001E-003  2.409347845016712E-010
  6.840000000000001E-003  5.233067271940380E-010
  6.860000000000001E-003  1.390457994585928E-009
  6.880000000000001E-003  3.988603304446547E-009
  6.900000000000001E-003  1.159304039600931E-008
  6.920000000000001E-003  3.336090200304562E-008
  6.940000000000001E-003  9.436550637676086E-008
  6.960000000000001E-003  2.618674107545846E-007
  6.980000000000001E-003  7.125513329553792E-007
  7.000000000000000E-003  1.900352511828417E-006
  7.020000000000000E-003  4.963643775745958E-006
  7.040000000000000E-003  1.268244191654764E-005
  7.060000000000000E-003  3.165259574210506E-005
  7.080000000000000E-003  7.704867530125929E-005
  7.100000000000000E-003  1.826782026109143E-004
  7.120000000000000E-003  4.214173795730183E-004
  7.140000000000001E-003  9.451271422414650E-004
  7.160000000000001E-003  2.059173022242918E-003
  7.180000000000001E-003  4.353824750508684E-003
  7.200000000000001E-003  8.919626146703342E-003
  7.220000000000001E-003  1.764685879882768E-002
  7.240000000000001E-003  3.355519279475720E-002
  7.260000000000001E-003  6.104574201970721E-002
  7.280000000000001E-003  0.105904747124454     
  7.300000000000001E-003  0.174830308750347     
  7.320000000000001E-003  0.274415519320082     
  7.340000000000000E-003  0.409926014516515     
  7.360000000000000E-003  0.583954689352390     
  7.380000000000000E-003  0.761510309688736     
  7.400000000000000E-003  0.878409434252785     
  7.420000000000000E-003  0.943438211796846     
  7.440000000000000E-003  0.975090277377456     
  7.460000000000000E-003  0.989144343114812     
  7.480000000000001E-003  0.995063122050845     
  7.500000000000001E-003  0.997551143436228     
  7.520000000000001E-003  0.998661157505666     
  7.540000000000001E-003  0.999211056747216     
  7.560000000000001E-003  0.999514558558516     
  7.580000000000001E-003  0.999695253958765     
  7.600000000000001E-003  0.999807597662478     
  7.620000000000001E-003  0.999878940188457     
  7.640000000000001E-003  0.999924453648638     
  7.660000000000001E-003  0.999953331386416     
  7.680000000000001E-003  0.999971473227407     
  7.700000000000000E-003  0.999982742209126     
  7.720000000000000E-003  0.999989662972195     
  7.740000000000000E-003  0.999993867153716     
  7.760000000000000E-003  0.999996394632478     
  7.780000000000000E-003  0.999997898950546     
  7.800000000000001E-003  0.999998785517075     
  7.820000000000001E-003  0.999999302885697     
  7.840000000000001E-003  0.999999601837878     
  7.860000000000001E-003  0.999999772906654     
  7.880000000000000E-003  0.999999869871684     
  7.900000000000001E-003  0.999999924327326     
  7.920000000000000E-003  0.999999954632892     
  7.940000000000001E-003  0.999999971346102     
  7.960000000000000E-003  0.999999980478593     
  7.980000000000001E-003  0.999999985422167     
  8.000000000000000E-003  0.999999988074037     
  8.020000000000001E-003  0.999999989486036     
  8.040000000000000E-003  0.999999990234654     
  8.060000000000001E-003  0.999999990629748     
  8.080000000000000E-003  0.999999990833075     
  8.100000000000001E-003  0.999999990927950     
  8.120000000000000E-003  0.999999990961531     
  8.140000000000001E-003  0.999999990963587     
  8.160000000000001E-003  0.999999990943435     
  8.180000000000002E-003  0.999999990868207     
  8.200000000000001E-003  0.999999990667043     
  8.220000000000000E-003  0.999999990183232     
  8.240000000000001E-003  0.999999989071766     
  8.260000000000000E-003  0.999999986588953     
  8.280000000000001E-003  0.999999981170383     
  8.300000000000000E-003  0.999999969603450     
  8.320000000000001E-003  0.999999945440850     
  8.340000000000000E-003  0.999999896017739     
  8.360000000000001E-003  0.999999796928601     
  8.380000000000000E-003  0.999999601931099     
  8.400000000000001E-003  0.999999224697241     
  8.420000000000000E-003  0.999998505885335     
  8.440000000000001E-003  0.999997153354916     
  8.460000000000001E-003  0.999994632087079     
  8.480000000000001E-003  0.999989956631619     
  8.500000000000001E-003  0.999981287596183     
  8.520000000000002E-003  0.999965126485390     
  8.540000000000001E-003  0.999934679723335     
  8.560000000000000E-003  0.999876468520289     
  8.580000000000001E-003  0.999763207158338     
  8.600000000000000E-003  0.999538328035712     
  8.620000000000001E-003  0.999082051703713     
  8.640000000000000E-003  0.998138004351490     
  8.660000000000001E-003  0.996161058971865     
  8.680000000000000E-003  0.992024545187946     
  8.700000000000001E-003  0.983521950683331     
  8.720000000000000E-003  0.966680457574143     
  8.740000000000001E-003  0.935163379086569     
  8.760000000000000E-003  0.880457541859907     
  8.780000000000001E-003  0.793269947422450     
  8.800000000000001E-003  0.666371771973768     
  8.820000000000001E-003  0.498206404465669     
  8.840000000000001E-003  0.320991328339129     
  8.860000000000002E-003  0.197453765601166     
  8.880000000000001E-003  0.117595552798706     
  8.900000000000000E-003  6.793109574248468E-002
  8.920000000000001E-003  3.806514583517813E-002
  8.940000000000000E-003  2.067831284700450E-002
  8.960000000000001E-003  1.087852593559696E-002
  8.980000000000000E-003  5.534727031665388E-003
  9.000000000000001E-003  2.719540724580529E-003
  9.020000000000000E-003  1.289178262397106E-003
  9.040000000000001E-003  5.893448853801626E-004
  9.060000000000000E-003  2.599187735489172E-004
  9.080000000000001E-003  1.106819867840650E-004
  9.100000000000000E-003  4.553600207210068E-005
  9.120000000000001E-003  1.810956296879973E-005
  9.140000000000001E-003  6.965548036229962E-006
  9.160000000000001E-003  2.592410307345046E-006
  9.180000000000001E-003  9.340063854198695E-007
  9.200000000000002E-003  3.259009272081207E-007
  9.220000000000001E-003  1.101917585274985E-007
  9.240000000000000E-003  3.614512504078964E-008
  9.260000000000001E-003  1.154069077163248E-008
  9.280000000000000E-003  3.624730056760879E-009
  9.300000000000001E-003  1.158223478547171E-009
  9.320000000000000E-003  4.136762941185593E-010
  9.340000000000001E-003  1.958102242456357E-010
  9.360000000000000E-003  1.339379815416730E-010
  9.380000000000001E-003  1.168368580012085E-010
  9.400000000000000E-003  1.122050584002804E-010
  9.420000000000001E-003  1.109587498636789E-010
  9.440000000000000E-003  1.106127612576054E-010
  9.460000000000001E-003  1.105039259647041E-010
  9.480000000000001E-003  1.104586078793654E-010
  9.500000000000001E-003  1.104319030094555E-010
  9.520000000000001E-003  1.104121504879450E-010
  9.540000000000002E-003  1.103959562971778E-010
  9.560000000000001E-003  1.103817977268575E-010
  9.580000000000000E-003  1.103687185802624E-010
  9.600000000000001E-003  1.103560819974773E-010
  9.620000000000000E-003  1.103435167073482E-010
  9.640000000000001E-003  1.103306545171311E-010
  9.660000000000000E-003  1.103165272309060E-010
  9.680000000000001E-003  1.102992918625383E-010
  9.700000000000000E-003  1.102763519682600E-010
  9.720000000000001E-003  1.102443061254096E-010
  9.740000000000000E-003  1.101984330144503E-010
  9.760000000000001E-003  1.101327567798901E-010
  9.780000000000000E-003  1.100405984643996E-010
  9.800000000000001E-003  1.099158493423223E-010
  9.820000000000001E-003  1.097559895946764E-010
  9.840000000000002E-003  1.095763336161884E-010
  9.860000000000001E-003  1.094318738186185E-010
  9.880000000000002E-003  1.093251196119419E-010
  9.900000000000001E-003  1.092468006486085E-010
  9.920000000000000E-003  1.091890635296257E-010
  9.940000000000001E-003  1.091454595149483E-010
  9.960000000000000E-003  1.091111214784557E-010
  9.980000000000001E-003  1.090821008990587E-010
  1.000000000000000E-002  1.090558282077971E-010
  1.002000000000000E-002  1.090305675799819E-010
  1.004000000000000E-002  1.090052502634526E-010
  1.006000000000000E-002  1.089745584867596E-010
  1.008000000000000E-002  1.089238188638635E-010
  1.010000000000000E-002  1.087948937543786E-010
  1.012000000000000E-002  1.084002587687072E-010
  1.014000000000000E-002  1.071430827556738E-010
  1.016000000000000E-002  1.039688529815391E-010
  1.018000000000000E-002  1.010370001996931E-010
  1.020000000000000E-002  1.002044711656210E-010
  1.022000000000000E-002  1.000371442115975E-010
  1.024000000000000E-002  1.000066667859658E-010
  1.026000000000000E-002  1.000012001986339E-010
  1.028000000000000E-002  1.000002175419105E-010
  1.030000000000000E-002  1.000000397581263E-010
  1.032000000000000E-002  1.000000073323707E-010
  1.034000000000000E-002  1.000000013650687E-010
  1.036000000000000E-002  1.000000002565271E-010
  1.038000000000000E-002  1.000000000486392E-010
  1.040000000000000E-002  1.000000000092978E-010
  1.042000000000000E-002  1.000000000017901E-010
  1.044000000000000E-002  1.000000000003467E-010
  1.046000000000000E-002  1.000000000000675E-010
  1.048000000000000E-002  1.000000000000132E-010
  1.050000000000000E-002  1.000000000000026E-010
  1.052000000000000E-002  1.000000000000005E-010
  1.054000000000000E-002  1.000000000000001E-010
  1.056000000000000E-002  1.000000000000000E-010
  1.058000000000000E-002  1.000000000000000E-010
  1.060000000000000E-002  1.000000000000000E-010
  1.062000000000000E-002  1.000000000000000E-010
  1.064000000000000E-002  1.000000000000000E-010
  1.066000000000000E-002  1.000000000000000E-010
  1.068000000000000E-002  1.000000000000000E-010
  1.070000000000000E-002  1.000000000000000E-010
  1.072000000000000E-002  1.000000000000000E-010
  1.074000000000000E-002  1.000000000000000E-010
  1.076000000000000E-002  1.000000000000000E-010
  1.078000000000000E-002  1.000000000000000E-010
  1.080000000000000E-002  1.000000000000000E-010
  1.082000000000000E-002  1.000000000000000E-010
  1.084000000000000E-002  1.000000000000000E-010
  1.086000000000000E-002  1.000000000000000E-010
  1.088000000000000E-002  1.000000000000000E-010
  1.090000000000000E-002  1.000000000000000E-010
  1.092000000000000E-002  1.000000000000000E-010
  1.094000000000000E-002  1.000000000000000E-010
  1.096000000000000E-002  1.000000000000000E-010
  1.098000000000000E-002  1.000000000000000E-010
  1.100000000000000E-002  1.000000000000000E-010
  1.102000000000000E-002  1.000000000000000E-010
  1.104000000000000E-002  1.000000000000000E-010
  1.106000000000000E-002  1.000000000000000E-010
  1.108000000000000E-002  1.000000000000000E-010
  1.110000000000000E-002  1.000000000000000E-010
  1.112000000000000E-002  1.000000000000000E-010
  1.114000000000000E-002  1.000000000000000E-010
  1.116000000000000E-002  1.000000000000000E-010
  1.118000000000000E-002  1.000000000000000E-010
  1.120000000000000E-002  1.000000000000000E-010
  1.122000000000000E-002  1.000000000000000E-010
  1.124000000000000E-002  1.000000000000000E-010
  1.126000000000000E-002  1.000000000000000E-010
  1.128000000000000E-002  1.000000000000000E-010
  1.130000000000000E-002  1.000000000000000E-010
  1.132000000000000E-002  1.000000000000000E-010
  1.134000000000000E-002  1.000000000000000E-010
  1.136000000000000E-002  1.000000000000000E-010
  1.138000000000000E-002  1.000000000000000E-010
  1.140000000000000E-002  1.000000000000000E-010
  1.142000000000000E-002  1.000000000000000E-010
  1.144000000000000E-002  1.000000000000000E-010
  1.146000000000000E-002  1.000000000000000E-010
  1.148000000000000E-002  1.000000000000000E-010
  1.150000000000000E-002  1.000000000000000E-010
  1.152000000000000E-002  1.000000000000000E-010
  1.154000000000000E-002  1.000000000000000E-010
  1.156000000000000E-002  1.000000000000000E-010
  1.158000000000000E-002  1.000000000000000E-010
  1.160000000000000E-002  1.000000000000000E-010
  1.162000000000000E-002  1.000000000000000E-010
  1.164000000000000E-002  1.000000000000000E-010
  1.166000000000000E-002  1.000000000000000E-010
  1.168000000000000E-002  1.000000000000000E-010
  1.170000000000000E-002  1.000000000000000E-010
  1.172000000000000E-002  1.000000000000000E-010
  1.174000000000000E-002  1.000000000000000E-010
  1.176000000000000E-002  1.000000000000000E-010
  1.178000000000000E-002  1.000000000000000E-010
  1.180000000000000E-002  1.000000000000000E-010
  1.182000000000000E-002  1.000000000000000E-010
  1.184000000000000E-002  1.000000000000000E-010
  1.186000000000000E-002  1.000000000000000E-010
  1.188000000000000E-002  1.000000000000000E-010
  1.190000000000000E-002  1.000000000000000E-010
  1.192000000000000E-002  1.000000000000000E-010
  1.194000000000000E-002  1.000000000000000E-010
  1.196000000000000E-002  1.000000000000000E-010
  1.198000000000000E-002  1.000000000000000E-010
  1.200000000000000E-002  1.000000000000000E-010
  1.202000000000000E-002  1.000000000000000E-010
  1.204000000000000E-002  1.000000000000000E-010
  1.206000000000000E-002  1.000000000000000E-010
  1.208000000000000E-002  1.000000000000000E-010
  1.210000000000000E-002  1.000000000000000E-010
  1.212000000000000E-002  1.000000000000000E-010
  1.214000000000000E-002  1.000000000000000E-010
  1.216000000000000E-002  1.000000000000000E-010
  1.218000000000000E-002  1.000000000000000E-010
  1.220000000000000E-002  1.000000000000000E-010
  1.222000000000000E-002  1.000000000000000E-010
  1.224000000000000E-002  1.000000000000000E-010
  1.226000000000000E-002  1.000000000000000E-010
  1.228000000000000E-002  1.000000000000000E-010
  1.230000000000000E-002  1.000000000000000E-010
  1.232000000000000E-002  1.000000000000000E-010
  1.234000000000000E-002  1.000000000000000E-010
  1.236000000000000E-002  1.000000000000000E-010
  1.238000000000000E-002  1.000000000000000E-010
  1.240000000000000E-002  1.000000000000000E-010
  1.242000000000000E-002  1.000000000000000E-010
  1.244000000000000E-002  1.000000000000000E-010
  1.246000000000000E-002  1.000000000000000E-010
  1.248000000000000E-002  1.000000000000000E-010
  1.250000000000000E-002  1.000000000000000E-010
  1.252000000000000E-002  1.000000000000000E-010
  1.254000000000000E-002  1.000000000000000E-010
  1.256000000000000E-002  1.000000000000000E-010
  1.258000000000000E-002  1.000000000000000E-010
  1.260000000000000E-002  1.000000000000000E-010
  1.262000000000000E-002  1.000000000000000E-010
  1.264000000000000E-002  1.000000000000000E-010
  1.266000000000000E-002  1.000000000000000E-010
  1.268000000000000E-002  1.000000000000000E-010
  1.270000000000000E-002  1.000000000000000E-010
  1.272000000000000E-002  1.000000000000000E-010
  1.274000000000000E-002  1.000000000000000E-010
  1.276000000000000E-002  1.000000000000000E-010
  1.278000000000000E-002  1.000000000000000E-010
  1.280000000000000E-002  1.000000000000000E-010
  1.282000000000000E-002  1.000000000000000E-010
  1.284000000000000E-002  1.000000000000000E-010
  1.286000000000000E-002  1.000000000000000E-010
  1.288000000000000E-002  1.000000000000000E-010
  1.290000000000000E-002  1.000000000000000E-010
  1.292000000000000E-002  1.000000000000000E-010
  1.294000000000000E-002  1.000000000000000E-010
  1.296000000000000E-002  1.000000000000000E-010
  1.298000000000000E-002  1.000000000000000E-010
  1.300000000000000E-002  1.000000000000000E-010
  1.302000000000000E-002  1.000000000000000E-010
  1.304000000000000E-002  1.000000000000000E-010
  1.306000000000000E-002  1.000000000000000E-010
  1.308000000000000E-002  1.000000000000000E-010
  1.310000000000000E-002  1.000000000000000E-010
  1.312000000000000E-002  1.000000000000000E-010
  1.314000000000000E-002  1.000000000000000E-010
  1.316000000000000E-002  1.000000000000000E-010
  1.318000000000000E-002  1.000000000000000E-010
  1.320000000000000E-002  1.000000000000000E-010
  1.322000000000000E-002  1.000000000000000E-010
  1.324000000000000E-002  1.000000000000000E-010
  1.326000000000000E-002  1.000000000000000E-010
  1.328000000000000E-002  1.000000000000000E-010
  1.330000000000000E-002  1.000000000000000E-010
  1.332000000000000E-002  1.000000000000000E-010
  1.334000000000000E-002  1.000000000000000E-010
  1.336000000000000E-002  1.000000000000000E-010
  1.338000000000000E-002  1.000000000000000E-010
  1.340000000000000E-002  1.000000000000000E-010
  1.342000000000000E-002  1.000000000000000E-010
  1.344000000000000E-002  1.000000000000000E-010
  1.346000000000000E-002  1.000000000000000E-010
  1.348000000000000E-002  1.000000000000000E-010
  1.350000000000000E-002  1.000000000000000E-010
  1.352000000000000E-002  1.000000000000000E-010
  1.354000000000000E-002  1.000000000000000E-010
  1.356000000000000E-002  1.000000000000000E-010
  1.358000000000000E-002  1.000000000000000E-010
  1.360000000000000E-002  1.000000000000000E-010
  1.362000000000000E-002  1.000000000000000E-010
  1.364000000000000E-002  1.000000000000000E-010
  1.366000000000000E-002  1.000000000000000E-010
  1.368000000000000E-002  1.000000000000000E-010
  1.370000000000000E-002  1.000000000000000E-010
  1.372000000000000E-002  1.000000000000000E-010
  1.374000000000000E-002  1.000000000000000E-010
  1.376000000000000E-002  1.000000000000000E-010
  1.378000000000000E-002  1.000000000000000E-010
  1.380000000000000E-002  1.000000000000000E-010
  1.382000000000000E-002  1.000000000000000E-010
  1.384000000000000E-002  1.000000000000000E-010
  1.386000000000000E-002  1.000000000000000E-010
  1.388000000000000E-002  1.000000000000000E-010
  1.390000000000000E-002  1.000000000000000E-010
  1.392000000000000E-002  1.000000000000000E-010
  1.394000000000000E-002  1.000000000000000E-010
  1.396000000000000E-002  1.000000000000000E-010
  1.398000000000000E-002  1.000000000000000E-010
  1.400000000000000E-002  1.000000000000000E-010
  1.402000000000000E-002  1.000000000000000E-010
  1.404000000000000E-002  1.000000000000000E-010
  1.406000000000000E-002  1.000000000000000E-010
  1.408000000000000E-002  1.000000000000000E-010
  1.410000000000000E-002  1.000000000000000E-010
  1.412000000000000E-002  1.000000000000000E-010
  1.414000000000000E-002  1.000000000000000E-010
  1.416000000000000E-002  1.000000000000000E-010
  1.418000000000000E-002  1.000000000000000E-010
  1.420000000000000E-002  1.000000000000000E-010
  1.422000000000000E-002  1.000000000000000E-010
  1.424000000000000E-002  1.000000000000000E-010
  1.426000000000000E-002  1.000000000000000E-010
  1.428000000000000E-002  1.000000000000000E-010
  1.430000000000000E-002  1.000000000000000E-010
  1.432000000000000E-002  1.000000000000000E-010
  1.434000000000000E-002  1.000000000000000E-010
  1.436000000000000E-002  1.000000000000000E-010
  1.438000000000000E-002  1.000000000000000E-010
  1.440000000000000E-002  1.000000000000000E-010
  1.442000000000000E-002  1.000000000000000E-010
  1.444000000000000E-002  1.000000000000000E-010
  1.446000000000000E-002  1.000000000000000E-010
  1.448000000000000E-002  1.000000000000000E-010
  1.450000000000000E-002  1.000000000000000E-010
  1.452000000000000E-002  1.000000000000000E-010
  1.454000000000000E-002  1.000000000000000E-010
  1.456000000000000E-002  1.000000000000000E-010
  1.458000000000000E-002  1.000000000000000E-010
  1.460000000000000E-002  1.000000000000000E-010
  1.462000000000000E-002  1.000000000000000E-010
  1.464000000000000E-002  1.000000000000000E-010
  1.466000000000000E-002  1.000000000000000E-010
  1.468000000000000E-002  1.000000000000000E-010
  1.470000000000000E-002  1.000000000000000E-010
  1.472000000000000E-002  1.000000000000000E-010
  1.474000000000000E-002  1.000000000000000E-010
  1.476000000000000E-002  1.000000000000000E-010
  1.478000000000000E-002  1.000000000000000E-010
  1.480000000000000E-002  1.000000000000000E-010
  1.482000000000000E-002  1.000000000000000E-010
  1.484000000000000E-002  1.000000000000000E-010
  1.486000000000000E-002  1.000000000000000E-010
  1.488000000000000E-002  1.000000000000000E-010
  1.490000000000000E-002  1.000000000000000E-010
  1.492000000000000E-002  1.000000000000000E-010
  1.494000000000000E-002  1.000000000000000E-010
  1.496000000000000E-002  1.000000000000000E-010
  1.498000000000000E-002  1.000000000000000E-010
  1.500000000000000E-002  1.000000000000000E-010
  1.502000000000000E-002  1.000000000000000E-010
  1.504000000000000E-002  1.000000000000000E-010
  1.506000000000000E-002  1.000000000000000E-010
  1.508000000000000E-002  1.000000000000000E-010
  1.510000000000000E-002  1.000000000000000E-010
  1.512000000000000E-002  1.000000000000000E-010
  1.514000000000000E-002  1.000000000000000E-010
  1.516000000000000E-002  1.000000000000000E-010
  1.518000000000000E-002  1.000000000000000E-010
  1.520000000000000E-002  1.000000000000000E-010
  1.522000000000000E-002  1.000000000000000E-010
  1.524000000000000E-002  1.000000000000000E-010
  1.526000000000000E-002  1.000000000000000E-010
  1.528000000000000E-002  1.000000000000000E-010
  1.530000000000000E-002  1.000000000000000E-010
  1.532000000000000E-002  1.000000000000000E-010
  1.534000000000000E-002  1.000000000000000E-010
  1.536000000000000E-002  1.000000000000000E-010
  1.538000000000000E-002  1.000000000000000E-010
  1.540000000000000E-002  1.000000000000000E-010
  1.542000000000000E-002  1.000000000000000E-010
  1.544000000000000E-002  1.000000000000000E-010
  1.546000000000000E-002  1.000000000000000E-010
  1.548000000000000E-002  1.000000000000000E-010
  1.550000000000000E-002  1.000000000000000E-010
  1.552000000000000E-002  1.000000000000000E-010
  1.554000000000000E-002  1.000000000000000E-010
  1.556000000000000E-002  1.000000000000000E-010
  1.558000000000000E-002  1.000000000000000E-010
  1.560000000000000E-002  1.000000000000000E-010
  1.562000000000000E-002  1.000000000000000E-010
  1.564000000000000E-002  1.000000000000000E-010
  1.566000000000000E-002  1.000000000000000E-010
  1.568000000000000E-002  1.000000000000000E-010
  1.570000000000000E-002  1.000000000000000E-010
  1.572000000000000E-002  1.000000000000000E-010
  1.574000000000000E-002  1.000000000000000E-010
  1.576000000000000E-002  1.000000000000000E-010
  1.578000000000000E-002  1.000000000000000E-010
  1.580000000000000E-002  1.000000000000000E-010
  1.582000000000000E-002  1.000000000000000E-010
  1.584000000000000E-002  1.000000000000000E-010
  1.586000000000000E-002  1.000000000000000E-010
  1.588000000000000E-002  1.000000000000000E-010
  1.590000000000000E-002  1.000000000000000E-010
  1.592000000000000E-002  1.000000000000000E-010
  1.594000000000000E-002  1.000000000000000E-010
  1.596000000000000E-002  1.000000000000000E-010
  1.598000000000000E-002  1.000000000000000E-010
  1.600000000000000E-002  1.000000000000000E-010
  1.602000000000000E-002  1.000000000000000E-010
  1.604000000000000E-002  1.000000000000000E-010
  1.606000000000000E-002  1.000000000000000E-010
  1.608000000000000E-002  1.000000000000000E-010
  1.610000000000000E-002  1.000000000000000E-010
  1.612000000000000E-002  1.000000000000000E-010
  1.614000000000000E-002  1.000000000000000E-010
  1.616000000000000E-002  1.000000000000000E-010
  1.618000000000000E-002  1.000000000000000E-010
  1.620000000000000E-002  1.000000000000000E-010
  1.622000000000000E-002  1.000000000000000E-010
  1.624000000000000E-002  1.000000000000000E-010
  1.626000000000000E-002  1.000000000000000E-010
  1.628000000000000E-002  1.000000000000000E-010
  1.630000000000000E-002  1.000000000000000E-010
  1.632000000000000E-002  1.000000000000000E-010
  1.634000000000000E-002  1.000000000000000E-010
  1.636000000000000E-002  1.000000000000000E-010
  1.638000000000000E-002  1.000000000000000E-010
  1.640000000000000E-002  1.000000000000000E-010
  1.642000000000000E-002  1.000000000000000E-010
  1.644000000000000E-002  1.000000000000000E-010
  1.646000000000000E-002  1.000000000000000E-010
  1.648000000000000E-002  1.000000000000000E-010
  1.650000000000000E-002  1.000000000000000E-010
  1.652000000000000E-002  1.000000000000000E-010
  1.654000000000000E-002  1.000000000000000E-010
  1.656000000000000E-002  1.000000000000000E-010
  1.658000000000000E-002  1.000000000000000E-010
  1.660000000000000E-002  1.000000000000000E-010
  1.662000000000000E-002  1.000000000000000E-010
  1.664000000000000E-002  1.000000000000000E-010
  1.666000000000000E-002  1.000000000000000E-010
  1.668000000000000E-002  1.000000000000000E-010
  1.670000000000000E-002  1.000000000000000E-010
  1.672000000000000E-002  1.000000000000000E-010
  1.674000000000000E-002  1.000000000000000E-010
  1.676000000000000E-002  1.000000000000000E-010
  1.678000000000000E-002  1.000000000000000E-010
  1.680000000000000E-002  1.000000000000000E-010
  1.682000000000000E-002  1.000000000000000E-010
  1.684000000000000E-002  1.000000000000000E-010
  1.686000000000000E-002  1.000000000000000E-010
  1.688000000000000E-002  1.000000000000000E-010
  1.690000000000000E-002  1.000000000000000E-010
  1.692000000000000E-002  1.000000000000000E-010
  1.694000000000000E-002  1.000000000000000E-010
  1.696000000000000E-002  1.000000000000000E-010
  1.698000000000000E-002  1.000000000000000E-010
  1.700000000000000E-002  1.000000000000000E-010
  1.702000000000000E-002  1.000000000000000E-010
  1.704000000000000E-002  1.000000000000000E-010
  1.706000000000000E-002  1.000000000000000E-010
  1.708000000000000E-002  1.000000000000000E-010
  1.710000000000000E-002  1.000000000000000E-010
  1.712000000000000E-002  1.000000000000000E-010
  1.714000000000000E-002  1.000000000000000E-010
  1.716000000000000E-002  1.000000000000000E-010
  1.718000000000000E-002  1.000000000000000E-010
  1.720000000000000E-002  1.000000000000000E-010
  1.722000000000000E-002  1.000000000000000E-010
  1.724000000000000E-002  1.000000000000000E-010
  1.726000000000000E-002  1.000000000000000E-010
  1.728000000000000E-002  1.000000000000000E-010
  1.730000000000000E-002  1.000000000000000E-010
  1.732000000000000E-002  1.000000000000000E-010
  1.734000000000000E-002  1.000000000000000E-010
  1.736000000000000E-002  1.000000000000000E-010
  1.738000000000000E-002  1.000000000000000E-010
  1.740000000000000E-002  1.000000000000000E-010
  1.742000000000000E-002  1.000000000000000E-010
  1.744000000000000E-002  1.000000000000000E-010
  1.746000000000000E-002  1.000000000000000E-010
  1.748000000000000E-002  1.000000000000000E-010
  1.750000000000000E-002  1.000000000000000E-010
  1.752000000000000E-002  1.000000000000000E-010
  1.754000000000000E-002  1.000000000000000E-010
  1.756000000000000E-002  1.000000000000000E-010
  1.758000000000000E-002  1.000000000000000E-010
  1.760000000000000E-002  1.000000000000000E-010
  1.762000000000000E-002  1.000000000000000E-010
  1.764000000000000E-002  1.000000000000000E-010
  1.766000000000000E-002  1.000000000000000E-010
  1.768000000000000E-002  1.000000000000000E-010
  1.770000000000000E-002  1.000000000000000E-010
  1.772000000000000E-002  1.000000000000000E-010
  1.774000000000000E-002  1.000000000000000E-010
  1.776000000000000E-002  1.000000000000000E-010
  1.778000000000000E-002  1.000000000000000E-010
  1.780000000000000E-002  1.000000000000000E-010
  1.782000000000000E-002  1.000000000000000E-010
  1.784000000000000E-002  1.000000000000000E-010
  1.786000000000000E-002  1.000000000000000E-010
  1.788000000000000E-002  1.000000000000000E-010
  1.790000000000000E-002  1.000000000000000E-010
  1.792000000000000E-002  1.000000000000000E-010
  1.794000000000000E-002  1.000000000000000E-010
  1.796000000000000E-002  1.000000000000000E-010
  1.798000000000000E-002  1.000000000000000E-010
  1.800000000000000E-002  1.000000000000000E-010
  1.802000000000000E-002  1.000000000000000E-010
  1.804000000000000E-002  1.000000000000000E-010
  1.806000000000000E-002  1.000000000000000E-010
  1.808000000000000E-002  1.000000000000000E-010
  1.810000000000000E-002  1.000000000000000E-010
  1.812000000000000E-002  1.000000000000000E-010
  1.814000000000000E-002  1.000000000000000E-010
  1.816000000000000E-002  1.000000000000000E-010
  1.818000000000000E-002  1.000000000000000E-010
  1.820000000000000E-002  1.000000000000000E-010
  1.822000000000000E-002  1.000000000000000E-010
  1.824000000000000E-002  1.000000000000000E-010
  1.826000000000000E-002  1.000000000000000E-010
  1.828000000000000E-002  1.000000000000000E-010
  1.830000000000000E-002  1.000000000000000E-010
  1.832000000000000E-002  1.000000000000000E-010
  1.834000000000000E-002  1.000000000000000E-010
  1.836000000000000E-002  1.000000000000000E-010
  1.838000000000000E-002  1.000000000000000E-010
  1.840000000000000E-002  1.000000000000000E-010
  1.842000000000000E-002  1.000000000000000E-010
  1.844000000000000E-002  1.000000000000000E-010
  1.846000000000000E-002  1.000000000000000E-010
  1.848000000000000E-002  1.000000000000000E-010
  1.850000000000000E-002  1.000000000000000E-010
  1.852000000000000E-002  1.000000000000000E-010
  1.854000000000000E-002  1.000000000000000E-010
  1.856000000000000E-002  1.000000000000000E-010
  1.858000000000000E-002  1.000000000000000E-010
  1.860000000000000E-002  1.000000000000000E-010
  1.862000000000000E-002  1.000000000000000E-010
  1.864000000000000E-002  1.000000000000000E-010
  1.866000000000000E-002  1.000000000000000E-010
  1.868000000000000E-002  1.000000000000000E-010
  1.870000000000000E-002  1.000000000000000E-010
  1.872000000000000E-002  1.000000000000000E-010
  1.874000000000000E-002  1.000000000000000E-010
  1.876000000000000E-002  1.000000000000000E-010
  1.878000000000000E-002  1.000000000000000E-010
  1.880000000000000E-002  1.000000000000000E-010
  1.882000000000000E-002  1.000000000000000E-010
  1.884000000000000E-002  1.000000000000000E-010
  1.886000000000000E-002  1.000000000000000E-010
  1.888000000000000E-002  1.000000000000000E-010
  1.890000000000000E-002  1.000000000000000E-010
  1.892000000000000E-002  1.000000000000000E-010
  1.894000000000000E-002  1.000000000000000E-010
  1.896000000000000E-002  1.000000000000000E-010
  1.898000000000000E-002  1.000000000000000E-010
  1.900000000000000E-002  1.000000000000000E-010
  1.902000000000000E-002  1.000000000000000E-010
  1.904000000000000E-002  1.000000000000000E-010
  1.906000000000000E-002  1.000000000000000E-010
  1.908000000000000E-002  1.000000000000000E-010
  1.910000000000000E-002  1.000000000000000E-010
  1.912000000000000E-002  1.000000000000000E-010
  1.914000000000000E-002  1.000000000000000E-010
  1.916000000000000E-002  1.000000000000000E-010
  1.918000000000000E-002  1.000000000000000E-010
  1.920000000000000E-002  1.000000000000000E-010
  1.922000000000000E-002  1.000000000000000E-010
  1.924000000000000E-002  1.000000000000000E-010
  1.926000000000000E-002  1.000000000000000E-010
  1.928000000000000E-002  1.000000000000000E-010
  1.930000000000000E-002  1.000000000000000E-010
  1.932000000000000E-002  1.000000000000000E-010
  1.934000000000000E-002  1.000000000000000E-010
  1.936000000000000E-002  1.000000000000000E-010
  1.938000000000000E-002  1.000000000000000E-010
  1.940000000000000E-002  1.000000000000000E-010
  1.942000000000000E-002  1.000000000000000E-010
  1.944000000000000E-002  1.000000000000000E-010
  1.946000000000000E-002  1.000000000000000E-010
  1.948000000000000E-002  1.000000000000000E-010
  1.950000000000000E-002  1.000000000000000E-010
  1.952000000000000E-002  1.000000000000000E-010
  1.954000000000000E-002  1.000000000000000E-010
  1.956000000000000E-002  1.000000000000000E-010
  1.958000000000000E-002  1.000000000000000E-010
  1.960000000000000E-002  1.000000000000000E-010
  1.962000000000000E-002  1.000000000000000E-010
  1.964000000000000E-002  1.000000000000000E-010
  1.966000000000000E-002  1.000000000000000E-010
  1.968000000000000E-002  1.000000000000000E-010
  1.970000000000000E-002  1.000000000000000E-010
  1.972000000000000E-002  1.000000000000000E-010
  1.974000000000000E-002  1.000000000000000E-010
  1.976000000000000E-002  1.000000000000000E-010
  1.978000000000000E-002  1.000000000000000E-010
  1.980000000000000E-002  1.000000000000000E-010
  1.982000000000000E-002  1.000000000000000E-010
  1.984000000000000E-002  1.000000000000000E-010
  1.986000000000000E-002  1.000000000000000E-010
  1.988000000000000E-002  1.000000000000000E-010
  1.990000000000000E-002  1.000000000000000E-010
  1.992000000000000E-002  1.000000000000000E-010
  1.994000000000000E-002  1.000000000000000E-010
  1.996000000000000E-002  1.000000000000000E-010
  1.998000000000000E-002  1.000000000000000E-010
  2.000000000000000E-002  1.000000000000000E-010
  2.002000000000000E-002  1.000000000000000E-010
  2.004000000000000E-002  1.000000000000000E-010
  2.006000000000000E-002  1.000000000000000E-010
  2.008000000000000E-002  1.000000000000000E-010
  2.010000000000000E-002  1.000000000000000E-010
  2.012000000000000E-002  1.000000000000000E-010
  2.014000000000000E-002  1.000000000000000E-010
  2.016000000000000E-002  1.000000000000000E-010
  2.018000000000000E-002  1.000000000000000E-010
  2.020000000000000E-002  1.000000000000000E-010
  2.022000000000000E-002  1.000000000000000E-010
  2.024000000000000E-002  1.000000000000000E-010
  2.026000000000000E-002  1.000000000000000E-010
  2.028000000000000E-002  1.000000000000000E-010
  2.030000000000000E-002  1.000000000000000E-010
  2.032000000000000E-002  1.000000000000000E-010
  2.034000000000000E-002  1.000000000000000E-010
  2.036000000000000E-002  1.000000000000000E-010
  2.038000000000000E-002  1.000000000000000E-010
  2.040000000000000E-002  1.000000000000000E-010
  2.042000000000000E-002  1.000000000000000E-010
  2.044000000000000E-002  1.000000000000000E-010
  2.046000000000000E-002  1.000000000000000E-010
  2.048000000000000E-002  1.000000000000000E-010
  2.050000000000000E-002  1.000000000000000E-010
  2.052000000000000E-002  1.000000000000000E-010
  2.054000000000000E-002  1.000000000000000E-010
  2.056000000000000E-002  1.000000000000000E-010
  2.058000000000000E-002  1.000000000000000E-010
  2.060000000000000E-002  1.000000000000000E-010
  2.062000000000000E-002  1.000000000000000E-010
  2.064000000000000E-002  1.000000000000000E-010
  2.066000000000000E-002  1.000000000000000E-010
  2.068000000000000E-002  1.000000000000000E-010
  2.070000000000000E-002  1.000000000000000E-010
  2.072000000000000E-002  1.000000000000000E-010
  2.074000000000000E-002  1.000000000000000E-010
  2.076000000000000E-002  1.000000000000000E-010
  2.078000000000000E-002  1.000000000000000E-010
  2.080000000000000E-002  1.000000000000000E-010
  2.082000000000000E-002  1.000000000000000E-010
  2.084000000000000E-002  1.000000000000000E-010
  2.086000000000000E-002  1.000000000000000E-010
  2.088000000000000E-002  1.000000000000000E-010
  2.090000000000000E-002  1.000000000000000E-010
  2.092000000000000E-002  1.000000000000000E-010
  2.094000000000000E-002  1.000000000000000E-010
  2.096000000000000E-002  1.000000000000000E-010
  2.098000000000000E-002  1.000000000000000E-010
  2.100000000000000E-002  1.000000000000000E-010
  2.102000000000000E-002  1.000000000000000E-010
  2.104000000000000E-002  1.000000000000000E-010
  2.106000000000000E-002  1.000000000000000E-010
  2.108000000000000E-002  1.000000000000000E-010
  2.110000000000000E-002  1.000000000000000E-010
  2.112000000000000E-002  1.000000000000000E-010
  2.114000000000000E-002  1.000000000000000E-010
  2.116000000000000E-002  1.000000000000000E-010
  2.118000000000000E-002  1.000000000000000E-010
  2.120000000000000E-002  1.000000000000000E-010
  2.122000000000000E-002  1.000000000000000E-010
  2.124000000000000E-002  1.000000000000000E-010
  2.126000000000000E-002  1.000000000000000E-010
  2.128000000000000E-002  1.000000000000000E-010
  2.130000000000000E-002  1.000000000000000E-010
  2.132000000000000E-002  1.000000000000000E-010
  2.134000000000000E-002  1.000000000000000E-010
  2.136000000000000E-002  1.000000000000000E-010
  2.138000000000000E-002  1.000000000000000E-010
  2.140000000000000E-002  1.000000000000000E-010
  2.142000000000000E-002  1.000000000000000E-010
  2.144000000000000E-002  1.000000000000000E-010
  2.146000000000000E-002  1.000000000000000E-010
  2.148000000000000E-002  1.000000000000000E-010
  2.150000000000000E-002  1.000000000000000E-010
  2.152000000000000E-002  1.000000000000000E-010
  2.154000000000000E-002  1.000000000000000E-010
  2.156000000000000E-002  1.000000000000000E-010
  2.158000000000000E-002  1.000000000000000E-010
  2.160000000000000E-002  1.000000000000000E-010
  2.162000000000000E-002  1.000000000000000E-010
  2.164000000000000E-002  1.000000000000000E-010
  2.166000000000000E-002  1.000000000000000E-010
  2.168000000000000E-002  1.000000000000000E-010
  2.170000000000000E-002  1.000000000000000E-010
  2.172000000000000E-002  1.000000000000000E-010
  2.174000000000000E-002  1.000000000000000E-010
  2.176000000000000E-002  1.000000000000000E-010
  2.178000000000000E-002  1.000000000000000E-010
  2.180000000000000E-002  1.000000000000000E-010
  2.182000000000000E-002  1.000000000000000E-010
  2.184000000000000E-002  1.000000000000000E-010
  2.186000000000000E-002  1.000000000000000E-010
  2.188000000000000E-002  1.000000000000000E-010
  2.190000000000000E-002  1.000000000000000E-010
  2.192000000000000E-002  1.000000000000000E-010
  2.194000000000000E-002  1.000000000000000E-010
  2.196000000000000E-002  1.000000000000000E-010
  2.198000000000000E-002  1.000000000000000E-010
  2.200000000000000E-002  1.000000000000000E-010
  2.202000000000000E-002  1.000000000000000E-010
  2.204000000000000E-002  1.000000000000000E-010
  2.206000000000000E-002  1.000000000000000E-010
  2.208000000000000E-002  1.000000000000000E-010
  2.210000000000000E-002  1.000000000000000E-010
  2.212000000000000E-002  1.000000000000000E-010
  2.214000000000000E-002  1.000000000000000E-010
  2.216000000000000E-002  1.000000000000000E-010
  2.218000000000000E-002  1.000000000000000E-010
  2.220000000000000E-002  1.000000000000000E-010
  2.222000000000000E-002  1.000000000000000E-010
  2.224000000000000E-002  1.000000000000000E-010
  2.226000000000000E-002  1.000000000000000E-010
  2.228000000000000E-002  1.000000000000000E-010
  2.230000000000000E-002  1.000000000000000E-010
  2.232000000000000E-002  1.000000000000000E-010
  2.234000000000000E-002  1.000000000000000E-010
  2.236000000000000E-002  1.000000000000000E-010
  2.238000000000000E-002  1.000000000000000E-010
  2.240000000000000E-002  1.000000000000000E-010
  2.242000000000000E-002  1.000000000000000E-010
  2.244000000000000E-002  1.000000000000000E-010
  2.246000000000000E-002  1.000000000000000E-010
  2.248000000000000E-002  1.000000000000000E-010
  2.250000000000000E-002  1.000000000000000E-010
  2.252000000000000E-002  1.000000000000000E-010
  2.254000000000000E-002  1.000000000000000E-010
  2.256000000000000E-002  1.000000000000000E-010
  2.258000000000000E-002  1.000000000000000E-010
  2.260000000000000E-002  1.000000000000000E-010
  2.262000000000000E-002  1.000000000000000E-010
  2.264000000000000E-002  1.000000000000000E-010
  2.266000000000000E-002  1.000000000000000E-010
  2.268000000000000E-002  1.000000000000000E-010
  2.270000000000000E-002  1.000000000000000E-010
  2.272000000000000E-002  1.000000000000000E-010
  2.274000000000000E-002  1.000000000000000E-010
  2.276000000000000E-002  1.000000000000000E-010
  2.278000000000000E-002  1.000000000000000E-010
  2.280000000000000E-002  1.000000000000000E-010
  2.282000000000000E-002  1.000000000000000E-010
  2.284000000000000E-002  1.000000000000000E-010
  2.286000000000000E-002  1.000000000000000E-010
  2.288000000000000E-002  1.000000000000000E-010
  2.290000000000000E-002  1.000000000000000E-010
  2.292000000000000E-002  1.000000000000000E-010
  2.294000000000000E-002  1.000000000000000E-010
  2.296000000000000E-002  1.000000000000000E-010
  2.298000000000000E-002  1.000000000000000E-010
  2.300000000000000E-002  1.000000000000000E-010
  2.302000000000000E-002  1.000000000000000E-010
  2.304000000000000E-002  1.000000000000000E-010
  2.306000000000000E-002  1.000000000000000E-010
  2.308000000000000E-002  1.000000000000000E-010
  2.310000000000000E-002  1.000000000000000E-010
  2.312000000000000E-002  1.000000000000000E-010
  2.314000000000000E-002  1.000000000000000E-010
  2.316000000000000E-002  1.000000000000000E-010
  2.318000000000000E-002  1.000000000000000E-010
  2.320000000000000E-002  1.000000000000000E-010
  2.322000000000000E-002  1.000000000000000E-010
  2.324000000000000E-002  1.000000000000000E-010
  2.326000000000000E-002  1.000000000000000E-010
  2.328000000000000E-002  1.000000000000000E-010
  2.330000000000000E-002  1.000000000000000E-010
  2.332000000000000E-002  1.000000000000000E-010
  2.334000000000000E-002  1.000000000000000E-010
  2.336000000000000E-002  1.000000000000000E-010
  2.338000000000000E-002  1.000000000000000E-010
  2.340000000000000E-002  1.000000000000000E-010
  2.342000000000000E-002  1.000000000000000E-010
  2.344000000000000E-002  1.000000000000000E-010
  2.346000000000000E-002  1.000000000000000E-010
  2.348000000000000E-002  1.000000000000000E-010
  2.350000000000000E-002  1.000000000000000E-010
  2.352000000000000E-002  1.000000000000000E-010
  2.354000000000000E-002  1.000000000000000E-010
  2.356000000000000E-002  1.000000000000000E-010
  2.358000000000000E-002  1.000000000000000E-010
  2.360000000000000E-002  1.000000000000000E-010
  2.362000000000000E-002  1.000000000000000E-010
  2.364000000000000E-002  1.000000000000000E-010
  2.366000000000000E-002  1.000000000000000E-010
  2.368000000000000E-002  1.000000000000000E-010
  2.370000000000000E-002  1.000000000000000E-010
  2.372000000000000E-002  1.000000000000000E-010
  2.374000000000000E-002  1.000000000000000E-010
  2.376000000000000E-002  1.000000000000000E-010
  2.378000000000000E-002  1.000000000000000E-010
  2.380000000000000E-002  1.000000000000000E-010
  2.382000000000000E-002  1.000000000000000E-010
  2.384000000000000E-002  1.000000000000000E-010
  2.386000000000000E-002  1.000000000000000E-010
  2.388000000000000E-002  1.000000000000000E-010
  2.390000000000000E-002  1.000000000000000E-010
  2.392000000000000E-002  1.000000000000000E-010
  2.394000000000000E-002  1.000000000000000E-010
  2.396000000000000E-002  1.000000000000000E-010
  2.398000000000000E-002  1.000000000000000E-010
  2.400000000000000E-002  1.000000000000000E-010
  2.402000000000000E-002  1.000000000000000E-010
  2.404000000000000E-002  1.000000000000000E-010
  2.406000000000000E-002  1.000000000000000E-010
  2.408000000000000E-002  1.000000000000000E-010
  2.410000000000000E-002  1.000000000000000E-010
  2.412000000000000E-002  1.000000000000000E-010
  2.414000000000000E-002  1.000000000000000E-010
  2.416000000000000E-002  1.000000000000000E-010
  2.418000000000000E-002  1.000000000000000E-010
  2.420000000000000E-002  1.000000000000000E-010
  2.422000000000000E-002  1.000000000000000E-010
  2.424000000000000E-002  1.000000000000000E-010
  2.426000000000000E-002  1.000000000000000E-010
  2.428000000000000E-002  1.000000000000000E-010
  2.430000000000000E-002  1.000000000000000E-010
  2.432000000000000E-002  1.000000000000000E-010
  2.434000000000000E-002  1.000000000000000E-010
  2.436000000000000E-002  1.000000000000000E-010
  2.438000000000000E-002  1.000000000000000E-010
  2.440000000000000E-002  1.000000000000000E-010
  2.442000000000000E-002  1.000000000000000E-010
  2.444000000000000E-002  1.000000000000000E-010
  2.446000000000000E-002  1.000000000000000E-010
  2.448000000000000E-002  1.000000000000000E-010
  2.450000000000000E-002  1.000000000000000E-010
  2.452000000000000E-002  1.000000000000000E-010
  2.454000000000000E-002  1.000000000000000E-010
  2.456000000000000E-002  1.000000000000000E-010
  2.458000000000000E-002  1.000000000000000E-010
  2.460000000000000E-002  1.000000000000000E-010
  2.462000000000000E-002  1.000000000000000E-010
  2.464000000000000E-002  1.000000000000000E-010
  2.466000000000000E-002  1.000000000000000E-010
  2.468000000000000E-002  1.000000000000000E-010
  2.470000000000000E-002  1.000000000000000E-010
  2.472000000000000E-002  1.000000000000000E-010
  2.474000000000000E-002  1.000000000000000E-010
  2.476000000000000E-002  1.000000000000000E-010
  2.478000000000000E-002  1.000000000000000E-010
  2.480000000000000E-002  1.000000000000000E-010
  2.482000000000000E-002  1.000000000000000E-010
  2.484000000000000E-002  1.000000000000000E-010
  2.486000000000000E-002  1.000000000000000E-010
  2.488000000000000E-002  1.000000000000000E-010
  2.490000000000000E-002  1.000000000000000E-010
  2.492000000000000E-002  1.000000000000000E-010
  2.494000000000000E-002  1.000000000000000E-010
  2.496000000000000E-002  1.000000000000000E-010
  2.498000000000000E-002  1.000000000000000E-010
  2.500000000000000E-002  1.000000000000000E-010
  2.502000000000000E-002  1.000000000000000E-010
  2.504000000000000E-002  1.000000000000000E-010
  2.506000000000000E-002  1.000000000000000E-010
  2.508000000000000E-002  1.000000000000000E-010
  2.510000000000000E-002  1.000000000000000E-010
  2.512000000000000E-002  1.000000000000000E-010
  2.514000000000000E-002  1.000000000000000E-010
  2.516000000000000E-002  1.000000000000000E-010
  2.518000000000000E-002  1.000000000000000E-010
  2.520000000000000E-002  1.000000000000000E-010
  2.522000000000000E-002  1.000000000000000E-010
  2.524000000000000E-002  1.000000000000000E-010
  2.526000000000000E-002  1.000000000000000E-010
  2.528000000000000E-002  1.000000000000000E-010
  2.530000000000000E-002  1.000000000000000E-010
  2.532000000000000E-002  1.000000000000000E-010
  2.534000000000000E-002  1.000000000000000E-010
  2.536000000000000E-002  1.000000000000000E-010
  2.538000000000000E-002  1.000000000000000E-010
  2.540000000000000E-002  1.000000000000000E-010
  2.542000000000000E-002  1.000000000000000E-010
  2.544000000000000E-002  1.000000000000000E-010
  2.546000000000000E-002  1.000000000000000E-010
  2.548000000000000E-002  1.000000000000000E-010
  2.550000000000000E-002  1.000000000000000E-010
  2.552000000000000E-002  1.000000000000000E-010
  2.554000000000000E-002  1.000000000000000E-010
  2.556000000000000E-002  1.000000000000000E-010
  2.558000000000000E-002  1.000000000000000E-010
  2.560000000000000E-002  1.000000000000000E-010
  2.562000000000000E-002  1.000000000000000E-010
  2.564000000000000E-002  1.000000000000000E-010
  2.566000000000000E-002  1.000000000000000E-010
  2.568000000000000E-002  1.000000000000000E-010
  2.570000000000000E-002  1.000000000000000E-010
  2.572000000000000E-002  1.000000000000000E-010
  2.574000000000000E-002  1.000000000000000E-010
  2.576000000000000E-002  1.000000000000000E-010
  2.578000000000000E-002  1.000000000000000E-010
  2.580000000000000E-002  1.000000000000000E-010
  2.582000000000000E-002  1.000000000000000E-010
  2.584000000000000E-002  1.000000000000000E-010
  2.586000000000000E-002  1.000000000000000E-010
  2.588000000000000E-002  1.000000000000000E-010
  2.590000000000000E-002  1.000000000000000E-010
  2.592000000000000E-002  1.000000000000000E-010
  2.594000000000000E-002  1.000000000000000E-010
  2.596000000000000E-002  1.000000000000000E-010
  2.598000000000000E-002  1.000000000000000E-010
  2.600000000000000E-002  1.000000000000000E-010
  2.602000000000000E-002  1.000000000000000E-010
  2.604000000000000E-002  1.000000000000000E-010
  2.606000000000000E-002  1.000000000000000E-010
  2.608000000000000E-002  1.000000000000000E-010
  2.610000000000000E-002  1.000000000000000E-010
  2.612000000000000E-002  1.000000000000000E-010
  2.614000000000000E-002  1.000000000000000E-010
  2.616000000000000E-002  1.000000000000000E-010
  2.618000000000000E-002  1.000000000000000E-010
  2.620000000000000E-002  1.000000000000000E-010
  2.622000000000000E-002  1.000000000000000E-010
  2.624000000000000E-002  1.000000000000000E-010
  2.626000000000000E-002  1.000000000000000E-010
  2.628000000000000E-002  1.000000000000000E-010
  2.630000000000000E-002  1.000000000000000E-010
  2.632000000000000E-002  1.000000000000000E-010
  2.634000000000000E-002  1.000000000000000E-010
  2.636000000000000E-002  1.000000000000000E-010
  2.638000000000000E-002  1.000000000000000E-010
  2.640000000000000E-002  1.000000000000000E-010
  2.642000000000000E-002  1.000000000000000E-010
  2.644000000000000E-002  1.000000000000000E-010
  2.646000000000000E-002  1.000000000000000E-010
  2.648000000000000E-002  1.000000000000000E-010
  2.650000000000000E-002  1.000000000000000E-010
  2.652000000000000E-002  1.000000000000000E-010
  2.654000000000000E-002  1.000000000000000E-010
  2.656000000000000E-002  1.000000000000000E-010
  2.658000000000000E-002  1.000000000000000E-010
  2.660000000000000E-002  1.000000000000000E-010
  2.662000000000000E-002  1.000000000000000E-010
  2.664000000000000E-002  1.000000000000000E-010
  2.666000000000000E-002  1.000000000000000E-010
  2.668000000000000E-002  1.000000000000000E-010
  2.670000000000000E-002  1.000000000000000E-010
  2.672000000000000E-002  1.000000000000000E-010
  2.674000000000000E-002  1.000000000000000E-010
  2.676000000000000E-002  1.000000000000000E-010
  2.678000000000000E-002  1.000000000000000E-010
  2.680000000000000E-002  1.000000000000000E-010
  2.682000000000000E-002  1.000000000000000E-010
  2.684000000000000E-002  1.000000000000000E-010
  2.686000000000000E-002  1.000000000000000E-010
  2.688000000000000E-002  1.000000000000000E-010
  2.690000000000000E-002  1.000000000000000E-010
  2.692000000000000E-002  1.000000000000000E-010
  2.694000000000000E-002  1.000000000000000E-010
  2.696000000000000E-002  1.000000000000000E-010
  2.698000000000000E-002  1.000000000000000E-010
  2.700000000000000E-002  1.000000000000000E-010
  2.702000000000000E-002  1.000000000000000E-010
  2.704000000000000E-002  1.000000000000000E-010
  2.706000000000000E-002  1.000000000000000E-010
  2.708000000000000E-002  1.000000000000000E-010
  2.710000000000000E-002  1.000000000000000E-010
  2.712000000000000E-002  1.000000000000000E-010
  2.714000000000000E-002  1.000000000000000E-010
  2.716000000000000E-002  1.000000000000000E-010
  2.718000000000000E-002  1.000000000000000E-010
  2.720000000000000E-002  1.000000000000000E-010
  2.722000000000000E-002  1.000000000000000E-010
  2.724000000000000E-002  1.000000000000000E-010
  2.726000000000000E-002  1.000000000000000E-010
  2.728000000000000E-002  1.000000000000000E-010
  2.730000000000000E-002  1.000000000000000E-010
  2.732000000000000E-002  1.000000000000000E-010
  2.734000000000000E-002  1.000000000000000E-010
  2.736000000000000E-002  1.000000000000000E-010
  2.738000000000000E-002  1.000000000000000E-010
  2.740000000000000E-002  1.000000000000000E-010
  2.742000000000000E-002  1.000000000000000E-010
  2.744000000000000E-002  1.000000000000000E-010
  2.746000000000000E-002  1.000000000000000E-010
  2.748000000000000E-002  1.000000000000000E-010
  2.750000000000000E-002  1.000000000000000E-010
  2.752000000000000E-002  1.000000000000000E-010
  2.754000000000000E-002  1.000000000000000E-010
  2.756000000000000E-002  1.000000000000000E-010
  2.758000000000000E-002  1.000000000000000E-010
  2.760000000000000E-002  1.000000000000000E-010
  2.762000000000000E-002  1.000000000000000E-010
  2.764000000000000E-002  1.000000000000000E-010
  2.766000000000000E-002  1.000000000000000E-010
  2.768000000000000E-002  1.000000000000000E-010
  2.770000000000000E-002  1.000000000000000E-010
  2.772000000000000E-002  1.000000000000000E-010
  2.774000000000000E-002  1.000000000000000E-010
  2.776000000000000E-002  1.000000000000000E-010
  2.778000000000000E-002  1.000000000000000E-010
  2.780000000000000E-002  1.000000000000000E-010
  2.782000000000000E-002  1.000000000000000E-010
  2.784000000000000E-002  1.000000000000000E-010
  2.786000000000000E-002  1.000000000000000E-010
  2.788000000000000E-002  1.000000000000000E-010
  2.790000000000000E-002  1.000000000000000E-010
  2.792000000000000E-002  1.000000000000000E-010
  2.794000000000000E-002  1.000000000000000E-010
  2.796000000000000E-002  1.000000000000000E-010
  2.798000000000000E-002  1.000000000000000E-010
  2.800000000000000E-002  1.000000000000000E-010
  2.802000000000000E-002  1.000000000000000E-010
  2.804000000000000E-002  1.000000000000000E-010
  2.806000000000000E-002  1.000000000000000E-010
  2.808000000000000E-002  1.000000000000000E-010
  2.810000000000000E-002  1.000000000000000E-010
  2.812000000000000E-002  1.000000000000000E-010
  2.814000000000000E-002  1.000000000000000E-010
  2.816000000000000E-002  1.000000000000000E-010
  2.818000000000000E-002  1.000000000000000E-010
  2.820000000000000E-002  1.000000000000000E-010
  2.822000000000000E-002  1.000000000000000E-010
  2.824000000000000E-002  1.000000000000000E-010
  2.826000000000000E-002  1.000000000000000E-010
  2.828000000000000E-002  1.000000000000000E-010
  2.830000000000000E-002  1.000000000000000E-010
  2.832000000000000E-002  1.000000000000000E-010
  2.834000000000000E-002  1.000000000000000E-010
  2.836000000000000E-002  1.000000000000000E-010
  2.838000000000000E-002  1.000000000000000E-010
  2.840000000000000E-002  1.000000000000000E-010
  2.842000000000000E-002  1.000000000000000E-010
  2.844000000000000E-002  1.000000000000000E-010
  2.846000000000000E-002  1.000000000000000E-010
  2.848000000000000E-002  1.000000000000000E-010
  2.850000000000000E-002  1.000000000000000E-010
  2.852000000000000E-002  1.000000000000000E-010
  2.854000000000000E-002  1.000000000000000E-010
  2.856000000000000E-002  1.000000000000000E-010
  2.858000000000000E-002  1.000000000000000E-010
  2.860000000000000E-002  1.000000000000000E-010
  2.862000000000000E-002  1.000000000000000E-010
  2.864000000000000E-002  1.000000000000000E-010
  2.866000000000000E-002  1.000000000000000E-010
  2.868000000000000E-002  1.000000000000000E-010
  2.870000000000000E-002  1.000000000000000E-010
  2.872000000000000E-002  1.000000000000000E-010
  2.874000000000000E-002  1.000000000000000E-010
  2.876000000000000E-002  1.000000000000000E-010
  2.878000000000000E-002  1.000000000000000E-010
  2.880000000000000E-002  1.000000000000000E-010
  2.882000000000000E-002  1.000000000000000E-010
  2.884000000000000E-002  1.000000000000000E-010
  2.886000000000000E-002  1.000000000000000E-010
  2.888000000000000E-002  1.000000000000000E-010
  2.890000000000000E-002  1.000000000000000E-010
  2.892000000000000E-002  1.000000000000000E-010
  2.894000000000000E-002  1.000000000000000E-010
  2.896000000000000E-002  1.000000000000000E-010
  2.898000000000000E-002  1.000000000000000E-010
  2.900000000000000E-002  1.000000000000000E-010
  2.902000000000000E-002  1.000000000000000E-010
  2.904000000000000E-002  1.000000000000000E-010
  2.906000000000000E-002  1.000000000000000E-010
  2.908000000000000E-002  1.000000000000000E-010
  2.910000000000000E-002  1.000000000000000E-010
  2.912000000000000E-002  1.000000000000000E-010
  2.914000000000000E-002  1.000000000000000E-010
  2.916000000000000E-002  1.000000000000000E-010
  2.918000000000000E-002  1.000000000000000E-010
  2.920000000000000E-002  1.000000000000000E-010
  2.922000000000000E-002  1.000000000000000E-010
  2.924000000000000E-002  1.000000000000000E-010
  2.926000000000000E-002  1.000000000000000E-010
  2.928000000000000E-002  1.000000000000000E-010
  2.930000000000000E-002  1.000000000000000E-010
  2.932000000000000E-002  1.000000000000000E-010
  2.934000000000000E-002  1.000000000000000E-010
  2.936000000000000E-002  1.000000000000000E-010
  2.938000000000000E-002  1.000000000000000E-010
  2.940000000000000E-002  1.000000000000000E-010
  2.942000000000000E-002  1.000000000000000E-010
  2.944000000000000E-002  1.000000000000000E-010
  2.946000000000000E-002  1.000000000000000E-010
  2.948000000000000E-002  1.000000000000000E-010
  2.950000000000000E-002  1.000000000000000E-010
  2.952000000000000E-002  1.000000000000000E-010
  2.954000000000000E-002  1.000000000000000E-010
  2.956000000000000E-002  1.000000000000000E-010
  2.958000000000000E-002  1.000000000000000E-010
  2.960000000000000E-002  1.000000000000000E-010
  2.962000000000000E-002  1.000000000000000E-010
  2.964000000000000E-002  1.000000000000000E-010
  2.966000000000000E-002  1.000000000000000E-010
  2.968000000000000E-002  1.000000000000000E-010
  2.970000000000000E-002  1.000000000000000E-010
  2.972000000000000E-002  1.000000000000000E-010
  2.974000000000000E-002  1.000000000000000E-010
  2.976000000000000E-002  1.000000000000000E-010
  2.978000000000000E-002  1.000000000000000E-010
  2.980000000000000E-002  1.000000000000000E-010
  2.982000000000000E-002  1.000000000000000E-010
  2.984000000000000E-002  1.000000000000000E-010
  2.986000000000000E-002  1.000000000000000E-010
  2.988000000000000E-002  1.000000000000000E-010
  2.990000000000000E-002  1.000000000000000E-010
  2.992000000000000E-002  1.000000000000000E-010
  2.994000000000000E-002  1.000000000000000E-010
  2.996000000000000E-002  1.000000000000000E-010
  2.998000000000000E-002  1.000000000000000E-010
  3.000000000000000E-002  1.000000000000000E-010
  3.002000000000000E-002  1.000000000000000E-010
  3.004000000000000E-002  1.000000000000000E-010
  3.006000000000000E-002  1.000000000000000E-010
  3.008000000000000E-002  1.000000000000000E-010
  3.010000000000000E-002  1.000000000000000E-010
  3.012000000000000E-002  1.000000000000000E-010
  3.014000000000000E-002  1.000000000000000E-010
  3.016000000000000E-002  1.000000000000000E-010
  3.018000000000000E-002  1.000000000000000E-010
  3.020000000000000E-002  1.000000000000000E-010
  3.022000000000000E-002  1.000000000000000E-010
  3.024000000000000E-002  1.000000000000000E-010
  3.026000000000000E-002  1.000000000000000E-010
  3.028000000000000E-002  1.000000000000000E-010
  3.030000000000000E-002  1.000000000000000E-010
  3.032000000000000E-002  1.000000000000000E-010
  3.034000000000000E-002  1.000000000000000E-010
  3.036000000000000E-002  1.000000000000000E-010
  3.038000000000000E-002  1.000000000000000E-010
  3.040000000000000E-002  1.000000000000000E-010
  3.042000000000000E-002  1.000000000000000E-010
  3.044000000000000E-002  1.000000000000000E-010
  3.046000000000000E-002  1.000000000000000E-010
  3.048000000000000E-002  1.000000000000000E-010
  3.050000000000000E-002  1.000000000000000E-010
  3.052000000000000E-002  1.000000000000000E-010
  3.054000000000000E-002  1.000000000000000E-010
  3.056000000000000E-002  1.000000000000000E-010
  3.058000000000000E-002  1.000000000000000E-010
  3.060000000000000E-002  1.000000000000000E-010
  3.062000000000000E-002  1.000000000000000E-010
  3.064000000000000E-002  1.000000000000000E-010
  3.066000000000000E-002  1.000000000000000E-010
  3.068000000000000E-002  1.000000000000000E-010
  3.070000000000000E-002  1.000000000000000E-010
  3.072000000000000E-002  1.000000000000000E-010
  3.074000000000000E-002  1.000000000000000E-010
  3.076000000000000E-002  1.000000000000000E-010
  3.078000000000000E-002  1.000000000000000E-010
  3.080000000000000E-002  1.000000000000000E-010
  3.082000000000000E-002  1.000000000000000E-010
  3.084000000000000E-002  1.000000000000000E-010
  3.086000000000000E-002  1.000000000000000E-010
  3.088000000000000E-002  1.000000000000000E-010
  3.090000000000000E-002  1.000000000000000E-010
  3.092000000000000E-002  1.000000000000000E-010
  3.094000000000000E-002  1.000000000000000E-010
  3.096000000000000E-002  1.000000000000000E-010
  3.098000000000000E-002  1.000000000000000E-010
  3.100000000000000E-002  1.000000000000000E-010
  3.102000000000000E-002  1.000000000000000E-010
  3.104000000000000E-002  1.000000000000000E-010
  3.106000000000000E-002  1.000000000000000E-010
  3.108000000000000E-002  1.000000000000000E-010
  3.110000000000000E-002  1.000000000000000E-010
  3.112000000000000E-002  1.000000000000000E-010
  3.114000000000000E-002  1.000000000000000E-010
  3.116000000000000E-002  1.000000000000000E-010
  3.118000000000000E-002  1.000000000000000E-010
  3.120000000000000E-002  1.000000000000000E-010
  3.122000000000000E-002  1.000000000000000E-010
  3.124000000000000E-002  1.000000000000000E-010
  3.126000000000000E-002  1.000000000000000E-010
  3.128000000000000E-002  1.000000000000000E-010
  3.130000000000000E-002  1.000000000000000E-010
  3.132000000000000E-002  1.000000000000000E-010
  3.134000000000000E-002  1.000000000000000E-010
  3.136000000000001E-002  1.000000000000000E-010
  3.138000000000001E-002  1.000000000000000E-010
  3.140000000000000E-002  1.000000000000000E-010
  3.142000000000000E-002  1.000000000000000E-010
  3.144000000000000E-002  1.000000000000000E-010
  3.146000000000000E-002  1.000000000000000E-010
  3.148000000000000E-002  1.000000000000000E-010
  3.150000000000000E-002  1.000000000000000E-010
  3.152000000000000E-002  1.000000000000000E-010
  3.154000000000001E-002  1.000000000000000E-010
  3.156000000000000E-002  1.000000000000000E-010
  3.158000000000000E-002  1.000000000000000E-010
  3.160000000000000E-002  1.000000000000000E-010
  3.162000000000000E-002  1.000000000000000E-010
  3.164000000000000E-002  1.000000000000000E-010
  3.166000000000000E-002  1.000000000000000E-010
  3.168000000000000E-002  1.000000000000000E-010
  3.170000000000001E-002  1.000000000000000E-010
  3.172000000000001E-002  1.000000000000000E-010
  3.174000000000000E-002  1.000000000000000E-010
  3.176000000000000E-002  1.000000000000000E-010
  3.178000000000000E-002  1.000000000000000E-010
  3.180000000000000E-002  1.000000000000000E-010
  3.182000000000000E-002  1.000000000000000E-010
  3.184000000000000E-002  1.000000000000000E-010
  3.186000000000000E-002  1.000000000000000E-010
  3.188000000000001E-002  1.000000000000000E-010
  3.190000000000000E-002  1.000000000000000E-010
  3.192000000000000E-002  1.000000000000000E-010
  3.194000000000000E-002  1.000000000000000E-010
  3.196000000000000E-002  1.000000000000000E-010
  3.198000000000000E-002  1.000000000000000E-010
  3.200000000000000E-002  1.000000000000000E-010
  3.202000000000000E-002  1.000000000000000E-010
  3.204000000000001E-002  1.000000000000000E-010
  3.206000000000001E-002  1.000000000000000E-010
  3.208000000000000E-002  1.000000000000000E-010
  3.210000000000000E-002  1.000000000000000E-010
  3.212000000000000E-002  1.000000000000000E-010
  3.214000000000000E-002  1.000000000000000E-010
  3.216000000000000E-002  1.000000000000000E-010
  3.218000000000000E-002  1.000000000000000E-010
  3.220000000000000E-002  1.000000000000000E-010
  3.222000000000001E-002  1.000000000000000E-010
  3.224000000000000E-002  1.000000000000000E-010
  3.226000000000000E-002  1.000000000000000E-010
  3.228000000000000E-002  1.000000000000000E-010
  3.230000000000000E-002  1.000000000000000E-010
  3.232000000000000E-002  1.000000000000000E-010
  3.234000000000000E-002  1.000000000000000E-010
  3.236000000000000E-002  1.000000000000000E-010
  3.238000000000001E-002  1.000000000000000E-010
  3.240000000000001E-002  1.000000000000000E-010
  3.242000000000000E-002  1.000000000000000E-010
  3.244000000000000E-002  1.000000000000000E-010
  3.246000000000000E-002  1.000000000000000E-010
  3.248000000000000E-002  1.000000000000000E-010
  3.250000000000000E-002  1.000000000000000E-010
  3.252000000000000E-002  1.000000000000000E-010
  3.254000000000000E-002  1.000000000000000E-010
  3.256000000000001E-002  1.000000000000000E-010
  3.258000000000000E-002  1.000000000000000E-010
  3.260000000000000E-002  1.000000000000000E-010
  3.262000000000000E-002  1.000000000000000E-010
  3.264000000000000E-002  1.000000000000000E-010
  3.266000000000000E-002  1.000000000000000E-010
  3.268000000000000E-002  1.000000000000000E-010
  3.270000000000000E-002  1.000000000000000E-010
  3.272000000000001E-002  1.000000000000000E-010
  3.274000000000001E-002  1.000000000000000E-010
  3.276000000000000E-002  1.000000000000000E-010
  3.278000000000000E-002  1.000000000000000E-010
  3.280000000000000E-002  1.000000000000000E-010
  3.282000000000000E-002  1.000000000000000E-010
  3.284000000000000E-002  1.000000000000000E-010
  3.286000000000000E-002  1.000000000000000E-010
  3.288000000000000E-002  1.000000000000000E-010
  3.290000000000001E-002  1.000000000000000E-010
  3.292000000000000E-002  1.000000000000000E-010
  3.294000000000000E-002  1.000000000000000E-010
  3.296000000000000E-002  1.000000000000000E-010
  3.298000000000000E-002  1.000000000000000E-010
  3.300000000000000E-002  1.000000000000000E-010
  3.302000000000000E-002  1.000000000000000E-010
  3.304000000000000E-002  1.000000000000000E-010
  3.306000000000001E-002  1.000000000000000E-010
  3.308000000000001E-002  1.000000000000000E-010
  3.310000000000000E-002  1.000000000000000E-010
  3.312000000000000E-002  1.000000000000000E-010
  3.314000000000000E-002  1.000000000000000E-010
  3.316000000000000E-002  1.000000000000000E-010
  3.318000000000000E-002  1.000000000000000E-010
  3.320000000000000E-002  1.000000000000000E-010
  3.322000000000000E-002  1.000000000000000E-010
  3.324000000000001E-002  1.000000000000000E-010
  3.326000000000000E-002  1.000000000000000E-010
  3.328000000000000E-002  1.000000000000000E-010
  3.330000000000000E-002  1.000000000000000E-010
  3.332000000000000E-002  1.000000000000000E-010
  3.334000000000000E-002  1.000000000000000E-010
  3.336000000000000E-002  1.000000000000000E-010
  3.338000000000000E-002  1.000000000000000E-010
  3.340000000000001E-002  1.000000000000000E-010
  3.342000000000001E-002  1.000000000000000E-010
  3.344000000000000E-002  1.000000000000000E-010
  3.346000000000000E-002  1.000000000000000E-010
  3.348000000000000E-002  1.000000000000000E-010
  3.350000000000000E-002  1.000000000000000E-010
  3.352000000000000E-002  1.000000000000000E-010
  3.354000000000000E-002  1.000000000000000E-010
  3.356000000000000E-002  1.000000000000000E-010
  3.358000000000001E-002  1.000000000000000E-010
  3.360000000000000E-002  1.000000000000000E-010
  3.362000000000000E-002  1.000000000000000E-010
  3.364000000000000E-002  1.000000000000000E-010
  3.366000000000000E-002  1.000000000000000E-010
  3.368000000000000E-002  1.000000000000000E-010
  3.370000000000000E-002  1.000000000000000E-010
  3.372000000000000E-002  1.000000000000000E-010
  3.374000000000001E-002  1.000000000000000E-010
  3.376000000000001E-002  1.000000000000000E-010
  3.378000000000000E-002  1.000000000000000E-010
  3.380000000000000E-002  1.000000000000000E-010
  3.382000000000000E-002  1.000000000000000E-010
  3.384000000000000E-002  1.000000000000000E-010
  3.386000000000000E-002  1.000000000000000E-010
  3.388000000000000E-002  1.000000000000000E-010
  3.390000000000000E-002  1.000000000000000E-010
  3.392000000000001E-002  1.000000000000000E-010
  3.394000000000000E-002  1.000000000000000E-010
  3.396000000000000E-002  1.000000000000000E-010
  3.398000000000000E-002  1.000000000000000E-010
  3.400000000000000E-002  1.000000000000000E-010
  3.402000000000000E-002  1.000000000000000E-010
  3.404000000000000E-002  1.000000000000000E-010
  3.406000000000000E-002  1.000000000000000E-010
  3.408000000000001E-002  1.000000000000000E-010
  3.410000000000001E-002  1.000000000000000E-010
  3.412000000000000E-002  1.000000000000000E-010
  3.414000000000000E-002  1.000000000000000E-010
  3.416000000000000E-002  1.000000000000000E-010
  3.418000000000000E-002  1.000000000000000E-010
  3.420000000000000E-002  1.000000000000000E-010
  3.422000000000000E-002  1.000000000000000E-010
  3.424000000000000E-002  1.000000000000000E-010
  3.426000000000001E-002  1.000000000000000E-010
  3.428000000000000E-002  1.000000000000000E-010
  3.430000000000000E-002  1.000000000000000E-010
  3.432000000000000E-002  1.000000000000000E-010
  3.434000000000000E-002  1.000000000000000E-010
  3.436000000000000E-002  1.000000000000000E-010
  3.438000000000000E-002  1.000000000000000E-010
  3.440000000000000E-002  1.000000000000000E-010
  3.442000000000001E-002  1.000000000000000E-010
  3.444000000000001E-002  1.000000000000000E-010
  3.446000000000000E-002  1.000000000000000E-010
  3.448000000000000E-002  1.000000000000000E-010
  3.450000000000000E-002  1.000000000000000E-010
  3.452000000000000E-002  1.000000000000000E-010
  3.454000000000000E-002  1.000000000000000E-010
  3.456000000000000E-002  1.000000000000000E-010
  3.458000000000000E-002  1.000000000000000E-010
  3.460000000000001E-002  1.000000000000000E-010
  3.462000000000000E-002  1.000000000000000E-010
  3.464000000000000E-002  1.000000000000000E-010
  3.466000000000000E-002  1.000000000000000E-010
  3.468000000000000E-002  1.000000000000000E-010
  3.470000000000000E-002  1.000000000000000E-010
  3.472000000000000E-002  1.000000000000000E-010
  3.474000000000000E-002  1.000000000000000E-010
  3.476000000000001E-002  1.000000000000000E-010
  3.478000000000001E-002  1.000000000000000E-010
  3.480000000000000E-002  1.000000000000000E-010
  3.482000000000000E-002  1.000000000000000E-010
  3.484000000000000E-002  1.000000000000000E-010
  3.486000000000000E-002  1.000000000000000E-010
  3.488000000000000E-002  1.000000000000000E-010
  3.490000000000000E-002  1.000000000000000E-010
  3.492000000000000E-002  1.000000000000000E-010
  3.494000000000001E-002  1.000000000000000E-010
  3.496000000000000E-002  1.000000000000000E-010
  3.498000000000000E-002  1.000000000000000E-010
  3.500000000000000E-002  1.000000000000000E-010
  3.502000000000000E-002  1.000000000000000E-010
  3.504000000000000E-002  1.000000000000000E-010
  3.506000000000000E-002  1.000000000000000E-010
  3.508000000000000E-002  1.000000000000000E-010
  3.510000000000001E-002  1.000000000000000E-010
  3.512000000000001E-002  1.000000000000000E-010
  3.514000000000000E-002  1.000000000000000E-010
  3.516000000000000E-002  1.000000000000000E-010
  3.518000000000000E-002  1.000000000000000E-010
  3.520000000000000E-002  1.000000000000000E-010
  3.522000000000000E-002  1.000000000000000E-010
  3.524000000000000E-002  1.000000000000000E-010
  3.526000000000000E-002  1.000000000000000E-010
  3.528000000000001E-002  1.000000000000000E-010
  3.530000000000000E-002  1.000000000000000E-010
  3.532000000000000E-002  1.000000000000000E-010
  3.534000000000000E-002  1.000000000000000E-010
  3.536000000000000E-002  1.000000000000000E-010
  3.538000000000000E-002  1.000000000000000E-010
  3.540000000000000E-002  1.000000000000000E-010
  3.542000000000000E-002  1.000000000000000E-010
  3.544000000000001E-002  1.000000000000000E-010
  3.546000000000001E-002  1.000000000000000E-010
  3.548000000000000E-002  1.000000000000000E-010
  3.550000000000000E-002  1.000000000000000E-010
  3.552000000000000E-002  1.000000000000000E-010
  3.554000000000000E-002  1.000000000000000E-010
  3.556000000000000E-002  1.000000000000000E-010
  3.558000000000000E-002  1.000000000000000E-010
  3.560000000000000E-002  1.000000000000000E-010
  3.562000000000001E-002  1.000000000000000E-010
  3.564000000000001E-002  1.000000000000000E-010
  3.566000000000000E-002  1.000000000000000E-010
  3.568000000000000E-002  1.000000000000000E-010
  3.570000000000000E-002  1.000000000000000E-010
  3.572000000000000E-002  1.000000000000000E-010
  3.574000000000000E-002  1.000000000000000E-010
  3.576000000000000E-002  1.000000000000000E-010
  3.578000000000001E-002  1.000000000000000E-010
  3.580000000000001E-002  1.000000000000000E-010
  3.582000000000000E-002  1.000000000000000E-010
  3.584000000000000E-002  1.000000000000000E-010
  3.586000000000000E-002  1.000000000000000E-010
  3.588000000000000E-002  1.000000000000000E-010
  3.590000000000000E-002  1.000000000000000E-010
  3.592000000000000E-002  1.000000000000000E-010
  3.594000000000000E-002  1.000000000000000E-010
  3.596000000000001E-002  1.000000000000000E-010
  3.598000000000001E-002  1.000000000000000E-010
  3.600000000000000E-002  1.000000000000000E-010
  3.602000000000000E-002  1.000000000000000E-010
  3.604000000000000E-002  1.000000000000000E-010
  3.606000000000000E-002  1.000000000000000E-010
  3.608000000000000E-002  1.000000000000000E-010
  3.610000000000000E-002  1.000000000000000E-010
  3.612000000000001E-002  1.000000000000000E-010
  3.614000000000001E-002  1.000000000000000E-010
  3.616000000000000E-002  1.000000000000000E-010
  3.618000000000000E-002  1.000000000000000E-010
  3.620000000000000E-002  1.000000000000000E-010
  3.622000000000000E-002  1.000000000000000E-010
  3.624000000000000E-002  1.000000000000000E-010
  3.626000000000000E-002  1.000000000000000E-010
  3.628000000000000E-002  1.000000000000000E-010
  3.630000000000001E-002  1.000000000000000E-010
  3.632000000000001E-002  1.000000000000000E-010
  3.634000000000000E-002  1.000000000000000E-010
  3.636000000000000E-002  1.000000000000000E-010
  3.638000000000000E-002  1.000000000000000E-010
  3.640000000000000E-002  1.000000000000000E-010
  3.642000000000000E-002  1.000000000000000E-010
  3.644000000000000E-002  1.000000000000000E-010
  3.646000000000001E-002  1.000000000000000E-010
  3.648000000000001E-002  1.000000000000000E-010
  3.650000000000000E-002  1.000000000000000E-010
  3.652000000000000E-002  1.000000000000000E-010
  3.654000000000000E-002  1.000000000000000E-010
  3.656000000000000E-002  1.000000000000000E-010
  3.658000000000000E-002  1.000000000000000E-010
  3.660000000000000E-002  1.000000000000000E-010
  3.662000000000000E-002  1.000000000000000E-010
  3.664000000000001E-002  1.000000000000000E-010
  3.666000000000001E-002  1.000000000000000E-010
  3.668000000000000E-002  1.000000000000000E-010
  3.670000000000000E-002  1.000000000000000E-010
  3.672000000000000E-002  1.000000000000000E-010
  3.674000000000000E-002  1.000000000000000E-010
  3.676000000000000E-002  1.000000000000000E-010
  3.678000000000000E-002  1.000000000000000E-010
  3.680000000000001E-002  1.000000000000000E-010
  3.682000000000001E-002  1.000000000000000E-010
  3.684000000000000E-002  1.000000000000000E-010
  3.686000000000000E-002  1.000000000000000E-010
  3.688000000000000E-002  1.000000000000000E-010
  3.690000000000000E-002  1.000000000000000E-010
  3.692000000000000E-002  1.000000000000000E-010
  3.694000000000000E-002  1.000000000000000E-010
  3.696000000000000E-002  1.000000000000000E-010
  3.698000000000001E-002  1.000000000000000E-010
  3.700000000000001E-002  1.000000000000000E-010
  3.702000000000000E-002  1.000000000000000E-010
  3.704000000000000E-002  1.000000000000000E-010
  3.706000000000000E-002  1.000000000000000E-010
  3.708000000000000E-002  1.000000000000000E-010
  3.710000000000000E-002  1.000000000000000E-010
  3.712000000000000E-002  1.000000000000000E-010
  3.714000000000001E-002  1.000000000000000E-010
  3.716000000000001E-002  1.000000000000000E-010
  3.718000000000000E-002  1.000000000000000E-010
  3.720000000000000E-002  1.000000000000000E-010
  3.722000000000000E-002  1.000000000000000E-010
  3.724000000000000E-002  1.000000000000000E-010
  3.726000000000000E-002  1.000000000000000E-010
  3.728000000000000E-002  1.000000000000000E-010
  3.730000000000000E-002  1.000000000000000E-010
  3.732000000000001E-002  1.000000000000000E-010
  3.734000000000001E-002  1.000000000000000E-010
  3.736000000000000E-002  1.000000000000000E-010
  3.738000000000000E-002  1.000000000000000E-010
  3.740000000000000E-002  1.000000000000000E-010
  3.742000000000000E-002  1.000000000000000E-010
  3.744000000000000E-002  1.000000000000000E-010
  3.746000000000000E-002  1.000000000000000E-010
  3.748000000000001E-002  1.000000000000000E-010
  3.750000000000001E-002  1.000000000000000E-010
  3.752000000000000E-002  1.000000000000000E-010
  3.754000000000000E-002  1.000000000000000E-010
  3.756000000000000E-002  1.000000000000000E-010
  3.758000000000000E-002  1.000000000000000E-010
  3.760000000000000E-002  1.000000000000000E-010
  3.762000000000000E-002  1.000000000000000E-010
  3.764000000000000E-002  1.000000000000000E-010
  3.766000000000001E-002  1.000000000000000E-010
  3.768000000000001E-002  1.000000000000000E-010
  3.770000000000000E-002  1.000000000000000E-010
  3.772000000000000E-002  1.000000000000000E-010
  3.774000000000000E-002  1.000000000000000E-010
  3.776000000000000E-002  1.000000000000000E-010
  3.778000000000000E-002  1.000000000000000E-010
  3.780000000000000E-002  1.000000000000000E-010
  3.782000000000001E-002  1.000000000000000E-010
  3.784000000000001E-002  1.000000000000000E-010
  3.786000000000000E-002  1.000000000000000E-010
  3.788000000000000E-002  1.000000000000000E-010
  3.790000000000000E-002  1.000000000000000E-010
  3.792000000000000E-002  1.000000000000000E-010
  3.794000000000000E-002  1.000000000000000E-010
  3.796000000000000E-002  1.000000000000000E-010
  3.798000000000000E-002  1.000000000000000E-010
  3.800000000000001E-002  1.000000000000000E-010
  3.802000000000001E-002  1.000000000000000E-010
  3.804000000000000E-002  1.000000000000000E-010
  3.806000000000000E-002  1.000000000000000E-010
  3.808000000000000E-002  1.000000000000000E-010
  3.810000000000000E-002  1.000000000000000E-010
  3.812000000000000E-002  1.000000000000000E-010
  3.814000000000000E-002  1.000000000000000E-010
  3.816000000000001E-002  1.000000000000000E-010
  3.818000000000001E-002  1.000000000000000E-010
  3.820000000000000E-002  1.000000000000000E-010
  3.822000000000000E-002  1.000000000000000E-010
  3.824000000000000E-002  1.000000000000000E-010
  3.826000000000000E-002  1.000000000000000E-010
  3.828000000000000E-002  1.000000000000000E-010
  3.830000000000000E-002  1.000000000000000E-010
  3.832000000000000E-002  1.000000000000000E-010
  3.834000000000001E-002  1.000000000000000E-010
  3.836000000000001E-002  1.000000000000000E-010
  3.838000000000000E-002  1.000000000000000E-010
  3.840000000000000E-002  1.000000000000000E-010
  3.842000000000000E-002  1.000000000000000E-010
  3.844000000000000E-002  1.000000000000000E-010
  3.846000000000000E-002  1.000000000000000E-010
  3.848000000000000E-002  1.000000000000000E-010
  3.850000000000001E-002  1.000000000000000E-010
  3.852000000000001E-002  1.000000000000000E-010
  3.854000000000000E-002  1.000000000000000E-010
  3.856000000000000E-002  1.000000000000000E-010
  3.858000000000000E-002  1.000000000000000E-010
  3.860000000000000E-002  1.000000000000000E-010
  3.862000000000000E-002  1.000000000000000E-010
  3.864000000000000E-002  1.000000000000000E-010
  3.866000000000000E-002  1.000000000000000E-010
  3.868000000000001E-002  1.000000000000000E-010
  3.870000000000001E-002  1.000000000000000E-010
  3.872000000000000E-002  1.000000000000000E-010
  3.874000000000000E-002  1.000000000000000E-010
  3.876000000000000E-002  1.000000000000000E-010
  3.878000000000000E-002  1.000000000000000E-010
  3.880000000000000E-002  1.000000000000000E-010
  3.882000000000000E-002  1.000000000000000E-010
  3.884000000000001E-002  1.000000000000000E-010
  3.886000000000001E-002  1.000000000000000E-010
  3.888000000000000E-002  1.000000000000000E-010
  3.890000000000000E-002  1.000000000000000E-010
  3.892000000000000E-002  1.000000000000000E-010
  3.894000000000000E-002  1.000000000000000E-010
  3.896000000000000E-002  1.000000000000000E-010
  3.898000000000000E-002  1.000000000000000E-010
  3.900000000000000E-002  1.000000000000000E-010
  3.902000000000001E-002  1.000000000000000E-010
  3.904000000000001E-002  1.000000000000000E-010
  3.906000000000000E-002  1.000000000000000E-010
  3.908000000000000E-002  1.000000000000000E-010
  3.910000000000000E-002  1.000000000000000E-010
  3.912000000000000E-002  1.000000000000000E-010
  3.914000000000000E-002  1.000000000000000E-010
  3.916000000000000E-002  1.000000000000000E-010
  3.918000000000001E-002  1.000000000000000E-010
  3.920000000000001E-002  1.000000000000000E-010
  3.922000000000000E-002  1.000000000000000E-010
  3.924000000000000E-002  1.000000000000000E-010
  3.926000000000000E-002  1.000000000000000E-010
  3.928000000000000E-002  1.000000000000000E-010
  3.930000000000000E-002  1.000000000000000E-010
  3.932000000000000E-002  1.000000000000000E-010
  3.934000000000000E-002  1.000000000000000E-010
  3.936000000000001E-002  1.000000000000000E-010
  3.938000000000001E-002  1.000000000000000E-010
  3.940000000000000E-002  1.000000000000000E-010
  3.942000000000000E-002  1.000000000000000E-010
  3.944000000000000E-002  1.000000000000000E-010
  3.946000000000000E-002  1.000000000000000E-010
  3.948000000000000E-002  1.000000000000000E-010
  3.950000000000000E-002  1.000000000000000E-010
  3.952000000000001E-002  1.000000000000000E-010
  3.954000000000001E-002  1.000000000000000E-010
  3.956000000000000E-002  1.000000000000000E-010
  3.958000000000000E-002  1.000000000000000E-010
  3.960000000000000E-002  1.000000000000000E-010
  3.962000000000000E-002  1.000000000000000E-010
  3.964000000000000E-002  1.000000000000000E-010
  3.966000000000000E-002  1.000000000000000E-010
  3.968000000000000E-002  1.000000000000000E-010
  3.970000000000001E-002  1.000000000000000E-010
  3.972000000000001E-002  1.000000000000000E-010
  3.974000000000000E-002  1.000000000000000E-010
  3.976000000000000E-002  1.000000000000000E-010
  3.978000000000000E-002  1.000000000000000E-010
  3.980000000000000E-002  1.000000000000000E-010
  3.982000000000000E-002  1.000000000000000E-010
  3.984000000000000E-002  1.000000000000000E-010
  3.986000000000001E-002  1.000000000000000E-010
  3.988000000000001E-002  1.000000000000000E-010
  3.990000000000000E-002  1.000000000000000E-010
  3.992000000000000E-002  1.000000000000000E-010
  3.994000000000000E-002  1.000000000000000E-010
  3.996000000000000E-002  1.000000000000000E-010
  3.998000000000000E-002  1.000000000000000E-010
  4.000000000000000E-002  1.000000000000000E-010
