  0.000000000000000E+000   3.32999991581340     
  2.000000000000000E-005   3.09287195497611     
  4.000000000000000E-005   3.06273525490563     
  6.000000000000001E-005   3.06064720786033     
  8.000000000000001E-005   3.05870664642595     
  1.000000000000000E-004   3.05676914749746     
  1.200000000000000E-004   3.05483452456823     
  1.400000000000000E-004   3.05290246396751     
  1.600000000000000E-004   3.05097256352972     
  1.800000000000000E-004   3.04904441884166     
  2.000000000000000E-004   3.04711772581713     
  2.200000000000000E-004   3.04519237655512     
  2.400000000000000E-004   3.04326851667816     
  2.600000000000000E-004   3.04134653971058     
  2.800000000000000E-004   3.03942702264237     
  3.000000000000000E-004   3.03751063100947     
  3.200000000000000E-004   3.03559802547621     
  3.400000000000000E-004   3.03368978997507     
  3.600000000000000E-004   3.03178639125843     
  3.800000000000000E-004   3.02988816845283     
  4.000000000000000E-004   3.02799534427544     
  4.200000000000000E-004   3.02610804766268     
  4.400000000000000E-004   3.02422633752931     
  4.600000000000000E-004   3.02235022462367     
  4.800000000000001E-004   3.02047968613470     
  5.000000000000000E-004   3.01861467537274     
  5.200000000000001E-004   3.01675512908164     
  5.400000000000000E-004   3.01490097251635     
  5.600000000000001E-004   3.01305212432677     
  5.800000000000000E-004   3.01120850152625     
  6.000000000000001E-004   3.00937002464848     
  6.200000000000000E-004   3.00753662269807     
  6.400000000000001E-004   3.00570823733801     
  6.600000000000001E-004   3.00388482592361     
  6.800000000000000E-004   3.00206636324420     
  7.000000000000001E-004   3.00025284191877     
  7.200000000000000E-004   2.99844427120747     
  7.400000000000001E-004   2.99664067369675     
  7.600000000000000E-004   2.99484207922737     
  7.800000000000001E-004   2.99304851557605     
  8.000000000000000E-004   2.99125999601959     
  8.200000000000001E-004   2.98947650426580     
  8.400000000000000E-004   2.98769797873885     
  8.600000000000001E-004   2.98592430065591     
  8.800000000000000E-004   2.98415529024473     
  9.000000000000001E-004   2.98239070952773     
  9.200000000000000E-004   2.98063026064722     
  9.400000000000001E-004   2.97887351958113     
  9.600000000000001E-004   2.97711968137386     
  9.800000000000002E-004   2.97536750126130     
  1.000000000000000E-003   2.97361562686678     
  1.020000000000000E-003   2.97186345188187     
  1.040000000000000E-003   2.97011041474104     
  1.060000000000000E-003   2.96835603306315     
  1.080000000000000E-003   2.96659977880782     
  1.100000000000000E-003   2.96484161500840     
  1.120000000000000E-003   2.96308159246529     
  1.140000000000000E-003   2.96131979715824     
  1.160000000000000E-003   2.95955623352334     
  1.180000000000000E-003   2.95779059385162     
  1.200000000000000E-003   2.95602226917244     
  1.220000000000000E-003   2.95425077542900     
  1.240000000000000E-003   2.95247603821649     
  1.260000000000000E-003   2.95069808160931     
  1.280000000000000E-003   2.94891653683888     
  1.300000000000000E-003   2.94713049560849     
  1.320000000000000E-003   2.94533878834208     
  1.340000000000000E-003   2.94354070842486     
  1.360000000000000E-003   2.94173284838797     
  1.380000000000000E-003   2.93991718082628     
  1.400000000000000E-003   2.93809387777739     
  1.420000000000000E-003   2.93626111548815     
  1.440000000000000E-003   2.93442432820682     
  1.460000000000000E-003   2.93258524153773     
  1.480000000000000E-003   2.93074248952876     
  1.500000000000000E-003   2.92889566404861     
  1.520000000000000E-003   2.92704111219733     
  1.540000000000000E-003   2.92517926613689     
  1.560000000000000E-003   2.92331242575598     
  1.580000000000000E-003   2.92143957405436     
  1.600000000000000E-003   2.91956039568356     
  1.620000000000000E-003   2.91767512667097     
  1.640000000000000E-003   2.91578425521454     
  1.660000000000000E-003   2.91388824130593     
  1.680000000000000E-003   2.91198732545698     
  1.700000000000000E-003   2.91008151147913     
  1.720000000000000E-003   2.90817065192939     
  1.740000000000000E-003   2.90625464288367     
  1.760000000000000E-003   2.90433366652229     
  1.780000000000000E-003   2.90240830721987     
  1.800000000000000E-003   2.90047951016916     
  1.820000000000000E-003   2.89854840134754     
  1.840000000000000E-003   2.89661599056009     
  1.860000000000000E-003   2.89468298925962     
  1.880000000000000E-003   2.89274992467817     
  1.900000000000000E-003   2.89081646163058     
  1.920000000000000E-003   2.88887943805002     
  1.940000000000000E-003   2.88690742766437     
  1.960000000000000E-003   2.88470419211623     
  1.980000000000000E-003   2.88238234060455     
  2.000000000000000E-003   2.88102596464526     
  2.020000000000000E-003   2.88177315001433     
  2.040000000000000E-003   2.89690672592353     
  2.060000000000000E-003   3.00047519734766     
  2.080000000000000E-003   3.23970350414632     
  2.100000000000000E-003   3.37277835378691     
  2.120000000000000E-003   3.40954053038089     
  2.140000000000000E-003   3.41728075210381     
  2.160000000000000E-003   3.41822845768386     
  2.180000000000000E-003   3.41727910750199     
  2.200000000000000E-003   3.41423851332792     
  2.220000000000000E-003   3.41125271590028     
  2.240000000000000E-003   3.40853334172123     
  2.260000000000000E-003   3.40584795136393     
  2.280000000000000E-003   3.40309440158046     
  2.300000000000000E-003   3.40025369242201     
  2.320000000000000E-003   3.39741248906485     
  2.340000000000000E-003   3.39463575872514     
  2.360000000000000E-003   3.39191169304508     
  2.380000000000000E-003   3.38918504258170     
  2.400000000000000E-003   3.38638044777245     
  2.420000000000000E-003   3.38345704229097     
  2.440000000000000E-003   3.38042454737077     
  2.460000000000000E-003   3.37733291314325     
  2.480000000000000E-003   3.37426544696181     
  2.500000000000000E-003   3.37125434892321     
  2.520000000000000E-003   3.36831243905037     
  2.540000000000000E-003   3.36544841515081     
  2.560000000000000E-003   3.36267756679144     
  2.580000000000000E-003   3.36000943499787     
  2.600000000000000E-003   3.35741097537215     
  2.620000000000000E-003   3.35481398676204     
  2.640000000000000E-003   3.35217919881050     
  2.660000000000000E-003   3.34946718552837     
  2.680000000000000E-003   3.34665964495232     
  2.700000000000000E-003   3.34378422685388     
  2.720000000000000E-003   3.34090090301028     
  2.740000000000000E-003   3.33804100819148     
  2.760000000000000E-003   3.33521858200469     
  2.780000000000000E-003   3.33244811907689     
  2.800000000000000E-003   3.32974047284088     
  2.820000000000000E-003   3.32708980649815     
  2.840000000000000E-003   3.32446547327774     
  2.860000000000000E-003   3.32183541372982     
  2.880000000000000E-003   3.31915747648137     
  2.900000000000000E-003   3.31636148726721     
  2.920000000000000E-003   3.31342085391255     
  2.940000000000000E-003   3.31034666988595     
  2.960000000000000E-003   3.30713014083535     
  2.980000000000000E-003   3.30375291914066     
  3.000000000000000E-003   3.30017703516335     
  3.020000000000000E-003   3.29655698729432     
  3.040000000000000E-003   3.29324935448238     
  3.060000000000000E-003   3.29032119132298     
  3.080000000000000E-003   3.28792310599694     
  3.100000000000000E-003   3.28620429171496     
  3.120000000000000E-003   3.28513628927851     
  3.140000000000000E-003   3.28469663081657     
  3.160000000000000E-003   3.28454490852201     
  3.180000000000000E-003   3.28485100105237     
  3.200000000000000E-003   3.28616553450441     
  3.220000000000000E-003   3.28920050581786     
  3.240000000000000E-003   3.29481028894161     
  3.260000000000000E-003   3.30392320782321     
  3.280000000000000E-003   3.31754212685247     
  3.300000000000000E-003   3.33680788542296     
  3.320000000000000E-003   3.36313142894360     
  3.340000000000000E-003   3.39473638582316     
  3.360000000000000E-003   3.42138335762766     
  3.380000000000000E-003   3.43970092602899     
  3.400000000000000E-003   3.45116306240245     
  3.420000000000000E-003   3.45766743859344     
  3.440000000000000E-003   3.46087074060274     
  3.460000000000000E-003   3.46211168391721     
  3.480000000000000E-003   3.46210986682000     
  3.500000000000000E-003   3.46042194056909     
  3.520000000000000E-003   3.45694632052853     
  3.540000000000000E-003   3.45321779822793     
  3.560000000000000E-003   3.44975864279515     
  3.580000000000000E-003   3.44654302798910     
  3.600000000000000E-003   3.44350400659108     
  3.620000000000000E-003   3.44057176627308     
  3.640000000000000E-003   3.43768851902944     
  3.660000000000000E-003   3.43481861754051     
  3.680000000000000E-003   3.43194838205331     
  3.700000000000000E-003   3.42908367318213     
  3.720000000000000E-003   3.42624274693433     
  3.740000000000000E-003   3.42344535770069     
  3.760000000000000E-003   3.42069917963174     
  3.780000000000000E-003   3.41801985719292     
  3.800000000000000E-003   3.41540622260871     
  3.820000000000000E-003   3.41285131415322     
  3.840000000000001E-003   3.41035251925450     
  3.860000000000000E-003   3.40790924358544     
  3.880000000000000E-003   3.40552853392490     
  3.900000000000000E-003   3.40322438118867     
  3.920000000000001E-003   3.40101286290594     
  3.940000000000000E-003   3.39890730203819     
  3.960000000000000E-003   3.39691413272454     
  3.980000000000000E-003   3.39503096109447     
  4.000000000000000E-003   3.39324442043145     
  4.020000000000000E-003   3.39153147580095     
  4.040000000000000E-003   3.38986349904859     
  4.060000000000000E-003   3.38821461729487     
  4.080000000000000E-003   3.38656495256476     
  4.100000000000000E-003   3.38490399132682     
  4.120000000000000E-003   3.38323049335158     
  4.140000000000000E-003   3.38155868925715     
  4.160000000000001E-003   3.37989141854261     
  4.180000000000001E-003   3.37822858582114     
  4.200000000000001E-003   3.37656775414067     
  4.220000000000001E-003   3.37489515173268     
  4.240000000000001E-003   3.37319725550520     
  4.260000000000001E-003   3.37146433024974     
  4.280000000000000E-003   3.36969122560685     
  4.300000000000000E-003   3.36787664283647     
  4.320000000000000E-003   3.36602451652464     
  4.340000000000000E-003   3.36413889330309     
  4.360000000000000E-003   3.36222469983678     
  4.380000000000000E-003   3.36028114405513     
  4.400000000000000E-003   3.35829991079831     
  4.420000000000000E-003   3.35627001245961     
  4.440000000000000E-003   3.35418135613332     
  4.460000000000000E-003   3.35202815180825     
  4.480000000000000E-003   3.34980952729422     
  4.500000000000001E-003   3.34752722607725     
  4.520000000000001E-003   3.34518375665896     
  4.540000000000001E-003   3.34278155295571     
  4.560000000000001E-003   3.34032811410090     
  4.580000000000001E-003   3.33783923486245     
  4.600000000000001E-003   3.33533047238335     
  4.620000000000000E-003   3.33281243254575     
  4.640000000000000E-003   3.33028617550844     
  4.660000000000000E-003   3.32774401198814     
  4.680000000000000E-003   3.32517708373609     
  4.700000000000000E-003   3.32257466914715     
  4.720000000000000E-003   3.31992903152918     
  4.740000000000000E-003   3.31722902986861     
  4.760000000000000E-003   3.31445721518800     
  4.780000000000000E-003   3.31158692232871     
  4.800000000000000E-003   3.30861192829398     
  4.820000000000000E-003   3.30566301959743     
  4.840000000000001E-003   3.30283697157142     
  4.860000000000001E-003   3.30016183482757     
  4.880000000000001E-003   3.29765490393153     
  4.900000000000001E-003   3.29540833715864     
  4.920000000000001E-003   3.29357758905410     
  4.940000000000001E-003   3.29227330027874     
  4.960000000000000E-003   3.29153694248879     
  4.980000000000000E-003   3.29131441773174     
  5.000000000000000E-003   3.29148380526769     
  5.020000000000000E-003   3.29232937328232     
  5.040000000000000E-003   3.29417762636702     
  5.060000000000000E-003   3.29730068038012     
  5.080000000000000E-003   3.30154225627688     
  5.100000000000000E-003   3.30526196469310     
  5.120000000000000E-003   3.30781323530467     
  5.140000000000000E-003   3.30940790572541     
  5.160000000000001E-003   3.31031013873195     
  5.180000000000001E-003   3.31073053861564     
  5.200000000000001E-003   3.31064705467875     
  5.220000000000001E-003   3.30993944810639     
  5.240000000000001E-003   3.30844006223452     
  5.260000000000001E-003   3.30629326196448     
  5.280000000000001E-003   3.30389714170348     
  5.300000000000000E-003   3.30148485995824     
  5.320000000000000E-003   3.29909926864414     
  5.340000000000000E-003   3.29675005574989     
  5.360000000000000E-003   3.29444854605631     
  5.380000000000000E-003   3.29220900722538     
  5.400000000000000E-003   3.29004538087219     
  5.420000000000000E-003   3.28796998963514     
  5.440000000000000E-003   3.28599344773597     
  5.460000000000000E-003   3.28412510732553     
  5.480000000000000E-003   3.28237338349665     
  5.500000000000001E-003   3.28074556103171     
  5.520000000000001E-003   3.27924722947390     
  5.540000000000001E-003   3.27788189596480     
  5.560000000000001E-003   3.27665132077513     
  5.580000000000001E-003   3.27555664214895     
  5.600000000000001E-003   3.27459959695495     
  5.620000000000001E-003   3.27378238710501     
  5.640000000000000E-003   3.27310487950495     
  5.660000000000000E-003   3.27255903951025     
  5.680000000000000E-003   3.27211995009116     
  5.700000000000000E-003   3.27174395964834     
  5.720000000000000E-003   3.27137945560190     
  5.740000000000000E-003   3.27100196441431     
  5.760000000000000E-003   3.27057093226376     
  5.780000000000000E-003   3.27005657326596     
  5.800000000000000E-003   3.26945354342117     
  5.820000000000001E-003   3.26877899851283     
  5.840000000000001E-003   3.26810248689899     
  5.860000000000001E-003   3.26752124845091     
  5.880000000000001E-003   3.26713508236703     
  5.900000000000001E-003   3.26698743347244     
  5.920000000000001E-003   3.26703586165213     
  5.940000000000001E-003   3.26731141410530     
  5.960000000000001E-003   3.26794843708816     
  5.980000000000000E-003   3.26907455977393     
  6.000000000000000E-003   3.27083418650549     
  6.020000000000000E-003   3.27339301766123     
  6.040000000000000E-003   3.27694216082465     
  6.060000000000000E-003   3.28170347701686     
  6.080000000000000E-003   3.28793624034346     
  6.100000000000000E-003   3.29592154992166     
  6.120000000000000E-003   3.30583668376105     
  6.140000000000000E-003   3.31619206738801     
  6.160000000000001E-003   3.32532838018547     
  6.180000000000001E-003   3.33310057428088     
  6.200000000000001E-003   3.33959996762157     
  6.220000000000001E-003   3.34493145248793     
  6.240000000000001E-003   3.34921145002269     
  6.260000000000001E-003   3.35255738638421     
  6.280000000000001E-003   3.35509799411480     
  6.300000000000001E-003   3.35697025997820     
  6.320000000000000E-003   3.35832646559619     
  6.340000000000000E-003   3.35929481400103     
  6.360000000000000E-003   3.35999231452692     
  6.380000000000000E-003   3.36048235881932     
  6.400000000000000E-003   3.36084941929718     
  6.420000000000000E-003   3.36113265397501     
  6.440000000000000E-003   3.36132738659750     
  6.460000000000000E-003   3.36143452773299     
  6.480000000000001E-003   3.36132232198934     
  6.500000000000001E-003   3.36089726235648     
  6.520000000000001E-003   3.36026093723499     
  6.540000000000001E-003   3.35938824398843     
  6.560000000000001E-003   3.35833444256925     
  6.580000000000001E-003   3.35716853986615     
  6.600000000000001E-003   3.35591308703936     
  6.620000000000001E-003   3.35455414831590     
  6.640000000000001E-003   3.35309769187180     
  6.660000000000000E-003   3.35148799556421     
  6.680000000000000E-003   3.34971739598987     
  6.700000000000000E-003   3.34780619044137     
  6.720000000000000E-003   3.34578410343323     
  6.740000000000000E-003   3.34370626332288     
  6.760000000000000E-003   3.34162864711849     
  6.780000000000000E-003   3.33958374481841     
  6.800000000000000E-003   3.33757690794018     
  6.820000000000001E-003   3.33561063316562     
  6.840000000000001E-003   3.33368867308831     
  6.860000000000001E-003   3.33181705580988     
  6.880000000000001E-003   3.33000411409101     
  6.900000000000001E-003   3.32826023766391     
  6.920000000000001E-003   3.32659563797202     
  6.940000000000001E-003   3.32501793022590     
  6.960000000000001E-003   3.32353069054416     
  6.980000000000001E-003   3.32213345549533     
  7.000000000000000E-003   3.32082200311567     
  7.020000000000000E-003   3.31958854181294     
  7.040000000000000E-003   3.31842179763036     
  7.060000000000000E-003   3.31730609241342     
  7.080000000000000E-003   3.31622066773617     
  7.100000000000000E-003   3.31514365343455     
  7.120000000000000E-003   3.31405659243874     
  7.140000000000001E-003   3.31293891657870     
  7.160000000000001E-003   3.31178707805900     
  7.180000000000001E-003   3.31060846461471     
  7.200000000000001E-003   3.30940999746972     
  7.220000000000001E-003   3.30819127156371     
  7.240000000000001E-003   3.30692218683249     
  7.260000000000001E-003   3.30561874036714     
  7.280000000000001E-003   3.30433115250995     
  7.300000000000001E-003   3.30307845762958     
  7.320000000000001E-003   3.30187983305600     
  7.340000000000000E-003   3.30075238770279     
  7.360000000000000E-003   3.29970735889312     
  7.380000000000000E-003   3.29874885750912     
  7.400000000000000E-003   3.29787232222248     
  7.420000000000000E-003   3.29706588959874     
  7.440000000000000E-003   3.29631208923757     
  7.460000000000000E-003   3.29559236707402     
  7.480000000000001E-003   3.29489104555229     
  7.500000000000001E-003   3.29419968937755     
  7.520000000000001E-003   3.29351686450386     
  7.540000000000001E-003   3.29284470319376     
  7.560000000000001E-003   3.29215742034546     
  7.580000000000001E-003   3.29143472518488     
  7.600000000000001E-003   3.29067237979412     
  7.620000000000001E-003   3.28988925202876     
  7.640000000000001E-003   3.28915130868025     
  7.660000000000001E-003   3.28850880173230     
  7.680000000000001E-003   3.28802663201663     
  7.700000000000000E-003   3.28776581011221     
  7.720000000000000E-003   3.28779421800969     
  7.740000000000000E-003   3.28810271203710     
  7.760000000000000E-003   3.28877704066377     
  7.780000000000000E-003   3.28999409179509     
  7.800000000000001E-003   3.29188315304325     
  7.820000000000001E-003   3.29455541982393     
  7.840000000000001E-003   3.29809175099291     
  7.860000000000001E-003   3.30253585987091     
  7.880000000000000E-003   3.30735841921360     
  7.900000000000001E-003   3.31172395959258     
  7.920000000000000E-003   3.31552722468547     
  7.940000000000001E-003   3.31880642022003     
  7.960000000000000E-003   3.32161089017609     
  7.980000000000001E-003   3.32399208608131     
  8.000000000000000E-003   3.32599072375864     
  8.020000000000001E-003   3.32764507432790     
  8.040000000000000E-003   3.32899195187566     
  8.060000000000001E-003   3.32999631355651     
  8.080000000000000E-003   3.33068378318601     
  8.100000000000001E-003   3.33108874578461     
  8.120000000000000E-003   3.33128340244851     
  8.140000000000001E-003   3.33126949440291     
  8.160000000000001E-003   3.33113168194078     
  8.180000000000002E-003   3.33088023524996     
  8.200000000000001E-003   3.33051018019193     
  8.220000000000000E-003   3.33003625646074     
  8.240000000000001E-003   3.32948792308199     
  8.260000000000000E-003   3.32888782420141     
  8.280000000000001E-003   3.32828215488906     
  8.300000000000000E-003   3.32770662245439     
  8.320000000000001E-003   3.32717266041205     
  8.340000000000000E-003   3.32668014815467     
  8.360000000000001E-003   3.32621795006239     
  8.380000000000000E-003   3.32577203308027     
  8.400000000000001E-003   3.32532503408598     
  8.420000000000000E-003   3.32485378480436     
  8.440000000000001E-003   3.32433536218615     
  8.460000000000001E-003   3.32375896941387     
  8.480000000000001E-003   3.32311713096818     
  8.500000000000001E-003   3.32240628493521     
  8.520000000000002E-003   3.32161364990301     
  8.540000000000001E-003   3.32072765268475     
  8.560000000000000E-003   3.31973367449264     
  8.580000000000001E-003   3.31862363036799     
  8.600000000000000E-003   3.31739556216628     
  8.620000000000001E-003   3.31606857360532     
  8.640000000000000E-003   3.31465135922659     
  8.660000000000001E-003   3.31313794862558     
  8.680000000000000E-003   3.31153836827718     
  8.700000000000001E-003   3.30989136635760     
  8.720000000000000E-003   3.30819632759205     
  8.740000000000001E-003   3.30646036459642     
  8.760000000000000E-003   3.30469860765818     
  8.780000000000001E-003   3.30291624400826     
  8.800000000000001E-003   3.30110639357772     
  8.820000000000001E-003   3.29926647901832     
  8.840000000000001E-003   3.29739811726861     
  8.860000000000002E-003   3.29550838216525     
  8.880000000000001E-003   3.29360425291428     
  8.900000000000000E-003   3.29169184274939     
  8.920000000000001E-003   3.28978958109418     
  8.940000000000000E-003   3.28790860225371     
  8.960000000000001E-003   3.28606129188491     
  8.980000000000000E-003   3.28425981909573     
  9.000000000000001E-003   3.28251363209874     
  9.020000000000000E-003   3.28082864840585     
  9.040000000000001E-003   3.27920749326495     
  9.060000000000000E-003   3.27765017480025     
  9.080000000000001E-003   3.27615493552516     
  9.100000000000000E-003   3.27471916921820     
  9.120000000000001E-003   3.27334020554392     
  9.140000000000001E-003   3.27201572091652     
  9.160000000000001E-003   3.27074402638474     
  9.180000000000001E-003   3.26952466469014     
  9.200000000000002E-003   3.26835723676125     
  9.220000000000001E-003   3.26724108409534     
  9.240000000000000E-003   3.26617667461563     
  9.260000000000001E-003   3.26516445193147     
  9.280000000000000E-003   3.26420280303280     
  9.300000000000001E-003   3.26328389206418     
  9.320000000000000E-003   3.26239537749434     
  9.340000000000001E-003   3.26152630513528     
  9.360000000000000E-003   3.26066658418822     
  9.380000000000001E-003   3.25980947555188     
  9.400000000000000E-003   3.25895285805216     
  9.420000000000001E-003   3.25809895944915     
  9.440000000000000E-003   3.25725210815158     
  9.460000000000001E-003   3.25641718704569     
  9.480000000000001E-003   3.25559867322556     
  9.500000000000001E-003   3.25479957746563     
  9.520000000000001E-003   3.25401961079785     
  9.540000000000002E-003   3.25325453498542     
  9.560000000000001E-003   3.25249809101139     
  9.580000000000000E-003   3.25174319743731     
  9.600000000000001E-003   3.25098651342379     
  9.620000000000000E-003   3.25023072998760     
  9.640000000000001E-003   3.24948567685812     
  9.660000000000000E-003   3.24877542868271     
  9.680000000000001E-003   3.24813373525562     
  9.700000000000000E-003   3.24762085574010     
  9.720000000000001E-003   3.24728673363711     
  9.740000000000000E-003   3.24723605066813     
  9.760000000000001E-003   3.24744845772264     
  9.780000000000000E-003   3.24794351077444     
  9.800000000000001E-003   3.24876539802687     
  9.820000000000001E-003   3.25009460815483     
  9.840000000000002E-003   3.25211890198586     
  9.860000000000001E-003   3.25510374193077     
  9.880000000000002E-003   3.25939995726506     
  9.900000000000001E-003   3.26546145406274     
  9.920000000000000E-003   3.27384599749189     
  9.940000000000001E-003   3.28518727025717     
  9.960000000000000E-003   3.30014285704402     
  9.980000000000001E-003   3.31766188110176     
  1.000000000000000E-002   3.33312264739419     
  1.002000000000000E-002   3.34510618689587     
  1.004000000000000E-002   3.35397428223514     
  1.006000000000000E-002   3.36026321522121     
  1.008000000000000E-002   3.36450452467099     
  1.010000000000000E-002   3.36718444175362     
  1.012000000000000E-002   3.36871038681863     
  1.014000000000000E-002   3.36936681312060     
  1.016000000000000E-002   3.36937060901113     
  1.018000000000000E-002   3.36894126476049     
  1.020000000000000E-002   3.36809258297021     
  1.022000000000000E-002   3.36674056143214     
  1.024000000000000E-002   3.36509246842405     
  1.026000000000000E-002   3.36333934872558     
  1.028000000000000E-002   3.36156908853607     
  1.030000000000000E-002   3.35978400918947     
  1.032000000000000E-002   3.35800121078356     
  1.034000000000000E-002   3.35627642177498     
  1.036000000000000E-002   3.35464188159508     
  1.038000000000000E-002   3.35309433131237     
  1.040000000000000E-002   3.35163047469363     
  1.042000000000000E-002   3.35024271905667     
  1.044000000000000E-002   3.34894335257640     
  1.046000000000000E-002   3.34774027268571     
  1.048000000000000E-002   3.34661832514807     
  1.050000000000000E-002   3.34559030517279     
  1.052000000000000E-002   3.34468232819347     
  1.054000000000000E-002   3.34390948878664     
  1.056000000000000E-002   3.34327626503989     
  1.058000000000000E-002   3.34278054647477     
  1.060000000000000E-002   3.34241588899936     
  1.062000000000000E-002   3.34217365210605     
  1.064000000000000E-002   3.34204387872649     
  1.066000000000000E-002   3.34201813420410     
  1.068000000000000E-002   3.34208944059023     
  1.070000000000000E-002   3.34229651037822     
  1.072000000000000E-002   3.34265147914755     
  1.074000000000000E-002   3.34320043529766     
  1.076000000000000E-002   3.34388109048594     
  1.078000000000000E-002   3.34449408145866     
  1.080000000000000E-002   3.34497734369919     
  1.082000000000000E-002   3.34532424819926     
  1.084000000000000E-002   3.34553469009586     
  1.086000000000000E-002   3.34564017393447     
  1.088000000000000E-002   3.34565477749134     
  1.090000000000000E-002   3.34557613391719     
  1.092000000000000E-002   3.34532303093604     
  1.094000000000000E-002   3.34491176382289     
  1.096000000000000E-002   3.34436969733544     
  1.098000000000000E-002   3.34372157728379     
  1.100000000000000E-002   3.34299321557086     
  1.102000000000000E-002   3.34220997909538     
  1.104000000000000E-002   3.34139850237697     
  1.106000000000000E-002   3.34059653456752     
  1.108000000000000E-002   3.33984475135612     
  1.110000000000000E-002   3.33916839636615     
  1.112000000000000E-002   3.33857662796040     
  1.114000000000000E-002   3.33806221976040     
  1.116000000000000E-002   3.33762348953745     
  1.118000000000000E-002   3.33730471080753     
  1.120000000000000E-002   3.33713691682621     
  1.122000000000000E-002   3.33714917652201     
  1.124000000000000E-002   3.33731124396953     
  1.126000000000000E-002   3.33769599634491     
  1.128000000000000E-002   3.33832135438052     
  1.130000000000000E-002   3.33920858630413     
  1.132000000000000E-002   3.34037541121969     
  1.134000000000000E-002   3.34183156948477     
  1.136000000000000E-002   3.34357943383575     
  1.138000000000000E-002   3.34559289466808     
  1.140000000000000E-002   3.34764563798180     
  1.142000000000000E-002   3.34963120324269     
  1.144000000000000E-002   3.35151574944877     
  1.146000000000000E-002   3.35331929392513     
  1.148000000000000E-002   3.35507371875454     
  1.150000000000000E-002   3.35680995057367     
  1.152000000000000E-002   3.35856563282257     
  1.154000000000000E-002   3.36037875283707     
  1.156000000000000E-002   3.36227625820122     
  1.158000000000000E-002   3.36426303548506     
  1.160000000000000E-002   3.36634667185457     
  1.162000000000000E-002   3.36853530351595     
  1.164000000000000E-002   3.37083458051463     
  1.166000000000000E-002   3.37318148916776     
  1.168000000000000E-002   3.37545246590654     
  1.170000000000000E-002   3.37757035097071     
  1.172000000000000E-002   3.37947518186802     
  1.174000000000000E-002   3.38113036559611     
  1.176000000000000E-002   3.38251999677145     
  1.178000000000000E-002   3.38365341515549     
  1.180000000000000E-002   3.38453975729695     
  1.182000000000000E-002   3.38518997545818     
  1.184000000000000E-002   3.38561317598278     
  1.186000000000000E-002   3.38581118220146     
  1.188000000000000E-002   3.38582877977917     
  1.190000000000000E-002   3.38568943033188     
  1.192000000000000E-002   3.38538790465655     
  1.194000000000000E-002   3.38495161858187     
  1.196000000000000E-002   3.38440564184346     
  1.198000000000000E-002   3.38376500699984     
  1.200000000000000E-002   3.38304125766460     
  1.202000000000000E-002   3.38224973914932     
  1.204000000000000E-002   3.38141111522573     
  1.206000000000000E-002   3.38054572342774     
  1.208000000000000E-002   3.37967111024027     
  1.210000000000000E-002   3.37879821573380     
  1.212000000000000E-002   3.37794935427461     
  1.214000000000000E-002   3.37714085270949     
  1.216000000000000E-002   3.37638839060750     
  1.218000000000000E-002   3.37570663912135     
  1.220000000000000E-002   3.37510273980569     
  1.222000000000000E-002   3.37457782730679     
  1.224000000000000E-002   3.37413147776961     
  1.226000000000000E-002   3.37375767477406     
  1.228000000000000E-002   3.37344479651152     
  1.230000000000000E-002   3.37317210182111     
  1.232000000000000E-002   3.37295103135814     
  1.234000000000000E-002   3.37276789090609     
  1.236000000000000E-002   3.37260838710911     
  1.238000000000000E-002   3.37245519898020     
  1.240000000000000E-002   3.37228737219585     
  1.242000000000000E-002   3.37208766127211     
  1.244000000000000E-002   3.37185375030996     
  1.246000000000000E-002   3.37157989168886     
  1.248000000000000E-002   3.37124294203939     
  1.250000000000000E-002   3.37082852749659     
  1.252000000000000E-002   3.37033098477868     
  1.254000000000000E-002   3.36974690317740     
  1.256000000000000E-002   3.36907372011381     
  1.258000000000000E-002   3.36830950742159     
  1.260000000000000E-002   3.36746037370052     
  1.262000000000000E-002   3.36653315041213     
  1.264000000000000E-002   3.36553562386938     
  1.266000000000000E-002   3.36451284123386     
  1.268000000000000E-002   3.36353379204028     
  1.270000000000000E-002   3.36261261899917     
  1.272000000000000E-002   3.36175813269441     
  1.274000000000000E-002   3.36097249133431     
  1.276000000000000E-002   3.36024783594089     
  1.278000000000000E-002   3.35956320504627     
  1.280000000000000E-002   3.35889748092868     
  1.282000000000000E-002   3.35822853599499     
  1.284000000000000E-002   3.35754605548684     
  1.286000000000000E-002   3.35683297384891     
  1.288000000000000E-002   3.35606969951456     
  1.290000000000000E-002   3.35523177828011     
  1.292000000000000E-002   3.35429759288927     
  1.294000000000000E-002   3.35324693583226     
  1.296000000000000E-002   3.35206563756831     
  1.298000000000000E-002   3.35075092416688     
  1.300000000000000E-002   3.34931005784481     
  1.302000000000000E-002   3.34775295675367     
  1.304000000000000E-002   3.34609115976911     
  1.306000000000000E-002   3.34433864908128     
  1.308000000000000E-002   3.34251274485262     
  1.310000000000000E-002   3.34062516835685     
  1.312000000000000E-002   3.33868618580293     
  1.314000000000000E-002   3.33670763062290     
  1.316000000000000E-002   3.33468931755974     
  1.318000000000000E-002   3.33267070376293     
  1.320000000000000E-002   3.33070903211904     
  1.322000000000000E-002   3.32883582187474     
  1.324000000000000E-002   3.32707175529238     
  1.326000000000000E-002   3.32542736529758     
  1.328000000000000E-002   3.32390620472261     
  1.330000000000000E-002   3.32250898723351     
  1.332000000000000E-002   3.32123548419337     
  1.334000000000000E-002   3.32008547260663     
  1.336000000000000E-002   3.31905953763258     
  1.338000000000000E-002   3.31815370956178     
  1.340000000000000E-002   3.31735841122613     
  1.342000000000000E-002   3.31666006479337     
  1.344000000000000E-002   3.31604500738299     
  1.346000000000000E-002   3.31548698379061     
  1.348000000000000E-002   3.31496046280312     
  1.350000000000000E-002   3.31444006049838     
  1.352000000000000E-002   3.31391540773428     
  1.354000000000000E-002   3.31337946772152     
  1.356000000000000E-002   3.31282015135922     
  1.358000000000000E-002   3.31222413889898     
  1.360000000000000E-002   3.31158253024092     
  1.362000000000000E-002   3.31088667651403     
  1.364000000000000E-002   3.31012747035455     
  1.366000000000000E-002   3.30929542995565     
  1.368000000000000E-002   3.30838282001465     
  1.370000000000000E-002   3.30738704630845     
  1.372000000000000E-002   3.30631148852658     
  1.374000000000000E-002   3.30516391728630     
  1.376000000000000E-002   3.30395463492891     
  1.378000000000000E-002   3.30269514410542     
  1.380000000000000E-002   3.30139738487687     
  1.382000000000000E-002   3.30007076345726     
  1.384000000000000E-002   3.29872238423698     
  1.386000000000000E-002   3.29735982717526     
  1.388000000000000E-002   3.29598798878873     
  1.390000000000000E-002   3.29460329776734     
  1.392000000000000E-002   3.29320991014961     
  1.394000000000000E-002   3.29180968536055     
  1.396000000000000E-002   3.29040157827131     
  1.398000000000000E-002   3.28898988609368     
  1.400000000000000E-002   3.28757377835377     
  1.402000000000000E-002   3.28615347682714     
  1.404000000000000E-002   3.28472580281653     
  1.406000000000000E-002   3.28328881879106     
  1.408000000000000E-002   3.28184358549558     
  1.410000000000000E-002   3.28038679382659     
  1.412000000000000E-002   3.27891663332682     
  1.414000000000000E-002   3.27743451370457     
  1.416000000000000E-002   3.27593569145007     
  1.418000000000000E-002   3.27441522581643     
  1.420000000000000E-002   3.27287483811930     
  1.422000000000000E-002   3.27131893719157     
  1.424000000000000E-002   3.26975265697565     
  1.426000000000000E-002   3.26818918697874     
  1.428000000000000E-002   3.26663966045303     
  1.430000000000000E-002   3.26510813707889     
  1.432000000000000E-002   3.26359759704217     
  1.434000000000000E-002   3.26211138391909     
  1.436000000000000E-002   3.26065407931334     
  1.438000000000000E-002   3.25923182404893     
  1.440000000000000E-002   3.25785212845430     
  1.442000000000000E-002   3.25652331207428     
  1.444000000000000E-002   3.25525379749765     
  1.446000000000000E-002   3.25405136075057     
  1.448000000000000E-002   3.25292237832805     
  1.450000000000000E-002   3.25187130918693     
  1.452000000000000E-002   3.25090066938907     
  1.454000000000000E-002   3.25001116746163     
  1.456000000000000E-002   3.24920183936024     
  1.458000000000000E-002   3.24847007374080     
  1.460000000000000E-002   3.24781124603582     
  1.462000000000000E-002   3.24721911138907     
  1.464000000000000E-002   3.24668475214482     
  1.466000000000000E-002   3.24619709899789     
  1.468000000000000E-002   3.24574336804952     
  1.470000000000000E-002   3.24530962653242     
  1.472000000000000E-002   3.24488746810590     
  1.474000000000000E-002   3.24446874202064     
  1.476000000000000E-002   3.24405164313890     
  1.478000000000000E-002   3.24363866543606     
  1.480000000000000E-002   3.24323583514159     
  1.482000000000000E-002   3.24285280347568     
  1.484000000000000E-002   3.24250019160669     
  1.486000000000000E-002   3.24218992780174     
  1.488000000000000E-002   3.24192963743764     
  1.490000000000000E-002   3.24171920134266     
  1.492000000000000E-002   3.24154007213693     
  1.494000000000000E-002   3.24137419492773     
  1.496000000000000E-002   3.24126982360438     
  1.498000000000000E-002   3.24125254588379     
  1.500000000000000E-002   3.24135293286939     
  1.502000000000000E-002   3.24159665564186     
  1.504000000000000E-002   3.24204185526966     
  1.506000000000000E-002   3.24273665190151     
  1.508000000000000E-002   3.24373554573980     
  1.510000000000000E-002   3.24509648661656     
  1.512000000000000E-002   3.24688318555598     
  1.514000000000000E-002   3.24916268188728     
  1.516000000000000E-002   3.25200491267711     
  1.518000000000000E-002   3.25548257931925     
  1.520000000000000E-002   3.25966932273589     
  1.522000000000000E-002   3.26463500538427     
  1.524000000000000E-002   3.27043867809316     
  1.526000000000000E-002   3.27715178291272     
  1.528000000000000E-002   3.28424846907647     
  1.530000000000000E-002   3.29096107664932     
  1.532000000000000E-002   3.29713096896419     
  1.534000000000000E-002   3.30274400194432     
  1.536000000000000E-002   3.30782905571949     
  1.538000000000000E-002   3.31240648246409     
  1.540000000000000E-002   3.31650259919838     
  1.542000000000000E-002   3.32014310249105     
  1.544000000000000E-002   3.32335488033423     
  1.546000000000000E-002   3.32616538550415     
  1.548000000000000E-002   3.32860196496301     
  1.550000000000000E-002   3.33069122437455     
  1.552000000000000E-002   3.33245919499442     
  1.554000000000000E-002   3.33393245227028     
  1.556000000000000E-002   3.33513966777960     
  1.558000000000000E-002   3.33611211496248     
  1.560000000000000E-002   3.33688233486995     
  1.562000000000000E-002   3.33748122276870     
  1.564000000000000E-002   3.33793525535222     
  1.566000000000000E-002   3.33826542324547     
  1.568000000000000E-002   3.33848850248729     
  1.570000000000000E-002   3.33861601612624     
  1.572000000000000E-002   3.33866653072926     
  1.574000000000000E-002   3.33864057429787     
  1.576000000000000E-002   3.33852255701153     
  1.578000000000000E-002   3.33828683057426     
  1.580000000000000E-002   3.33797414257963     
  1.582000000000000E-002   3.33760219288019     
  1.584000000000000E-002   3.33718944608359     
  1.586000000000000E-002   3.33674590095326     
  1.588000000000000E-002   3.33628008818864     
  1.590000000000000E-002   3.33579603328170     
  1.592000000000000E-002   3.33529361285392     
  1.594000000000000E-002   3.33477278926567     
  1.596000000000000E-002   3.33423540505116     
  1.598000000000000E-002   3.33368497481330     
  1.600000000000000E-002   3.33312563955201     
  1.602000000000000E-002   3.33256076963067     
  1.604000000000000E-002   3.33199255099358     
  1.606000000000000E-002   3.33142846575941     
  1.608000000000000E-002   3.33088227172227     
  1.610000000000000E-002   3.33036112018722     
  1.612000000000000E-002   3.32987274325296     
  1.614000000000000E-002   3.32942390684426     
  1.616000000000000E-002   3.32902014060543     
  1.618000000000000E-002   3.32866600264656     
  1.620000000000000E-002   3.32836492955104     
  1.622000000000000E-002   3.32811914762021     
  1.624000000000000E-002   3.32793193536368     
  1.626000000000000E-002   3.32780714080682     
  1.628000000000000E-002   3.32774549283102     
  1.630000000000000E-002   3.32774015381871     
  1.632000000000000E-002   3.32777494547293     
  1.634000000000000E-002   3.32784864732217     
  1.636000000000000E-002   3.32795081371616     
  1.638000000000000E-002   3.32805848418392     
  1.640000000000000E-002   3.32816263670178     
  1.642000000000000E-002   3.32826402389847     
  1.644000000000000E-002   3.32836324073547     
  1.646000000000000E-002   3.32846031958059     
  1.648000000000000E-002   3.32855558647758     
  1.650000000000000E-002   3.32864966716062     
  1.652000000000000E-002   3.32873939421823     
  1.654000000000000E-002   3.32881995451694     
  1.656000000000000E-002   3.32888743643732     
  1.658000000000000E-002   3.32893826986628     
  1.660000000000000E-002   3.32896897930410     
  1.662000000000000E-002   3.32897768695176     
  1.664000000000000E-002   3.32896423630981     
  1.666000000000000E-002   3.32892645080484     
  1.668000000000000E-002   3.32885638912027     
  1.670000000000000E-002   3.32875656319635     
  1.672000000000000E-002   3.32862527347792     
  1.674000000000000E-002   3.32845887723421     
  1.676000000000000E-002   3.32825384838130     
  1.678000000000000E-002   3.32800764328763     
  1.680000000000000E-002   3.32771799392004     
  1.682000000000000E-002   3.32738498338918     
  1.684000000000000E-002   3.32701514351026     
  1.686000000000000E-002   3.32661710284207     
  1.688000000000000E-002   3.32619789003215     
  1.690000000000000E-002   3.32576965364497     
  1.692000000000000E-002   3.32534054537229     
  1.694000000000000E-002   3.32492122185795     
  1.696000000000000E-002   3.32452601396822     
  1.698000000000000E-002   3.32416708852676     
  1.700000000000000E-002   3.32385950301270     
  1.702000000000000E-002   3.32361254630451     
  1.704000000000000E-002   3.32343463602275     
  1.706000000000000E-002   3.32337732502507     
  1.708000000000000E-002   3.32342037154399     
  1.710000000000000E-002   3.32355289928197     
  1.712000000000000E-002   3.32379515181997     
  1.714000000000000E-002   3.32414343733739     
  1.716000000000000E-002   3.32459767332359     
  1.718000000000000E-002   3.32516079653584     
  1.720000000000000E-002   3.32584216754760     
  1.722000000000000E-002   3.32665063575129     
  1.724000000000000E-002   3.32759012851015     
  1.726000000000000E-002   3.32867008581918     
  1.728000000000000E-002   3.32990355726027     
  1.730000000000000E-002   3.33130174144005     
  1.732000000000000E-002   3.33286779827587     
  1.734000000000000E-002   3.33459508316654     
  1.736000000000000E-002   3.33647619865469     
  1.738000000000000E-002   3.33849705806775     
  1.740000000000000E-002   3.34064310204710     
  1.742000000000000E-002   3.34290580026928     
  1.744000000000000E-002   3.34528473491530     
  1.746000000000000E-002   3.34778590437761     
  1.748000000000000E-002   3.35041696346735     
  1.750000000000000E-002   3.35319800284617     
  1.752000000000000E-002   3.35602906622812     
  1.754000000000000E-002   3.35872155687063     
  1.756000000000000E-002   3.36119506426268     
  1.758000000000000E-002   3.36346167334579     
  1.760000000000000E-002   3.36553563616374     
  1.762000000000000E-002   3.36741207312920     
  1.764000000000000E-002   3.36907665991819     
  1.766000000000000E-002   3.37051832647111     
  1.768000000000000E-002   3.37174452041162     
  1.770000000000000E-002   3.37277546022192     
  1.772000000000000E-002   3.37363281851448     
  1.774000000000000E-002   3.37433696408917     
  1.776000000000000E-002   3.37490329219345     
  1.778000000000000E-002   3.37533438759391     
  1.780000000000000E-002   3.37564868463676     
  1.782000000000000E-002   3.37582894608522     
  1.784000000000000E-002   3.37585940156750     
  1.786000000000000E-002   3.37576261979066     
  1.788000000000000E-002   3.37553712911392     
  1.790000000000000E-002   3.37518348449730     
  1.792000000000000E-002   3.37472211171916     
  1.794000000000000E-002   3.37414816144525     
  1.796000000000000E-002   3.37347876360013     
  1.798000000000000E-002   3.37273367685636     
  1.800000000000000E-002   3.37192716890167     
  1.802000000000000E-002   3.37107139670181     
  1.804000000000000E-002   3.37018084516875     
  1.806000000000000E-002   3.36927525713801     
  1.808000000000000E-002   3.36836792003800     
  1.810000000000000E-002   3.36747212794456     
  1.812000000000000E-002   3.36659400565684     
  1.814000000000000E-002   3.36573462118634     
  1.816000000000000E-002   3.36489477975703     
  1.818000000000000E-002   3.36407542075664     
  1.820000000000000E-002   3.36327715695094     
  1.822000000000000E-002   3.36250482495668     
  1.824000000000000E-002   3.36175874014242     
  1.826000000000000E-002   3.36102615522165     
  1.828000000000000E-002   3.36030120705097     
  1.830000000000000E-002   3.35958163650170     
  1.832000000000000E-002   3.35886672821321     
  1.834000000000000E-002   3.35814922714790     
  1.836000000000000E-002   3.35742613478693     
  1.838000000000000E-002   3.35669392248293     
  1.840000000000000E-002   3.35595033623064     
  1.842000000000000E-002   3.35519389088854     
  1.844000000000000E-002   3.35442528334027     
  1.846000000000000E-002   3.35364586595397     
  1.848000000000000E-002   3.35285685555982     
  1.850000000000000E-002   3.35206000049607     
  1.852000000000000E-002   3.35125968973377     
  1.854000000000000E-002   3.35046286691125     
  1.856000000000000E-002   3.34967693023736     
  1.858000000000000E-002   3.34890417907763     
  1.860000000000000E-002   3.34814744325889     
  1.862000000000000E-002   3.34740811645497     
  1.864000000000000E-002   3.34668592822166     
  1.866000000000000E-002   3.34598306558827     
  1.868000000000000E-002   3.34529730508631     
  1.870000000000000E-002   3.34463134514178     
  1.872000000000000E-002   3.34398918597419     
  1.874000000000000E-002   3.34338356860777     
  1.876000000000000E-002   3.34282488434132     
  1.878000000000000E-002   3.34231958162086     
  1.880000000000000E-002   3.34186927831442     
  1.882000000000000E-002   3.34147691254375     
  1.884000000000000E-002   3.34114516414323     
  1.886000000000000E-002   3.34087635583342     
  1.888000000000000E-002   3.34067529504979     
  1.890000000000000E-002   3.34053669623687     
  1.892000000000000E-002   3.34046124361180     
  1.894000000000000E-002   3.34044396726026     
  1.896000000000000E-002   3.34046330416448     
  1.898000000000000E-002   3.34051397948287     
  1.900000000000000E-002   3.34060135476675     
  1.902000000000000E-002   3.34073107065157     
  1.904000000000000E-002   3.34089895110317     
  1.906000000000000E-002   3.34110057398073     
  1.908000000000000E-002   3.34133578513497     
  1.910000000000000E-002   3.34160133557484     
  1.912000000000000E-002   3.34189085776885     
  1.914000000000000E-002   3.34220073558450     
  1.916000000000000E-002   3.34253037373968     
  1.918000000000000E-002   3.34288006267126     
  1.920000000000000E-002   3.34325011349619     
  1.922000000000000E-002   3.34364103076449     
  1.924000000000000E-002   3.34405343909100     
  1.926000000000000E-002   3.34448812151764     
  1.928000000000000E-002   3.34494597560668     
  1.930000000000000E-002   3.34542820932241     
  1.932000000000000E-002   3.34593691517068     
  1.934000000000000E-002   3.34647482728548     
  1.936000000000000E-002   3.34704581204850     
  1.938000000000000E-002   3.34765426620382     
  1.940000000000000E-002   3.34830353241568     
  1.942000000000000E-002   3.34899739516358     
  1.944000000000000E-002   3.34973778345184     
  1.946000000000000E-002   3.35052736092236     
  1.948000000000000E-002   3.35137515431409     
  1.950000000000000E-002   3.35226384370945     
  1.952000000000000E-002   3.35317401616267     
  1.954000000000000E-002   3.35407792215652     
  1.956000000000000E-002   3.35496910954546     
  1.958000000000000E-002   3.35585136381078     
  1.960000000000000E-002   3.35672502686079     
  1.962000000000000E-002   3.35758939351359     
  1.964000000000000E-002   3.35844396835601     
  1.966000000000000E-002   3.35928797550791     
  1.968000000000000E-002   3.36012162579779     
  1.970000000000000E-002   3.36094668700732     
  1.972000000000000E-002   3.36176532542960     
  1.974000000000000E-002   3.36257777675645     
  1.976000000000000E-002   3.36338136802608     
  1.978000000000000E-002   3.36417105382356     
  1.980000000000000E-002   3.36494090048361     
  1.982000000000000E-002   3.36568771772753     
  1.984000000000000E-002   3.36640812423667     
  1.986000000000000E-002   3.36710052303642     
  1.988000000000000E-002   3.36776561192686     
  1.990000000000000E-002   3.36840548021900     
  1.992000000000000E-002   3.36902259797187     
  1.994000000000000E-002   3.36961886175432     
  1.996000000000000E-002   3.37019583332800     
  1.998000000000000E-002   3.37075539388969     
  2.000000000000000E-002   3.37129979825757     
  2.002000000000000E-002   3.37183094143965     
  2.004000000000000E-002   3.37235010654125     
  2.006000000000000E-002   3.37285655805472     
  2.008000000000000E-002   3.37334958833648     
  2.010000000000000E-002   3.37382868577948     
  2.012000000000000E-002   3.37429362501501     
  2.014000000000000E-002   3.37474424229263     
  2.016000000000000E-002   3.37518041466137     
  2.018000000000000E-002   3.37560189223925     
  2.020000000000000E-002   3.37600685739776     
  2.022000000000000E-002   3.37639255045502     
  2.024000000000000E-002   3.37675506526918     
  2.026000000000000E-002   3.37708762237464     
  2.028000000000000E-002   3.37738495618043     
  2.030000000000000E-002   3.37764583258434     
  2.032000000000000E-002   3.37786542627745     
  2.034000000000000E-002   3.37802648932158     
  2.036000000000000E-002   3.37812146441986     
  2.038000000000000E-002   3.37815212924018     
  2.040000000000000E-002   3.37811215817466     
  2.042000000000000E-002   3.37802151684281     
  2.044000000000000E-002   3.37786618852010     
  2.046000000000000E-002   3.37764594091270     
  2.048000000000000E-002   3.37736151853258     
  2.050000000000000E-002   3.37701305641058     
  2.052000000000000E-002   3.37660121536786     
  2.054000000000000E-002   3.37612636356270     
  2.056000000000000E-002   3.37558881585762     
  2.058000000000000E-002   3.37498934846698     
  2.060000000000000E-002   3.37432842561748     
  2.062000000000000E-002   3.37360641466134     
  2.064000000000000E-002   3.37282486034646     
  2.066000000000000E-002   3.37198659341432     
  2.068000000000000E-002   3.37109465419221     
  2.070000000000000E-002   3.37015247449882     
  2.072000000000000E-002   3.36916428808978     
  2.074000000000000E-002   3.36813478893251     
  2.076000000000000E-002   3.36706946028568     
  2.078000000000000E-002   3.36597604205983     
  2.080000000000000E-002   3.36486352036725     
  2.082000000000000E-002   3.36374351032345     
  2.084000000000000E-002   3.36262247209533     
  2.086000000000000E-002   3.36150529286759     
  2.088000000000000E-002   3.36039600081115     
  2.090000000000000E-002   3.35929637839115     
  2.092000000000000E-002   3.35820790700826     
  2.094000000000000E-002   3.35713103750457     
  2.096000000000000E-002   3.35606608694896     
  2.098000000000000E-002   3.35501286076740     
  2.100000000000000E-002   3.35397586699316     
  2.102000000000000E-002   3.35296002464216     
  2.104000000000000E-002   3.35196688405168     
  2.106000000000000E-002   3.35099555013559     
  2.108000000000000E-002   3.35004502990861     
  2.110000000000000E-002   3.34911379556691     
  2.112000000000000E-002   3.34820045780363     
  2.114000000000000E-002   3.34730461477031     
  2.116000000000000E-002   3.34642663898389     
  2.118000000000000E-002   3.34556703363338     
  2.120000000000000E-002   3.34472611111490     
  2.122000000000000E-002   3.34390374727381     
  2.124000000000000E-002   3.34309925959747     
  2.126000000000000E-002   3.34231142997678     
  2.128000000000000E-002   3.34153887463088     
  2.130000000000000E-002   3.34078048244328     
  2.132000000000000E-002   3.34003571681604     
  2.134000000000000E-002   3.33930444595023     
  2.136000000000000E-002   3.33858685289561     
  2.138000000000000E-002   3.33788340476897     
  2.140000000000000E-002   3.33719446996568     
  2.142000000000000E-002   3.33652060258585     
  2.144000000000000E-002   3.33586228523083     
  2.146000000000000E-002   3.33521960178654     
  2.148000000000000E-002   3.33459201014535     
  2.150000000000000E-002   3.33397813135331     
  2.152000000000000E-002   3.33337585537767     
  2.154000000000000E-002   3.33278275819023     
  2.156000000000000E-002   3.33219528044463     
  2.158000000000000E-002   3.33161123453384     
  2.160000000000000E-002   3.33102741909518     
  2.162000000000000E-002   3.33044180357312     
  2.164000000000000E-002   3.32985190710974     
  2.166000000000000E-002   3.32925471697769     
  2.168000000000000E-002   3.32864694438032     
  2.170000000000000E-002   3.32802589191322     
  2.172000000000000E-002   3.32738995501464     
  2.174000000000000E-002   3.32673794525068     
  2.176000000000000E-002   3.32606841641608     
  2.178000000000000E-002   3.32538003831363     
  2.180000000000000E-002   3.32467225686795     
  2.182000000000000E-002   3.32394566218009     
  2.184000000000000E-002   3.32320199250544     
  2.186000000000000E-002   3.32244420783652     
  2.188000000000000E-002   3.32167644427739     
  2.190000000000000E-002   3.32090232662528     
  2.192000000000000E-002   3.32013134268147     
  2.194000000000000E-002   3.31937267173694     
  2.196000000000000E-002   3.31863216870776     
  2.198000000000000E-002   3.31791350626183     
  2.200000000000000E-002   3.31721910185519     
  2.202000000000000E-002   3.31655073027172     
  2.204000000000000E-002   3.31590996593957     
  2.206000000000000E-002   3.31529839716438     
  2.208000000000000E-002   3.31471761595798     
  2.210000000000000E-002   3.31416907369979     
  2.212000000000000E-002   3.31365388215325     
  2.214000000000000E-002   3.31317263313403     
  2.216000000000000E-002   3.31272532371577     
  2.218000000000000E-002   3.31231147229188     
  2.220000000000000E-002   3.31193044828533     
  2.222000000000000E-002   3.31158191975266     
  2.224000000000000E-002   3.31126619375409     
  2.226000000000000E-002   3.31098431678698     
  2.228000000000000E-002   3.31073822317131     
  2.230000000000000E-002   3.31053063831790     
  2.232000000000000E-002   3.31035969789518     
  2.234000000000000E-002   3.31023078601234     
  2.236000000000000E-002   3.31014622843506     
  2.238000000000000E-002   3.31010975064641     
  2.240000000000000E-002   3.31011937025784     
  2.242000000000000E-002   3.31016837365854     
  2.244000000000000E-002   3.31026196995511     
  2.246000000000000E-002   3.31040277945720     
  2.248000000000000E-002   3.31059192635649     
  2.250000000000000E-002   3.31083125479727     
  2.252000000000000E-002   3.31112280140324     
  2.254000000000000E-002   3.31146620918024     
  2.256000000000000E-002   3.31185846968525     
  2.258000000000000E-002   3.31229171310979     
  2.260000000000000E-002   3.31275497548299     
  2.262000000000000E-002   3.31323424823662     
  2.264000000000000E-002   3.31372552973362     
  2.266000000000000E-002   3.31423079025048     
  2.268000000000000E-002   3.31474744762675     
  2.270000000000000E-002   3.31527176610495     
  2.272000000000000E-002   3.31580146730391     
  2.274000000000000E-002   3.31633777094309     
  2.276000000000000E-002   3.31688157245156     
  2.278000000000000E-002   3.31743366198658     
  2.280000000000000E-002   3.31799682854894     
  2.282000000000000E-002   3.31857445079293     
  2.284000000000000E-002   3.31917020515684     
  2.286000000000000E-002   3.31978783401344     
  2.288000000000000E-002   3.32043112452136     
  2.290000000000000E-002   3.32110423856990     
  2.292000000000000E-002   3.32180798095382     
  2.294000000000000E-002   3.32255372809459     
  2.296000000000000E-002   3.32332716407403     
  2.298000000000000E-002   3.32410728710056     
  2.300000000000000E-002   3.32486129860724     
  2.302000000000000E-002   3.32558106746487     
  2.304000000000000E-002   3.32626756857703     
  2.306000000000000E-002   3.32692107277846     
  2.308000000000000E-002   3.32754308092747     
  2.310000000000000E-002   3.32813564239524     
  2.312000000000000E-002   3.32870081262410     
  2.314000000000000E-002   3.32924023272377     
  2.316000000000000E-002   3.32975552825884     
  2.318000000000000E-002   3.33024846888879     
  2.320000000000000E-002   3.33072080882449     
  2.322000000000000E-002   3.33117396627814     
  2.324000000000000E-002   3.33160833371333     
  2.326000000000000E-002   3.33202268763585     
  2.328000000000000E-002   3.33241621787571     
  2.330000000000000E-002   3.33278681625029     
  2.332000000000000E-002   3.33313524436514     
  2.334000000000000E-002   3.33345903464096     
  2.336000000000000E-002   3.33375859386466     
  2.338000000000000E-002   3.33403481112801     
  2.340000000000000E-002   3.33429221896324     
  2.342000000000000E-002   3.33452161800958     
  2.344000000000000E-002   3.33470397469271     
  2.346000000000000E-002   3.33484115253456     
  2.348000000000000E-002   3.33494329025750     
  2.350000000000000E-002   3.33501536965673     
  2.352000000000000E-002   3.33505710782108     
  2.354000000000000E-002   3.33507417292099     
  2.356000000000000E-002   3.33507391686805     
  2.358000000000000E-002   3.33505961898499     
  2.360000000000000E-002   3.33503181011473     
  2.362000000000000E-002   3.33499269918288     
  2.364000000000000E-002   3.33494405977421     
  2.366000000000000E-002   3.33488621097217     
  2.368000000000000E-002   3.33481764252879     
  2.370000000000000E-002   3.33473572853717     
  2.372000000000000E-002   3.33463655479932     
  2.374000000000000E-002   3.33451589124284     
  2.376000000000000E-002   3.33437338702006     
  2.378000000000000E-002   3.33420894327261     
  2.380000000000000E-002   3.33401529504635     
  2.382000000000000E-002   3.33379320875287     
  2.384000000000000E-002   3.33354302782671     
  2.386000000000000E-002   3.33326517475714     
  2.388000000000000E-002   3.33296033968712     
  2.390000000000000E-002   3.33262967398858     
  2.392000000000000E-002   3.33227508585033     
  2.394000000000000E-002   3.33189829998589     
  2.396000000000000E-002   3.33150138070290     
  2.398000000000000E-002   3.33108632822981     
  2.400000000000000E-002   3.33065543415630     
  2.402000000000000E-002   3.33021132685784     
  2.404000000000000E-002   3.32975718538497     
  2.406000000000000E-002   3.32929634360374     
  2.408000000000000E-002   3.32883238267310     
  2.410000000000000E-002   3.32836768256467     
  2.412000000000000E-002   3.32790600640179     
  2.414000000000000E-002   3.32744875902667     
  2.416000000000000E-002   3.32699694566164     
  2.418000000000000E-002   3.32655148062208     
  2.420000000000000E-002   3.32611312538729     
  2.422000000000000E-002   3.32568237354843     
  2.424000000000000E-002   3.32525932852089     
  2.426000000000000E-002   3.32484370618114     
  2.428000000000000E-002   3.32443502336143     
  2.430000000000000E-002   3.32403291314855     
  2.432000000000000E-002   3.32363758748532     
  2.434000000000000E-002   3.32325005421414     
  2.436000000000000E-002   3.32287175319198     
  2.438000000000000E-002   3.32250401743175     
  2.440000000000000E-002   3.32214777025159     
  2.442000000000000E-002   3.32180346490972     
  2.444000000000000E-002   3.32147128237588     
  2.446000000000000E-002   3.32115137253971     
  2.448000000000000E-002   3.32084400070761     
  2.450000000000000E-002   3.32054949412859     
  2.452000000000000E-002   3.32026803633180     
  2.454000000000000E-002   3.31999951509434     
  2.456000000000000E-002   3.31974345332724     
  2.458000000000000E-002   3.31949887685450     
  2.460000000000000E-002   3.31926427222220     
  2.462000000000000E-002   3.31903781018311     
  2.464000000000000E-002   3.31881780375360     
  2.466000000000000E-002   3.31860280626680     
  2.468000000000000E-002   3.31839121516890     
  2.470000000000000E-002   3.31818155081793     
  2.472000000000000E-002   3.31797194962511     
  2.474000000000000E-002   3.31776083705373     
  2.476000000000000E-002   3.31754683823989     
  2.478000000000000E-002   3.31732905855487     
  2.480000000000000E-002   3.31710670687064     
  2.482000000000000E-002   3.31687880592181     
  2.484000000000000E-002   3.31664441868635     
  2.486000000000000E-002   3.31640333740933     
  2.488000000000000E-002   3.31615545277298     
  2.490000000000000E-002   3.31590147517209     
  2.492000000000000E-002   3.31564268012866     
  2.494000000000000E-002   3.31537985564967     
  2.496000000000000E-002   3.31511359984229     
  2.498000000000000E-002   3.31484439138048     
  2.500000000000000E-002   3.31457268582685     
  2.502000000000000E-002   3.31429925952760     
  2.504000000000000E-002   3.31402573977475     
  2.506000000000000E-002   3.31375401251479     
  2.508000000000000E-002   3.31348555818094     
  2.510000000000000E-002   3.31322147498879     
  2.512000000000000E-002   3.31296265019674     
  2.514000000000000E-002   3.31270980343313     
  2.516000000000000E-002   3.31246338952385     
  2.518000000000000E-002   3.31222386270092     
  2.520000000000000E-002   3.31199202658665     
  2.522000000000000E-002   3.31176908896254     
  2.524000000000000E-002   3.31155686924834     
  2.526000000000000E-002   3.31135680676281     
  2.528000000000000E-002   3.31117023465390     
  2.530000000000000E-002   3.31099902906366     
  2.532000000000000E-002   3.31084475261126     
  2.534000000000000E-002   3.31070694931147     
  2.536000000000000E-002   3.31058268563248     
  2.538000000000000E-002   3.31047079935769     
  2.540000000000000E-002   3.31037123524024     
  2.542000000000000E-002   3.31028444031515     
  2.544000000000000E-002   3.31020965574176     
  2.546000000000000E-002   3.31014651623555     
  2.548000000000000E-002   3.31009481659428     
  2.550000000000000E-002   3.31005437274057     
  2.552000000000000E-002   3.31002364776146     
  2.554000000000000E-002   3.31000315136965     
  2.556000000000000E-002   3.30999116296029     
  2.558000000000000E-002   3.30998696845862     
  2.560000000000000E-002   3.30999034937928     
  2.562000000000000E-002   3.31000054768392     
  2.564000000000000E-002   3.31001828365893     
  2.566000000000000E-002   3.31004423971305     
  2.568000000000000E-002   3.31007877902376     
  2.570000000000000E-002   3.31012133687041     
  2.572000000000000E-002   3.31017112514832     
  2.574000000000000E-002   3.31022723074688     
  2.576000000000000E-002   3.31028918993658     
  2.578000000000000E-002   3.31035604871348     
  2.580000000000000E-002   3.31042082663423     
  2.582000000000000E-002   3.31047868779865     
  2.584000000000000E-002   3.31052636602398     
  2.586000000000000E-002   3.31056133571945     
  2.588000000000000E-002   3.31058165868237     
  2.590000000000000E-002   3.31058422450110     
  2.592000000000000E-002   3.31056859340223     
  2.594000000000000E-002   3.31052393557453     
  2.596000000000000E-002   3.31045335400961     
  2.598000000000000E-002   3.31035617531953     
  2.600000000000000E-002   3.31023232100733     
  2.602000000000000E-002   3.31008226379648     
  2.604000000000000E-002   3.30990636159832     
  2.606000000000000E-002   3.30970402499080     
  2.608000000000000E-002   3.30947594904121     
  2.610000000000000E-002   3.30922470135992     
  2.612000000000000E-002   3.30895168608341     
  2.614000000000000E-002   3.30865956922028     
  2.616000000000000E-002   3.30834925159303     
  2.618000000000000E-002   3.30802103822828     
  2.620000000000000E-002   3.30767495877730     
  2.622000000000000E-002   3.30731308754764     
  2.624000000000000E-002   3.30693763638422     
  2.626000000000000E-002   3.30655223705058     
  2.628000000000000E-002   3.30615623324678     
  2.630000000000000E-002   3.30575350487355     
  2.632000000000000E-002   3.30534733232135     
  2.634000000000000E-002   3.30493973218394     
  2.636000000000000E-002   3.30453144196534     
  2.638000000000000E-002   3.30412311781635     
  2.640000000000000E-002   3.30371587005436     
  2.642000000000000E-002   3.30331076110623     
  2.644000000000000E-002   3.30290889289745     
  2.646000000000000E-002   3.30251135086163     
  2.648000000000000E-002   3.30211951683314     
  2.650000000000000E-002   3.30173514404181     
  2.652000000000000E-002   3.30136050042024     
  2.654000000000000E-002   3.30099795275612     
  2.656000000000000E-002   3.30064996343411     
  2.658000000000000E-002   3.30031853118770     
  2.660000000000000E-002   3.30000568336032     
  2.662000000000000E-002   3.29971265573022     
  2.664000000000000E-002   3.29944118562961     
  2.666000000000000E-002   3.29919095899241     
  2.668000000000000E-002   3.29896359488787     
  2.670000000000000E-002   3.29875514165569     
  2.672000000000000E-002   3.29856871213545     
  2.674000000000000E-002   3.29839259328643     
  2.676000000000000E-002   3.29823536421155     
  2.678000000000000E-002   3.29809402325346     
  2.680000000000000E-002   3.29796510080735     
  2.682000000000000E-002   3.29784653769707     
  2.684000000000000E-002   3.29773640524106     
  2.686000000000000E-002   3.29763290145119     
  2.688000000000000E-002   3.29753442245419     
  2.690000000000000E-002   3.29743960215569     
  2.692000000000000E-002   3.29734733108116     
  2.694000000000000E-002   3.29725697302551     
  2.696000000000000E-002   3.29716839789713     
  2.698000000000000E-002   3.29708132907854     
  2.700000000000000E-002   3.29699549172593     
  2.702000000000000E-002   3.29691109702247     
  2.704000000000000E-002   3.29682900402140     
  2.706000000000000E-002   3.29674990041252     
  2.708000000000000E-002   3.29667399722670     
  2.710000000000000E-002   3.29660087580428     
  2.712000000000000E-002   3.29652982529303     
  2.714000000000000E-002   3.29646027805367     
  2.716000000000000E-002   3.29639194014193     
  2.718000000000000E-002   3.29632477048684     
  2.720000000000000E-002   3.29625900971304     
  2.722000000000000E-002   3.29619525269210     
  2.724000000000000E-002   3.29613437452933     
  2.726000000000000E-002   3.29607724532512     
  2.728000000000000E-002   3.29602442656585     
  2.730000000000000E-002   3.29597601507874     
  2.732000000000000E-002   3.29593168352361     
  2.734000000000000E-002   3.29589089785959     
  2.736000000000000E-002   3.29585323774323     
  2.738000000000000E-002   3.29581865285213     
  2.740000000000000E-002   3.29578748207802     
  2.742000000000000E-002   3.29576022910171     
  2.744000000000000E-002   3.29573730521896     
  2.746000000000000E-002   3.29571893415487     
  2.748000000000000E-002   3.29570517685102     
  2.750000000000000E-002   3.29569589451684     
  2.752000000000000E-002   3.29569062239244     
  2.754000000000000E-002   3.29568850450498     
  2.756000000000000E-002   3.29568837594622     
  2.758000000000000E-002   3.29568894557850     
  2.760000000000000E-002   3.29568890283063     
  2.762000000000000E-002   3.29568586775472     
  2.764000000000000E-002   3.29567727108334     
  2.766000000000000E-002   3.29566003744045     
  2.768000000000000E-002   3.29563160409008     
  2.770000000000000E-002   3.29559165318272     
  2.772000000000000E-002   3.29554029640553     
  2.774000000000000E-002   3.29547805036485     
  2.776000000000000E-002   3.29540606083317     
  2.778000000000000E-002   3.29532659368546     
  2.780000000000000E-002   3.29524200819606     
  2.782000000000000E-002   3.29515543896930     
  2.784000000000000E-002   3.29506994530617     
  2.786000000000000E-002   3.29498575693530     
  2.788000000000000E-002   3.29490415257323     
  2.790000000000000E-002   3.29482718941938     
  2.792000000000000E-002   3.29475754045411     
  2.794000000000000E-002   3.29469775815417     
  2.796000000000000E-002   3.29464965820425     
  2.798000000000000E-002   3.29461389285754     
  2.800000000000000E-002   3.29459115583979     
  2.802000000000000E-002   3.29458165078957     
  2.804000000000000E-002   3.29458084846671     
  2.806000000000000E-002   3.29458477663965     
  2.808000000000000E-002   3.29459271062821     
  2.810000000000000E-002   3.29460250519135     
  2.812000000000000E-002   3.29461091942426     
  2.814000000000000E-002   3.29461573658960     
  2.816000000000000E-002   3.29461637818041     
  2.818000000000000E-002   3.29461056363642     
  2.820000000000000E-002   3.29459740235840     
  2.822000000000000E-002   3.29457298417722     
  2.824000000000000E-002   3.29453634336118     
  2.826000000000000E-002   3.29448644693129     
  2.828000000000000E-002   3.29442400294784     
  2.830000000000000E-002   3.29434946186135     
  2.832000000000000E-002   3.29426437008509     
  2.834000000000000E-002   3.29417024730178     
  2.836000000000000E-002   3.29406599981861     
  2.838000000000000E-002   3.29395432790374     
  2.840000000000000E-002   3.29383661186783     
  2.842000000000000E-002   3.29371214240570     
  2.844000000000000E-002   3.29358098687594     
  2.846000000000000E-002   3.29344412047932     
  2.848000000000000E-002   3.29330378284225     
  2.850000000000000E-002   3.29316252445614     
  2.852000000000000E-002   3.29302307314970     
  2.854000000000000E-002   3.29289052128781     
  2.856000000000000E-002   3.29276422930986     
  2.858000000000000E-002   3.29264489674026     
  2.860000000000000E-002   3.29253688809014     
  2.862000000000000E-002   3.29244281792014     
  2.864000000000000E-002   3.29236476145551     
  2.866000000000000E-002   3.29230505482163     
  2.868000000000000E-002   3.29226642286521     
  2.870000000000000E-002   3.29225075835291     
  2.872000000000000E-002   3.29225025145427     
  2.874000000000000E-002   3.29226406000804     
  2.876000000000000E-002   3.29229636768778     
  2.878000000000000E-002   3.29234839051040     
  2.880000000000000E-002   3.29241838870893     
  2.882000000000000E-002   3.29250486990201     
  2.884000000000000E-002   3.29259910107518     
  2.886000000000000E-002   3.29271144362226     
  2.888000000000000E-002   3.29286280813259     
  2.890000000000000E-002   3.29292030503028     
  2.892000000000000E-002   3.29301122503526     
  2.894000000000000E-002   3.29311925767678     
  2.896000000000000E-002   3.29322809351026     
  2.898000000000000E-002   3.29332990966407     
  2.900000000000000E-002   3.29341747153187     
  2.902000000000000E-002   3.29349193813504     
  2.904000000000000E-002   3.29355746460208     
  2.906000000000000E-002   3.29361537788939     
  2.908000000000000E-002   3.29366728293104     
  2.910000000000000E-002   3.29371464761165     
  2.912000000000000E-002   3.29376335558956     
  2.914000000000000E-002   3.29381559907578     
  2.916000000000000E-002   3.29387586070805     
  2.918000000000000E-002   3.29394467606088     
  2.920000000000000E-002   3.29402057737521     
  2.922000000000000E-002   3.29409971437052     
  2.924000000000000E-002   3.29417548020785     
  2.926000000000000E-002   3.29424132737787     
  2.928000000000000E-002   3.29429484154963     
  2.930000000000000E-002   3.29433233214733     
  2.932000000000000E-002   3.29434899367029     
  2.934000000000000E-002   3.29434128469202     
  2.936000000000000E-002   3.29429333548013     
  2.938000000000000E-002   3.29421172766973     
  2.940000000000000E-002   3.29409686423102     
  2.942000000000000E-002   3.29395176693764     
  2.944000000000000E-002   3.29377611853429     
  2.946000000000000E-002   3.29356934116638     
  2.948000000000000E-002   3.29333234121937     
  2.950000000000000E-002   3.29306902815466     
  2.952000000000000E-002   3.29278600210414     
  2.954000000000000E-002   3.29248782394635     
  2.956000000000000E-002   3.29217726011245     
  2.958000000000000E-002   3.29185616183088     
  2.960000000000000E-002   3.29152630012287     
  2.962000000000000E-002   3.29119057007660     
  2.964000000000000E-002   3.29085293423999     
  2.966000000000000E-002   3.29051947895851     
  2.968000000000000E-002   3.29019402351719     
  2.970000000000000E-002   3.28987780727446     
  2.972000000000000E-002   3.28957071001999     
  2.974000000000000E-002   3.28927255968376     
  2.976000000000000E-002   3.28898368382642     
  2.978000000000000E-002   3.28870390357932     
  2.980000000000000E-002   3.28843156900984     
  2.982000000000000E-002   3.28816409754441     
  2.984000000000000E-002   3.28789891747062     
  2.986000000000000E-002   3.28763329179761     
  2.988000000000000E-002   3.28736434893681     
  2.990000000000000E-002   3.28708870631054     
  2.992000000000000E-002   3.28680214509159     
  2.994000000000000E-002   3.28649997778419     
  2.996000000000000E-002   3.28617927223501     
  2.998000000000000E-002   3.28584035787231     
  3.000000000000000E-002   3.28545645116098     
  3.002000000000000E-002   3.28498415584935     
  3.004000000000000E-002   3.28445648806570     
  3.006000000000000E-002   3.28390249252808     
  3.008000000000000E-002   3.28336303624657     
  3.010000000000000E-002   3.28286630500935     
  3.012000000000000E-002   3.28244813796029     
  3.014000000000000E-002   3.28201647936996     
  3.016000000000000E-002   3.28153329261636     
  3.018000000000000E-002   3.28095574009137     
  3.020000000000000E-002   3.28029081843371     
  3.022000000000000E-002   3.27957480209988     
  3.024000000000000E-002   3.27883318383477     
  3.026000000000000E-002   3.27808299638542     
  3.028000000000000E-002   3.27735149693960     
  3.030000000000000E-002   3.27661968765651     
  3.032000000000000E-002   3.27587552204759     
  3.034000000000000E-002   3.27510690374015     
  3.036000000000000E-002   3.27429644123123     
  3.038000000000000E-002   3.27348974414324     
  3.040000000000000E-002   3.27265605660616     
  3.042000000000000E-002   3.27183226267569     
  3.044000000000000E-002   3.27097590137985     
  3.046000000000000E-002   3.27008681138535     
  3.048000000000000E-002   3.26915979143388     
  3.050000000000000E-002   3.26818753694814     
  3.052000000000000E-002   3.26715555516232     
  3.054000000000000E-002   3.26604833775612     
  3.056000000000000E-002   3.26486591114557     
  3.058000000000000E-002   3.26361235868244     
  3.060000000000000E-002   3.26229324651616     
  3.062000000000000E-002   3.26087127138712     
  3.064000000000000E-002   3.25932756741858     
  3.066000000000000E-002   3.25767652117163     
  3.068000000000000E-002   3.25592754678285     
  3.070000000000000E-002   3.25406925068782     
  3.072000000000000E-002   3.25209956333377     
  3.074000000000000E-002   3.25002656229028     
  3.076000000000000E-002   3.24785557666578     
  3.078000000000000E-002   3.24558290960984     
  3.080000000000000E-002   3.24319733902081     
  3.082000000000000E-002   3.24068405567345     
  3.084000000000000E-002   3.23803580535382     
  3.086000000000000E-002   3.23529572647696     
  3.088000000000000E-002   3.23245111540685     
  3.090000000000000E-002   3.22950221421859     
  3.092000000000000E-002   3.22645248032433     
  3.094000000000000E-002   3.22329904295333     
  3.096000000000000E-002   3.22003915776391     
  3.098000000000000E-002   3.21667446172827     
  3.100000000000000E-002   3.21320796978384     
  3.102000000000000E-002   3.20964229124270     
  3.104000000000000E-002   3.20597954918555     
  3.106000000000000E-002   3.20221422322450     
  3.108000000000000E-002   3.19834182303868     
  3.110000000000000E-002   3.19435304752234     
  3.112000000000000E-002   3.19025540479149     
  3.114000000000000E-002   3.18607230832366     
  3.116000000000000E-002   3.18175935970749     
  3.118000000000000E-002   3.17731438883272     
  3.120000000000000E-002   3.17274389993087     
  3.122000000000000E-002   3.16804825468355     
  3.124000000000000E-002   3.16322812729287     
  3.126000000000000E-002   3.15828712471443     
  3.128000000000000E-002   3.15321980055169     
  3.130000000000000E-002   3.14802404555849     
  3.132000000000000E-002   3.14270270923954     
  3.134000000000000E-002   3.13725800171105     
  3.136000000000001E-002   3.13168892786668     
  3.138000000000001E-002   3.12598891368236     
  3.140000000000000E-002   3.12014879074738     
  3.142000000000000E-002   3.11416265035423     
  3.144000000000000E-002   3.10802896347184     
  3.146000000000000E-002   3.10175129522795     
  3.148000000000000E-002   3.09533867222047     
  3.150000000000000E-002   3.08880732529975     
  3.152000000000000E-002   3.08218058672473     
  3.154000000000001E-002   3.07548779866185     
  3.156000000000000E-002   3.06876403473739     
  3.158000000000000E-002   3.06204033557733     
  3.160000000000000E-002   3.05538346648355     
  3.162000000000000E-002   3.04885623006798     
  3.164000000000000E-002   3.04249604927475     
  3.166000000000000E-002   3.03663684341232     
  3.168000000000000E-002   3.03088228866761     
  3.170000000000001E-002   3.02530220695318     
  3.172000000000001E-002   3.01980783389937     
  3.174000000000000E-002   3.01444157398486     
  3.176000000000000E-002   3.00907182017390     
  3.178000000000000E-002   3.00366120370854     
  3.180000000000000E-002   2.99837788768521     
  3.182000000000000E-002   2.99328531173861     
  3.184000000000000E-002   2.98816872483032     
  3.186000000000000E-002   2.98306329526331     
  3.188000000000001E-002   2.97801090402365     
  3.190000000000000E-002   2.97294993606145     
  3.192000000000000E-002   2.96804456589206     
  3.194000000000000E-002   2.96319978139904     
  3.196000000000000E-002   2.95837010742860     
  3.198000000000000E-002   2.95353290713731     
  3.200000000000000E-002   2.94880358796343     
  3.202000000000000E-002   2.94407983842340     
  3.204000000000001E-002   2.93936948826495     
  3.206000000000001E-002   2.93476654265296     
  3.208000000000000E-002   2.93029905176461     
  3.210000000000000E-002   2.92598830583254     
  3.212000000000000E-002   2.92187813185590     
  3.214000000000000E-002   2.91799964419847     
  3.216000000000000E-002   2.91436498657113     
  3.218000000000000E-002   2.91099385482418     
  3.220000000000000E-002   2.90754919674112     
  3.222000000000001E-002   2.90404463471252     
  3.224000000000000E-002   2.90069253294508     
  3.226000000000000E-002   2.89750185315840     
  3.228000000000000E-002   2.89440578272076     
  3.230000000000000E-002   2.89140431976131     
  3.232000000000000E-002   2.88850272924292     
  3.234000000000000E-002   2.88575506818889     
  3.236000000000000E-002   2.88316243297740     
  3.238000000000001E-002   2.88065267263899     
  3.240000000000001E-002   2.87828905790304     
  3.242000000000000E-002   2.87606291049491     
  3.244000000000000E-002   2.87399222121137     
  3.246000000000000E-002   2.87212013386778     
  3.248000000000000E-002   2.87045603211264     
  3.250000000000000E-002   2.86899916552706     
  3.252000000000000E-002   2.86774053294442     
  3.254000000000000E-002   2.86668530004449     
  3.256000000000001E-002   2.86588617765242     
  3.258000000000000E-002   2.86528671006402     
  3.260000000000000E-002   2.86496098400082     
  3.262000000000000E-002   2.86496128320812     
  3.264000000000000E-002   2.86539130597302     
  3.266000000000000E-002   2.86574074808843     
  3.268000000000000E-002   2.86629649755185     
  3.270000000000000E-002   2.86707628421716     
  3.272000000000001E-002   2.86808408740870     
  3.274000000000001E-002   2.86931452987534     
  3.276000000000000E-002   2.87075819274948     
  3.278000000000000E-002   2.87240737935144     
  3.280000000000000E-002   2.87425318327793     
  3.282000000000000E-002   2.87629391353104     
  3.284000000000000E-002   2.87852014532316     
  3.286000000000000E-002   2.88092773539364     
  3.288000000000000E-002   2.88352030416830     
  3.290000000000001E-002   2.88628560812872     
  3.292000000000000E-002   2.88921911915085     
  3.294000000000000E-002   2.89232530608508     
  3.296000000000000E-002   2.89561015324350     
  3.298000000000000E-002   2.89907350255357     
  3.300000000000000E-002   2.90272176235093     
  3.302000000000000E-002   2.90654838796352     
  3.304000000000000E-002   2.91055706618996     
  3.306000000000001E-002   2.91475255936932     
  3.308000000000001E-002   2.91913862737245     
  3.310000000000000E-002   2.92372063930792     
  3.312000000000000E-002   2.92849763872863     
  3.314000000000000E-002   2.93346678834836     
  3.316000000000000E-002   2.93861902168901     
  3.318000000000000E-002   2.94393692108938     
  3.320000000000000E-002   2.94940286924117     
  3.322000000000000E-002   2.95500035454853     
  3.324000000000001E-002   2.96071476484179     
  3.326000000000000E-002   2.96652816177989     
  3.328000000000000E-002   2.97241917325124     
  3.330000000000000E-002   2.97836036629207     
  3.332000000000000E-002   2.98431562810740     
  3.334000000000000E-002   2.99019923169805     
  3.336000000000000E-002   2.99621494270188     
  3.338000000000000E-002   3.00219385490342     
  3.340000000000001E-002   3.00812633218905     
  3.342000000000001E-002   3.01400534964438     
  3.344000000000000E-002   3.01993754956234     
  3.346000000000000E-002   3.02556120044717     
  3.348000000000000E-002   3.03097607256261     
  3.350000000000000E-002   3.03632460356889     
  3.352000000000000E-002   3.04166301412972     
  3.354000000000000E-002   3.04702912074349     
  3.356000000000000E-002   3.05240301246308     
  3.358000000000001E-002   3.05792876220234     
  3.360000000000000E-002   3.06354938790332     
  3.362000000000000E-002   3.06908647253088     
  3.364000000000000E-002   3.07458925557767     
  3.366000000000000E-002   3.08010713433719     
  3.368000000000000E-002   3.08550170072721     
  3.370000000000000E-002   3.09120160056636     
  3.372000000000000E-002   3.09711343926659     
  3.374000000000001E-002   3.10310379445296     
  3.376000000000001E-002   3.10938304051631     
  3.378000000000000E-002   3.11574485171491     
  3.380000000000000E-002   3.12196999262970     
  3.382000000000000E-002   3.12795246435471     
  3.384000000000000E-002   3.13412905826187     
  3.386000000000000E-002   3.14042921161118     
  3.388000000000000E-002   3.14678561277011     
  3.390000000000000E-002   3.15316905626132     
  3.392000000000001E-002   3.15955898253138     
  3.394000000000000E-002   3.16590345931813     
  3.396000000000000E-002   3.17211467388787     
  3.398000000000000E-002   3.17808500197168     
  3.400000000000000E-002   3.18401692178697     
  3.402000000000000E-002   3.18943685577717     
  3.404000000000000E-002   3.19458320414823     
  3.406000000000000E-002   3.19947508037674     
  3.408000000000001E-002   3.20412384394631     
  3.410000000000001E-002   3.20854108753170     
  3.412000000000000E-002   3.21274224180900     
  3.414000000000000E-002   3.21674196153842     
  3.416000000000000E-002   3.22055388564152     
  3.418000000000000E-002   3.22419105304852     
  3.420000000000000E-002   3.22766647925124     
  3.422000000000000E-002   3.23099323350147     
  3.424000000000000E-002   3.23418446454595     
  3.426000000000001E-002   3.23725201025130     
  3.428000000000000E-002   3.24020541392858     
  3.430000000000000E-002   3.24305528375586     
  3.432000000000000E-002   3.24580777236395     
  3.434000000000000E-002   3.24846901663830     
  3.436000000000000E-002   3.25104130053392     
  3.438000000000000E-002   3.25352236031415     
  3.440000000000000E-002   3.25591319019120     
  3.442000000000001E-002   3.25821648199219     
  3.444000000000001E-002   3.26043637391153     
  3.446000000000000E-002   3.26257200171841     
  3.448000000000000E-002   3.26462362442468     
  3.450000000000000E-002   3.26659235477174     
  3.452000000000000E-002   3.26847985759616     
  3.454000000000000E-002   3.27028737137645     
  3.456000000000000E-002   3.27201706775113     
  3.458000000000000E-002   3.27367229660909     
  3.460000000000001E-002   3.27525579845559     
  3.462000000000000E-002   3.27677042718921     
  3.464000000000000E-002   3.27821872593043     
  3.466000000000000E-002   3.27960408941464     
  3.468000000000000E-002   3.28093011427794     
  3.470000000000000E-002   3.28219989669997     
  3.472000000000000E-002   3.28341777466529     
  3.474000000000000E-002   3.28458582377991     
  3.476000000000001E-002   3.28570553583052     
  3.478000000000001E-002   3.28678053351402     
  3.480000000000000E-002   3.28780938572716     
  3.482000000000000E-002   3.28879602704448     
  3.484000000000000E-002   3.28974736712783     
  3.486000000000000E-002   3.29065757147040     
  3.488000000000000E-002   3.29153709606709     
  3.490000000000000E-002   3.29238091142043     
  3.492000000000000E-002   3.29319135901375     
  3.494000000000001E-002   3.29396978697448     
  3.496000000000000E-002   3.29472286139381     
  3.498000000000000E-002   3.29545115256804     
  3.500000000000000E-002   3.29615358040150     
  3.502000000000000E-002   3.29683042772853     
  3.504000000000000E-002   3.29748028111802     
  3.506000000000000E-002   3.29810420475586     
  3.508000000000000E-002   3.29870583798060     
  3.510000000000001E-002   3.29928295371327     
  3.512000000000001E-002   3.29983683945190     
  3.514000000000000E-002   3.30036786386827     
  3.516000000000000E-002   3.30087296095284     
  3.518000000000000E-002   3.30135015084966     
  3.520000000000000E-002   3.30179594795742     
  3.522000000000000E-002   3.30221599604624     
  3.524000000000000E-002   3.30261075634924     
  3.526000000000000E-002   3.30297776805843     
  3.528000000000001E-002   3.30331730209255     
  3.530000000000000E-002   3.30362940713056     
  3.532000000000000E-002   3.30391363886807     
  3.534000000000000E-002   3.30416964430032     
  3.536000000000000E-002   3.30440088969170     
  3.538000000000000E-002   3.30460832895118     
  3.540000000000000E-002   3.30479480885466     
  3.542000000000000E-002   3.30496732389092     
  3.544000000000001E-002   3.30512371307946     
  3.546000000000001E-002   3.30526200674703     
  3.548000000000000E-002   3.30538576511075     
  3.550000000000000E-002   3.30549618645816     
  3.552000000000000E-002   3.30559386653818     
  3.554000000000000E-002   3.30567902347093     
  3.556000000000000E-002   3.30575191843272     
  3.558000000000000E-002   3.30581331483875     
  3.560000000000000E-002   3.30586464676167     
  3.562000000000001E-002   3.30590775094285     
  3.564000000000001E-002   3.30594472057097     
  3.566000000000000E-002   3.30597811264605     
  3.568000000000000E-002   3.30601034441344     
  3.570000000000000E-002   3.30604295105160     
  3.572000000000000E-002   3.30607766024485     
  3.574000000000000E-002   3.30611732084559     
  3.576000000000000E-002   3.30616469203483     
  3.578000000000001E-002   3.30622223720220     
  3.580000000000001E-002   3.30629194938539     
  3.582000000000000E-002   3.30637737373124     
  3.584000000000000E-002   3.30648057769598     
  3.586000000000000E-002   3.30659747793749     
  3.588000000000000E-002   3.30674897551248     
  3.590000000000000E-002   3.30690227623540     
  3.592000000000000E-002   3.30707680114640     
  3.594000000000000E-002   3.30727390995478     
  3.596000000000001E-002   3.30749318770266     
  3.598000000000001E-002   3.30773221239382     
  3.600000000000000E-002   3.30798882255632     
  3.602000000000000E-002   3.30826052742646     
  3.604000000000000E-002   3.30854906449648     
  3.606000000000000E-002   3.30883506765902     
  3.608000000000000E-002   3.30919002309143     
  3.610000000000000E-002   3.30947637604047     
  3.612000000000001E-002   3.30967398717382     
  3.614000000000001E-002   3.30994907022056     
  3.616000000000000E-002   3.31026102505307     
  3.618000000000000E-002   3.31058438467921     
  3.620000000000000E-002   3.31090536387715     
  3.622000000000000E-002   3.31121369920355     
  3.624000000000000E-002   3.31148457653607     
  3.626000000000000E-002   3.31174341136003     
  3.628000000000000E-002   3.31199199105032     
  3.630000000000001E-002   3.31222819424715     
  3.632000000000001E-002   3.31245176285107     
  3.634000000000000E-002   3.31266401261159     
  3.636000000000000E-002   3.31286111620961     
  3.638000000000000E-002   3.31304371021960     
  3.640000000000000E-002   3.31321854440735     
  3.642000000000000E-002   3.31337740729291     
  3.644000000000000E-002   3.31352222859000     
  3.646000000000001E-002   3.31365561836501     
  3.648000000000001E-002   3.31377799169041     
  3.650000000000000E-002   3.31388984098231     
  3.652000000000000E-002   3.31399225729706     
  3.654000000000000E-002   3.31408665403184     
  3.656000000000000E-002   3.31417441914667     
  3.658000000000000E-002   3.31425658256885     
  3.660000000000000E-002   3.31433399928784     
  3.662000000000000E-002   3.31440749139186     
  3.664000000000001E-002   3.31447797148610     
  3.666000000000001E-002   3.31454647773640     
  3.668000000000000E-002   3.31461410736954     
  3.670000000000000E-002   3.31468159498984     
  3.672000000000000E-002   3.31474939101423     
  3.674000000000000E-002   3.31481815343739     
  3.676000000000000E-002   3.31488832405358     
  3.678000000000000E-002   3.31496040165848     
  3.680000000000001E-002   3.31503531621822     
  3.682000000000001E-002   3.31511421182966     
  3.684000000000000E-002   3.31519845017603     
  3.686000000000000E-002   3.31528956215962     
  3.688000000000000E-002   3.31538916007615     
  3.690000000000000E-002   3.31549887922990     
  3.692000000000000E-002   3.31561948666085     
  3.694000000000000E-002   3.31575025742218     
  3.696000000000000E-002   3.31589278551027     
  3.698000000000001E-002   3.31604784271921     
  3.700000000000001E-002   3.31621458784955     
  3.702000000000000E-002   3.31639197120805     
  3.704000000000000E-002   3.31657734180909     
  3.706000000000000E-002   3.31676873951458     
  3.708000000000000E-002   3.31696483008187     
  3.710000000000000E-002   3.31716465332479     
  3.712000000000000E-002   3.31736540364401     
  3.714000000000001E-002   3.31756209044869     
  3.716000000000001E-002   3.31775762130878     
  3.718000000000000E-002   3.31794710714740     
  3.720000000000000E-002   3.31812952295141     
  3.722000000000000E-002   3.31830438081672     
  3.724000000000000E-002   3.31847017228635     
  3.726000000000000E-002   3.31862475334026     
  3.728000000000000E-002   3.31876548183181     
  3.730000000000000E-002   3.31888945510143     
  3.732000000000001E-002   3.31899407571979     
  3.734000000000001E-002   3.31907813857961     
  3.736000000000000E-002   3.31914198377668     
  3.738000000000000E-002   3.31918645062242     
  3.740000000000000E-002   3.31921496409893     
  3.742000000000000E-002   3.31923691577042     
  3.744000000000000E-002   3.31925681445945     
  3.746000000000000E-002   3.31927633118786     
  3.748000000000001E-002   3.31929616782118     
  3.750000000000001E-002   3.31931932927888     
  3.752000000000000E-002   3.31934258217082     
  3.754000000000000E-002   3.31936194175349     
  3.756000000000000E-002   3.31939919944359     
  3.758000000000000E-002   3.31944662575904     
  3.760000000000000E-002   3.31950481805658     
  3.762000000000000E-002   3.31957618403598     
  3.764000000000000E-002   3.31966188581409     
  3.766000000000001E-002   3.31976218457948     
  3.768000000000001E-002   3.31987211776419     
  3.770000000000000E-002   3.31998492538783     
  3.772000000000000E-002   3.32009862768102     
  3.774000000000000E-002   3.32021862995933     
  3.776000000000000E-002   3.32039188745263     
  3.778000000000000E-002   3.32077582775480     
  3.780000000000000E-002   3.32178992527988     
  3.782000000000001E-002   3.32421960593237     
  3.784000000000001E-002   3.32992280751796     
  3.786000000000000E-002   3.34386158244977     
  3.788000000000000E-002   3.37836774209544     
  3.790000000000000E-002   3.45417330038135     
  3.792000000000000E-002   3.53143092813119     
  3.794000000000000E-002   3.57762370439054     
  3.796000000000000E-002   3.60080770346366     
  3.798000000000000E-002   3.61207934511139     
  3.800000000000001E-002   3.61769638630668     
  3.802000000000001E-002   3.62092075493495     
  3.804000000000000E-002   3.62214315661575     
  3.806000000000000E-002   3.62298724533180     
  3.808000000000000E-002   3.62377209396390     
  3.810000000000000E-002   3.62455122087386     
  3.812000000000000E-002   3.62534441066339     
  3.814000000000000E-002   3.62615120052671     
  3.816000000000001E-002   3.62691102082069     
  3.818000000000001E-002   3.62749249472386     
  3.820000000000000E-002   3.62782860665084     
  3.822000000000000E-002   3.62783078822172     
  3.824000000000000E-002   3.62757179810050     
  3.826000000000000E-002   3.62705252823321     
  3.828000000000000E-002   3.62629779099427     
  3.830000000000000E-002   3.62532945746839     
  3.832000000000000E-002   3.62416158874037     
  3.834000000000001E-002   3.62283195555035     
  3.836000000000001E-002   3.62143906924890     
  3.838000000000000E-002   3.62007734012157     
  3.840000000000000E-002   3.61884547170454     
  3.842000000000000E-002   3.61784468592114     
  3.844000000000000E-002   3.61702732385873     
  3.846000000000000E-002   3.61658363298309     
  3.848000000000000E-002   3.61637204629285     
  3.850000000000001E-002   3.61631489288893     
  3.852000000000001E-002   3.61634513110705     
  3.854000000000000E-002   3.61646795836158     
  3.856000000000000E-002   3.61686133340693     
  3.858000000000000E-002   3.61751467754593     
  3.860000000000000E-002   3.61826505251445     
  3.862000000000000E-002   3.61896204694050     
  3.864000000000000E-002   3.61966729739921     
  3.866000000000000E-002   3.62033771593434     
  3.868000000000001E-002   3.62088818111450     
  3.870000000000001E-002   3.62130692553998     
  3.872000000000000E-002   3.62154375102793     
  3.874000000000000E-002   3.62164562279925     
  3.876000000000000E-002   3.62154620344964     
  3.878000000000000E-002   3.62125646862069     
  3.880000000000000E-002   3.62080425573201     
  3.882000000000000E-002   3.62027745731416     
  3.884000000000001E-002   3.61973733885220     
  3.886000000000001E-002   3.61931270568261     
  3.888000000000000E-002   3.61908039102794     
  3.890000000000000E-002   3.61904552649001     
  3.892000000000000E-002   3.61917225455118     
  3.894000000000000E-002   3.61963035579907     
  3.896000000000000E-002   3.62059540120717     
  3.898000000000000E-002   3.62192704671082     
  3.900000000000000E-002   3.62326564393001     
  3.902000000000001E-002   3.62450437108676     
  3.904000000000001E-002   3.62565982820310     
  3.906000000000000E-002   3.62671291357986     
  3.908000000000000E-002   3.62759553834329     
  3.910000000000000E-002   3.62822776732322     
  3.912000000000000E-002   3.62857324132678     
  3.914000000000000E-002   3.62863603791678     
  3.916000000000000E-002   3.62845710862198     
  3.918000000000001E-002   3.62801202362558     
  3.920000000000001E-002   3.62729185731842     
  3.922000000000000E-002   3.62633273138502     
  3.924000000000000E-002   3.62519245043322     
  3.926000000000000E-002   3.62390800964724     
  3.928000000000000E-002   3.62226652329084     
  3.930000000000000E-002   3.62013939913881     
  3.932000000000000E-002   3.61741982257170     
  3.934000000000000E-002   3.61398871398197     
  3.936000000000001E-002   3.60978002407624     
  3.938000000000001E-002   3.60553507057059     
  3.940000000000000E-002   3.60198283775004     
  3.942000000000000E-002   3.59935189492965     
  3.944000000000000E-002   3.59758354268324     
  3.946000000000000E-002   3.59643273367081     
  3.948000000000000E-002   3.59594530847051     
  3.950000000000000E-002   3.59596110585543     
  3.952000000000001E-002   3.59630613763784     
  3.954000000000001E-002   3.59702006526312     
  3.956000000000000E-002   3.59815718843478     
  3.958000000000000E-002   3.59925493252500     
  3.960000000000000E-002   3.59991716489069     
  3.962000000000000E-002   3.60025544469394     
  3.964000000000000E-002   3.60012391696896     
  3.966000000000000E-002   3.59965008719137     
  3.968000000000000E-002   3.59891284874030     
  3.970000000000001E-002   3.59801985502878     
  3.972000000000001E-002   3.59724485562995     
  3.974000000000000E-002   3.59671056824828     
  3.976000000000000E-002   3.59646292176241     
  3.978000000000000E-002   3.59643612774022     
  3.980000000000000E-002   3.59642421852376     
  3.982000000000000E-002   3.59625275607199     
  3.984000000000000E-002   3.59589853034536     
  3.986000000000001E-002   3.59539098420949     
  3.988000000000001E-002   3.59479394825958     
  3.990000000000000E-002   3.59417338704464     
  3.992000000000000E-002   3.59360150407394     
  3.994000000000000E-002   3.59304782161757     
  3.996000000000000E-002   3.59257302856196     
  3.998000000000000E-002   3.59196606895856     
  4.000000000000000E-002  0.999999974718739     
