  0.000000000000000E+000   3.32999991581340     
  2.000000000000000E-005   3.21080203185357     
  4.000000000000000E-005   3.20156919690024     
  6.000000000000001E-005   3.19894087671161     
  8.000000000000001E-005   3.19633648476343     
  1.000000000000000E-004   3.19374906476663     
  1.200000000000000E-004   3.19117793970005     
  1.400000000000000E-004   3.18862254182045     
  1.600000000000000E-004   3.18608239898176     
  1.800000000000000E-004   3.18355712900047     
  2.000000000000000E-004   3.18104643350193     
  2.200000000000000E-004   3.17855009065362     
  2.400000000000000E-004   3.17606795049532     
  2.600000000000000E-004   3.17359993734376     
  2.800000000000000E-004   3.17114604185123     
  3.000000000000000E-004   3.16870631895097     
  3.200000000000000E-004   3.16628085310702     
  3.400000000000000E-004   3.16386976563799     
  3.600000000000000E-004   3.16147320208094     
  3.800000000000000E-004   3.15909136181835     
  4.000000000000000E-004   3.15672436066350     
  4.200000000000000E-004   3.15437220203417     
  4.400000000000000E-004   3.15203475635283     
  4.600000000000000E-004   3.14971173844867     
  4.800000000000001E-004   3.14740269583828     
  5.000000000000000E-004   3.14510701694689     
  5.200000000000001E-004   3.14282395532952     
  5.400000000000000E-004   3.14055266390147     
  5.600000000000001E-004   3.13829223781551     
  5.800000000000000E-004   3.13604174279365     
  6.000000000000001E-004   3.13380024970691     
  6.200000000000000E-004   3.13156686777488     
  6.400000000000001E-004   3.12934072850231     
  6.600000000000001E-004   3.12712108992062     
  6.800000000000000E-004   3.12490736662758     
  7.000000000000001E-004   3.12269911218930     
  7.200000000000000E-004   3.12049597956371     
  7.400000000000001E-004   3.11829769583614     
  7.600000000000000E-004   3.11610404034769     
  7.800000000000001E-004   3.11391482090713     
  8.000000000000000E-004   3.11172986434443     
  8.200000000000001E-004   3.10954898983944     
  8.400000000000000E-004   3.10737201362417     
  8.600000000000001E-004   3.10519868089928     
  8.800000000000000E-004   3.10302869470959     
  9.000000000000001E-004   3.10086160039486     
  9.200000000000000E-004   3.09869693396656     
  9.400000000000001E-004   3.09653396087801     
  9.600000000000001E-004   3.09437205331945     
  9.800000000000002E-004   3.09221134139695     
  1.000000000000000E-003   3.09005329248680     
  1.020000000000000E-003   3.08789861623812     
  1.040000000000000E-003   3.08574759444058     
  1.060000000000000E-003   3.08359981183522     
  1.080000000000000E-003   3.08145431801370     
  1.100000000000000E-003   3.07930946183472     
  1.120000000000000E-003   3.07716324706648     
  1.140000000000000E-003   3.07501297733197     
  1.160000000000000E-003   3.07285607994215     
  1.180000000000000E-003   3.07069002342416     
  1.200000000000000E-003   3.06851193532137     
  1.220000000000000E-003   3.06631906230228     
  1.240000000000000E-003   3.06410928321696     
  1.260000000000000E-003   3.06188148267572     
  1.280000000000000E-003   3.05963575090740     
  1.300000000000000E-003   3.05737288023893     
  1.320000000000000E-003   3.05509324742438     
  1.340000000000000E-003   3.05279624788372     
  1.360000000000000E-003   3.05048110322019     
  1.380000000000000E-003   3.04814751020615     
  1.400000000000000E-003   3.04579530865095     
  1.420000000000000E-003   3.04342357012816     
  1.440000000000000E-003   3.04102656963822     
  1.460000000000000E-003   3.03859378123881     
  1.480000000000000E-003   3.03614363268174     
  1.500000000000000E-003   3.03367848608237     
  1.520000000000000E-003   3.03118952525838     
  1.540000000000000E-003   3.02867684718680     
  1.560000000000000E-003   3.02615049604967     
  1.580000000000000E-003   3.02360744588090     
  1.600000000000000E-003   3.02104512390058     
  1.620000000000000E-003   3.01846244383739     
  1.640000000000000E-003   3.01585945136027     
  1.660000000000000E-003   3.01323666782043     
  1.680000000000000E-003   3.01059465004268     
  1.700000000000000E-003   3.00793388430478     
  1.720000000000000E-003   3.00525489921759     
  1.740000000000000E-003   3.00255846146762     
  1.760000000000000E-003   2.99984567888196     
  1.780000000000000E-003   2.99711782952998     
  1.800000000000000E-003   2.99437595390098     
  1.820000000000000E-003   2.99162079289318     
  1.840000000000000E-003   2.98886471505374     
  1.860000000000000E-003   2.98612573043586     
  1.880000000000000E-003   2.98340860381092     
  1.900000000000000E-003   2.98071362981165     
  1.920000000000000E-003   2.97804051476900     
  1.940000000000000E-003   2.97538844286258     
  1.960000000000000E-003   2.97275631401869     
  1.980000000000000E-003   2.97014295242866     
  2.000000000000000E-003   2.96754723785098     
  2.020000000000000E-003   2.96496818702693     
  2.040000000000000E-003   2.96240498445458     
  2.060000000000000E-003   2.95985696065697     
  2.080000000000000E-003   2.95732353845283     
  2.100000000000000E-003   2.95480417436213     
  2.120000000000000E-003   2.95229831304614     
  2.140000000000000E-003   2.94980536532007     
  2.160000000000000E-003   2.94732470791777     
  2.180000000000000E-003   2.94485570153033     
  2.200000000000000E-003   2.94239772387386     
  2.220000000000000E-003   2.93995019709948     
  2.240000000000000E-003   2.93751263049304     
  2.260000000000000E-003   2.93508461869019     
  2.280000000000000E-003   2.93266584260910     
  2.300000000000000E-003   2.93025589811864     
  2.320000000000000E-003   2.92785425072734     
  2.340000000000000E-003   2.92546028839061     
  2.360000000000000E-003   2.92307334319585     
  2.380000000000000E-003   2.92069268610838     
  2.400000000000000E-003   2.91831750831408     
  2.420000000000000E-003   2.91594694587507     
  2.440000000000000E-003   2.91358014977195     
  2.460000000000000E-003   2.91121652144712     
  2.480000000000000E-003   2.90885551316008     
  2.500000000000000E-003   2.90649660815599     
  2.520000000000000E-003   2.90413935262157     
  2.540000000000000E-003   2.90178331849595     
  2.560000000000000E-003   2.89942815884199     
  2.580000000000000E-003   2.89707367344752     
  2.600000000000000E-003   2.89471980393033     
  2.620000000000000E-003   2.89236657035260     
  2.640000000000000E-003   2.89001410876251     
  2.660000000000000E-003   2.88766280919699     
  2.680000000000000E-003   2.88531321043578     
  2.700000000000000E-003   2.88296626162539     
  2.720000000000000E-003   2.88062339247026     
  2.740000000000000E-003   2.87828661753188     
  2.760000000000000E-003   2.87595847841489     
  2.780000000000000E-003   2.87364191786991     
  2.800000000000000E-003   2.87134003445123     
  2.820000000000000E-003   2.86905618621872     
  2.840000000000000E-003   2.86679296295330     
  2.860000000000000E-003   2.86455214857023     
  2.880000000000000E-003   2.86233476884277     
  2.900000000000000E-003   2.86014143014657     
  2.920000000000000E-003   2.85797254463760     
  2.940000000000000E-003   2.85582837105601     
  2.960000000000000E-003   2.85370907837392     
  2.980000000000000E-003   2.85161480729175     
  3.000000000000000E-003   2.84954579107083     
  3.020000000000000E-003   2.84750232671038     
  3.040000000000000E-003   2.84548480362197     
  3.060000000000000E-003   2.84349274353010     
  3.080000000000000E-003   2.84152418807884     
  3.100000000000000E-003   2.83957485934547     
  3.120000000000000E-003   2.83764004469818     
  3.140000000000000E-003   2.83571801104138     
  3.160000000000000E-003   2.83380808930402     
  3.180000000000000E-003   2.83190754117000     
  3.200000000000000E-003   2.82997112973620     
  3.220000000000000E-003   2.82785707161885     
  3.240000000000000E-003   2.82606245985448     
  3.260000000000000E-003   2.82564439896575     
  3.280000000000000E-003   2.83268222481859     
  3.300000000000000E-003   2.89695491841499     
  3.320000000000000E-003   3.12345730898297     
  3.340000000000000E-003   3.28669148790772     
  3.360000000000000E-003   3.33174589673614     
  3.380000000000000E-003   3.33867954539758     
  3.400000000000000E-003   3.33638010378667     
  3.420000000000000E-003   3.32903290160997     
  3.440000000000000E-003   3.32314220366361     
  3.460000000000000E-003   3.31808797957594     
  3.480000000000000E-003   3.31332728133344     
  3.500000000000000E-003   3.30866518216483     
  3.520000000000000E-003   3.30413921886052     
  3.540000000000000E-003   3.29970696388518     
  3.560000000000000E-003   3.29531895816211     
  3.580000000000000E-003   3.29105936543154     
  3.600000000000000E-003   3.28686504324145     
  3.620000000000000E-003   3.28270877259417     
  3.640000000000000E-003   3.27858856712839     
  3.660000000000000E-003   3.27446028415605     
  3.680000000000000E-003   3.27034344734528     
  3.700000000000000E-003   3.26626068610144     
  3.720000000000000E-003   3.26225176331381     
  3.740000000000000E-003   3.25835045700409     
  3.760000000000000E-003   3.25458613771438     
  3.780000000000000E-003   3.25100356355083     
  3.800000000000000E-003   3.24765449209023     
  3.820000000000000E-003   3.24464119446336     
  3.840000000000001E-003   3.24204945987644     
  3.860000000000000E-003   3.24003596617685     
  3.880000000000000E-003   3.23864096131444     
  3.900000000000000E-003   3.23788352321279     
  3.920000000000001E-003   3.23763054687625     
  3.940000000000000E-003   3.23820216523261     
  3.960000000000000E-003   3.24081554039793     
  3.980000000000000E-003   3.24764181213924     
  4.000000000000000E-003   3.26187858387789     
  4.020000000000000E-003   3.28591207138526     
  4.040000000000000E-003   3.30838073692160     
  4.060000000000000E-003   3.32291771530979     
  4.080000000000000E-003   3.33120005851279     
  4.100000000000000E-003   3.33546429878874     
  4.120000000000000E-003   3.33757289083681     
  4.140000000000000E-003   3.33876303159926     
  4.160000000000001E-003   3.33970175802564     
  4.180000000000001E-003   3.34074601141821     
  4.200000000000001E-003   3.34263482507463     
  4.220000000000001E-003   3.34660754954220     
  4.240000000000001E-003   3.35458113210900     
  4.260000000000001E-003   3.36912062012431     
  4.280000000000000E-003   3.39286003031656     
  4.300000000000000E-003   3.42316966405036     
  4.320000000000000E-003   3.44792028527963     
  4.340000000000000E-003   3.46513122150053     
  4.360000000000000E-003   3.47682005565795     
  4.380000000000000E-003   3.48473100213556     
  4.400000000000000E-003   3.49010721432253     
  4.420000000000000E-003   3.49374949987912     
  4.440000000000000E-003   3.49614618874719     
  4.460000000000000E-003   3.49760614210068     
  4.480000000000000E-003   3.49833132748034     
  4.500000000000001E-003   3.49844591380126     
  4.520000000000001E-003   3.49780961920885     
  4.540000000000001E-003   3.49619131707670     
  4.560000000000001E-003   3.49388781188234     
  4.580000000000001E-003   3.49119800413172     
  4.600000000000001E-003   3.48827897893930     
  4.620000000000000E-003   3.48518147194496     
  4.640000000000000E-003   3.48190284870338     
  4.660000000000000E-003   3.47846516018519     
  4.680000000000000E-003   3.47491552778305     
  4.700000000000000E-003   3.47129559303443     
  4.720000000000000E-003   3.46762698343091     
  4.740000000000000E-003   3.46391543759218     
  4.760000000000000E-003   3.46016101449643     
  4.780000000000000E-003   3.45636340918130     
  4.800000000000000E-003   3.45252350022245     
  4.820000000000000E-003   3.44864252271102     
  4.840000000000001E-003   3.44472326986742     
  4.860000000000001E-003   3.44076764517388     
  4.880000000000001E-003   3.43677682646898     
  4.900000000000001E-003   3.43275561684200     
  4.920000000000001E-003   3.42871997219354     
  4.940000000000001E-003   3.42467583661143     
  4.960000000000000E-003   3.42062915620826     
  4.980000000000000E-003   3.41659033822179     
  5.000000000000000E-003   3.41256357553207     
  5.020000000000000E-003   3.40855141927756     
  5.040000000000000E-003   3.40455759353516     
  5.060000000000000E-003   3.40058699614079     
  5.080000000000000E-003   3.39664536625043     
  5.100000000000000E-003   3.39273645448963     
  5.120000000000000E-003   3.38886153202065     
  5.140000000000000E-003   3.38501567323047     
  5.160000000000001E-003   3.38118340034301     
  5.180000000000001E-003   3.37734923305558     
  5.200000000000001E-003   3.37351127003118     
  5.220000000000001E-003   3.36967126810249     
  5.240000000000001E-003   3.36583964442280     
  5.260000000000001E-003   3.36203349455560     
  5.280000000000001E-003   3.35826737313144     
  5.300000000000000E-003   3.35455311736823     
  5.320000000000000E-003   3.35089963549290     
  5.340000000000000E-003   3.34730860227682     
  5.360000000000000E-003   3.34377524707012     
  5.380000000000000E-003   3.34029361305691     
  5.400000000000000E-003   3.33684534123134     
  5.420000000000000E-003   3.33340229445760     
  5.440000000000000E-003   3.32999332026621     
  5.460000000000000E-003   3.32666145457367     
  5.480000000000000E-003   3.32350682047662     
  5.500000000000001E-003   3.32061494514142     
  5.520000000000001E-003   3.31809921742596     
  5.540000000000001E-003   3.31600933770999     
  5.560000000000001E-003   3.31452761647398     
  5.580000000000001E-003   3.31372658245070     
  5.600000000000001E-003   3.31347984133636     
  5.620000000000001E-003   3.31389457238953     
  5.640000000000000E-003   3.31527428993921     
  5.660000000000000E-003   3.31821744498630     
  5.680000000000000E-003   3.32339930819339     
  5.700000000000000E-003   3.33151399060296     
  5.720000000000000E-003   3.34216118646771     
  5.740000000000000E-003   3.35142972562150     
  5.760000000000000E-003   3.35794722364205     
  5.780000000000000E-003   3.36218249961348     
  5.800000000000000E-003   3.36472272703961     
  5.820000000000001E-003   3.36611161589439     
  5.840000000000001E-003   3.36676389364525     
  5.860000000000001E-003   3.36690132850890     
  5.880000000000001E-003   3.36639859822314     
  5.900000000000001E-003   3.36496747627863     
  5.920000000000001E-003   3.36296580535497     
  5.940000000000001E-003   3.36081215776574     
  5.960000000000001E-003   3.35871401697515     
  5.980000000000000E-003   3.35669636465822     
  6.000000000000000E-003   3.35476541490577     
  6.020000000000000E-003   3.35292397177381     
  6.040000000000000E-003   3.35117012192655     
  6.060000000000000E-003   3.34950125510556     
  6.080000000000000E-003   3.34791747355785     
  6.100000000000000E-003   3.34642707757809     
  6.120000000000000E-003   3.34504654772815     
  6.140000000000000E-003   3.34380822078117     
  6.160000000000001E-003   3.34274416409588     
  6.180000000000001E-003   3.34190085956815     
  6.200000000000001E-003   3.34128094467983     
  6.220000000000001E-003   3.34089762172192     
  6.240000000000001E-003   3.34067854350670     
  6.260000000000001E-003   3.34064726575286     
  6.280000000000001E-003   3.34074545331642     
  6.300000000000001E-003   3.34097746844211     
  6.320000000000000E-003   3.34138965476550     
  6.340000000000000E-003   3.34200319359296     
  6.360000000000000E-003   3.34287763253268     
  6.380000000000000E-003   3.34375772670468     
  6.400000000000000E-003   3.34428990831254     
  6.420000000000000E-003   3.34442519292849     
  6.440000000000000E-003   3.34430330077166     
  6.460000000000000E-003   3.34402914856842     
  6.480000000000001E-003   3.34350710261510     
  6.500000000000001E-003   3.34274213825004     
  6.520000000000001E-003   3.34165520470409     
  6.540000000000001E-003   3.34012789524177     
  6.560000000000001E-003   3.33807295029594     
  6.580000000000001E-003   3.33549124839906     
  6.600000000000001E-003   3.33245633631270     
  6.620000000000001E-003   3.32902028930764     
  6.640000000000001E-003   3.32525105600858     
  6.660000000000000E-003   3.32119819478297     
  6.680000000000000E-003   3.31693651368006     
  6.700000000000000E-003   3.31253009421997     
  6.720000000000000E-003   3.30802753879042     
  6.740000000000000E-003   3.30346637616328     
  6.760000000000000E-003   3.29885714205975     
  6.780000000000000E-003   3.29422018442113     
  6.800000000000000E-003   3.28955666574223     
  6.820000000000001E-003   3.28487304144035     
  6.840000000000001E-003   3.28021235806914     
  6.860000000000001E-003   3.27557790004117     
  6.880000000000001E-003   3.27097790541777     
  6.900000000000001E-003   3.26642132121499     
  6.920000000000001E-003   3.26192396090287     
  6.940000000000001E-003   3.25751961787372     
  6.960000000000001E-003   3.25327226224143     
  6.980000000000001E-003   3.24928195393878     
  7.000000000000000E-003   3.24568155418330     
  7.020000000000000E-003   3.24260444401716     
  7.040000000000000E-003   3.24010103153329     
  7.060000000000000E-003   3.23825521383765     
  7.080000000000000E-003   3.23737082798257     
  7.100000000000000E-003   3.23758814652659     
  7.120000000000000E-003   3.23880209858492     
  7.140000000000001E-003   3.24169027123294     
  7.160000000000001E-003   3.24685359248659     
  7.180000000000001E-003   3.25497178936702     
  7.200000000000001E-003   3.26676773822638     
  7.220000000000001E-003   3.28249375771408     
  7.240000000000001E-003   3.29778207054741     
  7.260000000000001E-003   3.30992888541556     
  7.280000000000001E-003   3.31907076487857     
  7.300000000000001E-003   3.32564879915700     
  7.320000000000001E-003   3.33014072402373     
  7.340000000000000E-003   3.33300600931640     
  7.360000000000000E-003   3.33463976600581     
  7.380000000000000E-003   3.33533226561081     
  7.400000000000000E-003   3.33525711501489     
  7.420000000000000E-003   3.33465166337844     
  7.440000000000000E-003   3.33352796557940     
  7.460000000000000E-003   3.33187334330315     
  7.480000000000001E-003   3.32994538186346     
  7.500000000000001E-003   3.32796523255648     
  7.520000000000001E-003   3.32605094585414     
  7.540000000000001E-003   3.32423366770987     
  7.560000000000001E-003   3.32252503638796     
  7.580000000000001E-003   3.32093996034003     
  7.600000000000001E-003   3.31948219467825     
  7.620000000000001E-003   3.31812464995637     
  7.640000000000001E-003   3.31682315537797     
  7.660000000000001E-003   3.31557327639264     
  7.680000000000001E-003   3.31439130902221     
  7.700000000000000E-003   3.31332609527491     
  7.720000000000000E-003   3.31242064585336     
  7.740000000000000E-003   3.31171760806808     
  7.760000000000000E-003   3.31122596909062     
  7.780000000000000E-003   3.31089488446477     
  7.800000000000001E-003   3.31074893463035     
  7.820000000000001E-003   3.31075770011555     
  7.840000000000001E-003   3.31087979101101     
  7.860000000000001E-003   3.31119047531449     
  7.880000000000000E-003   3.31168680163484     
  7.900000000000001E-003   3.31235097379682     
  7.920000000000000E-003   3.31319198670627     
  7.940000000000001E-003   3.31422073223854     
  7.960000000000000E-003   3.31546140606875     
  7.980000000000001E-003   3.31693219321499     
  8.000000000000000E-003   3.31839157662960     
  8.020000000000001E-003   3.31966698809273     
  8.040000000000000E-003   3.32072208481031     
  8.060000000000001E-003   3.32154670141214     
  8.080000000000000E-003   3.32217196519178     
  8.100000000000001E-003   3.32262661519726     
  8.120000000000000E-003   3.32295813565090     
  8.140000000000001E-003   3.32318992972163     
  8.160000000000001E-003   3.32332619405585     
  8.180000000000002E-003   3.32334635988483     
  8.200000000000001E-003   3.32321440486208     
  8.220000000000000E-003   3.32292461056181     
  8.240000000000001E-003   3.32257505295952     
  8.260000000000000E-003   3.32221655152248     
  8.280000000000001E-003   3.32189124990564     
  8.300000000000000E-003   3.32162299987845     
  8.320000000000001E-003   3.32147717371624     
  8.340000000000000E-003   3.32152183853195     
  8.360000000000001E-003   3.32176343967010     
  8.380000000000000E-003   3.32226980647891     
  8.400000000000001E-003   3.32297986350814     
  8.420000000000000E-003   3.32372905597178     
  8.440000000000001E-003   3.32451348281625     
  8.460000000000001E-003   3.32535511439578     
  8.480000000000001E-003   3.32627745058624     
  8.500000000000001E-003   3.32729613935113     
  8.520000000000002E-003   3.32844227213296     
  8.540000000000001E-003   3.32983609990536     
  8.560000000000000E-003   3.33152357167053     
  8.580000000000001E-003   3.33353679126501     
  8.600000000000000E-003   3.33596782932339     
  8.620000000000001E-003   3.33892912157394     
  8.640000000000000E-003   3.34256978367072     
  8.660000000000001E-003   3.34711209310541     
  8.680000000000000E-003   3.35257400471781     
  8.700000000000001E-003   3.35775568499610     
  8.720000000000000E-003   3.36192380542181     
  8.740000000000001E-003   3.36521927068282     
  8.760000000000000E-003   3.36780165579718     
  8.780000000000001E-003   3.36981027719946     
  8.800000000000001E-003   3.37134254414738     
  8.820000000000001E-003   3.37247046489891     
  8.840000000000001E-003   3.37325461480074     
  8.860000000000002E-003   3.37371526509888     
  8.880000000000001E-003   3.37389322365746     
  8.900000000000000E-003   3.37381497596537     
  8.920000000000001E-003   3.37353834909397     
  8.940000000000000E-003   3.37306611519584     
  8.960000000000001E-003   3.37241668976777     
  8.980000000000000E-003   3.37160912944009     
  9.000000000000001E-003   3.37067243568924     
  9.020000000000000E-003   3.36963172743741     
  9.040000000000001E-003   3.36850576369292     
  9.060000000000000E-003   3.36729064630950     
  9.080000000000001E-003   3.36598114356232     
  9.100000000000000E-003   3.36458164580795     
  9.120000000000001E-003   3.36309415873899     
  9.140000000000001E-003   3.36152062122621     
  9.160000000000001E-003   3.35986233509306     
  9.180000000000001E-003   3.35813160806154     
  9.200000000000002E-003   3.35633985659302     
  9.220000000000001E-003   3.35450336664674     
  9.240000000000000E-003   3.35264008538555     
  9.260000000000001E-003   3.35076487789605     
  9.280000000000000E-003   3.34889805550523     
  9.300000000000001E-003   3.34704130791390     
  9.320000000000000E-003   3.34519694083237     
  9.340000000000001E-003   3.34335541679626     
  9.360000000000000E-003   3.34152005442510     
  9.380000000000001E-003   3.33967637225271     
  9.400000000000000E-003   3.33782173899556     
  9.420000000000001E-003   3.33595390731424     
  9.440000000000000E-003   3.33407971278800     
  9.460000000000001E-003   3.33220386803992     
  9.480000000000001E-003   3.33035773395193     
  9.500000000000001E-003   3.32856188029769     
  9.520000000000001E-003   3.32682762459460     
  9.540000000000002E-003   3.32516455524200     
  9.560000000000001E-003   3.32358181666181     
  9.580000000000000E-003   3.32208488477120     
  9.600000000000001E-003   3.32066902734002     
  9.620000000000000E-003   3.31932551066244     
  9.640000000000001E-003   3.31804711700073     
  9.660000000000000E-003   3.31682912999744     
  9.680000000000001E-003   3.31567085996603     
  9.700000000000000E-003   3.31454174241658     
  9.720000000000001E-003   3.31344121202756     
  9.740000000000000E-003   3.31237102562555     
  9.760000000000001E-003   3.31133420251680     
  9.780000000000000E-003   3.31033244278566     
  9.800000000000001E-003   3.30936415193997     
  9.820000000000001E-003   3.30842781366070     
  9.840000000000002E-003   3.30752650878045     
  9.860000000000001E-003   3.30666909912141     
  9.880000000000002E-003   3.30587023940191     
  9.900000000000001E-003   3.30514800334987     
  9.920000000000000E-003   3.30451339576021     
  9.940000000000001E-003   3.30397649332113     
  9.960000000000000E-003   3.30352470420343     
  9.980000000000001E-003   3.30317485486781     
  1.000000000000000E-002   3.30292651146138     
  1.002000000000000E-002   3.30275635182393     
  1.004000000000000E-002   3.30262501554712     
  1.006000000000000E-002   3.30248559193950     
  1.008000000000000E-002   3.30231026444560     
  1.010000000000000E-002   3.30208893875120     
  1.012000000000000E-002   3.30182036712015     
  1.014000000000000E-002   3.30150670974628     
  1.016000000000000E-002   3.30115151819081     
  1.018000000000000E-002   3.30076991285654     
  1.020000000000000E-002   3.30030533688973     
  1.022000000000000E-002   3.29973518291951     
  1.024000000000000E-002   3.29916180992673     
  1.026000000000000E-002   3.29861538936475     
  1.028000000000000E-002   3.29809072937271     
  1.030000000000000E-002   3.29758513494872     
  1.032000000000000E-002   3.29709578373549     
  1.034000000000000E-002   3.29662950392126     
  1.036000000000000E-002   3.29619219922495     
  1.038000000000000E-002   3.29577542409118     
  1.040000000000000E-002   3.29537039312846     
  1.042000000000000E-002   3.29496859094695     
  1.044000000000000E-002   3.29456013578490     
  1.046000000000000E-002   3.29413569154256     
  1.048000000000000E-002   3.29369240597854     
  1.050000000000000E-002   3.29322912014198     
  1.052000000000000E-002   3.29274702856949     
  1.054000000000000E-002   3.29225032679382     
  1.056000000000000E-002   3.29174513161037     
  1.058000000000000E-002   3.29123715601953     
  1.060000000000000E-002   3.29072944859164     
  1.062000000000000E-002   3.29022439539699     
  1.064000000000000E-002   3.28971925832900     
  1.066000000000000E-002   3.28920434304088     
  1.068000000000000E-002   3.28866661530408     
  1.070000000000000E-002   3.28809037130137     
  1.072000000000000E-002   3.28745941912927     
  1.074000000000000E-002   3.28675769421651     
  1.076000000000000E-002   3.28597221692825     
  1.078000000000000E-002   3.28509136150381     
  1.080000000000000E-002   3.28410633473263     
  1.082000000000000E-002   3.28300786119613     
  1.084000000000000E-002   3.28179421716972     
  1.086000000000000E-002   3.28046688735908     
  1.088000000000000E-002   3.27903568142155     
  1.090000000000000E-002   3.27750913925561     
  1.092000000000000E-002   3.27589474602464     
  1.094000000000000E-002   3.27420236089827     
  1.096000000000000E-002   3.27244742540779     
  1.098000000000000E-002   3.27064462115528     
  1.100000000000000E-002   3.26880694232465     
  1.102000000000000E-002   3.26694371960382     
  1.104000000000000E-002   3.26507586555146     
  1.106000000000000E-002   3.26323778236369     
  1.108000000000000E-002   3.26145249328526     
  1.110000000000000E-002   3.25974009745441     
  1.112000000000000E-002   3.25811435528527     
  1.114000000000000E-002   3.25658395955679     
  1.116000000000000E-002   3.25515431599154     
  1.118000000000000E-002   3.25382904188755     
  1.120000000000000E-002   3.25261100472765     
  1.122000000000000E-002   3.25150273943060     
  1.124000000000000E-002   3.25050625686910     
  1.126000000000000E-002   3.24962306098488     
  1.128000000000000E-002   3.24885419077128     
  1.130000000000000E-002   3.24820012074917     
  1.132000000000000E-002   3.24766045155174     
  1.134000000000000E-002   3.24723400282803     
  1.136000000000000E-002   3.24692155312372     
  1.138000000000000E-002   3.24672475118628     
  1.140000000000000E-002   3.24664445995323     
  1.142000000000000E-002   3.24666398094911     
  1.144000000000000E-002   3.24672960581120     
  1.146000000000000E-002   3.24684649363808     
  1.148000000000000E-002   3.24701560017320     
  1.150000000000000E-002   3.24723173627805     
  1.152000000000000E-002   3.24748672554042     
  1.154000000000000E-002   3.24777245372919     
  1.156000000000000E-002   3.24808047572980     
  1.158000000000000E-002   3.24840956570456     
  1.160000000000000E-002   3.24876998143067     
  1.162000000000000E-002   3.24918927612313     
  1.164000000000000E-002   3.24970167772030     
  1.166000000000000E-002   3.25033382984402     
  1.168000000000000E-002   3.25111195870459     
  1.170000000000000E-002   3.25205817667837     
  1.172000000000000E-002   3.25319238780829     
  1.174000000000000E-002   3.25453187802928     
  1.176000000000000E-002   3.25609199653847     
  1.178000000000000E-002   3.25789057331362     
  1.180000000000000E-002   3.25994666450361     
  1.182000000000000E-002   3.26228359971630     
  1.184000000000000E-002   3.26492854147328     
  1.186000000000000E-002   3.26791855404016     
  1.188000000000000E-002   3.27130519698975     
  1.190000000000000E-002   3.27515592608611     
  1.192000000000000E-002   3.27955492440651     
  1.194000000000000E-002   3.28461130008211     
  1.196000000000000E-002   3.29046186500906     
  1.198000000000000E-002   3.29727766042988     
  1.200000000000000E-002   3.30493907601284     
  1.202000000000000E-002   3.31246384918671     
  1.204000000000000E-002   3.31932041172772     
  1.206000000000000E-002   3.32536432677605     
  1.208000000000000E-002   3.33056214505641     
  1.210000000000000E-002   3.33492897566245     
  1.212000000000000E-002   3.33851765858068     
  1.214000000000000E-002   3.34140466345272     
  1.216000000000000E-002   3.34367956483262     
  1.218000000000000E-002   3.34543583679629     
  1.220000000000000E-002   3.34676192135018     
  1.222000000000000E-002   3.34773449540195     
  1.224000000000000E-002   3.34841578773756     
  1.226000000000000E-002   3.34885582281065     
  1.228000000000000E-002   3.34909630800800     
  1.230000000000000E-002   3.34917839564214     
  1.232000000000000E-002   3.34914151582195     
  1.234000000000000E-002   3.34901868922861     
  1.236000000000000E-002   3.34879054745198     
  1.238000000000000E-002   3.34841798648194     
  1.240000000000000E-002   3.34793274305469     
  1.242000000000000E-002   3.34735335208958     
  1.244000000000000E-002   3.34670081099158     
  1.246000000000000E-002   3.34598697383976     
  1.248000000000000E-002   3.34522244747615     
  1.250000000000000E-002   3.34441407598543     
  1.252000000000000E-002   3.34356398260958     
  1.254000000000000E-002   3.34267221718020     
  1.256000000000000E-002   3.34173710532134     
  1.258000000000000E-002   3.34075604950276     
  1.260000000000000E-002   3.33972593531297     
  1.262000000000000E-002   3.33864287946706     
  1.264000000000000E-002   3.33750248128507     
  1.266000000000000E-002   3.33630133071809     
  1.268000000000000E-002   3.33503814853197     
  1.270000000000000E-002   3.33371405419229     
  1.272000000000000E-002   3.33233320078032     
  1.274000000000000E-002   3.33090348224480     
  1.276000000000000E-002   3.32943604231772     
  1.278000000000000E-002   3.32794459515975     
  1.280000000000000E-002   3.32644239369854     
  1.282000000000000E-002   3.32494130666622     
  1.284000000000000E-002   3.32344979511110     
  1.286000000000000E-002   3.32197468146015     
  1.288000000000000E-002   3.32052666871774     
  1.290000000000000E-002   3.31912321923741     
  1.292000000000000E-002   3.31777121746124     
  1.294000000000000E-002   3.31648263550213     
  1.296000000000000E-002   3.31526943381830     
  1.298000000000000E-002   3.31414086072851     
  1.300000000000000E-002   3.31309875983892     
  1.302000000000000E-002   3.31214273251298     
  1.304000000000000E-002   3.31127096222211     
  1.306000000000000E-002   3.31047865119627     
  1.308000000000000E-002   3.30975984933524     
  1.310000000000000E-002   3.30910699152570     
  1.312000000000000E-002   3.30851219905200     
  1.314000000000000E-002   3.30796824133556     
  1.316000000000000E-002   3.30747075240027     
  1.318000000000000E-002   3.30701718450066     
  1.320000000000000E-002   3.30660838409019     
  1.322000000000000E-002   3.30624768922916     
  1.324000000000000E-002   3.30594217063830     
  1.326000000000000E-002   3.30570318956972     
  1.328000000000000E-002   3.30554834602288     
  1.330000000000000E-002   3.30548871592444     
  1.332000000000000E-002   3.30553283622247     
  1.334000000000000E-002   3.30567992168414     
  1.336000000000000E-002   3.30594437447492     
  1.338000000000000E-002   3.30633594919202     
  1.340000000000000E-002   3.30685715494156     
  1.342000000000000E-002   3.30750370030646     
  1.344000000000000E-002   3.30827155671832     
  1.346000000000000E-002   3.30915701377897     
  1.348000000000000E-002   3.31015900208403     
  1.350000000000000E-002   3.31128885714631     
  1.352000000000000E-002   3.31256186192742     
  1.354000000000000E-002   3.31399411493605     
  1.356000000000000E-002   3.31559146781880     
  1.358000000000000E-002   3.31735826786323     
  1.360000000000000E-002   3.31930394707204     
  1.362000000000000E-002   3.32143541493365     
  1.364000000000000E-002   3.32375764780277     
  1.366000000000000E-002   3.32628297425176     
  1.368000000000000E-002   3.32903286513986     
  1.370000000000000E-002   3.33203745106853     
  1.372000000000000E-002   3.33533306922024     
  1.374000000000000E-002   3.33897045331750     
  1.376000000000000E-002   3.34281017399820     
  1.378000000000000E-002   3.34652044860548     
  1.380000000000000E-002   3.35000510920723     
  1.382000000000000E-002   3.35326446442626     
  1.384000000000000E-002   3.35632125289186     
  1.386000000000000E-002   3.35918923003748     
  1.388000000000000E-002   3.36187531366499     
  1.390000000000000E-002   3.36438409612684     
  1.392000000000000E-002   3.36672383223585     
  1.394000000000000E-002   3.36891179050286     
  1.396000000000000E-002   3.37096953028209     
  1.398000000000000E-002   3.37292054612563     
  1.400000000000000E-002   3.37478373222836     
  1.402000000000000E-002   3.37657566227082     
  1.404000000000000E-002   3.37830977995864     
  1.406000000000000E-002   3.37999168569474     
  1.408000000000000E-002   3.38161936323728     
  1.410000000000000E-002   3.38321378711632     
  1.412000000000000E-002   3.38475592447611     
  1.414000000000000E-002   3.38620318124379     
  1.416000000000000E-002   3.38754392930758     
  1.418000000000000E-002   3.38878458770359     
  1.420000000000000E-002   3.38993515290199     
  1.422000000000000E-002   3.39100215431538     
  1.424000000000000E-002   3.39198617266799     
  1.426000000000000E-002   3.39288513949671     
  1.428000000000000E-002   3.39368657968189     
  1.430000000000000E-002   3.39435961724489     
  1.432000000000000E-002   3.39486061053987     
  1.434000000000000E-002   3.39520319450752     
  1.436000000000000E-002   3.39526523235658     
  1.438000000000000E-002   3.39512395849430     
  1.440000000000000E-002   3.39476493360638     
  1.442000000000000E-002   3.39418282998099     
  1.444000000000000E-002   3.39343143113917     
  1.446000000000000E-002   3.39252153040371     
  1.448000000000000E-002   3.39155183940309     
  1.450000000000000E-002   3.39056811253882     
  1.452000000000000E-002   3.38956376995445     
  1.454000000000000E-002   3.38853875512496     
  1.456000000000000E-002   3.38749584646476     
  1.458000000000000E-002   3.38643415897304     
  1.460000000000000E-002   3.38535597210052     
  1.462000000000000E-002   3.38426226366511     
  1.464000000000000E-002   3.38315360538984     
  1.466000000000000E-002   3.38203103450621     
  1.468000000000000E-002   3.38089349949291     
  1.470000000000000E-002   3.37974075338573     
  1.472000000000000E-002   3.37858930181755     
  1.474000000000000E-002   3.37745483385911     
  1.476000000000000E-002   3.37633234653401     
  1.478000000000000E-002   3.37521732713126     
  1.480000000000000E-002   3.37410468683759     
  1.482000000000000E-002   3.37298414451056     
  1.484000000000000E-002   3.37184604849425     
  1.486000000000000E-002   3.37066445217349     
  1.488000000000000E-002   3.36940065702178     
  1.490000000000000E-002   3.36802731087539     
  1.492000000000000E-002   3.36653114459733     
  1.494000000000000E-002   3.36490853295732     
  1.496000000000000E-002   3.36317030007445     
  1.498000000000000E-002   3.36133335491646     
  1.500000000000000E-002   3.35941312435352     
  1.502000000000000E-002   3.35742218595401     
  1.504000000000000E-002   3.35537330074103     
  1.506000000000000E-002   3.35327970529575     
  1.508000000000000E-002   3.35115096971106     
  1.510000000000000E-002   3.34899209874776     
  1.512000000000000E-002   3.34680124388553     
  1.514000000000000E-002   3.34459692690739     
  1.516000000000000E-002   3.34242461158265     
  1.518000000000000E-002   3.34030800369548     
  1.520000000000000E-002   3.33827227288899     
  1.522000000000000E-002   3.33633429326224     
  1.524000000000000E-002   3.33450350939527     
  1.526000000000000E-002   3.33278209231229     
  1.528000000000000E-002   3.33117071783291     
  1.530000000000000E-002   3.32966724678060     
  1.532000000000000E-002   3.32826883523113     
  1.534000000000000E-002   3.32697410126391     
  1.536000000000000E-002   3.32576896125738     
  1.538000000000000E-002   3.32465506176868     
  1.540000000000000E-002   3.32362485401436     
  1.542000000000000E-002   3.32268921642638     
  1.544000000000000E-002   3.32185800970594     
  1.546000000000000E-002   3.32112209622952     
  1.548000000000000E-002   3.32046517643197     
  1.550000000000000E-002   3.31986758994653     
  1.552000000000000E-002   3.31930914214620     
  1.554000000000000E-002   3.31877389497448     
  1.556000000000000E-002   3.31824650727631     
  1.558000000000000E-002   3.31771799849579     
  1.560000000000000E-002   3.31718628477285     
  1.562000000000000E-002   3.31664914223677     
  1.564000000000000E-002   3.31611357486532     
  1.566000000000000E-002   3.31559400566833     
  1.568000000000000E-002   3.31510947671925     
  1.570000000000000E-002   3.31467086812572     
  1.572000000000000E-002   3.31429330726422     
  1.574000000000000E-002   3.31399360052159     
  1.576000000000000E-002   3.31378739573535     
  1.578000000000000E-002   3.31369507969505     
  1.580000000000000E-002   3.31373812029812     
  1.582000000000000E-002   3.31390282394500     
  1.584000000000000E-002   3.31419792877332     
  1.586000000000000E-002   3.31464128583513     
  1.588000000000000E-002   3.31523401803785     
  1.590000000000000E-002   3.31597919728858     
  1.592000000000000E-002   3.31688198886674     
  1.594000000000000E-002   3.31794972547959     
  1.596000000000000E-002   3.31918402659009     
  1.598000000000000E-002   3.32058063933496     
  1.600000000000000E-002   3.32213183012465     
  1.602000000000000E-002   3.32383071230270     
  1.604000000000000E-002   3.32567301160284     
  1.606000000000000E-002   3.32765279984606     
  1.608000000000000E-002   3.32977621174202     
  1.610000000000000E-002   3.33203818535058     
  1.612000000000000E-002   3.33438363192837     
  1.614000000000000E-002   3.33672597800971     
  1.616000000000000E-002   3.33898531692969     
  1.618000000000000E-002   3.34113766761923     
  1.620000000000000E-002   3.34317865854015     
  1.622000000000000E-002   3.34510388363127     
  1.624000000000000E-002   3.34691632096903     
  1.626000000000000E-002   3.34862026264798     
  1.628000000000000E-002   3.35021551683460     
  1.630000000000000E-002   3.35169878175634     
  1.632000000000000E-002   3.35306902425434     
  1.634000000000000E-002   3.35432756249974     
  1.636000000000000E-002   3.35547625226856     
  1.638000000000000E-002   3.35651574179637     
  1.640000000000000E-002   3.35744603274695     
  1.642000000000000E-002   3.35826857288762     
  1.644000000000000E-002   3.35898680817022     
  1.646000000000000E-002   3.35960675839131     
  1.648000000000000E-002   3.36013618679571     
  1.650000000000000E-002   3.36058606158945     
  1.652000000000000E-002   3.36096503863433     
  1.654000000000000E-002   3.36128319790753     
  1.656000000000000E-002   3.36155263980903     
  1.658000000000000E-002   3.36178531000691     
  1.660000000000000E-002   3.36198605545279     
  1.662000000000000E-002   3.36216823165670     
  1.664000000000000E-002   3.36234266657252     
  1.666000000000000E-002   3.36250893319910     
  1.668000000000000E-002   3.36267019122370     
  1.670000000000000E-002   3.36282821367866     
  1.672000000000000E-002   3.36298755879492     
  1.674000000000000E-002   3.36315283852312     
  1.676000000000000E-002   3.36332705287116     
  1.678000000000000E-002   3.36349369378290     
  1.680000000000000E-002   3.36362491141948     
  1.682000000000000E-002   3.36371934419398     
  1.684000000000000E-002   3.36378600542435     
  1.686000000000000E-002   3.36383240773117     
  1.688000000000000E-002   3.36385308882813     
  1.690000000000000E-002   3.36384302065900     
  1.692000000000000E-002   3.36380830925826     
  1.694000000000000E-002   3.36374245203321     
  1.696000000000000E-002   3.36364556955753     
  1.698000000000000E-002   3.36352060876334     
  1.700000000000000E-002   3.36336538301213     
  1.702000000000000E-002   3.36317621681391     
  1.704000000000000E-002   3.36294994133835     
  1.706000000000000E-002   3.36268139246622     
  1.708000000000000E-002   3.36236502332910     
  1.710000000000000E-002   3.36199707320373     
  1.712000000000000E-002   3.36157318643463     
  1.714000000000000E-002   3.36108988211696     
  1.716000000000000E-002   3.36054710687711     
  1.718000000000000E-002   3.35994543899866     
  1.720000000000000E-002   3.35928483209671     
  1.722000000000000E-002   3.35856492986992     
  1.724000000000000E-002   3.35778684866783     
  1.726000000000000E-002   3.35695324617617     
  1.728000000000000E-002   3.35606833426458     
  1.730000000000000E-002   3.35513703344790     
  1.732000000000000E-002   3.35416540781777     
  1.734000000000000E-002   3.35316103389360     
  1.736000000000000E-002   3.35213257252414     
  1.738000000000000E-002   3.35108780579492     
  1.740000000000000E-002   3.35003331318600     
  1.742000000000000E-002   3.34897458069653     
  1.744000000000000E-002   3.34791561991146     
  1.746000000000000E-002   3.34686071032197     
  1.748000000000000E-002   3.34581326060441     
  1.750000000000000E-002   3.34477623130951     
  1.752000000000000E-002   3.34375366976232     
  1.754000000000000E-002   3.34274720197008     
  1.756000000000000E-002   3.34175841038748     
  1.758000000000000E-002   3.34079094899547     
  1.760000000000000E-002   3.33984817695480     
  1.762000000000000E-002   3.33893295192344     
  1.764000000000000E-002   3.33804707690606     
  1.766000000000000E-002   3.33719093885492     
  1.768000000000000E-002   3.33636441869049     
  1.770000000000000E-002   3.33556689000041     
  1.772000000000000E-002   3.33479728785622     
  1.774000000000000E-002   3.33405460504760     
  1.776000000000000E-002   3.33333812397419     
  1.778000000000000E-002   3.33264649358052     
  1.780000000000000E-002   3.33197769928384     
  1.782000000000000E-002   3.33132961707633     
  1.784000000000000E-002   3.33070028462019     
  1.786000000000000E-002   3.33008897355120     
  1.788000000000000E-002   3.32949599959114     
  1.790000000000000E-002   3.32892278342667     
  1.792000000000000E-002   3.32837129389346     
  1.794000000000000E-002   3.32784342354407     
  1.796000000000000E-002   3.32734071765962     
  1.798000000000000E-002   3.32686420167267     
  1.800000000000000E-002   3.32641449234027     
  1.802000000000000E-002   3.32599226564586     
  1.804000000000000E-002   3.32559824064685     
  1.806000000000000E-002   3.32523323627521     
  1.808000000000000E-002   3.32489863497325     
  1.810000000000000E-002   3.32459688581858     
  1.812000000000000E-002   3.32432770896739     
  1.814000000000000E-002   3.32409753480904     
  1.816000000000000E-002   3.32390617953567     
  1.818000000000000E-002   3.32375638799909     
  1.820000000000000E-002   3.32364918244655     
  1.822000000000000E-002   3.32358419129145     
  1.824000000000000E-002   3.32356329965928     
  1.826000000000000E-002   3.32358303507670     
  1.828000000000000E-002   3.32363814217544     
  1.830000000000000E-002   3.32372640843730     
  1.832000000000000E-002   3.32384191217610     
  1.834000000000000E-002   3.32397269371548     
  1.836000000000000E-002   3.32410876922099     
  1.838000000000000E-002   3.32424388566767     
  1.840000000000000E-002   3.32437156292035     
  1.842000000000000E-002   3.32448279706716     
  1.844000000000000E-002   3.32456911220562     
  1.846000000000000E-002   3.32463356393181     
  1.848000000000000E-002   3.32465905442312     
  1.850000000000000E-002   3.32465184768766     
  1.852000000000000E-002   3.32460889485515     
  1.854000000000000E-002   3.32453589612496     
  1.856000000000000E-002   3.32443762041613     
  1.858000000000000E-002   3.32431829724407     
  1.860000000000000E-002   3.32418438156540     
  1.862000000000000E-002   3.32404132503240     
  1.864000000000000E-002   3.32389436755592     
  1.866000000000000E-002   3.32374893901416     
  1.868000000000000E-002   3.32360938309799     
  1.870000000000000E-002   3.32348086800494     
  1.872000000000000E-002   3.32336772348468     
  1.874000000000000E-002   3.32327593995691     
  1.876000000000000E-002   3.32321209242619     
  1.878000000000000E-002   3.32317952500423     
  1.880000000000000E-002   3.32319301659506     
  1.882000000000000E-002   3.32325551648940     
  1.884000000000000E-002   3.32338272689618     
  1.886000000000000E-002   3.32359948769495     
  1.888000000000000E-002   3.32391022298337     
  1.890000000000000E-002   3.32431755541700     
  1.892000000000000E-002   3.32482818544243     
  1.894000000000000E-002   3.32543781373900     
  1.896000000000000E-002   3.32613493049394     
  1.898000000000000E-002   3.32689650684415     
  1.900000000000000E-002   3.32770806779667     
  1.902000000000000E-002   3.32856172920096     
  1.904000000000000E-002   3.32945509121488     
  1.906000000000000E-002   3.33037403914350     
  1.908000000000000E-002   3.33131481883909     
  1.910000000000000E-002   3.33227436755533     
  1.912000000000000E-002   3.33324528090722     
  1.914000000000000E-002   3.33421889896718     
  1.916000000000000E-002   3.33517968624250     
  1.918000000000000E-002   3.33612086267085     
  1.920000000000000E-002   3.33703144588536     
  1.922000000000000E-002   3.33789795511826     
  1.924000000000000E-002   3.33871263488983     
  1.926000000000000E-002   3.33946221119423     
  1.928000000000000E-002   3.34014731103645     
  1.930000000000000E-002   3.34077003863331     
  1.932000000000000E-002   3.34131730094365     
  1.934000000000000E-002   3.34176653674799     
  1.936000000000000E-002   3.34210264958109     
  1.938000000000000E-002   3.34234270350484     
  1.940000000000000E-002   3.34250879702250     
  1.942000000000000E-002   3.34260259913407     
  1.944000000000000E-002   3.34263297975214     
  1.946000000000000E-002   3.34261228483246     
  1.948000000000000E-002   3.34254531645988     
  1.950000000000000E-002   3.34242301332285     
  1.952000000000000E-002   3.34225664636631     
  1.954000000000000E-002   3.34205655003342     
  1.956000000000000E-002   3.34182895704009     
  1.958000000000000E-002   3.34157819790328     
  1.960000000000000E-002   3.34130931851681     
  1.962000000000000E-002   3.34102729744487     
  1.964000000000000E-002   3.34073571777807     
  1.966000000000000E-002   3.34043718301139     
  1.968000000000000E-002   3.34013399316989     
  1.970000000000000E-002   3.33982745972163     
  1.972000000000000E-002   3.33951792046906     
  1.974000000000000E-002   3.33920546101385     
  1.976000000000000E-002   3.33889038417518     
  1.978000000000000E-002   3.33857305323720     
  1.980000000000000E-002   3.33825355274501     
  1.982000000000000E-002   3.33793170503337     
  1.984000000000000E-002   3.33760739496347     
  1.986000000000000E-002   3.33728077991599     
  1.988000000000000E-002   3.33695239473639     
  1.990000000000000E-002   3.33662270462515     
  1.992000000000000E-002   3.33629185709750     
  1.994000000000000E-002   3.33595862864274     
  1.996000000000000E-002   3.33562046139015     
  1.998000000000000E-002   3.33527355863700     
  2.000000000000000E-002   3.33491270553816     
  2.002000000000000E-002   3.33453327924345     
  2.004000000000000E-002   3.33413225901283     
  2.006000000000000E-002   3.33370676957889     
  2.008000000000000E-002   3.33325477858384     
  2.010000000000000E-002   3.33277504502688     
  2.012000000000000E-002   3.33226686598046     
  2.014000000000000E-002   3.33173015462881     
  2.016000000000000E-002   3.33116559577271     
  2.018000000000000E-002   3.33057464555037     
  2.020000000000000E-002   3.32995947766451     
  2.022000000000000E-002   3.32932285581335     
  2.024000000000000E-002   3.32866736579948     
  2.026000000000000E-002   3.32799740577725     
  2.028000000000000E-002   3.32732071230071     
  2.030000000000000E-002   3.32664459163984     
  2.032000000000000E-002   3.32597545186707     
  2.034000000000000E-002   3.32531595339654     
  2.036000000000000E-002   3.32466760042931     
  2.038000000000000E-002   3.32403465410880     
  2.040000000000000E-002   3.32341863406776     
  2.042000000000000E-002   3.32282541050469     
  2.044000000000000E-002   3.32225616453065     
  2.046000000000000E-002   3.32170694753980     
  2.048000000000000E-002   3.32119160797329     
  2.050000000000000E-002   3.32071457639945     
  2.052000000000000E-002   3.32027754514962     
  2.054000000000000E-002   3.31988489163212     
  2.056000000000000E-002   3.31954004086152     
  2.058000000000000E-002   3.31924535298652     
  2.060000000000000E-002   3.31900191831720     
  2.062000000000000E-002   3.31880920795471     
  2.064000000000000E-002   3.31866621768123     
  2.066000000000000E-002   3.31857532778200     
  2.068000000000000E-002   3.31854338860747     
  2.070000000000000E-002   3.31855740211088     
  2.072000000000000E-002   3.31860940238895     
  2.074000000000000E-002   3.31870082506622     
  2.076000000000000E-002   3.31882780964608     
  2.078000000000000E-002   3.31898077113834     
  2.080000000000000E-002   3.31914620041977     
  2.082000000000000E-002   3.31931352164940     
  2.084000000000000E-002   3.31948140574761     
  2.086000000000000E-002   3.31964972844109     
  2.088000000000000E-002   3.31981574421278     
  2.090000000000000E-002   3.31997809375400     
  2.092000000000000E-002   3.32013539536313     
  2.094000000000000E-002   3.32028658600672     
  2.096000000000000E-002   3.32043123616416     
  2.098000000000000E-002   3.32056976528341     
  2.100000000000000E-002   3.32070334611095     
  2.102000000000000E-002   3.32083356374422     
  2.104000000000000E-002   3.32096215581383     
  2.106000000000000E-002   3.32109070293593     
  2.108000000000000E-002   3.32122010027600     
  2.110000000000000E-002   3.32135146564476     
  2.112000000000000E-002   3.32148567608058     
  2.114000000000000E-002   3.32162303082763     
  2.116000000000000E-002   3.32176188296156     
  2.118000000000000E-002   3.32189977426166     
  2.120000000000000E-002   3.32203717371642     
  2.122000000000000E-002   3.32217636527440     
  2.124000000000000E-002   3.32232338503696     
  2.126000000000000E-002   3.32248317186972     
  2.128000000000000E-002   3.32265394506735     
  2.130000000000000E-002   3.32283585758596     
  2.132000000000000E-002   3.32302904591966     
  2.134000000000000E-002   3.32323262855450     
  2.136000000000000E-002   3.32344415263900     
  2.138000000000000E-002   3.32366064325652     
  2.140000000000000E-002   3.32387930895408     
  2.142000000000000E-002   3.32409704596540     
  2.144000000000000E-002   3.32431049654940     
  2.146000000000000E-002   3.32451827441593     
  2.148000000000000E-002   3.32472074099021     
  2.150000000000000E-002   3.32491945144296     
  2.152000000000000E-002   3.32511645935200     
  2.154000000000000E-002   3.32531390706613     
  2.156000000000000E-002   3.32551347317940     
  2.158000000000000E-002   3.32571637632677     
  2.160000000000000E-002   3.32592442560938     
  2.162000000000000E-002   3.32614073631450     
  2.164000000000000E-002   3.32636954136438     
  2.166000000000000E-002   3.32661514112649     
  2.168000000000000E-002   3.32688096288254     
  2.170000000000000E-002   3.32716981683858     
  2.172000000000000E-002   3.32748450904131     
  2.174000000000000E-002   3.32782119617021     
  2.176000000000000E-002   3.32815498130227     
  2.178000000000000E-002   3.32846308364442     
  2.180000000000000E-002   3.32873122535095     
  2.182000000000000E-002   3.32894785965573     
  2.184000000000000E-002   3.32910740048811     
  2.186000000000000E-002   3.32921343835008     
  2.188000000000000E-002   3.32927782239341     
  2.190000000000000E-002   3.32931434337213     
  2.192000000000000E-002   3.32933102343284     
  2.194000000000000E-002   3.32932684094446     
  2.196000000000000E-002   3.32928220938343     
  2.198000000000000E-002   3.32922778066496     
  2.200000000000000E-002   3.32916912889945     
  2.202000000000000E-002   3.32909727416593     
  2.204000000000000E-002   3.32901581791548     
  2.206000000000000E-002   3.32892040695199     
  2.208000000000000E-002   3.32881040341057     
  2.210000000000000E-002   3.32868669560508     
  2.212000000000000E-002   3.32855158075199     
  2.214000000000000E-002   3.32840879712617     
  2.216000000000000E-002   3.32826235558970     
  2.218000000000000E-002   3.32811630021423     
  2.220000000000000E-002   3.32797427203010     
  2.222000000000000E-002   3.32783765926984     
  2.224000000000000E-002   3.32770070669486     
  2.226000000000000E-002   3.32756800755711     
  2.228000000000000E-002   3.32744305595547     
  2.230000000000000E-002   3.32732761656419     
  2.232000000000000E-002   3.32721435477678     
  2.234000000000000E-002   3.32710638150166     
  2.236000000000000E-002   3.32700778550435     
  2.238000000000000E-002   3.32689697312407     
  2.240000000000000E-002   3.32677724670357     
  2.242000000000000E-002   3.32671657039088     
  2.244000000000000E-002   3.32652090459698     
  2.246000000000000E-002   3.32633891784340     
  2.248000000000000E-002   3.32615383391823     
  2.250000000000000E-002   3.32594107708218     
  2.252000000000000E-002   3.32569555905770     
  2.254000000000000E-002   3.32541656563487     
  2.256000000000000E-002   3.32510370751834     
  2.258000000000000E-002   3.32475758678952     
  2.260000000000000E-002   3.32437873361842     
  2.262000000000000E-002   3.32396669995104     
  2.264000000000000E-002   3.32352112873393     
  2.266000000000000E-002   3.32304292654955     
  2.268000000000000E-002   3.32253142853362     
  2.270000000000000E-002   3.32198665061033     
  2.272000000000000E-002   3.32140863199246     
  2.274000000000000E-002   3.32079752046018     
  2.276000000000000E-002   3.32015335908496     
  2.278000000000000E-002   3.31947605790019     
  2.280000000000000E-002   3.31876539786875     
  2.282000000000000E-002   3.31802147836196     
  2.284000000000000E-002   3.31724449972571     
  2.286000000000000E-002   3.31643473937540     
  2.288000000000000E-002   3.31559167360462     
  2.290000000000000E-002   3.31470782120014     
  2.292000000000000E-002   3.31379935357621     
  2.294000000000000E-002   3.31286471388989     
  2.296000000000000E-002   3.31190291256724     
  2.298000000000000E-002   3.31091241912789     
  2.300000000000000E-002   3.30988962452315     
  2.302000000000000E-002   3.30882989784581     
  2.304000000000000E-002   3.30772996437315     
  2.306000000000000E-002   3.30658811636794     
  2.308000000000000E-002   3.30540245357676     
  2.310000000000000E-002   3.30417234434318     
  2.312000000000000E-002   3.30289883825974     
  2.314000000000000E-002   3.30158351346973     
  2.316000000000000E-002   3.30022894698566     
  2.318000000000000E-002   3.29884032441878     
  2.320000000000000E-002   3.29742266885400     
  2.322000000000000E-002   3.29598113229125     
  2.324000000000000E-002   3.29452111112749     
  2.326000000000000E-002   3.29304759446208     
  2.328000000000000E-002   3.29156470113765     
  2.330000000000000E-002   3.29007522148564     
  2.332000000000000E-002   3.28858012664717     
  2.334000000000000E-002   3.28707884121995     
  2.336000000000000E-002   3.28556938038987     
  2.338000000000000E-002   3.28404863184334     
  2.340000000000000E-002   3.28251227608800     
  2.342000000000000E-002   3.28095463593421     
  2.344000000000000E-002   3.27936893779147     
  2.346000000000000E-002   3.27774823440058     
  2.348000000000000E-002   3.27608664843744     
  2.350000000000000E-002   3.27438037156614     
  2.352000000000000E-002   3.27262792804783     
  2.354000000000000E-002   3.27082965962516     
  2.356000000000000E-002   3.26898647544422     
  2.358000000000000E-002   3.26710163950889     
  2.360000000000000E-002   3.26517804370935     
  2.362000000000000E-002   3.26321620915411     
  2.364000000000000E-002   3.26121552460693     
  2.366000000000000E-002   3.25917471738436     
  2.368000000000000E-002   3.25709208160012     
  2.370000000000000E-002   3.25496581169629     
  2.372000000000000E-002   3.25279452367946     
  2.374000000000000E-002   3.25057759902202     
  2.376000000000000E-002   3.24831521274905     
  2.378000000000000E-002   3.24600797343262     
  2.380000000000000E-002   3.24365752825914     
  2.382000000000000E-002   3.24126673755077     
  2.384000000000000E-002   3.23883867093954     
  2.386000000000000E-002   3.23637607525257     
  2.388000000000000E-002   3.23388197426781     
  2.390000000000000E-002   3.23135742778944     
  2.392000000000000E-002   3.22880032692066     
  2.394000000000000E-002   3.22620660476437     
  2.396000000000000E-002   3.22356866146125     
  2.398000000000000E-002   3.22087665243235     
  2.400000000000000E-002   3.21811903150166     
  2.402000000000000E-002   3.21528440597437     
  2.404000000000000E-002   3.21236291514016     
  2.406000000000000E-002   3.20934577118811     
  2.408000000000000E-002   3.20622497103497     
  2.410000000000000E-002   3.20299283580398     
  2.412000000000000E-002   3.19964260674260     
  2.414000000000000E-002   3.19616963168979     
  2.416000000000000E-002   3.19257037082305     
  2.418000000000000E-002   3.18884171742910     
  2.420000000000000E-002   3.18498050894869     
  2.422000000000000E-002   3.18098348801800     
  2.424000000000000E-002   3.17684829843607     
  2.426000000000000E-002   3.17257234413243     
  2.428000000000000E-002   3.16815494683440     
  2.430000000000000E-002   3.16359718255906     
  2.432000000000000E-002   3.15889953693132     
  2.434000000000000E-002   3.15408296352398     
  2.436000000000000E-002   3.14911175499959     
  2.438000000000000E-002   3.14394263322564     
  2.440000000000000E-002   3.13859933116694     
  2.442000000000000E-002   3.13309149467198     
  2.444000000000000E-002   3.12739322988241     
  2.446000000000000E-002   3.12149974864607     
  2.448000000000000E-002   3.11544900176294     
  2.450000000000000E-002   3.10924957975907     
  2.452000000000000E-002   3.10288995652389     
  2.454000000000000E-002   3.09637355216711     
  2.456000000000000E-002   3.08970982504317     
  2.458000000000000E-002   3.08291518720703     
  2.460000000000000E-002   3.07601352212336     
  2.462000000000000E-002   3.06903427965451     
  2.464000000000000E-002   3.06203620030903     
  2.466000000000000E-002   3.05506879928483     
  2.468000000000000E-002   3.04820941290719     
  2.470000000000000E-002   3.04154549935622     
  2.472000000000000E-002   3.03508667956109     
  2.474000000000000E-002   3.02865873589140     
  2.476000000000000E-002   3.02206425281580     
  2.478000000000000E-002   3.01529411034709     
  2.480000000000000E-002   3.00837326704528     
  2.482000000000000E-002   3.00133040953768     
  2.484000000000000E-002   2.99418188139011     
  2.486000000000000E-002   2.98681071350298     
  2.488000000000000E-002   2.97932415222043     
  2.490000000000000E-002   2.97194169867717     
  2.492000000000000E-002   2.96474171585815     
  2.494000000000000E-002   2.95769420991396     
  2.496000000000000E-002   2.95055475996864     
  2.498000000000000E-002   2.94364410708572     
  2.500000000000000E-002   2.93699039649625     
  2.502000000000000E-002   2.93059825109561     
  2.504000000000000E-002   2.92452757485788     
  2.506000000000000E-002   2.91878307245653     
  2.508000000000000E-002   2.91321342177255     
  2.510000000000000E-002   2.90766209636461     
  2.512000000000000E-002   2.90200452753704     
  2.514000000000000E-002   2.89622991301542     
  2.516000000000000E-002   2.89031125679928     
  2.518000000000000E-002   2.88423665212950     
  2.520000000000000E-002   2.87798559262381     
  2.522000000000000E-002   2.87146522820838     
  2.524000000000000E-002   2.86472485809021     
  2.526000000000000E-002   2.85774766929819     
  2.528000000000000E-002   2.85053503002552     
  2.530000000000000E-002   2.84308807402159     
  2.532000000000000E-002   2.83547596193966     
  2.534000000000000E-002   2.82735687693986     
  2.536000000000000E-002   2.81863185276394     
  2.538000000000000E-002   2.80950495728730     
  2.540000000000000E-002   2.80012571702705     
  2.542000000000000E-002   2.79060386904615     
  2.544000000000000E-002   2.78097770600050     
  2.546000000000000E-002   2.77138647959940     
  2.548000000000000E-002   2.76197834676937     
  2.550000000000000E-002   2.75290848211435     
  2.552000000000000E-002   2.74447930034346     
  2.554000000000000E-002   2.73672628930982     
  2.556000000000000E-002   2.73003612225065     
  2.558000000000000E-002   2.72465970264469     
  2.560000000000000E-002   2.72017820699871     
  2.562000000000000E-002   2.71833128600984     
  2.564000000000000E-002   2.71758013331237     
  2.566000000000000E-002   2.71827344791672     
  2.568000000000000E-002   2.72036499114312     
  2.570000000000000E-002   2.72411604983286     
  2.572000000000000E-002   2.72928326162948     
  2.574000000000000E-002   2.73569381354084     
  2.576000000000000E-002   2.74310422403153     
  2.578000000000000E-002   2.75124551566226     
  2.580000000000000E-002   2.75979841499437     
  2.582000000000000E-002   2.76867420610983     
  2.584000000000000E-002   2.77786986635381     
  2.586000000000000E-002   2.78708962998989     
  2.588000000000000E-002   2.79620487498058     
  2.590000000000000E-002   2.80514600918000     
  2.592000000000000E-002   2.81386662503446     
  2.594000000000000E-002   2.82232985338551     
  2.596000000000000E-002   2.83049761319571     
  2.598000000000000E-002   2.83833612130866     
  2.600000000000000E-002   2.84582271132122     
  2.602000000000000E-002   2.85294568509877     
  2.604000000000000E-002   2.85972048694800     
  2.606000000000000E-002   2.86618146451146     
  2.608000000000000E-002   2.87236028834687     
  2.610000000000000E-002   2.87827496899872     
  2.612000000000000E-002   2.88395169944622     
  2.614000000000000E-002   2.88940256280688     
  2.616000000000000E-002   2.89461294078571     
  2.618000000000000E-002   2.89957927419113     
  2.620000000000000E-002   2.90440871515842     
  2.622000000000000E-002   2.90914193895185     
  2.624000000000000E-002   2.91383223249263     
  2.626000000000000E-002   2.91853085240178     
  2.628000000000000E-002   2.92329885425174     
  2.630000000000000E-002   2.92831020209142     
  2.632000000000000E-002   2.93363951783304     
  2.634000000000000E-002   2.93951059484663     
  2.636000000000000E-002   2.94581561765699     
  2.638000000000000E-002   2.95233856010445     
  2.640000000000000E-002   2.95838320464880     
  2.642000000000000E-002   2.96459006899021     
  2.644000000000000E-002   2.97157913423366     
  2.646000000000000E-002   2.97862069715632     
  2.648000000000000E-002   2.98515702960206     
  2.650000000000000E-002   2.99113908314678     
  2.652000000000000E-002   2.99668028862720     
  2.654000000000000E-002   3.00184868109452     
  2.656000000000000E-002   3.00654202756722     
  2.658000000000000E-002   3.01086030327763     
  2.660000000000000E-002   3.01514619869732     
  2.662000000000000E-002   3.01935242919159     
  2.664000000000000E-002   3.02343642327811     
  2.666000000000000E-002   3.02760299066116     
  2.668000000000000E-002   3.03181668241841     
  2.670000000000000E-002   3.03617740052400     
  2.672000000000000E-002   3.04062921200237     
  2.674000000000000E-002   3.04491344879001     
  2.676000000000000E-002   3.04860726285140     
  2.678000000000000E-002   3.05259574870153     
  2.680000000000000E-002   3.05655429122772     
  2.682000000000000E-002   3.06041534121636     
  2.684000000000000E-002   3.06417587052404     
  2.686000000000000E-002   3.06788424811871     
  2.688000000000000E-002   3.07164821291667     
  2.690000000000000E-002   3.07549569736798     
  2.692000000000000E-002   3.07928242221062     
  2.694000000000000E-002   3.08303927380752     
  2.696000000000000E-002   3.08682447862741     
  2.698000000000000E-002   3.09072351641821     
  2.700000000000000E-002   3.09480986081211     
  2.702000000000000E-002   3.09905818370694     
  2.704000000000000E-002   3.10401038772485     
  2.706000000000000E-002   3.10930311147488     
  2.708000000000000E-002   3.11501484928770     
  2.710000000000000E-002   3.12110344222032     
  2.712000000000000E-002   3.12748427708720     
  2.714000000000000E-002   3.13407278016706     
  2.716000000000000E-002   3.14078818042207     
  2.718000000000000E-002   3.14755257908309     
  2.720000000000000E-002   3.15433276008521     
  2.722000000000000E-002   3.16107323755051     
  2.724000000000000E-002   3.16771864286853     
  2.726000000000000E-002   3.17422039862737     
  2.728000000000000E-002   3.18051421132013     
  2.730000000000000E-002   3.18654058386892     
  2.732000000000000E-002   3.19228479145075     
  2.734000000000000E-002   3.19768349365281     
  2.736000000000000E-002   3.20271569791851     
  2.738000000000000E-002   3.20752024323232     
  2.740000000000000E-002   3.21189625393779     
  2.742000000000000E-002   3.21590674429132     
  2.744000000000000E-002   3.21965730754292     
  2.746000000000000E-002   3.22317962684201     
  2.748000000000000E-002   3.22650637806765     
  2.750000000000000E-002   3.22966087863859     
  2.752000000000000E-002   3.23265824887642     
  2.754000000000000E-002   3.23551541769048     
  2.756000000000000E-002   3.23824475790227     
  2.758000000000000E-002   3.24085022692327     
  2.760000000000000E-002   3.24333666789418     
  2.762000000000000E-002   3.24571384130994     
  2.764000000000000E-002   3.24798759455926     
  2.766000000000000E-002   3.25015903555840     
  2.768000000000000E-002   3.25222855203742     
  2.770000000000000E-002   3.25419878300225     
  2.772000000000000E-002   3.25607491469960     
  2.774000000000000E-002   3.25786570680715     
  2.776000000000000E-002   3.25958087935842     
  2.778000000000000E-002   3.26122969588852     
  2.780000000000000E-002   3.26282861349135     
  2.782000000000000E-002   3.26439958559648     
  2.784000000000000E-002   3.26596210448396     
  2.786000000000000E-002   3.26752405555976     
  2.788000000000000E-002   3.26910407413565     
  2.790000000000000E-002   3.27070927763589     
  2.792000000000000E-002   3.27233875056187     
  2.794000000000000E-002   3.27399645559702     
  2.796000000000000E-002   3.27568563218198     
  2.798000000000000E-002   3.27740925547735     
  2.800000000000000E-002   3.27916891523758     
  2.802000000000000E-002   3.28096240084007     
  2.804000000000000E-002   3.28278116946356     
  2.806000000000000E-002   3.28461685823247     
  2.808000000000000E-002   3.28646987072589     
  2.810000000000000E-002   3.28830760141669     
  2.812000000000000E-002   3.29011357858985     
  2.814000000000000E-002   3.29186462578749     
  2.816000000000000E-002   3.29353615368246     
  2.818000000000000E-002   3.29510835978376     
  2.820000000000000E-002   3.29656230859803     
  2.822000000000000E-002   3.29788800262045     
  2.824000000000000E-002   3.29907463743365     
  2.826000000000000E-002   3.30010488141705     
  2.828000000000000E-002   3.30097034490670     
  2.830000000000000E-002   3.30167098972739     
  2.832000000000000E-002   3.30221870733950     
  2.834000000000000E-002   3.30262179360981     
  2.836000000000000E-002   3.30289589734954     
  2.838000000000000E-002   3.30306509101216     
  2.840000000000000E-002   3.30315264972274     
  2.842000000000000E-002   3.30318227716122     
  2.844000000000000E-002   3.30318307210874     
  2.846000000000000E-002   3.30317030970321     
  2.848000000000000E-002   3.30314756012064     
  2.850000000000000E-002   3.30312883859819     
  2.852000000000000E-002   3.30312647438658     
  2.854000000000000E-002   3.30314224668395     
  2.856000000000000E-002   3.30318761351922     
  2.858000000000000E-002   3.30327375236906     
  2.860000000000000E-002   3.30341539000968     
  2.862000000000000E-002   3.30362646358724     
  2.864000000000000E-002   3.30391567267458     
  2.866000000000000E-002   3.30428690852840     
  2.868000000000000E-002   3.30474217733907     
  2.870000000000000E-002   3.30528334853171     
  2.872000000000000E-002   3.30591179972612     
  2.874000000000000E-002   3.30662697556822     
  2.876000000000000E-002   3.30742580905141     
  2.878000000000000E-002   3.30830262629383     
  2.880000000000000E-002   3.30924983587971     
  2.882000000000000E-002   3.31025902296652     
  2.884000000000000E-002   3.31132339205241     
  2.886000000000000E-002   3.31243105271982     
  2.888000000000000E-002   3.31356601035417     
  2.890000000000000E-002   3.31472219910703     
  2.892000000000000E-002   3.31589363994420     
  2.894000000000000E-002   3.31705987516844     
  2.896000000000000E-002   3.31817213941754     
  2.898000000000000E-002   3.31925427824728     
  2.900000000000000E-002   3.32025707175810     
  2.902000000000000E-002   3.32117476212102     
  2.904000000000000E-002   3.32200045132688     
  2.906000000000000E-002   3.32273193677519     
  2.908000000000000E-002   3.32337532243660     
  2.910000000000000E-002   3.32392100113203     
  2.912000000000000E-002   3.32439805118102     
  2.914000000000000E-002   3.32481254483539     
  2.916000000000000E-002   3.32513785115112     
  2.918000000000000E-002   3.32551504751359     
  2.920000000000000E-002   3.32576825728647     
  2.922000000000000E-002   3.32590144584893     
  2.924000000000000E-002   3.32610979416138     
  2.926000000000000E-002   3.32636715920353     
  2.928000000000000E-002   3.32664952124577     
  2.930000000000000E-002   3.32694117868646     
  2.932000000000000E-002   3.32721403216894     
  2.934000000000000E-002   3.32747309280952     
  2.936000000000000E-002   3.32773915085627     
  2.938000000000000E-002   3.32801686920639     
  2.940000000000000E-002   3.32830918588648     
  2.942000000000000E-002   3.32860137246150     
  2.944000000000000E-002   3.32887194876293     
  2.946000000000000E-002   3.32911230415508     
  2.948000000000000E-002   3.32931255913148     
  2.950000000000000E-002   3.32945991337912     
  2.952000000000000E-002   3.32954710053514     
  2.954000000000000E-002   3.32957890509602     
  2.956000000000000E-002   3.32957440733849     
  2.958000000000000E-002   3.32954264579228     
  2.960000000000000E-002   3.32947492603266     
  2.962000000000000E-002   3.32936454116087     
  2.964000000000000E-002   3.32920932062125     
  2.966000000000000E-002   3.32901363918336     
  2.968000000000000E-002   3.32880027330152     
  2.970000000000000E-002   3.32859915668989     
  2.972000000000000E-002   3.32841531471691     
  2.974000000000000E-002   3.32825116113469     
  2.976000000000000E-002   3.32811137641882     
  2.978000000000000E-002   3.32800077530105     
  2.980000000000000E-002   3.32792461309556     
  2.982000000000000E-002   3.32788249107743     
  2.984000000000000E-002   3.32786787808807     
  2.986000000000000E-002   3.32787444648130     
  2.988000000000000E-002   3.32790902374686     
  2.990000000000000E-002   3.32797326700993     
  2.992000000000000E-002   3.32804555508501     
  2.994000000000000E-002   3.32808023577099     
  2.996000000000000E-002   3.32808360943955     
  2.998000000000000E-002   3.32804424714544     
  3.000000000000000E-002   3.32796140713323     
  3.002000000000000E-002   3.32783458677211     
  3.004000000000000E-002   3.32766232570829     
  3.006000000000000E-002   3.32744600562167     
  3.008000000000000E-002   3.32718761082483     
  3.010000000000000E-002   3.32689177175676     
  3.012000000000000E-002   3.32659997418599     
  3.014000000000000E-002   3.32634356085161     
  3.016000000000000E-002   3.32612979120608     
  3.018000000000000E-002   3.32596378838341     
  3.020000000000000E-002   3.32584601967469     
  3.022000000000000E-002   3.32577326938827     
  3.024000000000000E-002   3.32574032025090     
  3.026000000000000E-002   3.32574108350852     
  3.028000000000000E-002   3.32579105584020     
  3.030000000000000E-002   3.32591800368285     
  3.032000000000000E-002   3.32612810160920     
  3.034000000000000E-002   3.32641410799913     
  3.036000000000000E-002   3.32676174972572     
  3.038000000000000E-002   3.32715672510010     
  3.040000000000000E-002   3.32758716573402     
  3.042000000000000E-002   3.32804265759942     
  3.044000000000000E-002   3.32851441598956     
  3.046000000000000E-002   3.32899646459041     
  3.048000000000000E-002   3.32948160423472     
  3.050000000000000E-002   3.32995946834297     
  3.052000000000000E-002   3.33042096943282     
  3.054000000000000E-002   3.33085613501295     
  3.056000000000000E-002   3.33125494125778     
  3.058000000000000E-002   3.33160995680907     
  3.060000000000000E-002   3.33191668154413     
  3.062000000000000E-002   3.33217207876193     
  3.064000000000000E-002   3.33237965903610     
  3.066000000000000E-002   3.33254817710239     
  3.068000000000000E-002   3.33268270559806     
  3.070000000000000E-002   3.33278905220720     
  3.072000000000000E-002   3.33287001182968     
  3.074000000000000E-002   3.33292875476947     
  3.076000000000000E-002   3.33297018341962     
  3.078000000000000E-002   3.33299343391326     
  3.080000000000000E-002   3.33299948761717     
  3.082000000000000E-002   3.33299384915606     
  3.084000000000000E-002   3.33297454041265     
  3.086000000000000E-002   3.33294093944320     
  3.088000000000000E-002   3.33289511135371     
  3.090000000000000E-002   3.33283934212072     
  3.092000000000000E-002   3.33277663485992     
  3.094000000000000E-002   3.33270943540066     
  3.096000000000000E-002   3.33264125093000     
  3.098000000000000E-002   3.33257309243866     
  3.100000000000000E-002   3.33250234548047     
  3.102000000000000E-002   3.33242182332238     
  3.104000000000000E-002   3.33234593277640     
  3.106000000000000E-002   3.33226899099998     
  3.108000000000000E-002   3.33218765617575     
  3.110000000000000E-002   3.33210292012319     
  3.112000000000000E-002   3.33201540608209     
  3.114000000000000E-002   3.33191958775525     
  3.116000000000000E-002   3.33185758934075     
  3.118000000000000E-002   3.33178640441073     
  3.120000000000000E-002   3.33170364971065     
  3.122000000000000E-002   3.33164128467323     
  3.124000000000000E-002   3.33158768859575     
  3.126000000000000E-002   3.33153240654610     
  3.128000000000000E-002   3.33148225473834     
  3.130000000000000E-002   3.33142398956511     
  3.132000000000000E-002   3.33135698234447     
  3.134000000000000E-002   3.33127738317798     
  3.136000000000001E-002   3.33118322306344     
  3.138000000000001E-002   3.33107308553939     
  3.140000000000000E-002   3.33094461352113     
  3.142000000000000E-002   3.33079240244321     
  3.144000000000000E-002   3.33061009061592     
  3.146000000000000E-002   3.33039392378022     
  3.148000000000000E-002   3.33014441985042     
  3.150000000000000E-002   3.32986533077812     
  3.152000000000000E-002   3.32956333172161     
  3.154000000000001E-002   3.32924682988245     
  3.156000000000000E-002   3.32892400405639     
  3.158000000000000E-002   3.32862592169828     
  3.160000000000000E-002   3.32832269166420     
  3.162000000000000E-002   3.32805059379168     
  3.164000000000000E-002   3.32779997532350     
  3.166000000000000E-002   3.32756689871007     
  3.168000000000000E-002   3.32733935274629     
  3.170000000000001E-002   3.32711360614248     
  3.172000000000001E-002   3.32689157525357     
  3.174000000000000E-002   3.32666077751466     
  3.176000000000000E-002   3.32644050287145     
  3.178000000000000E-002   3.32620433108520     
  3.180000000000000E-002   3.32593970816298     
  3.182000000000000E-002   3.32570938258346     
  3.184000000000000E-002   3.32555166330194     
  3.186000000000000E-002   3.32539921847519     
  3.188000000000001E-002   3.32524511085695     
  3.190000000000000E-002   3.32510883363863     
  3.192000000000000E-002   3.32499524101034     
  3.194000000000000E-002   3.32490702067456     
  3.196000000000000E-002   3.32484308707117     
  3.198000000000000E-002   3.32480441915402     
  3.200000000000000E-002   3.32479651282817     
  3.202000000000000E-002   3.32481458537993     
  3.204000000000001E-002   3.32486563148412     
  3.206000000000001E-002   3.32495307695925     
  3.208000000000000E-002   3.32507712813480     
  3.210000000000000E-002   3.32523001373849     
  3.212000000000000E-002   3.32541052832978     
  3.214000000000000E-002   3.32562535214597     
  3.216000000000000E-002   3.32588700290975     
  3.218000000000000E-002   3.32620545284471     
  3.220000000000000E-002   3.32656719955905     
  3.222000000000001E-002   3.32690864705519     
  3.224000000000000E-002   3.32719309484227     
  3.226000000000000E-002   3.32741520705207     
  3.228000000000000E-002   3.32756480792671     
  3.230000000000000E-002   3.32763530781693     
  3.232000000000000E-002   3.32764112356356     
  3.234000000000000E-002   3.32761023867069     
  3.236000000000000E-002   3.32754144459601     
  3.238000000000001E-002   3.32743144336376     
  3.240000000000001E-002   3.32727783650430     
  3.242000000000000E-002   3.32708010513719     
  3.244000000000000E-002   3.32683936308179     
  3.246000000000000E-002   3.32655775648611     
  3.248000000000000E-002   3.32623781180445     
  3.250000000000000E-002   3.32588215641690     
  3.252000000000000E-002   3.32551233346671     
  3.254000000000000E-002   3.32516634334880     
  3.256000000000001E-002   3.32485599795369     
  3.258000000000000E-002   3.32459428611403     
  3.260000000000000E-002   3.32439498872874     
  3.262000000000000E-002   3.32426710365800     
  3.264000000000000E-002   3.32420909582168     
  3.266000000000000E-002   3.32420604678032     
  3.268000000000000E-002   3.32426266712580     
  3.270000000000000E-002   3.32441169261847     
  3.272000000000001E-002   3.32465809094024     
  3.274000000000001E-002   3.32498545289188     
  3.276000000000000E-002   3.32537534677885     
  3.278000000000000E-002   3.32581853613201     
  3.280000000000000E-002   3.32631486347468     
  3.282000000000000E-002   3.32686765265211     
  3.284000000000000E-002   3.32747888738207     
  3.286000000000000E-002   3.32814753612476     
  3.288000000000000E-002   3.32887021338765     
  3.290000000000001E-002   3.32964234786586     
  3.292000000000000E-002   3.33045829936613     
  3.294000000000000E-002   3.33131087016367     
  3.296000000000000E-002   3.33220254215114     
  3.298000000000000E-002   3.33312622091527     
  3.300000000000000E-002   3.33407393847552     
  3.302000000000000E-002   3.33503880156391     
  3.304000000000000E-002   3.33601338951849     
  3.306000000000001E-002   3.33699131730575     
  3.308000000000001E-002   3.33795545877202     
  3.310000000000000E-002   3.33888022225828     
  3.312000000000000E-002   3.33974417344180     
  3.314000000000000E-002   3.34053906136432     
  3.316000000000000E-002   3.34126334240377     
  3.318000000000000E-002   3.34190831157508     
  3.320000000000000E-002   3.34245664940102     
  3.322000000000000E-002   3.34290426307493     
  3.324000000000001E-002   3.34325331138671     
  3.326000000000000E-002   3.34350828817227     
  3.328000000000000E-002   3.34367766935288     
  3.330000000000000E-002   3.34377206158128     
  3.332000000000000E-002   3.34379374965260     
  3.334000000000000E-002   3.34374437639909     
  3.336000000000000E-002   3.34359880267336     
  3.338000000000000E-002   3.34334208026068     
  3.340000000000001E-002   3.34299946909349     
  3.342000000000001E-002   3.34259606737673     
  3.344000000000000E-002   3.34211941232101     
  3.346000000000000E-002   3.34160282395360     
  3.348000000000000E-002   3.34106978959996     
  3.350000000000000E-002   3.34049159228766     
  3.352000000000000E-002   3.33987642138170     
  3.354000000000000E-002   3.33927205150968     
  3.356000000000000E-002   3.33863990377606     
  3.358000000000001E-002   3.33799432010321     
  3.360000000000000E-002   3.33734359913815     
  3.362000000000000E-002   3.33668906994259     
  3.364000000000000E-002   3.33602650462281     
  3.366000000000000E-002   3.33535039355688     
  3.368000000000000E-002   3.33465383740964     
  3.370000000000000E-002   3.33393132132402     
  3.372000000000000E-002   3.33318473296830     
  3.374000000000001E-002   3.33239398458893     
  3.376000000000001E-002   3.33155890110348     
  3.378000000000000E-002   3.33067806286243     
  3.380000000000000E-002   3.32974768921723     
  3.382000000000000E-002   3.32876390503536     
  3.384000000000000E-002   3.32772357621878     
  3.386000000000000E-002   3.32662649803066     
  3.388000000000000E-002   3.32546859780109     
  3.390000000000000E-002   3.32424828932888     
  3.392000000000001E-002   3.32297975499627     
  3.394000000000000E-002   3.32164869288904     
  3.396000000000000E-002   3.32025089386129     
  3.398000000000000E-002   3.31879276802674     
  3.400000000000000E-002   3.31728908126194     
  3.402000000000000E-002   3.31584276939935     
  3.404000000000000E-002   3.31454302823687     
  3.406000000000000E-002   3.31339010394721     
  3.408000000000001E-002   3.31236960716705     
  3.410000000000001E-002   3.31147232518661     
  3.412000000000000E-002   3.31068881295386     
  3.414000000000000E-002   3.31001573746855     
  3.416000000000000E-002   3.30945625927051     
  3.418000000000000E-002   3.30900920878197     
  3.420000000000000E-002   3.30866725989464     
  3.422000000000000E-002   3.30841903626768     
  3.424000000000000E-002   3.30824963886122     
  3.426000000000001E-002   3.30813928586579     
  3.428000000000000E-002   3.30806914250601     
  3.430000000000000E-002   3.30801543952162     
  3.432000000000000E-002   3.30796601582990     
  3.434000000000000E-002   3.30789811844438     
  3.436000000000000E-002   3.30781302089448     
  3.438000000000000E-002   3.30773683310804     
  3.440000000000000E-002   3.30767371622669     
  3.442000000000001E-002   3.30761576964522     
  3.444000000000001E-002   3.30755590442194     
  3.446000000000000E-002   3.30748766171638     
  3.448000000000000E-002   3.30740601109972     
  3.450000000000000E-002   3.30730631775368     
  3.452000000000000E-002   3.30719318358372     
  3.454000000000000E-002   3.30706983901588     
  3.456000000000000E-002   3.30694184499307     
  3.458000000000000E-002   3.30681778775733     
  3.460000000000001E-002   3.30669452399978     
  3.462000000000000E-002   3.30661058247658     
  3.464000000000000E-002   3.30658556887270     
  3.466000000000000E-002   3.30657333323857     
  3.468000000000000E-002   3.30656718314654     
  3.470000000000000E-002   3.30665294865096     
  3.472000000000000E-002   3.30679495059275     
  3.474000000000000E-002   3.30701171340761     
  3.476000000000001E-002   3.30730246337270     
  3.478000000000001E-002   3.30766384593527     
  3.480000000000000E-002   3.30809267871715     
  3.482000000000000E-002   3.30858403797412     
  3.484000000000000E-002   3.30913001536826     
  3.486000000000000E-002   3.30972289454891     
  3.488000000000000E-002   3.31033564046871     
  3.490000000000000E-002   3.31098762228215     
  3.492000000000000E-002   3.31165239947255     
  3.494000000000001E-002   3.31232061344560     
  3.496000000000000E-002   3.31297881708798     
  3.498000000000000E-002   3.31363458507723     
  3.500000000000000E-002   3.31426966800161     
  3.502000000000000E-002   3.31487376315416     
  3.504000000000000E-002   3.31544900636162     
  3.506000000000000E-002   3.31597810190759     
  3.508000000000000E-002   3.31645937134918     
  3.510000000000001E-002   3.31689433780626     
  3.512000000000001E-002   3.31720649416021     
  3.514000000000000E-002   3.31741532337164     
  3.516000000000000E-002   3.31758545073327     
  3.518000000000000E-002   3.31768977811492     
  3.520000000000000E-002   3.31771493634658     
  3.522000000000000E-002   3.31768468024723     
  3.524000000000000E-002   3.31759087024115     
  3.526000000000000E-002   3.31741770243720     
  3.528000000000001E-002   3.31716561576073     
  3.530000000000000E-002   3.31684316122172     
  3.532000000000000E-002   3.31646123931860     
  3.534000000000000E-002   3.31603017255216     
  3.536000000000000E-002   3.31555669420197     
  3.538000000000000E-002   3.31505123167400     
  3.540000000000000E-002   3.31453295051168     
  3.542000000000000E-002   3.31403023844213     
  3.544000000000001E-002   3.31356532074498     
  3.546000000000001E-002   3.31315400752808     
  3.548000000000000E-002   3.31280597570207     
  3.550000000000000E-002   3.31253277879845     
  3.552000000000000E-002   3.31234290828143     
  3.554000000000000E-002   3.31223877538022     
  3.556000000000000E-002   3.31221018020498     
  3.558000000000000E-002   3.31225506172459     
  3.560000000000000E-002   3.31241976099341     
  3.562000000000001E-002   3.31271629165408     
  3.564000000000001E-002   3.31312561218202     
  3.566000000000000E-002   3.31362855623500     
  3.568000000000000E-002   3.31419380291145     
  3.570000000000000E-002   3.31479446658411     
  3.572000000000000E-002   3.31543349198047     
  3.574000000000000E-002   3.31611311417896     
  3.576000000000000E-002   3.31683420459290     
  3.578000000000001E-002   3.31759547812089     
  3.580000000000001E-002   3.31839359829517     
  3.582000000000000E-002   3.31922307210240     
  3.584000000000000E-002   3.32007736593866     
  3.586000000000000E-002   3.32094076126005     
  3.588000000000000E-002   3.32176943117298     
  3.590000000000000E-002   3.32255650223581     
  3.592000000000000E-002   3.32330125395039     
  3.594000000000000E-002   3.32400060308883     
  3.596000000000001E-002   3.32465239373095     
  3.598000000000001E-002   3.32525619482207     
  3.600000000000000E-002   3.32580787156286     
  3.602000000000000E-002   3.32630000960230     
  3.604000000000000E-002   3.32673558612674     
  3.606000000000000E-002   3.32712314840540     
  3.608000000000000E-002   3.32745478355385     
  3.610000000000000E-002   3.32773324026831     
  3.612000000000001E-002   3.32796753659681     
  3.614000000000001E-002   3.32816161100637     
  3.616000000000000E-002   3.32831316289958     
  3.618000000000000E-002   3.32841209318088     
  3.620000000000000E-002   3.32844412165411     
  3.622000000000000E-002   3.32842371170133     
  3.624000000000000E-002   3.32836046116477     
  3.626000000000000E-002   3.32829273035581     
  3.628000000000000E-002   3.32827792641498     
  3.630000000000001E-002   3.32829871662897     
  3.632000000000001E-002   3.32835239031856     
  3.634000000000000E-002   3.32843981575834     
  3.636000000000000E-002   3.32857710465011     
  3.638000000000000E-002   3.32878765108271     
  3.640000000000000E-002   3.32908600445568     
  3.642000000000000E-002   3.32946756005340     
  3.644000000000000E-002   3.32990576361364     
  3.646000000000001E-002   3.33040766747494     
  3.648000000000001E-002   3.33099859911878     
  3.650000000000000E-002   3.33170128659269     
  3.652000000000000E-002   3.33253750073793     
  3.654000000000000E-002   3.33351985388446     
  3.656000000000000E-002   3.33465505587923     
  3.658000000000000E-002   3.33594597861731     
  3.660000000000000E-002   3.33739283073005     
  3.662000000000000E-002   3.33899128341167     
  3.664000000000001E-002   3.34073340852663     
  3.666000000000001E-002   3.34260897400767     
  3.668000000000000E-002   3.34460567600195     
  3.670000000000000E-002   3.34671186253454     
  3.672000000000000E-002   3.34891513013020     
  3.674000000000000E-002   3.35120289953841     
  3.676000000000000E-002   3.35356265154334     
  3.678000000000000E-002   3.35598043471293     
  3.680000000000001E-002   3.35844523421205     
  3.682000000000001E-002   3.36093680761277     
  3.684000000000000E-002   3.36341707127851     
  3.686000000000000E-002   3.36586510737643     
  3.688000000000000E-002   3.36827293261836     
  3.690000000000000E-002   3.37063759242337     
  3.692000000000000E-002   3.37295568016800     
  3.694000000000000E-002   3.37522416346581     
  3.696000000000000E-002   3.37744011302171     
  3.698000000000001E-002   3.37960124798007     
  3.700000000000001E-002   3.38170533357938     
  3.702000000000000E-002   3.38374959315140     
  3.704000000000000E-002   3.38572763674932     
  3.706000000000000E-002   3.38763022553733     
  3.708000000000000E-002   3.38944869606066     
  3.710000000000000E-002   3.39117845545213     
  3.712000000000000E-002   3.39281905061642     
  3.714000000000001E-002   3.39437264840321     
  3.716000000000001E-002   3.39584447148967     
  3.718000000000000E-002   3.39724417969238     
  3.720000000000000E-002   3.39858248138554     
  3.722000000000000E-002   3.39986285985758     
  3.724000000000000E-002   3.40108447415305     
  3.726000000000000E-002   3.40222198449118     
  3.728000000000000E-002   3.40328091288555     
  3.730000000000000E-002   3.40426402140547     
  3.732000000000001E-002   3.40512625864164     
  3.734000000000001E-002   3.40582612828819     
  3.736000000000000E-002   3.40632102271878     
  3.738000000000000E-002   3.40657394286837     
  3.740000000000000E-002   3.40658921385411     
  3.742000000000000E-002   3.40633826284980     
  3.744000000000000E-002   3.40577893867779     
  3.746000000000000E-002   3.40493179072867     
  3.748000000000001E-002   3.40372062669444     
  3.750000000000001E-002   3.40206772925927     
  3.752000000000000E-002   3.39988129585794     
  3.754000000000000E-002   3.39705616689996     
  3.756000000000000E-002   3.39348850406061     
  3.758000000000000E-002   3.38908767139233     
  3.760000000000000E-002   3.38378111097168     
  3.762000000000000E-002   3.37751214845902     
  3.764000000000000E-002   3.37024210719532     
  3.766000000000001E-002   3.36221801665353     
  3.768000000000001E-002   3.35471424065733     
  3.770000000000000E-002   3.34819158087425     
  3.772000000000000E-002   3.34256827841780     
  3.774000000000000E-002   3.33775232523505     
  3.776000000000000E-002   3.33363258981895     
  3.778000000000000E-002   3.33008957569551     
  3.780000000000000E-002   3.32701430033924     
  3.782000000000001E-002   3.32432246328234     
  3.784000000000001E-002   3.32195536818358     
  3.786000000000000E-002   3.31985838973212     
  3.788000000000000E-002   3.31795129428614     
  3.790000000000000E-002   3.31616011289853     
  3.792000000000000E-002   3.31444690085022     
  3.794000000000000E-002   3.31276802393098     
  3.796000000000000E-002   3.31110176120192     
  3.798000000000000E-002   3.30951638082805     
  3.800000000000001E-002   3.30808951164067     
  3.802000000000001E-002   3.30674634404719     
  3.804000000000000E-002   3.30545792338741     
  3.806000000000000E-002   3.30424691705894     
  3.808000000000000E-002   3.30311214052810     
  3.810000000000000E-002   3.30205589666123     
  3.812000000000000E-002   3.30104227362941     
  3.814000000000000E-002   3.30013224177873     
  3.816000000000001E-002   3.29928849773991     
  3.818000000000001E-002   3.29851217975164     
  3.820000000000000E-002   3.29780602937064     
  3.822000000000000E-002   3.29718761886083     
  3.824000000000000E-002   3.29666599569376     
  3.826000000000000E-002   3.29623337891425     
  3.828000000000000E-002   3.29589932449516     
  3.830000000000000E-002   3.29565571304806     
  3.832000000000000E-002   3.29548038455871     
  3.834000000000001E-002   3.29539143152149     
  3.836000000000001E-002   3.29538319872119     
  3.838000000000000E-002   3.29542923702505     
  3.840000000000000E-002   3.29556781629908     
  3.842000000000000E-002   3.29584769664666     
  3.844000000000000E-002   3.29627288640588     
  3.846000000000000E-002   3.29682181258130     
  3.848000000000000E-002   3.29745448860377     
  3.850000000000001E-002   3.29816741270035     
  3.852000000000001E-002   3.29896747959802     
  3.854000000000000E-002   3.29984917200120     
  3.856000000000000E-002   3.30080635028646     
  3.858000000000000E-002   3.30183961700061     
  3.860000000000000E-002   3.30295454526381     
  3.862000000000000E-002   3.30415744707357     
  3.864000000000000E-002   3.30545295234062     
  3.866000000000000E-002   3.30684413805880     
  3.868000000000001E-002   3.30833289659295     
  3.870000000000001E-002   3.30991991157938     
  3.872000000000000E-002   3.31160459028963     
  3.874000000000000E-002   3.31338562355785     
  3.876000000000000E-002   3.31526127557666     
  3.878000000000000E-002   3.31723104327130     
  3.880000000000000E-002   3.31929564793324     
  3.882000000000000E-002   3.32145331297737     
  3.884000000000001E-002   3.32370527105008     
  3.886000000000001E-002   3.32605677183719     
  3.888000000000000E-002   3.32851390175316     
  3.890000000000000E-002   3.33108236991228     
  3.892000000000000E-002   3.33376637300905     
  3.894000000000000E-002   3.33656806700649     
  3.896000000000000E-002   3.33948730922140     
  3.898000000000000E-002   3.34252195549143     
  3.900000000000000E-002   3.34566754340007     
  3.902000000000001E-002   3.34891781068834     
  3.904000000000001E-002   3.35226425192922     
  3.906000000000000E-002   3.35569795447198     
  3.908000000000000E-002   3.35921188070452     
  3.910000000000000E-002   3.36280758850583     
  3.912000000000000E-002   3.36647702189978     
  3.914000000000000E-002   3.37006872283625     
  3.916000000000000E-002   3.37347133449797     
  3.918000000000001E-002   3.37657850743215     
  3.920000000000001E-002   3.37932535691441     
  3.922000000000000E-002   3.38167239229601     
  3.924000000000000E-002   3.38360363082341     
  3.926000000000000E-002   3.38511785708603     
  3.928000000000000E-002   3.38622791391394     
  3.930000000000000E-002   3.38696627991777     
  3.932000000000000E-002   3.38740921221418     
  3.934000000000000E-002   3.38766770519447     
  3.936000000000001E-002   3.38774550115532     
  3.938000000000001E-002   3.38763656947484     
  3.940000000000000E-002   3.38726158224164     
  3.942000000000000E-002   3.38649309622521     
  3.944000000000000E-002   3.38516685416237     
  3.946000000000000E-002   3.38311979713436     
  3.948000000000000E-002   3.38022019966569     
  3.950000000000000E-002   3.37637867281163     
  3.952000000000001E-002   3.37155060699107     
  3.954000000000001E-002   3.36581158160344     
  3.956000000000000E-002   3.36002253972128     
  3.958000000000000E-002   3.35517881323818     
  3.960000000000000E-002   3.35114745752268     
  3.962000000000000E-002   3.34786686421440     
  3.964000000000000E-002   3.34534399601169     
  3.966000000000000E-002   3.34349383085762     
  3.968000000000000E-002   3.34208436347393     
  3.970000000000001E-002   3.34072453638662     
  3.972000000000001E-002   3.33892207245778     
  3.974000000000000E-002   3.33558649587192     
  3.976000000000000E-002   3.32539176768631     
  3.978000000000000E-002   3.28884860478867     
  3.980000000000000E-002   3.15822157566638     
  3.982000000000000E-002   2.74194140745873     
  3.984000000000000E-002   1.81290971057858     
  3.986000000000001E-002   1.14417914698085     
  3.988000000000001E-002   1.01914744636346     
  3.990000000000000E-002   1.00238634275825     
  3.992000000000000E-002   1.00029433227504     
  3.994000000000000E-002   1.00003621962285     
  3.996000000000000E-002   1.00000444049112     
  3.998000000000000E-002   1.00000047859568     
  4.000000000000000E-002  0.999999974718739     
