  0.000000000000000E+000  1.000000000000000E-010
  2.000000000000000E-005  1.000000000000000E-010
  4.000000000000000E-005  1.000000000000000E-010
  6.000000000000001E-005  1.000000000000000E-010
  8.000000000000001E-005  1.000000000000000E-010
  1.000000000000000E-004  1.000000000000000E-010
  1.200000000000000E-004  1.000000000000000E-010
  1.400000000000000E-004  1.000000000000000E-010
  1.600000000000000E-004  1.000000000000000E-010
  1.800000000000000E-004  1.000000000000000E-010
  2.000000000000000E-004  1.000000000000000E-010
  2.200000000000000E-004  1.000000000000000E-010
  2.400000000000000E-004  1.000000000000000E-010
  2.600000000000000E-004  1.000000000000000E-010
  2.800000000000000E-004  1.000000000000000E-010
  3.000000000000000E-004  1.000000000000000E-010
  3.200000000000000E-004  1.000000000000000E-010
  3.400000000000000E-004  1.000000000000000E-010
  3.600000000000000E-004  1.000000000000000E-010
  3.800000000000000E-004  1.000000000000000E-010
  4.000000000000000E-004  1.000000000000000E-010
  4.200000000000000E-004  1.000000000000000E-010
  4.400000000000000E-004  1.000000000000000E-010
  4.600000000000000E-004  1.000000000000000E-010
  4.800000000000001E-004  1.000000000000000E-010
  5.000000000000000E-004  1.000000000000000E-010
  5.200000000000001E-004  1.000000000000000E-010
  5.400000000000000E-004  1.000000000000000E-010
  5.600000000000001E-004  1.000000000000000E-010
  5.800000000000000E-004  1.000000000000000E-010
  6.000000000000001E-004  1.000000000000000E-010
  6.200000000000000E-004  1.000000000000000E-010
  6.400000000000001E-004  1.000000000000000E-010
  6.600000000000001E-004  1.000000000000000E-010
  6.800000000000000E-004  1.000000000000000E-010
  7.000000000000001E-004  1.000000000000000E-010
  7.200000000000000E-004  1.000000000000000E-010
  7.400000000000001E-004  1.000000000000000E-010
  7.600000000000000E-004  1.000000000000000E-010
  7.800000000000001E-004  1.000000000000000E-010
  8.000000000000000E-004  1.000000000000000E-010
  8.200000000000001E-004  1.000000000000000E-010
  8.400000000000000E-004  1.000000000000000E-010
  8.600000000000001E-004  1.000000000000000E-010
  8.800000000000000E-004  1.000000000000000E-010
  9.000000000000001E-004  1.000000000000000E-010
  9.200000000000000E-004  1.000000000000000E-010
  9.400000000000001E-004  1.000000000000000E-010
  9.600000000000001E-004  1.000000000000000E-010
  9.800000000000002E-004  1.000000000000000E-010
  1.000000000000000E-003  1.000000000000000E-010
  1.020000000000000E-003  1.000000000000000E-010
  1.040000000000000E-003  1.000000000000000E-010
  1.060000000000000E-003  1.000000000000000E-010
  1.080000000000000E-003  1.000000000000000E-010
  1.100000000000000E-003  1.000000000000000E-010
  1.120000000000000E-003  1.000000000000000E-010
  1.140000000000000E-003  1.000000000000000E-010
  1.160000000000000E-003  1.000000000000000E-010
  1.180000000000000E-003  1.000000000000000E-010
  1.200000000000000E-003  1.000000000000000E-010
  1.220000000000000E-003  1.000000000000000E-010
  1.240000000000000E-003  1.000000000000000E-010
  1.260000000000000E-003  1.000000000000000E-010
  1.280000000000000E-003  1.000000000000000E-010
  1.300000000000000E-003  1.000000000000000E-010
  1.320000000000000E-003  1.000000000000000E-010
  1.340000000000000E-003  1.000000000000000E-010
  1.360000000000000E-003  1.000000000000000E-010
  1.380000000000000E-003  1.000000000000000E-010
  1.400000000000000E-003  1.000000000000000E-010
  1.420000000000000E-003  1.000000000000000E-010
  1.440000000000000E-003  1.000000000000000E-010
  1.460000000000000E-003  1.000000000000000E-010
  1.480000000000000E-003  1.000000000000000E-010
  1.500000000000000E-003  1.000000000000000E-010
  1.520000000000000E-003  1.000000000000000E-010
  1.540000000000000E-003  1.000000000000000E-010
  1.560000000000000E-003  1.000000000000000E-010
  1.580000000000000E-003  1.000000000000000E-010
  1.600000000000000E-003  1.000000000000000E-010
  1.620000000000000E-003  1.000000000000000E-010
  1.640000000000000E-003  1.000000000000000E-010
  1.660000000000000E-003  1.000000000000000E-010
  1.680000000000000E-003  1.000000000000000E-010
  1.700000000000000E-003  1.000000000000000E-010
  1.720000000000000E-003  1.000000000000000E-010
  1.740000000000000E-003  1.000000000000000E-010
  1.760000000000000E-003  1.000000000000000E-010
  1.780000000000000E-003  1.000000000000000E-010
  1.800000000000000E-003  1.000000000000000E-010
  1.820000000000000E-003  1.000000000000000E-010
  1.840000000000000E-003  1.000000000000000E-010
  1.860000000000000E-003  1.000000000000000E-010
  1.880000000000000E-003  1.000000000000000E-010
  1.900000000000000E-003  1.000000000000000E-010
  1.920000000000000E-003  1.000000000000000E-010
  1.940000000000000E-003  1.000000000000000E-010
  1.960000000000000E-003  1.000000000000000E-010
  1.980000000000000E-003  1.000000000000000E-010
  2.000000000000000E-003  1.000000000000000E-010
  2.020000000000000E-003  1.000000000000000E-010
  2.040000000000000E-003  1.000000000000000E-010
  2.060000000000000E-003  1.000000000000000E-010
  2.080000000000000E-003  1.000000000000000E-010
  2.100000000000000E-003  1.000000000000000E-010
  2.120000000000000E-003  1.000000000000000E-010
  2.140000000000000E-003  1.000000000000000E-010
  2.160000000000000E-003  1.000000000000000E-010
  2.180000000000000E-003  1.000000000000000E-010
  2.200000000000000E-003  1.000000000000000E-010
  2.220000000000000E-003  1.000000000000000E-010
  2.240000000000000E-003  1.000000000000000E-010
  2.260000000000000E-003  1.000000000000000E-010
  2.280000000000000E-003  1.000000000000000E-010
  2.300000000000000E-003  1.000000000000000E-010
  2.320000000000000E-003  1.000000000000000E-010
  2.340000000000000E-003  1.000000000000000E-010
  2.360000000000000E-003  1.000000000000000E-010
  2.380000000000000E-003  1.000000000000000E-010
  2.400000000000000E-003  1.000000000000000E-010
  2.420000000000000E-003  1.000000000000000E-010
  2.440000000000000E-003  1.000000000000000E-010
  2.460000000000000E-003  1.000000000000000E-010
  2.480000000000000E-003  1.000000000000000E-010
  2.500000000000000E-003  1.000000000000000E-010
  2.520000000000000E-003  1.000000000000000E-010
  2.540000000000000E-003  1.000000000000000E-010
  2.560000000000000E-003  1.000000000000000E-010
  2.580000000000000E-003  1.000000000000000E-010
  2.600000000000000E-003  1.000000000000000E-010
  2.620000000000000E-003  1.000000000000000E-010
  2.640000000000000E-003  1.000000000000000E-010
  2.660000000000000E-003  1.000000000000000E-010
  2.680000000000000E-003  1.000000000000000E-010
  2.700000000000000E-003  1.000000000000000E-010
  2.720000000000000E-003  1.000000000000000E-010
  2.740000000000000E-003  1.000000000000000E-010
  2.760000000000000E-003  1.000000000000000E-010
  2.780000000000000E-003  1.000000000000000E-010
  2.800000000000000E-003  1.000000000000000E-010
  2.820000000000000E-003  1.000000000000000E-010
  2.840000000000000E-003  1.000000000000000E-010
  2.860000000000000E-003  1.000000000000000E-010
  2.880000000000000E-003  1.000000000000000E-010
  2.900000000000000E-003  1.000000000000000E-010
  2.920000000000000E-003  1.000000000000000E-010
  2.940000000000000E-003  1.000000000000000E-010
  2.960000000000000E-003  1.000000000000000E-010
  2.980000000000000E-003  1.000000000000000E-010
  3.000000000000000E-003  1.000000000000000E-010
  3.020000000000000E-003  1.000000000000000E-010
  3.040000000000000E-003  1.000000000000000E-010
  3.060000000000000E-003  1.000000000000000E-010
  3.080000000000000E-003  1.000000000000000E-010
  3.100000000000000E-003  1.000000000000000E-010
  3.120000000000000E-003  1.000000000000000E-010
  3.140000000000000E-003  1.000000000000000E-010
  3.160000000000000E-003  1.000000000000000E-010
  3.180000000000000E-003  1.000000000000000E-010
  3.200000000000000E-003  1.000000000000000E-010
  3.220000000000000E-003  1.000000000000000E-010
  3.240000000000000E-003  1.000000000000000E-010
  3.260000000000000E-003  1.000000000000000E-010
  3.280000000000000E-003  1.000000000000000E-010
  3.300000000000000E-003  1.000000000000000E-010
  3.320000000000000E-003  1.000000000000000E-010
  3.340000000000000E-003  1.000000000000000E-010
  3.360000000000000E-003  1.000000000000000E-010
  3.380000000000000E-003  1.000000000000000E-010
  3.400000000000000E-003  1.000000000000000E-010
  3.420000000000000E-003  1.000000000000000E-010
  3.440000000000000E-003  1.000000000000000E-010
  3.460000000000000E-003  1.000000000000000E-010
  3.480000000000000E-003  1.000000000000000E-010
  3.500000000000000E-003  1.000000000000000E-010
  3.520000000000000E-003  1.000000000000000E-010
  3.540000000000000E-003  1.000000000000000E-010
  3.560000000000000E-003  1.000000000000000E-010
  3.580000000000000E-003  1.000000000000000E-010
  3.600000000000000E-003  1.000000000000000E-010
  3.620000000000000E-003  1.000000000000000E-010
  3.640000000000000E-003  1.000000000000000E-010
  3.660000000000000E-003  1.000000000000000E-010
  3.680000000000000E-003  1.000000000000000E-010
  3.700000000000000E-003  1.000000000000000E-010
  3.720000000000000E-003  1.000000000000000E-010
  3.740000000000000E-003  1.000000000000000E-010
  3.760000000000000E-003  1.000000000000000E-010
  3.780000000000000E-003  1.000000000000000E-010
  3.800000000000000E-003  1.000000000000000E-010
  3.820000000000000E-003  1.000000000000000E-010
  3.840000000000001E-003  1.000100767708813E-010
  3.860000000000000E-003  1.000602621789032E-010
  3.880000000000000E-003  1.002213310655340E-010
  3.900000000000000E-003  1.004267019672067E-010
  3.920000000000001E-003  1.005277145691876E-010
  3.940000000000000E-003  1.005655443523289E-010
  3.960000000000000E-003  1.005919499365080E-010
  3.980000000000000E-003  1.006364580373266E-010
  4.000000000000000E-003  1.007750791741155E-010
  4.020000000000000E-003  1.011392989348430E-010
  4.040000000000000E-003  1.015252130320773E-010
  4.060000000000000E-003  1.017156321930316E-010
  4.080000000000000E-003  1.018024807878823E-010
  4.100000000000000E-003  1.018487180624373E-010
  4.120000000000000E-003  1.018772036758477E-010
  4.140000000000000E-003  1.018961009630745E-010
  4.160000000000001E-003  1.019101741390656E-010
  4.180000000000001E-003  1.019213853731139E-010
  4.200000000000001E-003  1.019299511061060E-010
  4.220000000000001E-003  1.019358822060696E-010
  4.240000000000001E-003  1.019398213827197E-010
  4.260000000000001E-003  1.019422550013898E-010
  4.280000000000000E-003  1.019430928524764E-010
  4.300000000000000E-003  1.019432395947766E-010
  4.320000000000000E-003  1.019428754755254E-010
  4.340000000000000E-003  1.019413138270096E-010
  4.360000000000000E-003  1.019388827100914E-010
  4.380000000000000E-003  1.019356147741505E-010
  4.400000000000000E-003  1.019314969972466E-010
  4.420000000000000E-003  1.019265917626910E-010
  4.440000000000000E-003  1.019209760251036E-010
  4.460000000000000E-003  1.019147823698582E-010
  4.480000000000000E-003  1.019081721049120E-010
  4.500000000000001E-003  1.019012278914989E-010
  4.520000000000001E-003  1.018939226926367E-010
  4.540000000000001E-003  1.018861996213527E-010
  4.560000000000001E-003  1.018780375089224E-010
  4.580000000000001E-003  1.018694367166808E-010
  4.600000000000001E-003  1.018603751311465E-010
  4.620000000000000E-003  1.018508455001580E-010
  4.640000000000000E-003  1.018415279863199E-010
  4.660000000000000E-003  1.018330804473977E-010
  4.680000000000000E-003  1.018256459934297E-010
  4.700000000000000E-003  1.018195334954169E-010
  4.720000000000000E-003  1.018145380425949E-010
  4.740000000000000E-003  1.018108428947743E-010
  4.760000000000000E-003  1.018080361289071E-010
  4.780000000000000E-003  1.018067088376147E-010
  4.800000000000000E-003  1.018066506902548E-010
  4.820000000000000E-003  1.018087229898321E-010
  4.840000000000001E-003  1.018127389748376E-010
  4.860000000000001E-003  1.018155466575813E-010
  4.880000000000001E-003  1.018168974461599E-010
  4.900000000000001E-003  1.018174871855014E-010
  4.920000000000001E-003  1.018178208810334E-010
  4.940000000000001E-003  1.018181970721264E-010
  4.960000000000000E-003  1.018191306424703E-010
  4.980000000000000E-003  1.018217907048173E-010
  5.000000000000000E-003  1.018284155802211E-010
  5.020000000000000E-003  1.018427240133612E-010
  5.040000000000000E-003  1.018693641702389E-010
  5.060000000000000E-003  1.019124043088785E-010
  5.080000000000000E-003  1.019581536570855E-010
  5.100000000000000E-003  1.019907997906977E-010
  5.120000000000000E-003  1.020114611609683E-010
  5.140000000000000E-003  1.020233793207270E-010
  5.160000000000001E-003  1.020292471468586E-010
  5.180000000000001E-003  1.020316169199441E-010
  5.200000000000001E-003  1.020316385348640E-010
  5.220000000000001E-003  1.020305592142090E-010
  5.240000000000001E-003  1.020253531798110E-010
  5.260000000000001E-003  1.020163073710366E-010
  5.280000000000001E-003  1.020067370566216E-010
  5.300000000000000E-003  1.019977011268479E-010
  5.320000000000000E-003  1.019890520697406E-010
  5.340000000000000E-003  1.019806277141486E-010
  5.360000000000000E-003  1.019723619798425E-010
  5.380000000000000E-003  1.019642338504931E-010
  5.400000000000000E-003  1.019562519439916E-010
  5.420000000000000E-003  1.019484379389461E-010
  5.440000000000000E-003  1.019408124697053E-010
  5.460000000000000E-003  1.019333954791496E-010
  5.480000000000000E-003  1.019262152897355E-010
  5.500000000000001E-003  1.019193095767878E-010
  5.520000000000001E-003  1.019127188362426E-010
  5.540000000000001E-003  1.019064794655982E-010
  5.560000000000001E-003  1.019006162794793E-010
  5.580000000000001E-003  1.018951439131235E-010
  5.600000000000001E-003  1.018900593241212E-010
  5.620000000000001E-003  1.018853524085629E-010
  5.640000000000000E-003  1.018809809237956E-010
  5.660000000000000E-003  1.018768759374435E-010
  5.680000000000000E-003  1.018729472674058E-010
  5.700000000000000E-003  1.018691033890630E-010
  5.720000000000000E-003  1.018652952731966E-010
  5.740000000000000E-003  1.018613875805945E-010
  5.760000000000000E-003  1.018570631436619E-010
  5.780000000000000E-003  1.018520591522847E-010
  5.800000000000000E-003  1.018464064771438E-010
  5.820000000000001E-003  1.018404093339653E-010
  5.840000000000001E-003  1.018343872660896E-010
  5.860000000000001E-003  1.018288180658630E-010
  5.880000000000001E-003  1.018242143959525E-010
  5.900000000000001E-003  1.018209581078192E-010
  5.920000000000001E-003  1.018195010850271E-010
  5.940000000000001E-003  1.018203558680323E-010
  5.960000000000001E-003  1.018248065811391E-010
  5.980000000000000E-003  1.018353084058725E-010
  6.000000000000000E-003  1.018552687485263E-010
  6.020000000000000E-003  1.018888170048937E-010
  6.040000000000000E-003  1.019402549832525E-010
  6.060000000000000E-003  1.020055264102176E-010
  6.080000000000000E-003  1.020599737803640E-010
  6.100000000000000E-003  1.020970364835457E-010
  6.120000000000000E-003  1.021200347607882E-010
  6.140000000000000E-003  1.021327811669527E-010
  6.160000000000001E-003  1.021381657376903E-010
  6.180000000000001E-003  1.021377644895592E-010
  6.200000000000001E-003  1.021329293185799E-010
  6.220000000000001E-003  1.021247631153213E-010
  6.240000000000001E-003  1.021141531120610E-010
  6.260000000000001E-003  1.021025178421884E-010
  6.280000000000001E-003  1.020908752026224E-010
  6.300000000000001E-003  1.020795507464868E-010
  6.320000000000000E-003  1.020685227252712E-010
  6.340000000000000E-003  1.020578415004867E-010
  6.360000000000000E-003  1.020475737407823E-010
  6.380000000000000E-003  1.020377768304157E-010
  6.400000000000000E-003  1.020284963503200E-010
  6.420000000000000E-003  1.020197651225709E-010
  6.440000000000000E-003  1.020115421847334E-010
  6.460000000000000E-003  1.020037871679320E-010
  6.480000000000001E-003  1.019965033568418E-010
  6.500000000000001E-003  1.019896762131932E-010
  6.520000000000001E-003  1.019832590689016E-010
  6.540000000000001E-003  1.019771825780123E-010
  6.560000000000001E-003  1.019713696461376E-010
  6.580000000000001E-003  1.019657414126466E-010
  6.600000000000001E-003  1.019602467579025E-010
  6.620000000000001E-003  1.019548351347164E-010
  6.640000000000001E-003  1.019494834752091E-010
  6.660000000000000E-003  1.019441897726299E-010
  6.680000000000000E-003  1.019388994004129E-010
  6.700000000000000E-003  1.019335751072731E-010
  6.720000000000000E-003  1.019282365284715E-010
  6.740000000000000E-003  1.019229589187675E-010
  6.760000000000000E-003  1.019178770636885E-010
  6.780000000000000E-003  1.019131591995788E-010
  6.800000000000000E-003  1.019089764911057E-010
  6.820000000000001E-003  1.019054324139879E-010
  6.840000000000001E-003  1.019024692786409E-010
  6.860000000000001E-003  1.019000027473923E-010
  6.880000000000001E-003  1.018983728682343E-010
  6.900000000000001E-003  1.018978372266046E-010
  6.920000000000001E-003  1.018985143705098E-010
  6.940000000000001E-003  1.019001193686453E-010
  6.960000000000001E-003  1.019029893894292E-010
  6.980000000000001E-003  1.019074506062298E-010
  7.000000000000000E-003  1.019136291321061E-010
  7.020000000000000E-003  1.019216716296943E-010
  7.040000000000000E-003  1.019309455555031E-010
  7.060000000000000E-003  1.019399908752862E-010
  7.080000000000000E-003  1.019485190958412E-010
  7.100000000000000E-003  1.019567035449532E-010
  7.120000000000000E-003  1.019647869991607E-010
  7.140000000000001E-003  1.019728896361273E-010
  7.160000000000001E-003  1.019810755027180E-010
  7.180000000000001E-003  1.019894219132411E-010
  7.200000000000001E-003  1.019980924796085E-010
  7.220000000000001E-003  1.020071671025995E-010
  7.240000000000001E-003  1.020170680859270E-010
  7.260000000000001E-003  1.020285189675015E-010
  7.280000000000001E-003  1.020422477685210E-010
  7.300000000000001E-003  1.020591468455551E-010
  7.320000000000001E-003  1.020800838800328E-010
  7.340000000000000E-003  1.021061369918053E-010
  7.360000000000000E-003  1.021370661182987E-010
  7.380000000000000E-003  1.021659187554279E-010
  7.400000000000000E-003  1.021892956662108E-010
  7.420000000000000E-003  1.022076795620636E-010
  7.440000000000000E-003  1.022218066463080E-010
  7.460000000000000E-003  1.022322634221645E-010
  7.480000000000001E-003  1.022395578107199E-010
  7.500000000000001E-003  1.022438215460948E-010
  7.520000000000001E-003  1.022452497147908E-010
  7.540000000000001E-003  1.022456214836258E-010
  7.560000000000001E-003  1.022440125810354E-010
  7.580000000000001E-003  1.022407700590842E-010
  7.600000000000001E-003  1.022361984397677E-010
  7.620000000000001E-003  1.022304317234730E-010
  7.640000000000001E-003  1.022235320733764E-010
  7.660000000000001E-003  1.022156280763801E-010
  7.680000000000001E-003  1.022068802407130E-010
  7.700000000000000E-003  1.021973825487495E-010
  7.720000000000000E-003  1.021871837782134E-010
  7.740000000000000E-003  1.021763491233805E-010
  7.760000000000000E-003  1.021649423048739E-010
  7.780000000000000E-003  1.021530268084724E-010
  7.800000000000001E-003  1.021406728078241E-010
  7.820000000000001E-003  1.021279685959727E-010
  7.840000000000001E-003  1.021149988709027E-010
  7.860000000000001E-003  1.021019549102865E-010
  7.880000000000000E-003  1.020889977303559E-010
  7.900000000000001E-003  1.020761897873967E-010
  7.920000000000000E-003  1.020635705532507E-010
  7.940000000000001E-003  1.020511746044359E-010
  7.960000000000000E-003  1.020390326019304E-010
  7.980000000000001E-003  1.020271680357355E-010
  8.000000000000000E-003  1.020155961214044E-010
  8.020000000000001E-003  1.020043220111038E-010
  8.040000000000000E-003  1.019933469228297E-010
  8.060000000000001E-003  1.019826732135255E-010
  8.080000000000000E-003  1.019723037388366E-010
  8.100000000000001E-003  1.019622427620789E-010
  8.120000000000000E-003  1.019524973206187E-010
  8.140000000000001E-003  1.019430733595240E-010
  8.160000000000001E-003  1.019339760429511E-010
  8.180000000000002E-003  1.019251993445683E-010
  8.200000000000001E-003  1.019167359004676E-010
  8.220000000000000E-003  1.019085804120609E-010
  8.240000000000001E-003  1.019007289976576E-010
  8.260000000000000E-003  1.018931795096452E-010
  8.280000000000001E-003  1.018859288237603E-010
  8.300000000000000E-003  1.018789668594327E-010
  8.320000000000001E-003  1.018722748189331E-010
  8.340000000000000E-003  1.018658297476412E-010
  8.360000000000001E-003  1.018596110548047E-010
  8.380000000000000E-003  1.018536029547326E-010
  8.400000000000001E-003  1.018477982563845E-010
  8.420000000000000E-003  1.018421909610200E-010
  8.440000000000001E-003  1.018367860095367E-010
  8.460000000000001E-003  1.018315838844342E-010
  8.480000000000001E-003  1.018265822236613E-010
  8.500000000000001E-003  1.018217741745013E-010
  8.520000000000002E-003  1.018171461396307E-010
  8.540000000000001E-003  1.018126807745633E-010
  8.560000000000000E-003  1.018083657596794E-010
  8.580000000000001E-003  1.018041864039895E-010
  8.600000000000000E-003  1.018001394661608E-010
  8.620000000000001E-003  1.017962191196008E-010
  8.640000000000000E-003  1.017923995323471E-010
  8.660000000000001E-003  1.017886453104711E-010
  8.680000000000000E-003  1.017848938647088E-010
  8.700000000000001E-003  1.017811272413873E-010
  8.720000000000000E-003  1.017772831705694E-010
  8.740000000000001E-003  1.017732738603969E-010
  8.760000000000000E-003  1.017690262491491E-010
  8.780000000000001E-003  1.017644988773425E-010
  8.800000000000001E-003  1.017597240298564E-010
  8.820000000000001E-003  1.017547501104762E-010
  8.840000000000001E-003  1.017496008595239E-010
  8.860000000000002E-003  1.017442705314949E-010
  8.880000000000001E-003  1.017387454249439E-010
  8.900000000000000E-003  1.017330326295408E-010
  8.920000000000001E-003  1.017271483476137E-010
  8.940000000000000E-003  1.017210981043813E-010
  8.960000000000001E-003  1.017148782537566E-010
  8.980000000000000E-003  1.017084935460943E-010
  9.000000000000001E-003  1.017019571032406E-010
  9.020000000000000E-003  1.016952847230155E-010
  9.040000000000001E-003  1.016884991841447E-010
  9.060000000000000E-003  1.016816197458114E-010
  9.080000000000001E-003  1.016746487986783E-010
  9.100000000000000E-003  1.016675904854718E-010
  9.120000000000001E-003  1.016604391655447E-010
  9.140000000000001E-003  1.016531716962308E-010
  9.160000000000001E-003  1.016458341023285E-010
  9.180000000000001E-003  1.016386165095032E-010
  9.200000000000002E-003  1.016315652608810E-010
  9.220000000000001E-003  1.016246944477452E-010
  9.240000000000000E-003  1.016180110147516E-010
  9.260000000000001E-003  1.016115141082593E-010
  9.280000000000000E-003  1.016052047303880E-010
  9.300000000000001E-003  1.015990881939934E-010
  9.320000000000000E-003  1.015931763383319E-010
  9.340000000000001E-003  1.015874888036308E-010
  9.360000000000000E-003  1.015820494338054E-010
  9.380000000000001E-003  1.015768810009986E-010
  9.400000000000000E-003  1.015720035605504E-010
  9.420000000000001E-003  1.015674356505703E-010
  9.440000000000000E-003  1.015631936868990E-010
  9.460000000000001E-003  1.015592899091524E-010
  9.480000000000001E-003  1.015557297028047E-010
  9.500000000000001E-003  1.015525089119924E-010
  9.520000000000001E-003  1.015496171096365E-010
  9.540000000000002E-003  1.015470523035847E-010
  9.560000000000001E-003  1.015448399976021E-010
  9.580000000000000E-003  1.015430509889270E-010
  9.600000000000001E-003  1.015418123178167E-010
  9.620000000000000E-003  1.015412807192856E-010
  9.640000000000001E-003  1.015416750595500E-010
  9.660000000000000E-003  1.015425106813621E-010
  9.680000000000001E-003  1.015439922299389E-010
  9.700000000000000E-003  1.015460251276303E-010
  9.720000000000001E-003  1.015485505727130E-010
  9.740000000000000E-003  1.015514393843159E-010
  9.760000000000001E-003  1.015544703735901E-010
  9.780000000000000E-003  1.015575267647680E-010
  9.800000000000001E-003  1.015606089472468E-010
  9.820000000000001E-003  1.015637983999074E-010
  9.840000000000002E-003  1.015672083110117E-010
  9.860000000000001E-003  1.015709639413175E-010
  9.880000000000002E-003  1.015751680921403E-010
  9.900000000000001E-003  1.015799228576440E-010
  9.920000000000000E-003  1.015853631603271E-010
  9.940000000000001E-003  1.015916536089459E-010
  9.960000000000000E-003  1.015990005237048E-010
  9.980000000000001E-003  1.016076297691838E-010
  1.000000000000000E-002  1.016177909882827E-010
  1.002000000000000E-002  1.016297367102112E-010
  1.004000000000000E-002  1.016437122288390E-010
  1.006000000000000E-002  1.016599577101206E-010
  1.008000000000000E-002  1.016787006429671E-010
  1.010000000000000E-002  1.017001448648112E-010
  1.012000000000000E-002  1.017240382016892E-010
  1.014000000000000E-002  1.017468119646151E-010
  1.016000000000000E-002  1.017666021250847E-010
  1.018000000000000E-002  1.017833939929470E-010
  1.020000000000000E-002  1.017974791406347E-010
  1.022000000000000E-002  1.018092326039499E-010
  1.024000000000000E-002  1.018190106421949E-010
  1.026000000000000E-002  1.018271153821063E-010
  1.028000000000000E-002  1.018337608339224E-010
  1.030000000000000E-002  1.018391141704209E-010
  1.032000000000000E-002  1.018433486990218E-010
  1.034000000000000E-002  1.018466714155215E-010
  1.036000000000000E-002  1.018493079540415E-010
  1.038000000000000E-002  1.018514600858915E-010
  1.040000000000000E-002  1.018532971870174E-010
  1.042000000000000E-002  1.018549668694418E-010
  1.044000000000000E-002  1.018565686383183E-010
  1.046000000000000E-002  1.018581772047710E-010
  1.048000000000000E-002  1.018598478586420E-010
  1.050000000000000E-002  1.018616490270715E-010
  1.052000000000000E-002  1.018636409083231E-010
  1.054000000000000E-002  1.018658688663807E-010
  1.056000000000000E-002  1.018683660054033E-010
  1.058000000000000E-002  1.018711806451956E-010
  1.060000000000000E-002  1.018743789463537E-010
  1.062000000000000E-002  1.018780330933855E-010
  1.064000000000000E-002  1.018822579670077E-010
  1.066000000000000E-002  1.018871879958798E-010
  1.068000000000000E-002  1.018929738199663E-010
  1.070000000000000E-002  1.018997506649078E-010
  1.072000000000000E-002  1.019071105063814E-010
  1.074000000000000E-002  1.019143977483272E-010
  1.076000000000000E-002  1.019212645247443E-010
  1.078000000000000E-002  1.019277193485747E-010
  1.080000000000000E-002  1.019338465343683E-010
  1.082000000000000E-002  1.019397115841443E-010
  1.084000000000000E-002  1.019453455176241E-010
  1.086000000000000E-002  1.019507781239321E-010
  1.088000000000000E-002  1.019560343791792E-010
  1.090000000000000E-002  1.019611360124245E-010
  1.092000000000000E-002  1.019658868549957E-010
  1.094000000000000E-002  1.019699202409524E-010
  1.096000000000000E-002  1.019731590080634E-010
  1.098000000000000E-002  1.019754566930783E-010
  1.100000000000000E-002  1.019767659659825E-010
  1.102000000000000E-002  1.019774473745663E-010
  1.104000000000000E-002  1.019770608439155E-010
  1.106000000000000E-002  1.019762236468811E-010
  1.108000000000000E-002  1.019746410187258E-010
  1.110000000000000E-002  1.019722735547612E-010
  1.112000000000000E-002  1.019692116788072E-010
  1.114000000000000E-002  1.019655900909814E-010
  1.116000000000000E-002  1.019615336201578E-010
  1.118000000000000E-002  1.019571550873413E-010
  1.120000000000000E-002  1.019525577508653E-010
  1.122000000000000E-002  1.019478538738936E-010
  1.124000000000000E-002  1.019432977853102E-010
  1.126000000000000E-002  1.019390704579115E-010
  1.128000000000000E-002  1.019352913810208E-010
  1.130000000000000E-002  1.019320183456299E-010
  1.132000000000000E-002  1.019292630494741E-010
  1.134000000000000E-002  1.019269833248405E-010
  1.136000000000000E-002  1.019251132766790E-010
  1.138000000000000E-002  1.019235958741345E-010
  1.140000000000000E-002  1.019223890489281E-010
  1.142000000000000E-002  1.019214538872604E-010
  1.144000000000000E-002  1.019207432206516E-010
  1.146000000000000E-002  1.019202224778038E-010
  1.148000000000000E-002  1.019198499035611E-010
  1.150000000000000E-002  1.019194900066751E-010
  1.152000000000000E-002  1.019191475364077E-010
  1.154000000000000E-002  1.019188225823505E-010
  1.156000000000000E-002  1.019185208400073E-010
  1.158000000000000E-002  1.019182731922468E-010
  1.160000000000000E-002  1.019182066357897E-010
  1.162000000000000E-002  1.019185464739230E-010
  1.164000000000000E-002  1.019193296706640E-010
  1.166000000000000E-002  1.019207452636400E-010
  1.168000000000000E-002  1.019227570647686E-010
  1.170000000000000E-002  1.019254542957524E-010
  1.172000000000000E-002  1.019288545652123E-010
  1.174000000000000E-002  1.019329817126816E-010
  1.176000000000000E-002  1.019379198686207E-010
  1.178000000000000E-002  1.019437915036745E-010
  1.180000000000000E-002  1.019506994749610E-010
  1.182000000000000E-002  1.019587471491812E-010
  1.184000000000000E-002  1.019680437361604E-010
  1.186000000000000E-002  1.019786991718818E-010
  1.188000000000000E-002  1.019908157266591E-010
  1.190000000000000E-002  1.020041953740095E-010
  1.192000000000000E-002  1.020177831175565E-010
  1.194000000000000E-002  1.020308665694930E-010
  1.196000000000000E-002  1.020432968191666E-010
  1.198000000000000E-002  1.020550490739022E-010
  1.200000000000000E-002  1.020660968746313E-010
  1.202000000000000E-002  1.020764167472987E-010
  1.204000000000000E-002  1.020859884782657E-010
  1.206000000000000E-002  1.020947986268634E-010
  1.208000000000000E-002  1.021028183378981E-010
  1.210000000000000E-002  1.021100060376454E-010
  1.212000000000000E-002  1.021163542923174E-010
  1.214000000000000E-002  1.021218901848376E-010
  1.216000000000000E-002  1.021266703169777E-010
  1.218000000000000E-002  1.021307564617885E-010
  1.220000000000000E-002  1.021341849198975E-010
  1.222000000000000E-002  1.021369318578060E-010
  1.224000000000000E-002  1.021390829942760E-010
  1.226000000000000E-002  1.021408401197870E-010
  1.228000000000000E-002  1.021421616387496E-010
  1.230000000000000E-002  1.021429163620136E-010
  1.232000000000000E-002  1.021432417416486E-010
  1.234000000000000E-002  1.021433216916472E-010
  1.236000000000000E-002  1.021432692524865E-010
  1.238000000000000E-002  1.021430064522162E-010
  1.240000000000000E-002  1.021425624859122E-010
  1.242000000000000E-002  1.021419065374582E-010
  1.244000000000000E-002  1.021410432333462E-010
  1.246000000000000E-002  1.021399894963193E-010
  1.248000000000000E-002  1.021387915862965E-010
  1.250000000000000E-002  1.021375539152692E-010
  1.252000000000000E-002  1.021365702795059E-010
  1.254000000000000E-002  1.021361031965558E-010
  1.256000000000000E-002  1.021360207358679E-010
  1.258000000000000E-002  1.021365615672912E-010
  1.260000000000000E-002  1.021376661084404E-010
  1.262000000000000E-002  1.021393203016176E-010
  1.264000000000000E-002  1.021415124232391E-010
  1.266000000000000E-002  1.021441539334800E-010
  1.268000000000000E-002  1.021471690254383E-010
  1.270000000000000E-002  1.021505099655364E-010
  1.272000000000000E-002  1.021540460365559E-010
  1.274000000000000E-002  1.021577227120245E-010
  1.276000000000000E-002  1.021614969520762E-010
  1.278000000000000E-002  1.021653881049324E-010
  1.280000000000000E-002  1.021692819156698E-010
  1.282000000000000E-002  1.021729984556413E-010
  1.284000000000000E-002  1.021763999368693E-010
  1.286000000000000E-002  1.021794220849471E-010
  1.288000000000000E-002  1.021820604255957E-010
  1.290000000000000E-002  1.021843774253076E-010
  1.292000000000000E-002  1.021863611382635E-010
  1.294000000000000E-002  1.021879156292135E-010
  1.296000000000000E-002  1.021889041863784E-010
  1.298000000000000E-002  1.021892310593253E-010
  1.300000000000000E-002  1.021889606907313E-010
  1.302000000000000E-002  1.021884589353660E-010
  1.304000000000000E-002  1.021875712163778E-010
  1.306000000000000E-002  1.021862183314805E-010
  1.308000000000000E-002  1.021844338822474E-010
  1.310000000000000E-002  1.021822681561028E-010
  1.312000000000000E-002  1.021797730173071E-010
  1.314000000000000E-002  1.021770089228182E-010
  1.316000000000000E-002  1.021740086940048E-010
  1.318000000000000E-002  1.021707392246910E-010
  1.320000000000000E-002  1.021673626510704E-010
  1.322000000000000E-002  1.021638365526832E-010
  1.324000000000000E-002  1.021601931689978E-010
  1.326000000000000E-002  1.021564134680143E-010
  1.328000000000000E-002  1.021525117604703E-010
  1.330000000000000E-002  1.021484931131726E-010
  1.332000000000000E-002  1.021443518459137E-010
  1.334000000000000E-002  1.021400757529478E-010
  1.336000000000000E-002  1.021356478964593E-010
  1.338000000000000E-002  1.021310470010355E-010
  1.340000000000000E-002  1.021262466143117E-010
  1.342000000000000E-002  1.021212100223121E-010
  1.344000000000000E-002  1.021159023764172E-010
  1.346000000000000E-002  1.021102750566704E-010
  1.348000000000000E-002  1.021043901944844E-010
  1.350000000000000E-002  1.020983960646199E-010
  1.352000000000000E-002  1.020923491266993E-010
  1.354000000000000E-002  1.020862699796218E-010
  1.356000000000000E-002  1.020801794017639E-010
  1.358000000000000E-002  1.020740779694215E-010
  1.360000000000000E-002  1.020679704285253E-010
  1.362000000000000E-002  1.020618700930192E-010
  1.364000000000000E-002  1.020558067978902E-010
  1.366000000000000E-002  1.020498163633681E-010
  1.368000000000000E-002  1.020439363240081E-010
  1.370000000000000E-002  1.020381875389807E-010
  1.372000000000000E-002  1.020325554247941E-010
  1.374000000000000E-002  1.020269912054631E-010
  1.376000000000000E-002  1.020214295498555E-010
  1.378000000000000E-002  1.020159146584845E-010
  1.380000000000000E-002  1.020104458439434E-010
  1.382000000000000E-002  1.020050376570641E-010
  1.384000000000000E-002  1.019997461292837E-010
  1.386000000000000E-002  1.019946148700095E-010
  1.388000000000000E-002  1.019896409940748E-010
  1.390000000000000E-002  1.019848294870865E-010
  1.392000000000000E-002  1.019801902161620E-010
  1.394000000000000E-002  1.019757345713637E-010
  1.396000000000000E-002  1.019714591132983E-010
  1.398000000000000E-002  1.019673254334973E-010
  1.400000000000000E-002  1.019632808604173E-010
  1.402000000000000E-002  1.019593730605617E-010
  1.404000000000000E-002  1.019556855651092E-010
  1.406000000000000E-002  1.019522250271540E-010
  1.408000000000000E-002  1.019490286075239E-010
  1.410000000000000E-002  1.019461619969701E-010
  1.412000000000000E-002  1.019436757623086E-010
  1.414000000000000E-002  1.019416452747109E-010
  1.416000000000000E-002  1.019401491793657E-010
  1.418000000000000E-002  1.019391724602768E-010
  1.420000000000000E-002  1.019388073498231E-010
  1.422000000000000E-002  1.019391938365604E-010
  1.424000000000000E-002  1.019401489532324E-010
  1.426000000000000E-002  1.019418127469803E-010
  1.428000000000000E-002  1.019441751174492E-010
  1.430000000000000E-002  1.019472150001880E-010
  1.432000000000000E-002  1.019509106628509E-010
  1.434000000000000E-002  1.019552307984146E-010
  1.436000000000000E-002  1.019601323128599E-010
  1.438000000000000E-002  1.019655771153326E-010
  1.440000000000000E-002  1.019715370256606E-010
  1.442000000000000E-002  1.019779532220609E-010
  1.444000000000000E-002  1.019848696475061E-010
  1.446000000000000E-002  1.019921834735450E-010
  1.448000000000000E-002  1.019996546911984E-010
  1.450000000000000E-002  1.020069856593575E-010
  1.452000000000000E-002  1.020138703671472E-010
  1.454000000000000E-002  1.020202698334277E-010
  1.456000000000000E-002  1.020261499236476E-010
  1.458000000000000E-002  1.020314982300237E-010
  1.460000000000000E-002  1.020363179314043E-010
  1.462000000000000E-002  1.020406196468759E-010
  1.464000000000000E-002  1.020444170308348E-010
  1.466000000000000E-002  1.020477338169977E-010
  1.468000000000000E-002  1.020506007478045E-010
  1.470000000000000E-002  1.020530540532631E-010
  1.472000000000000E-002  1.020551335128286E-010
  1.474000000000000E-002  1.020568786166579E-010
  1.476000000000000E-002  1.020583209661988E-010
  1.478000000000000E-002  1.020594770207084E-010
  1.480000000000000E-002  1.020603548159683E-010
  1.482000000000000E-002  1.020609570158210E-010
  1.484000000000000E-002  1.020612838115307E-010
  1.486000000000000E-002  1.020613322154295E-010
  1.488000000000000E-002  1.020610934197885E-010
  1.490000000000000E-002  1.020606271880274E-010
  1.492000000000000E-002  1.020599461706600E-010
  1.494000000000000E-002  1.020590860170129E-010
  1.496000000000000E-002  1.020580872036530E-010
  1.498000000000000E-002  1.020569901441828E-010
  1.500000000000000E-002  1.020558522401546E-010
  1.502000000000000E-002  1.020547275453999E-010
  1.504000000000000E-002  1.020536862500745E-010
  1.506000000000000E-002  1.020529680448966E-010
  1.508000000000000E-002  1.020520753396523E-010
  1.510000000000000E-002  1.020507295008595E-010
  1.512000000000000E-002  1.020488090314803E-010
  1.514000000000000E-002  1.020462832734901E-010
  1.516000000000000E-002  1.020431949603695E-010
  1.518000000000000E-002  1.020396359221218E-010
  1.520000000000000E-002  1.020355768692008E-010
  1.522000000000000E-002  1.020310641970089E-010
  1.524000000000000E-002  1.020260839032732E-010
  1.526000000000000E-002  1.020205706321988E-010
  1.528000000000000E-002  1.020143766331108E-010
  1.530000000000000E-002  1.020073846178817E-010
  1.532000000000000E-002  1.019996096455881E-010
  1.534000000000000E-002  1.019911372998663E-010
  1.536000000000000E-002  1.019822070584391E-010
  1.538000000000000E-002  1.019736100179898E-010
  1.540000000000000E-002  1.019654981576331E-010
  1.542000000000000E-002  1.019579050831159E-010
  1.544000000000000E-002  1.019508967358537E-010
  1.546000000000000E-002  1.019445238236139E-010
  1.548000000000000E-002  1.019388060699853E-010
  1.550000000000000E-002  1.019335899521752E-010
  1.552000000000000E-002  1.019288835868353E-010
  1.554000000000000E-002  1.019249090279567E-010
  1.556000000000000E-002  1.019215412882415E-010
  1.558000000000000E-002  1.019189172147221E-010
  1.560000000000000E-002  1.019169903121777E-010
  1.562000000000000E-002  1.019154806274074E-010
  1.564000000000000E-002  1.019141436531276E-010
  1.566000000000000E-002  1.019133569348230E-010
  1.568000000000000E-002  1.019131644410942E-010
  1.570000000000000E-002  1.019132301029523E-010
  1.572000000000000E-002  1.019135582197910E-010
  1.574000000000000E-002  1.019141375657808E-010
  1.576000000000000E-002  1.019148527594454E-010
  1.578000000000000E-002  1.019155212419406E-010
  1.580000000000000E-002  1.019160167343387E-010
  1.582000000000000E-002  1.019163520187217E-010
  1.584000000000000E-002  1.019165320470199E-010
  1.586000000000000E-002  1.019165545616335E-010
  1.588000000000000E-002  1.019165258962716E-010
  1.590000000000000E-002  1.019164561157576E-010
  1.592000000000000E-002  1.019163160071255E-010
  1.594000000000000E-002  1.019161324383007E-010
  1.596000000000000E-002  1.019159444615738E-010
  1.598000000000000E-002  1.019158041270840E-010
  1.600000000000000E-002  1.019157825815777E-010
  1.602000000000000E-002  1.019159141499013E-010
  1.604000000000000E-002  1.019161785015204E-010
  1.606000000000000E-002  1.019165909633525E-010
  1.608000000000000E-002  1.019171681382204E-010
  1.610000000000000E-002  1.019179330639875E-010
  1.612000000000000E-002  1.019189126130796E-010
  1.614000000000000E-002  1.019201330867502E-010
  1.616000000000000E-002  1.019216077142662E-010
  1.618000000000000E-002  1.019233191352067E-010
  1.620000000000000E-002  1.019252728071847E-010
  1.622000000000000E-002  1.019274479930350E-010
  1.624000000000000E-002  1.019298371437196E-010
  1.626000000000000E-002  1.019324315274653E-010
  1.628000000000000E-002  1.019352476299363E-010
  1.630000000000000E-002  1.019382536394179E-010
  1.632000000000000E-002  1.019414425843977E-010
  1.634000000000000E-002  1.019448022971318E-010
  1.636000000000000E-002  1.019483317123055E-010
  1.638000000000000E-002  1.019520313840256E-010
  1.640000000000000E-002  1.019558875529844E-010
  1.642000000000000E-002  1.019598912804450E-010
  1.644000000000000E-002  1.019640167054563E-010
  1.646000000000000E-002  1.019682241986473E-010
  1.648000000000000E-002  1.019724665268233E-010
  1.650000000000000E-002  1.019767074266326E-010
  1.652000000000000E-002  1.019809454136659E-010
  1.654000000000000E-002  1.019851787076612E-010
  1.656000000000000E-002  1.019894249946007E-010
  1.658000000000000E-002  1.019936785762784E-010
  1.660000000000000E-002  1.019979282115994E-010
  1.662000000000000E-002  1.020021712659101E-010
  1.664000000000000E-002  1.020063881174429E-010
  1.666000000000000E-002  1.020105771171832E-010
  1.668000000000000E-002  1.020146849104432E-010
  1.670000000000000E-002  1.020186732758518E-010
  1.672000000000000E-002  1.020225513434208E-010
  1.674000000000000E-002  1.020263097112587E-010
  1.676000000000000E-002  1.020299639148405E-010
  1.678000000000000E-002  1.020335350231056E-010
  1.680000000000000E-002  1.020370116151544E-010
  1.682000000000000E-002  1.020402813899184E-010
  1.684000000000000E-002  1.020433560093061E-010
  1.686000000000000E-002  1.020462288024790E-010
  1.688000000000000E-002  1.020488657775430E-010
  1.690000000000000E-002  1.020512770357520E-010
  1.692000000000000E-002  1.020534587788987E-010
  1.694000000000000E-002  1.020553490974361E-010
  1.696000000000000E-002  1.020570489548531E-010
  1.698000000000000E-002  1.020584350229029E-010
  1.700000000000000E-002  1.020596181956815E-010
  1.702000000000000E-002  1.020605306756363E-010
  1.704000000000000E-002  1.020611968825303E-010
  1.706000000000000E-002  1.020616083726864E-010
  1.708000000000000E-002  1.020616448882785E-010
  1.710000000000000E-002  1.020614157729061E-010
  1.712000000000000E-002  1.020609007404546E-010
  1.714000000000000E-002  1.020601332119068E-010
  1.716000000000000E-002  1.020591681367767E-010
  1.718000000000000E-002  1.020581326959534E-010
  1.720000000000000E-002  1.020570850525069E-010
  1.722000000000000E-002  1.020560401954081E-010
  1.724000000000000E-002  1.020549960310532E-010
  1.726000000000000E-002  1.020539401453989E-010
  1.728000000000000E-002  1.020528966340539E-010
  1.730000000000000E-002  1.020519350561926E-010
  1.732000000000000E-002  1.020510495432694E-010
  1.734000000000000E-002  1.020502604830877E-010
  1.736000000000000E-002  1.020495066296988E-010
  1.738000000000000E-002  1.020487847568245E-010
  1.740000000000000E-002  1.020481483561565E-010
  1.742000000000000E-002  1.020475766216104E-010
  1.744000000000000E-002  1.020470656519889E-010
  1.746000000000000E-002  1.020465925407350E-010
  1.748000000000000E-002  1.020461355579737E-010
  1.750000000000000E-002  1.020457364649789E-010
  1.752000000000000E-002  1.020453209040471E-010
  1.754000000000000E-002  1.020448925004197E-010
  1.756000000000000E-002  1.020444708767319E-010
  1.758000000000000E-002  1.020440886612764E-010
  1.760000000000000E-002  1.020437037783021E-010
  1.762000000000000E-002  1.020433389004330E-010
  1.764000000000000E-002  1.020429930007856E-010
  1.766000000000000E-002  1.020427116898724E-010
  1.768000000000000E-002  1.020424686262124E-010
  1.770000000000000E-002  1.020422157274457E-010
  1.772000000000000E-002  1.020419314533272E-010
  1.774000000000000E-002  1.020415853974144E-010
  1.776000000000000E-002  1.020411433832565E-010
  1.778000000000000E-002  1.020405732477678E-010
  1.780000000000000E-002  1.020398543496026E-010
  1.782000000000000E-002  1.020389797314597E-010
  1.784000000000000E-002  1.020379298221350E-010
  1.786000000000000E-002  1.020367031936591E-010
  1.788000000000000E-002  1.020353098602574E-010
  1.790000000000000E-002  1.020337579685082E-010
  1.792000000000000E-002  1.020320471363686E-010
  1.794000000000000E-002  1.020301694436473E-010
  1.796000000000000E-002  1.020281141122523E-010
  1.798000000000000E-002  1.020258705683371E-010
  1.800000000000000E-002  1.020234287790757E-010
  1.802000000000000E-002  1.020207767292949E-010
  1.804000000000000E-002  1.020178980930542E-010
  1.806000000000000E-002  1.020147750309226E-010
  1.808000000000000E-002  1.020113843303063E-010
  1.810000000000000E-002  1.020076923068637E-010
  1.812000000000000E-002  1.020036667388503E-010
  1.814000000000000E-002  1.019992718862616E-010
  1.816000000000000E-002  1.019944657551860E-010
  1.818000000000000E-002  1.019892008256870E-010
  1.820000000000000E-002  1.019834392518038E-010
  1.822000000000000E-002  1.019771517551588E-010
  1.824000000000000E-002  1.019702996174960E-010
  1.826000000000000E-002  1.019627750368094E-010
  1.828000000000000E-002  1.019544648364833E-010
  1.830000000000000E-002  1.019452338283831E-010
  1.832000000000000E-002  1.019349165171817E-010
  1.834000000000000E-002  1.019233555760085E-010
  1.836000000000000E-002  1.019104341512193E-010
  1.838000000000000E-002  1.018969670316916E-010
  1.840000000000000E-002  1.018855534019173E-010
  1.842000000000000E-002  1.018767034112226E-010
  1.844000000000000E-002  1.018709568522881E-010
  1.846000000000000E-002  1.018684235241970E-010
  1.848000000000000E-002  1.018680924110349E-010
  1.850000000000000E-002  1.018689448578593E-010
  1.852000000000000E-002  1.018723166117105E-010
  1.854000000000000E-002  1.018802642311833E-010
  1.856000000000000E-002  1.018952485480052E-010
  1.858000000000000E-002  1.019201597192968E-010
  1.860000000000000E-002  1.019584403054805E-010
  1.862000000000000E-002  1.020146024618208E-010
  1.864000000000000E-002  1.020949493252616E-010
  1.866000000000000E-002  1.022084176322274E-010
  1.868000000000000E-002  1.023678087491946E-010
  1.870000000000000E-002  1.025916913313799E-010
  1.872000000000000E-002  1.029074687576556E-010
  1.874000000000000E-002  1.033565012916154E-010
  1.876000000000000E-002  1.040026660187526E-010
  1.878000000000000E-002  1.049455155479555E-010
  1.880000000000000E-002  1.063450612094379E-010
  1.882000000000000E-002  1.084583714849435E-010
  1.884000000000000E-002  1.117001742284180E-010
  1.886000000000000E-002  1.167404169092113E-010
  1.888000000000000E-002  1.246603555019397E-010
  1.890000000000000E-002  1.372011164219603E-010
  1.892000000000000E-002  1.571574578335698E-010
  1.894000000000000E-002  1.889983286964598E-010
  1.896000000000000E-002  2.398396963685957E-010
  1.898000000000000E-002  3.209613415172707E-010
  1.900000000000000E-002  4.501582076467934E-010
  1.902000000000000E-002  6.553632610326955E-010
  1.904000000000000E-002  9.801938372009466E-010
  1.906000000000000E-002  1.492387074610295E-009
  1.908000000000000E-002  2.296546860591621E-009
  1.910000000000000E-002  3.553291617482863E-009
  1.912000000000000E-002  5.507875302032011E-009
  1.914000000000000E-002  8.532831055413380E-009
  1.916000000000000E-002  1.319140921073078E-008
  1.918000000000000E-002  2.033203634104771E-008
  1.920000000000000E-002  3.122944248476287E-008
  1.922000000000000E-002  4.779659524792188E-008
  1.924000000000000E-002  7.290502495751859E-008
  1.926000000000000E-002  1.108731318561892E-007
  1.928000000000000E-002  1.682118434493620E-007
  1.930000000000000E-002  2.547425429264993E-007
  1.932000000000000E-002  3.851141268796239E-007
  1.934000000000000E-002  5.807557988845304E-007
  1.936000000000000E-002  8.724333995821981E-007
  1.938000000000000E-002  1.303550153467782E-006
  1.940000000000000E-002  1.934305344786185E-006
  1.942000000000000E-002  2.846745078709732E-006
  1.944000000000000E-002  4.150572161352532E-006
  1.946000000000000E-002  5.989305079803478E-006
  1.948000000000000E-002  8.546006510667952E-006
  1.950000000000000E-002  1.204751210017011E-005
  1.952000000000000E-002  1.676611191950462E-005
  1.954000000000000E-002  2.301735003099127E-005
  1.956000000000000E-002  3.115195379587369E-005
  1.958000000000000E-002  4.153908499413596E-005
  1.960000000000000E-002  5.453824341689012E-005
  1.962000000000000E-002  7.045888047851361E-005
  1.964000000000000E-002  8.950936945508592E-005
  1.966000000000000E-002  1.117398766789691E-004
  1.968000000000000E-002  1.367708354143723E-004
  1.970000000000000E-002  1.599254078623698E-004
  1.972000000000000E-002  1.782534705967491E-004
  1.974000000000000E-002  1.922020719222368E-004
  1.976000000000000E-002  2.022897496107127E-004
  1.978000000000000E-002  2.091014572467461E-004
  1.980000000000000E-002  2.129836971729903E-004
  1.982000000000000E-002  2.141994089465443E-004
  1.984000000000000E-002  2.139848995540776E-004
  1.986000000000000E-002  2.125614207926678E-004
  1.988000000000000E-002  2.091381252304437E-004
  1.990000000000000E-002  2.030966627835062E-004
  1.992000000000000E-002  1.940356513896135E-004
  1.994000000000000E-002  1.817774355037038E-004
  1.996000000000000E-002  1.663705323216862E-004
  1.998000000000000E-002  1.480977744884280E-004
  2.000000000000000E-002  1.276961177149717E-004
  2.002000000000000E-002  1.060537209994677E-004
  2.004000000000000E-002  8.572718876136553E-005
  2.006000000000000E-002  6.794912617618895E-005
  2.008000000000000E-002  5.261561073958436E-005
  2.010000000000000E-002  3.977912924139453E-005
  2.012000000000000E-002  2.963483308679450E-005
  2.014000000000000E-002  2.238052785594380E-005
  2.016000000000000E-002  1.801239298621109E-005
  2.018000000000000E-002  1.612816925713154E-005
  2.020000000000000E-002  1.582655818943270E-005
  2.022000000000000E-002  1.626486763353602E-005
  2.024000000000000E-002  1.808581899261369E-005
  2.026000000000000E-002  2.251400207468508E-005
  2.028000000000000E-002  3.129941628671473E-005
  2.030000000000000E-002  4.707874445231196E-005
  2.032000000000000E-002  7.387886191137556E-005
  2.034000000000000E-002  1.178475668426026E-004
  2.036000000000000E-002  1.882982910967220E-004
  2.038000000000000E-002  2.991761537398388E-004
  2.040000000000000E-002  4.710909859115366E-004
  2.042000000000000E-002  7.340913692691786E-004
  2.044000000000000E-002  1.131366578498866E-003
  2.046000000000000E-002  1.724049697218481E-003
  2.048000000000000E-002  2.597223840647389E-003
  2.050000000000000E-002  3.867059176244482E-003
  2.052000000000000E-002  5.688700646585359E-003
  2.054000000000000E-002  8.264032515164136E-003
  2.056000000000000E-002  1.184774599401128E-002
  2.058000000000000E-002  1.674925224234180E-002
  2.060000000000000E-002  2.332689021563398E-002
  2.062000000000000E-002  3.196949308797877E-002
  2.064000000000000E-002  4.304990673529600E-002
  2.066000000000000E-002  5.684855915342953E-002
  2.068000000000000E-002  7.345956059275464E-002
  2.070000000000000E-002  9.059596245554651E-002
  2.072000000000000E-002  0.103589909982191     
  2.074000000000000E-002  0.112779295920327     
  2.076000000000000E-002  0.119044462005691     
  2.078000000000000E-002  0.122986836602144     
  2.080000000000000E-002  0.124882742310159     
  2.082000000000000E-002  0.125394430458896     
  2.084000000000000E-002  0.125270933076918     
  2.086000000000000E-002  0.124605786548362     
  2.088000000000000E-002  0.123210895460733     
  2.090000000000000E-002  0.121021247841107     
  2.092000000000000E-002  0.118099516680248     
  2.094000000000000E-002  0.114610973953778     
  2.096000000000000E-002  0.110759933104023     
  2.098000000000000E-002  0.106701409356125     
  2.100000000000000E-002  0.102476772092098     
  2.102000000000000E-002  9.800735327081546E-002
  2.104000000000000E-002  9.312738483215591E-002
  2.106000000000000E-002  8.761891588687373E-002
  2.108000000000000E-002  8.138673882806441E-002
  2.110000000000000E-002  7.517124844006813E-002
  2.112000000000000E-002  7.012085686550867E-002
  2.114000000000000E-002  6.650532331120097E-002
  2.116000000000000E-002  6.435216578391389E-002
  2.118000000000000E-002  6.343563057914585E-002
  2.120000000000000E-002  6.331757315800238E-002
  2.122000000000000E-002  6.377219533328440E-002
  2.124000000000000E-002  6.520927939398084E-002
  2.126000000000000E-002  6.814348963912895E-002
  2.128000000000000E-002  7.330982259016025E-002
  2.130000000000000E-002  8.166260773969806E-002
  2.132000000000000E-002  9.439438720330996E-002
  2.134000000000000E-002  0.112942432080110     
  2.136000000000000E-002  0.138970960291307     
  2.138000000000000E-002  0.174317669401595     
  2.140000000000000E-002  0.220889139837959     
  2.142000000000000E-002  0.280484110201675     
  2.144000000000000E-002  0.354518417088726     
  2.146000000000000E-002  0.443659875698052     
  2.148000000000000E-002  0.540665835652265     
  2.150000000000000E-002  0.619350320041856     
  2.152000000000000E-002  0.678222209809372     
  2.154000000000000E-002  0.721025080132715     
  2.156000000000000E-002  0.751457439578232     
  2.158000000000000E-002  0.772829332118845     
  2.160000000000000E-002  0.787855215460139     
  2.162000000000000E-002  0.798601537691868     
  2.164000000000000E-002  0.806547319476932     
  2.166000000000000E-002  0.812709107287825     
  2.168000000000000E-002  0.817779621600144     
  2.170000000000000E-002  0.822238401400746     
  2.172000000000000E-002  0.826415708657576     
  2.174000000000000E-002  0.830516499426013     
  2.176000000000000E-002  0.834648777855449     
  2.178000000000000E-002  0.838954866983303     
  2.180000000000000E-002  0.843637689237971     
  2.182000000000000E-002  0.848904446733940     
  2.184000000000000E-002  0.855008960508000     
  2.186000000000000E-002  0.862223747806949     
  2.188000000000000E-002  0.870764987866561     
  2.190000000000000E-002  0.880628158770181     
  2.192000000000000E-002  0.890676080900341     
  2.194000000000000E-002  0.899702705226583     
  2.196000000000000E-002  0.908055491509562     
  2.198000000000000E-002  0.916005983027518     
  2.200000000000000E-002  0.923629419422148     
  2.202000000000000E-002  0.930832824312438     
  2.204000000000000E-002  0.937428009928652     
  2.206000000000000E-002  0.943213149565232     
  2.208000000000000E-002  0.948037951956357     
  2.210000000000000E-002  0.951838877958695     
  2.212000000000000E-002  0.954647121076173     
  2.214000000000000E-002  0.956574798426623     
  2.216000000000000E-002  0.957786175968066     
  2.218000000000000E-002  0.958467227976419     
  2.220000000000000E-002  0.958815307139465     
  2.222000000000000E-002  0.958972612145673     
  2.224000000000000E-002  0.959006068415160     
  2.226000000000000E-002  0.958884259111141     
  2.228000000000000E-002  0.958542284899593     
  2.230000000000000E-002  0.957974375949814     
  2.232000000000000E-002  0.957182047367252     
  2.234000000000000E-002  0.956192576791610     
  2.236000000000000E-002  0.955050935935322     
  2.238000000000000E-002  0.953811445195282     
  2.240000000000000E-002  0.952530563132149     
  2.242000000000000E-002  0.951287317119289     
  2.244000000000000E-002  0.950152395374473     
  2.246000000000000E-002  0.949184549209726     
  2.248000000000000E-002  0.948456292521624     
  2.250000000000000E-002  0.947995932302598     
  2.252000000000000E-002  0.947813262728973     
  2.254000000000000E-002  0.947879963210682     
  2.256000000000000E-002  0.948231820029879     
  2.258000000000000E-002  0.948834708172961     
  2.260000000000000E-002  0.949604080963813     
  2.262000000000000E-002  0.950499027187049     
  2.264000000000000E-002  0.951460789106554     
  2.266000000000000E-002  0.952405998283293     
  2.268000000000000E-002  0.953273675703381     
  2.270000000000000E-002  0.954023594941869     
  2.272000000000000E-002  0.954620182813711     
  2.274000000000000E-002  0.955034352211086     
  2.276000000000000E-002  0.955247986763372     
  2.278000000000000E-002  0.955273224099232     
  2.280000000000000E-002  0.955107762140070     
  2.282000000000000E-002  0.954711213005121     
  2.284000000000000E-002  0.954142618719848     
  2.286000000000000E-002  0.953416184518587     
  2.288000000000000E-002  0.952422574012575     
  2.290000000000000E-002  0.950988469955389     
  2.292000000000000E-002  0.948909816245377     
  2.294000000000000E-002  0.945923462297625     
  2.296000000000000E-002  0.941721222370305     
  2.298000000000000E-002  0.935945634654740     
  2.300000000000000E-002  0.928183448571948     
  2.302000000000000E-002  0.917960369185452     
  2.304000000000000E-002  0.904744390316789     
  2.306000000000000E-002  0.887957021129496     
  2.308000000000000E-002  0.866988397375269     
  2.310000000000000E-002  0.841218484267923     
  2.312000000000000E-002  0.810069406863107     
  2.314000000000000E-002  0.775140634014162     
  2.316000000000000E-002  0.747557845263124     
  2.318000000000000E-002  0.729313880559822     
  2.320000000000000E-002  0.718798096389885     
  2.322000000000000E-002  0.713806684475971     
  2.324000000000000E-002  0.712790869847357     
  2.326000000000000E-002  0.713451782441284     
  2.328000000000000E-002  0.716232714616317     
  2.330000000000000E-002  0.722288901424384     
  2.332000000000000E-002  0.730168044780221     
  2.334000000000000E-002  0.733758650677279     
  2.336000000000000E-002  0.734071582086373     
  2.338000000000000E-002  0.732514394558894     
  2.340000000000000E-002  0.727034974277132     
  2.342000000000000E-002  0.715055269968537     
  2.344000000000000E-002  0.693838240879493     
  2.346000000000000E-002  0.660765045916972     
  2.348000000000000E-002  0.613730134225183     
  2.350000000000000E-002  0.551437447809408     
  2.352000000000000E-002  0.473585107430382     
  2.354000000000000E-002  0.380981342162606     
  2.356000000000000E-002  0.284754566448008     
  2.358000000000000E-002  0.208674234471768     
  2.360000000000000E-002  0.150903513674392     
  2.362000000000000E-002  0.107817848009166     
  2.364000000000000E-002  7.619494230558436E-002
  2.366000000000000E-002  5.332395175209739E-002
  2.368000000000000E-002  3.700038478607142E-002
  2.370000000000000E-002  2.548342171650508E-002
  2.372000000000000E-002  1.743473205189091E-002
  2.374000000000000E-002  1.185131911783046E-002
  2.376000000000000E-002  8.000152257666513E-003
  2.378000000000000E-002  5.358616980248952E-003
  2.380000000000000E-002  3.562514847817186E-003
  2.382000000000000E-002  2.362227510504470E-003
  2.384000000000000E-002  1.586937888125514E-003
  2.386000000000000E-002  1.116638709622624E-003
  2.388000000000000E-002  8.616290808555532E-004
  2.390000000000000E-002  7.490707253215442E-004
  2.392000000000000E-002  7.249967843716146E-004
  2.394000000000000E-002  7.373396658747525E-004
  2.396000000000000E-002  7.962877465535053E-004
  2.398000000000000E-002  9.381173519257232E-004
  2.400000000000000E-002  1.203247545734573E-003
  2.402000000000000E-002  1.639789180678502E-003
  2.404000000000000E-002  2.306624806843581E-003
  2.406000000000000E-002  3.276004758777792E-003
  2.408000000000000E-002  4.635257134238614E-003
  2.410000000000000E-002  6.486872651136044E-003
  2.412000000000000E-002  8.946204578501199E-003
  2.414000000000000E-002  1.213601373455625E-002
  2.416000000000000E-002  1.617712849942205E-002
  2.418000000000000E-002  2.117480593820455E-002
  2.420000000000000E-002  2.697722843813569E-002
  2.422000000000000E-002  3.166555464729733E-002
  2.424000000000000E-002  3.463727678826028E-002
  2.426000000000000E-002  3.620572203032767E-002
  2.428000000000000E-002  3.678942017276443E-002
  2.430000000000000E-002  3.685934635085808E-002
  2.432000000000000E-002  3.668013840845363E-002
  2.434000000000000E-002  3.604269387975594E-002
  2.436000000000000E-002  3.470017163454206E-002
  2.438000000000000E-002  3.244900676943923E-002
  2.440000000000000E-002  2.915177300708764E-002
  2.442000000000000E-002  2.476258074551192E-002
  2.444000000000000E-002  1.934770208261220E-002
  2.446000000000000E-002  1.388529215894806E-002
  2.448000000000000E-002  9.760896219807103E-003
  2.450000000000000E-002  6.754576903892654E-003
  2.452000000000000E-002  4.605135459699805E-003
  2.454000000000000E-002  3.095063754405499E-003
  2.456000000000000E-002  2.051664170578923E-003
  2.458000000000000E-002  1.342020828695609E-003
  2.460000000000000E-002  8.665970341200694E-004
  2.462000000000000E-002  5.526523247165077E-004
  2.464000000000000E-002  3.481937900638697E-004
  2.466000000000000E-002  2.168086138944516E-004
  2.468000000000000E-002  1.334673034507973E-004
  2.470000000000000E-002  8.125926685857527E-005
  2.472000000000000E-002  4.894704250917482E-005
  2.474000000000000E-002  2.918020850820457E-005
  2.476000000000000E-002  1.722283817518650E-005
  2.478000000000000E-002  1.006725403443108E-005
  2.480000000000000E-002  5.829507082689309E-006
  2.482000000000000E-002  3.344911324105955E-006
  2.484000000000000E-002  1.902323899985641E-006
  2.486000000000000E-002  1.072618760766143E-006
  2.488000000000000E-002  5.997640389017648E-007
  2.490000000000000E-002  3.326621085165431E-007
  2.492000000000000E-002  1.830770664337815E-007
  2.494000000000000E-002  1.000017147073262E-007
  2.496000000000000E-002  5.423696360809620E-008
  2.498000000000000E-002  2.922443451557552E-008
  2.500000000000000E-002  1.565885434462716E-008
  2.502000000000000E-002  8.356618574925509E-009
  2.504000000000000E-002  4.454596839026067E-009
  2.506000000000000E-002  2.384372554438624E-009
  2.508000000000000E-002  1.293647020788387E-009
  2.510000000000000E-002  7.228784979185983E-010
  2.512000000000000E-002  4.261723877322770E-010
  2.514000000000000E-002  2.729260507187650E-010
  2.516000000000000E-002  1.942709084523463E-010
  2.518000000000000E-002  1.541455230749893E-010
  2.520000000000000E-002  1.337955108667925E-010
  2.522000000000000E-002  1.235317718848916E-010
  2.524000000000000E-002  1.183807000351387E-010
  2.526000000000000E-002  1.158051744175704E-010
  2.528000000000000E-002  1.145187729165813E-010
  2.530000000000000E-002  1.138729930757492E-010
  2.532000000000000E-002  1.135426813844620E-010
  2.534000000000000E-002  1.133656466086312E-010
  2.536000000000000E-002  1.132614343434180E-010
  2.538000000000000E-002  1.131904871712032E-010
  2.540000000000000E-002  1.131336019887963E-010
  2.542000000000000E-002  1.130817237199639E-010
  2.544000000000000E-002  1.130308907173537E-010
  2.546000000000000E-002  1.129796823553101E-010
  2.548000000000000E-002  1.129268875837602E-010
  2.550000000000000E-002  1.128726596400983E-010
  2.552000000000000E-002  1.128240520594846E-010
  2.554000000000000E-002  1.127832808357461E-010
  2.556000000000000E-002  1.127502566840064E-010
  2.558000000000000E-002  1.127242542432278E-010
  2.560000000000000E-002  1.127043648589215E-010
  2.562000000000000E-002  1.126895734982661E-010
  2.564000000000000E-002  1.126789682835848E-010
  2.566000000000000E-002  1.126716417314196E-010
  2.568000000000000E-002  1.126666629623344E-010
  2.570000000000000E-002  1.126632942228028E-010
  2.572000000000000E-002  1.126609738152189E-010
  2.574000000000000E-002  1.126595213498426E-010
  2.576000000000000E-002  1.126589856899770E-010
  2.578000000000000E-002  1.126588407830993E-010
  2.580000000000000E-002  1.126589286387972E-010
  2.582000000000000E-002  1.126592826648995E-010
  2.584000000000000E-002  1.126600953607875E-010
  2.586000000000000E-002  1.126614188941487E-010
  2.588000000000000E-002  1.126627077402424E-010
  2.590000000000000E-002  1.126634703368582E-010
  2.592000000000000E-002  1.126639349245527E-010
  2.594000000000000E-002  1.126643225208505E-010
  2.596000000000000E-002  1.126647249707334E-010
  2.598000000000000E-002  1.126651842065960E-010
  2.600000000000000E-002  1.126657262383383E-010
  2.602000000000000E-002  1.126664234748181E-010
  2.604000000000000E-002  1.126674220243911E-010
  2.606000000000000E-002  1.126688359008251E-010
  2.608000000000000E-002  1.126706779159134E-010
  2.610000000000000E-002  1.126728264406899E-010
  2.612000000000000E-002  1.126750852335161E-010
  2.614000000000000E-002  1.126771656862632E-010
  2.616000000000000E-002  1.126790658612967E-010
  2.618000000000000E-002  1.126809447442633E-010
  2.620000000000000E-002  1.126827376195211E-010
  2.622000000000000E-002  1.126843657765242E-010
  2.624000000000000E-002  1.126857980380767E-010
  2.626000000000000E-002  1.126870322034476E-010
  2.628000000000000E-002  1.126880669650726E-010
  2.630000000000000E-002  1.126888982622720E-010
  2.632000000000000E-002  1.126895373929607E-010
  2.634000000000000E-002  1.126899983952081E-010
  2.636000000000000E-002  1.126903592548657E-010
  2.638000000000000E-002  1.126907960104847E-010
  2.640000000000000E-002  1.126914311932813E-010
  2.642000000000000E-002  1.126922810095333E-010
  2.644000000000000E-002  1.126933441274388E-010
  2.646000000000000E-002  1.126946300660103E-010
  2.648000000000000E-002  1.126961278990162E-010
  2.650000000000000E-002  1.126977996031617E-010
  2.652000000000000E-002  1.126996157305928E-010
  2.654000000000000E-002  1.127015839120197E-010
  2.656000000000000E-002  1.127037270678832E-010
  2.658000000000000E-002  1.127060312309998E-010
  2.660000000000000E-002  1.127084819994744E-010
  2.662000000000000E-002  1.127110493749055E-010
  2.664000000000000E-002  1.127137321694361E-010
  2.666000000000000E-002  1.127165276845054E-010
  2.668000000000000E-002  1.127194237950159E-010
  2.670000000000000E-002  1.127223976735156E-010
  2.672000000000000E-002  1.127254374074578E-010
  2.674000000000000E-002  1.127285484334196E-010
  2.676000000000000E-002  1.127317446108375E-010
  2.678000000000000E-002  1.127350364339387E-010
  2.680000000000000E-002  1.127384252409067E-010
  2.682000000000000E-002  1.127418944402729E-010
  2.684000000000000E-002  1.127454020537925E-010
  2.686000000000000E-002  1.127489002703538E-010
  2.688000000000000E-002  1.127523733840505E-010
  2.690000000000000E-002  1.127558063728226E-010
  2.692000000000000E-002  1.127591872008533E-010
  2.694000000000000E-002  1.127625209293883E-010
  2.696000000000000E-002  1.127658311446381E-010
  2.698000000000000E-002  1.127691437588646E-010
  2.700000000000000E-002  1.127724881966017E-010
  2.702000000000000E-002  1.127759037942671E-010
  2.704000000000000E-002  1.127794246187332E-010
  2.706000000000000E-002  1.127830726529842E-010
  2.708000000000000E-002  1.127868620822649E-010
  2.710000000000000E-002  1.127908084860164E-010
  2.712000000000000E-002  1.127949382170913E-010
  2.714000000000000E-002  1.127992959572993E-010
  2.716000000000000E-002  1.128039470951787E-010
  2.718000000000000E-002  1.128089512198022E-010
  2.720000000000000E-002  1.128143377164475E-010
  2.722000000000000E-002  1.128200977155845E-010
  2.724000000000000E-002  1.128261962891453E-010
  2.726000000000000E-002  1.128325945089198E-010
  2.728000000000000E-002  1.128392688973423E-010
  2.730000000000000E-002  1.128461770687558E-010
  2.732000000000000E-002  1.128533091240130E-010
  2.734000000000000E-002  1.128607056281410E-010
  2.736000000000000E-002  1.128683608425201E-010
  2.738000000000000E-002  1.128762283649476E-010
  2.740000000000000E-002  1.128842502966467E-010
  2.742000000000000E-002  1.128923690314325E-010
  2.744000000000000E-002  1.129005337977321E-010
  2.746000000000000E-002  1.129086799750540E-010
  2.748000000000000E-002  1.129167713492912E-010
  2.750000000000000E-002  1.129247776626482E-010
  2.752000000000000E-002  1.129326776064474E-010
  2.754000000000000E-002  1.129404940779607E-010
  2.756000000000000E-002  1.129482259110316E-010
  2.758000000000000E-002  1.129558725539303E-010
  2.760000000000000E-002  1.129634333099940E-010
  2.762000000000000E-002  1.129708985638226E-010
  2.764000000000000E-002  1.129782476059005E-010
  2.766000000000000E-002  1.129854628966812E-010
  2.768000000000000E-002  1.129925365528678E-010
  2.770000000000000E-002  1.129994751408367E-010
  2.772000000000000E-002  1.130062770164110E-010
  2.774000000000000E-002  1.130127867606808E-010
  2.776000000000000E-002  1.130187904256896E-010
  2.778000000000000E-002  1.130241528717515E-010
  2.780000000000000E-002  1.130288126868487E-010
  2.782000000000000E-002  1.130328119654758E-010
  2.784000000000000E-002  1.130362493638124E-010
  2.786000000000000E-002  1.130392193222366E-010
  2.788000000000000E-002  1.130416916877712E-010
  2.790000000000000E-002  1.130435292805664E-010
  2.792000000000000E-002  1.130446830969901E-010
  2.794000000000000E-002  1.130451819081264E-010
  2.796000000000000E-002  1.130451111201337E-010
  2.798000000000000E-002  1.130443197324379E-010
  2.800000000000000E-002  1.130424342942840E-010
  2.802000000000000E-002  1.130394889633124E-010
  2.804000000000000E-002  1.130353970584206E-010
  2.806000000000000E-002  1.130303039576227E-010
  2.808000000000000E-002  1.130242574130958E-010
  2.810000000000000E-002  1.130172759914887E-010
  2.812000000000000E-002  1.130092072788181E-010
  2.814000000000000E-002  1.129998682771824E-010
  2.816000000000000E-002  1.129890601783079E-010
  2.818000000000000E-002  1.129765104654675E-010
  2.820000000000000E-002  1.129619890150860E-010
  2.822000000000000E-002  1.129454116064316E-010
  2.824000000000000E-002  1.129266104627149E-010
  2.826000000000000E-002  1.129053442529015E-010
  2.828000000000000E-002  1.128814283757958E-010
  2.830000000000000E-002  1.128551033397677E-010
  2.832000000000000E-002  1.128311211983528E-010
  2.834000000000000E-002  1.128122984056210E-010
  2.836000000000000E-002  1.127978609476005E-010
  2.838000000000000E-002  1.127865886477800E-010
  2.840000000000000E-002  1.127788853854376E-010
  2.842000000000000E-002  1.127733671807315E-010
  2.844000000000000E-002  1.127693132473018E-010
  2.846000000000000E-002  1.127673148909680E-010
  2.848000000000000E-002  1.127672883300564E-010
  2.850000000000000E-002  1.127680915269789E-010
  2.852000000000000E-002  1.127697876214250E-010
  2.854000000000000E-002  1.127725846931601E-010
  2.856000000000000E-002  1.127765658712880E-010
  2.858000000000000E-002  1.127817694976608E-010
  2.860000000000000E-002  1.127881011797910E-010
  2.862000000000000E-002  1.127955098162217E-010
  2.864000000000000E-002  1.128040070348897E-010
  2.866000000000000E-002  1.128136529462812E-010
  2.868000000000000E-002  1.128244290484862E-010
  2.870000000000000E-002  1.128356842393891E-010
  2.872000000000000E-002  1.128455692737520E-010
  2.874000000000000E-002  1.128541212839015E-010
  2.876000000000000E-002  1.128617352523990E-010
  2.878000000000000E-002  1.128686512292425E-010
  2.880000000000000E-002  1.128751030433045E-010
  2.882000000000000E-002  1.128811854636271E-010
  2.884000000000000E-002  1.128868845625910E-010
  2.886000000000000E-002  1.128921649624467E-010
  2.888000000000000E-002  1.128968621569092E-010
  2.890000000000000E-002  1.129008887100556E-010
  2.892000000000000E-002  1.129044626707000E-010
  2.894000000000000E-002  1.129077529586511E-010
  2.896000000000000E-002  1.129106781718142E-010
  2.898000000000000E-002  1.129132231678783E-010
  2.900000000000000E-002  1.129154184126884E-010
  2.902000000000000E-002  1.129172663361439E-010
  2.904000000000000E-002  1.129187469302129E-010
  2.906000000000000E-002  1.129198153305206E-010
  2.908000000000000E-002  1.129204064905382E-010
  2.910000000000000E-002  1.129204957721212E-010
  2.912000000000000E-002  1.129199655557092E-010
  2.914000000000000E-002  1.129186150157327E-010
  2.916000000000000E-002  1.129163907230233E-010
  2.918000000000000E-002  1.129132074916457E-010
  2.920000000000000E-002  1.129090302719846E-010
  2.922000000000000E-002  1.129039358321296E-010
  2.924000000000000E-002  1.128984339422082E-010
  2.926000000000000E-002  1.128932016049045E-010
  2.928000000000000E-002  1.128882092793608E-010
  2.930000000000000E-002  1.128834012772280E-010
  2.932000000000000E-002  1.128787530719127E-010
  2.934000000000000E-002  1.128742451856494E-010
  2.936000000000000E-002  1.128698733528314E-010
  2.938000000000000E-002  1.128656377985302E-010
  2.940000000000000E-002  1.128615329910803E-010
  2.942000000000000E-002  1.128575290918883E-010
  2.944000000000000E-002  1.128535964086880E-010
  2.946000000000000E-002  1.128496976651613E-010
  2.948000000000000E-002  1.128457656196474E-010
  2.950000000000000E-002  1.128418094128059E-010
  2.952000000000000E-002  1.128381013680532E-010
  2.954000000000000E-002  1.128347765790160E-010
  2.956000000000000E-002  1.128319051718850E-010
  2.958000000000000E-002  1.128295095099491E-010
  2.960000000000000E-002  1.128275632156458E-010
  2.962000000000000E-002  1.128260289642054E-010
  2.964000000000000E-002  1.128249619210210E-010
  2.966000000000000E-002  1.128244256704693E-010
  2.968000000000000E-002  1.128243425597195E-010
  2.970000000000000E-002  1.128246273310309E-010
  2.972000000000000E-002  1.128252242805040E-010
  2.974000000000000E-002  1.128260129411987E-010
  2.976000000000000E-002  1.128269669919748E-010
  2.978000000000000E-002  1.128280866297411E-010
  2.980000000000000E-002  1.128293977894663E-010
  2.982000000000000E-002  1.128310064919246E-010
  2.984000000000000E-002  1.128330814009579E-010
  2.986000000000000E-002  1.128357242700672E-010
  2.988000000000000E-002  1.128387873153839E-010
  2.990000000000000E-002  1.128421163679371E-010
  2.992000000000000E-002  1.128457682871133E-010
  2.994000000000000E-002  1.128497768042037E-010
  2.996000000000000E-002  1.128541331515992E-010
  2.998000000000000E-002  1.128587942113295E-010
  3.000000000000000E-002  1.128637053264434E-010
  3.002000000000000E-002  1.128688162896383E-010
  3.004000000000000E-002  1.128740791956718E-010
  3.006000000000000E-002  1.128794378645354E-010
  3.008000000000000E-002  1.128848122215162E-010
  3.010000000000000E-002  1.128901837125075E-010
  3.012000000000000E-002  1.128954413642794E-010
  3.014000000000000E-002  1.129004750180904E-010
  3.016000000000000E-002  1.129052304570158E-010
  3.018000000000000E-002  1.129096674780148E-010
  3.020000000000000E-002  1.129137978794551E-010
  3.022000000000000E-002  1.129176378156873E-010
  3.024000000000000E-002  1.129212530085993E-010
  3.026000000000000E-002  1.129246329919599E-010
  3.028000000000000E-002  1.129277798039382E-010
  3.030000000000000E-002  1.129307608394773E-010
  3.032000000000000E-002  1.129336661767983E-010
  3.034000000000000E-002  1.129365532068552E-010
  3.036000000000000E-002  1.129394589793956E-010
  3.038000000000000E-002  1.129424322885537E-010
  3.040000000000000E-002  1.129455540992521E-010
  3.042000000000000E-002  1.129489032858732E-010
  3.044000000000000E-002  1.129525173895282E-010
  3.046000000000000E-002  1.129564221141516E-010
  3.048000000000000E-002  1.129606362242924E-010
  3.050000000000000E-002  1.129651663762988E-010
  3.052000000000000E-002  1.129700066715056E-010
  3.054000000000000E-002  1.129751457994737E-010
  3.056000000000000E-002  1.129805832119386E-010
  3.058000000000000E-002  1.129863422872514E-010
  3.060000000000000E-002  1.129924191871021E-010
  3.062000000000000E-002  1.129987768843857E-010
  3.064000000000000E-002  1.130053823536651E-010
  3.066000000000000E-002  1.130121972017744E-010
  3.068000000000000E-002  1.130191817375444E-010
  3.070000000000000E-002  1.130262896637700E-010
  3.072000000000000E-002  1.130334185439731E-010
  3.074000000000000E-002  1.130404720445052E-010
  3.076000000000000E-002  1.130474263807378E-010
  3.078000000000000E-002  1.130542770392679E-010
  3.080000000000000E-002  1.130609905419564E-010
  3.082000000000000E-002  1.130674953854622E-010
  3.084000000000000E-002  1.130737553010766E-010
  3.086000000000000E-002  1.130797633807851E-010
  3.088000000000000E-002  1.130854881049201E-010
  3.090000000000000E-002  1.130909017947091E-010
  3.092000000000000E-002  1.130959829697017E-010
  3.094000000000000E-002  1.131007444797095E-010
  3.096000000000000E-002  1.131052411710290E-010
  3.098000000000000E-002  1.131094951467686E-010
  3.100000000000000E-002  1.131135574861079E-010
  3.102000000000000E-002  1.131175497298399E-010
  3.104000000000000E-002  1.131214375267894E-010
  3.106000000000000E-002  1.131251564059903E-010
  3.108000000000000E-002  1.131286696584171E-010
  3.110000000000000E-002  1.131319589627253E-010
  3.112000000000000E-002  1.131350189412560E-010
  3.114000000000000E-002  1.131378719536803E-010
  3.116000000000000E-002  1.131405759943691E-010
  3.118000000000000E-002  1.131432123516704E-010
  3.120000000000000E-002  1.131458643916763E-010
  3.122000000000000E-002  1.131486557246760E-010
  3.124000000000000E-002  1.131517593473558E-010
  3.126000000000000E-002  1.131552294519112E-010
  3.128000000000000E-002  1.131593422185081E-010
  3.130000000000000E-002  1.131632940881701E-010
  3.132000000000000E-002  1.131669314288195E-010
  3.134000000000000E-002  1.131703575763793E-010
  3.136000000000001E-002  1.131731421868291E-010
  3.138000000000001E-002  1.131758252162084E-010
  3.140000000000000E-002  1.131777743204741E-010
  3.142000000000000E-002  1.131782353790943E-010
  3.144000000000000E-002  1.131787910101929E-010
  3.146000000000000E-002  1.131783956481897E-010
  3.148000000000000E-002  1.131775367758384E-010
  3.150000000000000E-002  1.131763248399084E-010
  3.152000000000000E-002  1.131745236454001E-010
  3.154000000000001E-002  1.131716150105377E-010
  3.156000000000000E-002  1.131676125563995E-010
  3.158000000000000E-002  1.131652594009517E-010
  3.160000000000000E-002  1.131647900119562E-010
  3.162000000000000E-002  1.131650180237206E-010
  3.164000000000000E-002  1.131661844194115E-010
  3.166000000000000E-002  1.131687406750554E-010
  3.168000000000000E-002  1.131727254255835E-010
  3.170000000000001E-002  1.131780964301170E-010
  3.172000000000001E-002  1.131846489934354E-010
  3.174000000000000E-002  1.131920847752406E-010
  3.176000000000000E-002  1.132003154750917E-010
  3.178000000000000E-002  1.132091771771746E-010
  3.180000000000000E-002  1.132183983488466E-010
  3.182000000000000E-002  1.132278611309953E-010
  3.184000000000000E-002  1.132375846911157E-010
  3.186000000000000E-002  1.132476160554221E-010
  3.188000000000001E-002  1.132579502971770E-010
  3.190000000000000E-002  1.132685141271419E-010
  3.192000000000000E-002  1.132793168598175E-010
  3.194000000000000E-002  1.132904294811514E-010
  3.196000000000000E-002  1.133019099091556E-010
  3.198000000000000E-002  1.133137815614532E-010
  3.200000000000000E-002  1.133260977944721E-010
  3.202000000000000E-002  1.133387890938492E-010
  3.204000000000001E-002  1.133512040633193E-010
  3.206000000000001E-002  1.133627505324212E-010
  3.208000000000000E-002  1.133731391240920E-010
  3.210000000000000E-002  1.133821546979792E-010
  3.212000000000000E-002  1.133896203317058E-010
  3.214000000000000E-002  1.133957023898355E-010
  3.216000000000000E-002  1.134005800741351E-010
  3.218000000000000E-002  1.134041555096215E-010
  3.220000000000000E-002  1.134059921190853E-010
  3.222000000000001E-002  1.134065741530366E-010
  3.224000000000000E-002  1.134056510222151E-010
  3.226000000000000E-002  1.134019360778944E-010
  3.228000000000000E-002  1.133945900187153E-010
  3.230000000000000E-002  1.133826063849645E-010
  3.232000000000000E-002  1.133646110074679E-010
  3.234000000000000E-002  1.133390660791463E-010
  3.236000000000000E-002  1.133044359959832E-010
  3.238000000000001E-002  1.132593691603188E-010
  3.240000000000001E-002  1.132028728323071E-010
  3.242000000000000E-002  1.131351439903865E-010
  3.244000000000000E-002  1.130642238081486E-010
  3.246000000000000E-002  1.130059011678321E-010
  3.248000000000000E-002  1.129597877486920E-010
  3.250000000000000E-002  1.129238419965107E-010
  3.252000000000000E-002  1.128960910783688E-010
  3.254000000000000E-002  1.128747951127454E-010
  3.256000000000001E-002  1.128584866238395E-010
  3.258000000000000E-002  1.128459832280087E-010
  3.260000000000000E-002  1.128364184338675E-010
  3.262000000000000E-002  1.128291084866487E-010
  3.264000000000000E-002  1.128235124485333E-010
  3.266000000000000E-002  1.128191902647266E-010
  3.268000000000000E-002  1.128158337680728E-010
  3.270000000000000E-002  1.128135642117631E-010
  3.272000000000001E-002  1.128122912447045E-010
  3.274000000000001E-002  1.128117873071913E-010
  3.276000000000000E-002  1.128118117924486E-010
  3.278000000000000E-002  1.128123047465653E-010
  3.280000000000000E-002  1.128133008869661E-010
  3.282000000000000E-002  1.128149074570181E-010
  3.284000000000000E-002  1.128172867025737E-010
  3.286000000000000E-002  1.128202661925740E-010
  3.288000000000000E-002  1.128234756285866E-010
  3.290000000000001E-002  1.128268593116640E-010
  3.292000000000000E-002  1.128303895163084E-010
  3.294000000000000E-002  1.128340408323003E-010
  3.296000000000000E-002  1.128378045608645E-010
  3.298000000000000E-002  1.128416917551687E-010
  3.300000000000000E-002  1.128457390813305E-010
  3.302000000000000E-002  1.128499792215869E-010
  3.304000000000000E-002  1.128544300408161E-010
  3.306000000000001E-002  1.128590899216481E-010
  3.308000000000001E-002  1.128639345328747E-010
  3.310000000000000E-002  1.128689145694973E-010
  3.312000000000000E-002  1.128739631444935E-010
  3.314000000000000E-002  1.128789623516628E-010
  3.316000000000000E-002  1.128837719505771E-010
  3.318000000000000E-002  1.128884096500428E-010
  3.320000000000000E-002  1.128929569039011E-010
  3.322000000000000E-002  1.128973517528547E-010
  3.324000000000001E-002  1.129014851370480E-010
  3.326000000000000E-002  1.129052063117234E-010
  3.328000000000000E-002  1.129082674367495E-010
  3.330000000000000E-002  1.129106589209557E-010
  3.332000000000000E-002  1.129125683187094E-010
  3.334000000000000E-002  1.129138734963132E-010
  3.336000000000000E-002  1.129143909849183E-010
  3.338000000000000E-002  1.129142276042286E-010
  3.340000000000001E-002  1.129130366259025E-010
  3.342000000000001E-002  1.129114152162684E-010
  3.344000000000000E-002  1.129093526489392E-010
  3.346000000000000E-002  1.129062853007671E-010
  3.348000000000000E-002  1.129023879990547E-010
  3.350000000000000E-002  1.128980804196469E-010
  3.352000000000000E-002  1.128936240985579E-010
  3.354000000000000E-002  1.128884469663830E-010
  3.356000000000000E-002  1.128825265027189E-010
  3.358000000000001E-002  1.128771824851900E-010
  3.360000000000000E-002  1.128722106769708E-010
  3.362000000000000E-002  1.128662362332452E-010
  3.364000000000000E-002  1.128594459807390E-010
  3.366000000000000E-002  1.128540529074336E-010
  3.368000000000000E-002  1.128492763788112E-010
  3.370000000000000E-002  1.128413668941791E-010
  3.372000000000000E-002  1.128264091480567E-010
  3.374000000000001E-002  1.127866418701554E-010
  3.376000000000001E-002  1.126477194381936E-010
  3.378000000000000E-002  1.121468983636364E-010
  3.380000000000000E-002  1.104611222406703E-010
  3.382000000000000E-002  1.058810034696390E-010
  3.384000000000000E-002  1.013333014788334E-010
  3.386000000000000E-002  1.001966840443368E-010
  3.388000000000000E-002  1.000251620809484E-010
  3.390000000000000E-002  1.000031503812932E-010
  3.392000000000001E-002  1.000003933005233E-010
  3.394000000000000E-002  1.000000490841755E-010
  3.396000000000000E-002  1.000000061260376E-010
  3.398000000000000E-002  1.000000007646288E-010
  3.400000000000000E-002  1.000000000954456E-010
  3.402000000000000E-002  1.000000000119152E-010
  3.404000000000000E-002  1.000000000014876E-010
  3.406000000000000E-002  1.000000000001857E-010
  3.408000000000001E-002  1.000000000000232E-010
  3.410000000000001E-002  1.000000000000029E-010
  3.412000000000000E-002  1.000000000000004E-010
  3.414000000000000E-002  1.000000000000000E-010
  3.416000000000000E-002  1.000000000000000E-010
  3.418000000000000E-002  1.000000000000000E-010
  3.420000000000000E-002  1.000000000000000E-010
  3.422000000000000E-002  1.000000000000000E-010
  3.424000000000000E-002  1.000000000000000E-010
  3.426000000000001E-002  1.000000000000000E-010
  3.428000000000000E-002  1.000000000000000E-010
  3.430000000000000E-002  1.000000000000000E-010
  3.432000000000000E-002  1.000000000000000E-010
  3.434000000000000E-002  1.000000000000000E-010
  3.436000000000000E-002  1.000000000000000E-010
  3.438000000000000E-002  1.000000000000000E-010
  3.440000000000000E-002  1.000000000000000E-010
  3.442000000000001E-002  1.000000000000000E-010
  3.444000000000001E-002  1.000000000000000E-010
  3.446000000000000E-002  1.000000000000000E-010
  3.448000000000000E-002  1.000000000000000E-010
  3.450000000000000E-002  1.000000000000000E-010
  3.452000000000000E-002  1.000000000000000E-010
  3.454000000000000E-002  1.000000000000000E-010
  3.456000000000000E-002  1.000000000000000E-010
  3.458000000000000E-002  1.000000000000000E-010
  3.460000000000001E-002  1.000000000000000E-010
  3.462000000000000E-002  1.000000000000000E-010
  3.464000000000000E-002  1.000000000000000E-010
  3.466000000000000E-002  1.000000000000000E-010
  3.468000000000000E-002  1.000000000000000E-010
  3.470000000000000E-002  1.000000000000000E-010
  3.472000000000000E-002  1.000000000000000E-010
  3.474000000000000E-002  1.000000000000000E-010
  3.476000000000001E-002  1.000000000000000E-010
  3.478000000000001E-002  1.000000000000000E-010
  3.480000000000000E-002  1.000000000000000E-010
  3.482000000000000E-002  1.000000000000000E-010
  3.484000000000000E-002  1.000000000000000E-010
  3.486000000000000E-002  1.000000000000000E-010
  3.488000000000000E-002  1.000000000000000E-010
  3.490000000000000E-002  1.000000000000000E-010
  3.492000000000000E-002  1.000000000000000E-010
  3.494000000000001E-002  1.000000000000000E-010
  3.496000000000000E-002  1.000000000000000E-010
  3.498000000000000E-002  1.000000000000000E-010
  3.500000000000000E-002  1.000000000000000E-010
  3.502000000000000E-002  1.000000000000000E-010
  3.504000000000000E-002  1.000000000000000E-010
  3.506000000000000E-002  1.000000000000000E-010
  3.508000000000000E-002  1.000000000000000E-010
  3.510000000000001E-002  1.000000000000000E-010
  3.512000000000001E-002  1.000000000000000E-010
  3.514000000000000E-002  1.000000000000000E-010
  3.516000000000000E-002  1.000000000000000E-010
  3.518000000000000E-002  1.000000000000000E-010
  3.520000000000000E-002  1.000000000000000E-010
  3.522000000000000E-002  1.000000000000000E-010
  3.524000000000000E-002  1.000000000000000E-010
  3.526000000000000E-002  1.000000000000000E-010
  3.528000000000001E-002  1.000000000000000E-010
  3.530000000000000E-002  1.000000000000000E-010
  3.532000000000000E-002  1.000000000000000E-010
  3.534000000000000E-002  1.000000000000000E-010
  3.536000000000000E-002  1.000000000000000E-010
  3.538000000000000E-002  1.000000000000000E-010
  3.540000000000000E-002  1.000000000000000E-010
  3.542000000000000E-002  1.000000000000000E-010
  3.544000000000001E-002  1.000000000000000E-010
  3.546000000000001E-002  1.000000000000000E-010
  3.548000000000000E-002  1.000000000000000E-010
  3.550000000000000E-002  1.000000000000000E-010
  3.552000000000000E-002  1.000000000000000E-010
  3.554000000000000E-002  1.000000000000000E-010
  3.556000000000000E-002  1.000000000000000E-010
  3.558000000000000E-002  1.000000000000000E-010
  3.560000000000000E-002  1.000000000000000E-010
  3.562000000000001E-002  1.000000000000000E-010
  3.564000000000001E-002  1.000000000000000E-010
  3.566000000000000E-002  1.000000000000000E-010
  3.568000000000000E-002  1.000000000000000E-010
  3.570000000000000E-002  1.000000000000000E-010
  3.572000000000000E-002  1.000000000000000E-010
  3.574000000000000E-002  1.000000000000000E-010
  3.576000000000000E-002  1.000000000000000E-010
  3.578000000000001E-002  1.000000000000000E-010
  3.580000000000001E-002  1.000000000000000E-010
  3.582000000000000E-002  1.000000000000000E-010
  3.584000000000000E-002  1.000000000000000E-010
  3.586000000000000E-002  1.000000000000000E-010
  3.588000000000000E-002  1.000000000000000E-010
  3.590000000000000E-002  1.000000000000000E-010
  3.592000000000000E-002  1.000000000000000E-010
  3.594000000000000E-002  1.000000000000000E-010
  3.596000000000001E-002  1.000000000000000E-010
  3.598000000000001E-002  1.000000000000000E-010
  3.600000000000000E-002  1.000000000000000E-010
  3.602000000000000E-002  1.000000000000000E-010
  3.604000000000000E-002  1.000000000000000E-010
  3.606000000000000E-002  1.000000000000000E-010
  3.608000000000000E-002  1.000000000000000E-010
  3.610000000000000E-002  1.000000000000000E-010
  3.612000000000001E-002  1.000000000000000E-010
  3.614000000000001E-002  1.000000000000000E-010
  3.616000000000000E-002  1.000000000000000E-010
  3.618000000000000E-002  1.000000000000000E-010
  3.620000000000000E-002  1.000000000000000E-010
  3.622000000000000E-002  1.000000000000000E-010
  3.624000000000000E-002  1.000000000000000E-010
  3.626000000000000E-002  1.000000000000000E-010
  3.628000000000000E-002  1.000000000000000E-010
  3.630000000000001E-002  1.000000000000000E-010
  3.632000000000001E-002  1.000000000000000E-010
  3.634000000000000E-002  1.000000000000000E-010
  3.636000000000000E-002  1.000000000000000E-010
  3.638000000000000E-002  1.000000000000000E-010
  3.640000000000000E-002  1.000000000000000E-010
  3.642000000000000E-002  1.000000000000000E-010
  3.644000000000000E-002  1.000000000000000E-010
  3.646000000000001E-002  1.000000000000000E-010
  3.648000000000001E-002  1.000000000000000E-010
  3.650000000000000E-002  1.000000000000000E-010
  3.652000000000000E-002  1.000000000000000E-010
  3.654000000000000E-002  1.000000000000000E-010
  3.656000000000000E-002  1.000000000000000E-010
  3.658000000000000E-002  1.000000000000000E-010
  3.660000000000000E-002  1.000000000000000E-010
  3.662000000000000E-002  1.000000000000000E-010
  3.664000000000001E-002  1.000000000000000E-010
  3.666000000000001E-002  1.000000000000000E-010
  3.668000000000000E-002  1.000000000000000E-010
  3.670000000000000E-002  1.000000000000000E-010
  3.672000000000000E-002  1.000000000000000E-010
  3.674000000000000E-002  1.000000000000000E-010
  3.676000000000000E-002  1.000000000000000E-010
  3.678000000000000E-002  1.000000000000000E-010
  3.680000000000001E-002  1.000000000000000E-010
  3.682000000000001E-002  1.000000000000000E-010
  3.684000000000000E-002  1.000000000000000E-010
  3.686000000000000E-002  1.000000000000000E-010
  3.688000000000000E-002  1.000000000000000E-010
  3.690000000000000E-002  1.000000000000000E-010
  3.692000000000000E-002  1.000000000000000E-010
  3.694000000000000E-002  1.000000000000000E-010
  3.696000000000000E-002  1.000000000000000E-010
  3.698000000000001E-002  1.000000000000000E-010
  3.700000000000001E-002  1.000000000000000E-010
  3.702000000000000E-002  1.000000000000000E-010
  3.704000000000000E-002  1.000000000000000E-010
  3.706000000000000E-002  1.000000000000000E-010
  3.708000000000000E-002  1.000000000000000E-010
  3.710000000000000E-002  1.000000000000000E-010
  3.712000000000000E-002  1.000000000000000E-010
  3.714000000000001E-002  1.000000000000000E-010
  3.716000000000001E-002  1.000000000000000E-010
  3.718000000000000E-002  1.000000000000000E-010
  3.720000000000000E-002  1.000000000000000E-010
  3.722000000000000E-002  1.000000000000000E-010
  3.724000000000000E-002  1.000000000000000E-010
  3.726000000000000E-002  1.000000000000000E-010
  3.728000000000000E-002  1.000000000000000E-010
  3.730000000000000E-002  1.000000000000000E-010
  3.732000000000001E-002  1.000000000000000E-010
  3.734000000000001E-002  1.000000000000000E-010
  3.736000000000000E-002  1.000000000000000E-010
  3.738000000000000E-002  1.000000000000000E-010
  3.740000000000000E-002  1.000000000000000E-010
  3.742000000000000E-002  1.000000000000000E-010
  3.744000000000000E-002  1.000000000000000E-010
  3.746000000000000E-002  1.000000000000000E-010
  3.748000000000001E-002  1.000000000000000E-010
  3.750000000000001E-002  1.000000000000000E-010
  3.752000000000000E-002  1.000000000000000E-010
  3.754000000000000E-002  1.000000000000000E-010
  3.756000000000000E-002  1.000000000000000E-010
  3.758000000000000E-002  1.000000000000000E-010
  3.760000000000000E-002  1.000000000000000E-010
  3.762000000000000E-002  1.000000000000000E-010
  3.764000000000000E-002  1.000000000000000E-010
  3.766000000000001E-002  1.000000000000000E-010
  3.768000000000001E-002  1.000000000000000E-010
  3.770000000000000E-002  1.000000000000000E-010
  3.772000000000000E-002  1.000000000000000E-010
  3.774000000000000E-002  1.000000000000000E-010
  3.776000000000000E-002  1.000000000000000E-010
  3.778000000000000E-002  1.000000000000000E-010
  3.780000000000000E-002  1.000000000000000E-010
  3.782000000000001E-002  1.000000000000000E-010
  3.784000000000001E-002  1.000000000000000E-010
  3.786000000000000E-002  1.000000000000000E-010
  3.788000000000000E-002  1.000000000000000E-010
  3.790000000000000E-002  1.000000000000000E-010
  3.792000000000000E-002  1.000000000000000E-010
  3.794000000000000E-002  1.000000000000000E-010
  3.796000000000000E-002  1.000000000000000E-010
  3.798000000000000E-002  1.000000000000000E-010
  3.800000000000001E-002  1.000000000000000E-010
  3.802000000000001E-002  1.000000000000000E-010
  3.804000000000000E-002  1.000000000000000E-010
  3.806000000000000E-002  1.000000000000000E-010
  3.808000000000000E-002  1.000000000000000E-010
  3.810000000000000E-002  1.000000000000000E-010
  3.812000000000000E-002  1.000000000000000E-010
  3.814000000000000E-002  1.000000000000000E-010
  3.816000000000001E-002  1.000000000000000E-010
  3.818000000000001E-002  1.000000000000000E-010
  3.820000000000000E-002  1.000000000000000E-010
  3.822000000000000E-002  1.000000000000000E-010
  3.824000000000000E-002  1.000000000000000E-010
  3.826000000000000E-002  1.000000000000000E-010
  3.828000000000000E-002  1.000000000000000E-010
  3.830000000000000E-002  1.000000000000000E-010
  3.832000000000000E-002  1.000000000000000E-010
  3.834000000000001E-002  1.000000000000000E-010
  3.836000000000001E-002  1.000000000000000E-010
  3.838000000000000E-002  1.000000000000000E-010
  3.840000000000000E-002  1.000000000000000E-010
  3.842000000000000E-002  1.000000000000000E-010
  3.844000000000000E-002  1.000000000000000E-010
  3.846000000000000E-002  1.000000000000000E-010
  3.848000000000000E-002  1.000000000000000E-010
  3.850000000000001E-002  1.000000000000000E-010
  3.852000000000001E-002  1.000000000000000E-010
  3.854000000000000E-002  1.000000000000000E-010
  3.856000000000000E-002  1.000000000000000E-010
  3.858000000000000E-002  1.000000000000000E-010
  3.860000000000000E-002  1.000000000000000E-010
  3.862000000000000E-002  1.000000000000000E-010
  3.864000000000000E-002  1.000000000000000E-010
  3.866000000000000E-002  1.000000000000000E-010
  3.868000000000001E-002  1.000000000000000E-010
  3.870000000000001E-002  1.000000000000000E-010
  3.872000000000000E-002  1.000000000000000E-010
  3.874000000000000E-002  1.000000000000000E-010
  3.876000000000000E-002  1.000000000000000E-010
  3.878000000000000E-002  1.000000000000000E-010
  3.880000000000000E-002  1.000000000000000E-010
  3.882000000000000E-002  1.000000000000000E-010
  3.884000000000001E-002  1.000000000000000E-010
  3.886000000000001E-002  1.000000000000000E-010
  3.888000000000000E-002  1.000000000000000E-010
  3.890000000000000E-002  1.000000000000000E-010
  3.892000000000000E-002  1.000000000000000E-010
  3.894000000000000E-002  1.000000000000000E-010
  3.896000000000000E-002  1.000000000000000E-010
  3.898000000000000E-002  1.000000000000000E-010
  3.900000000000000E-002  1.000000000000000E-010
  3.902000000000001E-002  1.000000000000000E-010
  3.904000000000001E-002  1.000000000000000E-010
  3.906000000000000E-002  1.000000000000000E-010
  3.908000000000000E-002  1.000000000000000E-010
  3.910000000000000E-002  1.000000000000000E-010
  3.912000000000000E-002  1.000000000000000E-010
  3.914000000000000E-002  1.000000000000000E-010
  3.916000000000000E-002  1.000000000000000E-010
  3.918000000000001E-002  1.000000000000000E-010
  3.920000000000001E-002  1.000000000000000E-010
  3.922000000000000E-002  1.000000000000000E-010
  3.924000000000000E-002  1.000000000000000E-010
  3.926000000000000E-002  1.000000000000000E-010
  3.928000000000000E-002  1.000000000000000E-010
  3.930000000000000E-002  1.000000000000000E-010
  3.932000000000000E-002  1.000000000000000E-010
  3.934000000000000E-002  1.000000000000000E-010
  3.936000000000001E-002  1.000000000000000E-010
  3.938000000000001E-002  1.000000000000000E-010
  3.940000000000000E-002  1.000000000000000E-010
  3.942000000000000E-002  1.000000000000000E-010
  3.944000000000000E-002  1.000000000000000E-010
  3.946000000000000E-002  1.000000000000000E-010
  3.948000000000000E-002  1.000000000000000E-010
  3.950000000000000E-002  1.000000000000000E-010
  3.952000000000001E-002  1.000000000000000E-010
  3.954000000000001E-002  1.000000000000000E-010
  3.956000000000000E-002  1.000000000000000E-010
  3.958000000000000E-002  1.000000000000000E-010
  3.960000000000000E-002  1.000000000000000E-010
  3.962000000000000E-002  1.000000000000000E-010
  3.964000000000000E-002  1.000000000000000E-010
  3.966000000000000E-002  1.000000000000000E-010
  3.968000000000000E-002  1.000000000000000E-010
  3.970000000000001E-002  1.000000000000000E-010
  3.972000000000001E-002  1.000000000000000E-010
  3.974000000000000E-002  1.000000000000000E-010
  3.976000000000000E-002  1.000000000000000E-010
  3.978000000000000E-002  1.000000000000000E-010
  3.980000000000000E-002  1.000000000000000E-010
  3.982000000000000E-002  1.000000000000000E-010
  3.984000000000000E-002  1.000000000000000E-010
  3.986000000000001E-002  1.000000000000000E-010
  3.988000000000001E-002  1.000000000000000E-010
  3.990000000000000E-002  1.000000000000000E-010
  3.992000000000000E-002  1.000000000000000E-010
  3.994000000000000E-002  1.000000000000000E-010
  3.996000000000000E-002  1.000000000000000E-010
  3.998000000000000E-002  1.000000000000000E-010
  4.000000000000000E-002  1.000000000000000E-010
