  0.000000000000000E+000   2.61519000003575     
  2.000000000000000E-005   2.61452421300600     
  4.000000000000000E-005   2.61457203709633     
  6.000000000000001E-005   2.61459940832745     
  8.000000000000001E-005   2.61462558281682     
  1.000000000000000E-004   2.61465165847604     
  1.200000000000000E-004   2.61467824236356     
  1.400000000000000E-004   2.61470664575670     
  1.600000000000000E-004   2.61473751602582     
  1.800000000000000E-004   2.61476576412801     
  2.000000000000000E-004   2.61478817244094     
  2.200000000000000E-004   2.61480310811440     
  2.400000000000000E-004   2.61481046320666     
  2.600000000000000E-004   2.61481205753831     
  2.800000000000000E-004   2.61481077635781     
  3.000000000000000E-004   2.61480556355043     
  3.200000000000000E-004   2.61479547870540     
  3.400000000000000E-004   2.61477961960278     
  3.600000000000000E-004   2.61475639542954     
  3.800000000000000E-004   2.61472327397995     
  4.000000000000000E-004   2.61467698215122     
  4.200000000000000E-004   2.61461416675730     
  4.400000000000000E-004   2.61453172679940     
  4.600000000000000E-004   2.61442627880357     
  4.800000000000001E-004   2.61429437844033     
  5.000000000000000E-004   2.61413182609149     
  5.200000000000001E-004   2.61393487128581     
  5.400000000000000E-004   2.61370137689478     
  5.600000000000001E-004   2.61342875726510     
  5.800000000000000E-004   2.61311279054624     
  6.000000000000001E-004   2.61274732410290     
  6.200000000000000E-004   2.61232385428273     
  6.400000000000001E-004   2.61183143515975     
  6.600000000000001E-004   2.61125835698484     
  6.800000000000000E-004   2.61059430500092     
  7.000000000000001E-004   2.60983190009462     
  7.200000000000000E-004   2.60896749155784     
  7.400000000000001E-004   2.60800123992303     
  7.600000000000000E-004   2.60693662024568     
  7.800000000000001E-004   2.60577965583906     
  8.000000000000000E-004   2.60453813409040     
  8.200000000000001E-004   2.60322068150969     
  8.400000000000000E-004   2.60183618680220     
  8.600000000000001E-004   2.60039340702520     
  8.800000000000000E-004   2.59890080329969     
  9.000000000000001E-004   2.59736654561404     
  9.200000000000000E-004   2.59579842756600     
  9.400000000000001E-004   2.59420369953285     
  9.600000000000001E-004   2.59258884147579     
  9.800000000000002E-004   2.59095938324284     
  1.000000000000000E-003   2.58931987879940     
  1.020000000000000E-003   2.58767397658600     
  1.040000000000000E-003   2.58602444818651     
  1.060000000000000E-003   2.58437375611638     
  1.080000000000000E-003   2.58272360368132     
  1.100000000000000E-003   2.58107481887353     
  1.120000000000000E-003   2.57942827721607     
  1.140000000000000E-003   2.57778450789507     
  1.160000000000000E-003   2.57614404513302     
  1.180000000000000E-003   2.57450714601555     
  1.200000000000000E-003   2.57287380983722     
  1.220000000000000E-003   2.57124377986408     
  1.240000000000000E-003   2.56961672677326     
  1.260000000000000E-003   2.56799204239286     
  1.280000000000000E-003   2.56636927265561     
  1.300000000000000E-003   2.56474743631904     
  1.320000000000000E-003   2.56312540975714     
  1.340000000000000E-003   2.56150296850978     
  1.360000000000000E-003   2.55987951661481     
  1.380000000000000E-003   2.55825396180924     
  1.400000000000000E-003   2.55662498819862     
  1.420000000000000E-003   2.55499187628710     
  1.440000000000000E-003   2.55335861316124     
  1.460000000000000E-003   2.55172749045763     
  1.480000000000000E-003   2.55009760979384     
  1.500000000000000E-003   2.54846745990633     
  1.520000000000000E-003   2.54683614066149     
  1.540000000000000E-003   2.54520217936237     
  1.560000000000000E-003   2.54356377584776     
  1.580000000000000E-003   2.54191876857136     
  1.600000000000000E-003   2.54026477816699     
  1.620000000000000E-003   2.53859871913749     
  1.640000000000000E-003   2.53691794094341     
  1.660000000000000E-003   2.53521821453796     
  1.680000000000000E-003   2.53349825135007     
  1.700000000000000E-003   2.53175326258882     
  1.720000000000000E-003   2.52997328970186     
  1.740000000000000E-003   2.52816540514363     
  1.760000000000000E-003   2.52632204737802     
  1.780000000000000E-003   2.52445615100274     
  1.800000000000000E-003   2.52256634900821     
  1.820000000000000E-003   2.52065051874109     
  1.840000000000000E-003   2.51870771397808     
  1.860000000000000E-003   2.51673786680722     
  1.880000000000000E-003   2.51474141848909     
  1.900000000000000E-003   2.51271913616007     
  1.920000000000000E-003   2.51067215304498     
  1.940000000000000E-003   2.50860216492041     
  1.960000000000000E-003   2.50651165544931     
  1.980000000000000E-003   2.50440413944289     
  2.000000000000000E-003   2.50228565170689     
  2.020000000000000E-003   2.50016987367636     
  2.040000000000000E-003   2.49805978898383     
  2.060000000000000E-003   2.49595546152602     
  2.080000000000000E-003   2.49385441356568     
  2.100000000000000E-003   2.49175537826999     
  2.120000000000000E-003   2.48965606527448     
  2.140000000000000E-003   2.48755536527412     
  2.160000000000000E-003   2.48545048882384     
  2.180000000000000E-003   2.48333780796279     
  2.200000000000000E-003   2.48121323893769     
  2.220000000000000E-003   2.47907395152615     
  2.240000000000000E-003   2.47693577073199     
  2.260000000000000E-003   2.47480905136314     
  2.280000000000000E-003   2.47269453478150     
  2.300000000000000E-003   2.47059227546735     
  2.320000000000000E-003   2.46850190936670     
  2.340000000000000E-003   2.46642247668924     
  2.360000000000000E-003   2.46435219759590     
  2.380000000000000E-003   2.46228881128325     
  2.400000000000000E-003   2.46023004173805     
  2.420000000000000E-003   2.45817409843642     
  2.440000000000000E-003   2.45611968574604     
  2.460000000000000E-003   2.45406503264598     
  2.480000000000000E-003   2.45200935245362     
  2.500000000000000E-003   2.44995059420870     
  2.520000000000000E-003   2.44788611852720     
  2.540000000000000E-003   2.44581314949104     
  2.560000000000000E-003   2.44372917755813     
  2.580000000000000E-003   2.44163231694203     
  2.600000000000000E-003   2.43952145853352     
  2.620000000000000E-003   2.43739615007201     
  2.640000000000000E-003   2.43525643624578     
  2.660000000000000E-003   2.43310272270346     
  2.680000000000000E-003   2.43093497153285     
  2.700000000000000E-003   2.42876512322932     
  2.720000000000000E-003   2.42660729585510     
  2.740000000000000E-003   2.42446585616637     
  2.760000000000000E-003   2.42234317458008     
  2.780000000000000E-003   2.42024017170919     
  2.800000000000000E-003   2.41815693675150     
  2.820000000000000E-003   2.41609343090732     
  2.840000000000000E-003   2.41404974165146     
  2.860000000000000E-003   2.41202584010175     
  2.880000000000000E-003   2.41002149676357     
  2.900000000000000E-003   2.40803615827373     
  2.920000000000000E-003   2.40606924658205     
  2.940000000000000E-003   2.40412014458105     
  2.960000000000000E-003   2.40218801924478     
  2.980000000000000E-003   2.40027187856620     
  3.000000000000000E-003   2.39837077134705     
  3.020000000000000E-003   2.39648386963172     
  3.040000000000000E-003   2.39461034838289     
  3.060000000000000E-003   2.39274937822864     
  3.080000000000000E-003   2.39090004648526     
  3.100000000000000E-003   2.38906153562028     
  3.120000000000000E-003   2.38723301125156     
  3.140000000000000E-003   2.38541325935746     
  3.160000000000000E-003   2.38360113034899     
  3.180000000000000E-003   2.38179482094768     
  3.200000000000000E-003   2.37999316864363     
  3.220000000000000E-003   2.37819505615085     
  3.240000000000000E-003   2.37639974148097     
  3.260000000000000E-003   2.37460658833204     
  3.280000000000000E-003   2.37281402438736     
  3.300000000000000E-003   2.37102147527701     
  3.320000000000000E-003   2.36922891308873     
  3.340000000000000E-003   2.36743441928460     
  3.360000000000000E-003   2.36563125150142     
  3.380000000000000E-003   2.36381966851645     
  3.400000000000000E-003   2.36200896072526     
  3.420000000000000E-003   2.36020410736336     
  3.440000000000000E-003   2.35840850351408     
  3.460000000000000E-003   2.35662488198146     
  3.480000000000000E-003   2.35485629183876     
  3.500000000000000E-003   2.35310573179641     
  3.520000000000000E-003   2.35137594080395     
  3.540000000000000E-003   2.34966927506905     
  3.560000000000000E-003   2.34798766777330     
  3.580000000000000E-003   2.34633276913215     
  3.600000000000000E-003   2.34470617538859     
  3.620000000000000E-003   2.34310952778067     
  3.640000000000000E-003   2.34154455498506     
  3.660000000000000E-003   2.34001314896201     
  3.680000000000000E-003   2.33851744056225     
  3.700000000000000E-003   2.33705972757579     
  3.720000000000000E-003   2.33564227539573     
  3.740000000000000E-003   2.33426707501894     
  3.760000000000000E-003   2.33293556435001     
  3.780000000000000E-003   2.33164825379726     
  3.800000000000000E-003   2.33040431006599     
  3.820000000000000E-003   2.32920131905997     
  3.840000000000001E-003   2.32803547625003     
  3.860000000000000E-003   2.32690227443523     
  3.880000000000000E-003   2.32579760724872     
  3.900000000000000E-003   2.32471903494074     
  3.920000000000001E-003   2.32366695485999     
  3.940000000000000E-003   2.32264525405107     
  3.960000000000000E-003   2.32166119832774     
  3.980000000000000E-003   2.32072438506116     
  4.000000000000000E-003   2.31984498824477     
  4.020000000000000E-003   2.31903168165613     
  4.040000000000000E-003   2.31828976213588     
  4.060000000000000E-003   2.31761992066064     
  4.080000000000000E-003   2.31701789491663     
  4.100000000000000E-003   2.31647487097469     
  4.120000000000000E-003   2.31597825699636     
  4.140000000000000E-003   2.31551242437820     
  4.160000000000001E-003   2.31506203756038     
  4.180000000000001E-003   2.31461529300100     
  4.200000000000001E-003   2.31416519915973     
  4.220000000000001E-003   2.31370149265709     
  4.240000000000001E-003   2.31317720160567     
  4.260000000000001E-003   2.31258733218264     
  4.280000000000000E-003   2.31202454326875     
  4.300000000000000E-003   2.31157994064730     
  4.320000000000000E-003   2.31139331340510     
  4.340000000000000E-003   2.31151399565378     
  4.360000000000000E-003   2.31304215747505     
  4.380000000000000E-003   2.32129108800501     
  4.400000000000000E-003   2.35662711347441     
  4.420000000000000E-003   2.43168942355490     
  4.440000000000000E-003   2.47728941950595     
  4.460000000000000E-003   2.49148549207934     
  4.480000000000000E-003   2.49387988964815     
  4.500000000000001E-003   2.49314410466882     
  4.520000000000001E-003   2.48885575595831     
  4.540000000000001E-003   2.48467255746909     
  4.560000000000001E-003   2.48197078370465     
  4.580000000000001E-003   2.48025996873919     
  4.600000000000001E-003   2.47931129958092     
  4.620000000000000E-003   2.47892606007216     
  4.640000000000000E-003   2.47935178738704     
  4.660000000000000E-003   2.48155117043492     
  4.680000000000000E-003   2.48750067638683     
  4.700000000000000E-003   2.50009137267834     
  4.720000000000000E-003   2.51871168077767     
  4.740000000000000E-003   2.53350614557792     
  4.760000000000000E-003   2.54289846011054     
  4.780000000000000E-003   2.54862725771713     
  4.800000000000000E-003   2.55212186716574     
  4.820000000000000E-003   2.55426521335114     
  4.840000000000001E-003   2.55553944848849     
  4.860000000000001E-003   2.55620060875952     
  4.880000000000001E-003   2.55650025660836     
  4.900000000000001E-003   2.55645310617262     
  4.920000000000001E-003   2.55622634520877     
  4.940000000000001E-003   2.55576343404618     
  4.960000000000000E-003   2.55528356953407     
  4.980000000000000E-003   2.55487199161887     
  5.000000000000000E-003   2.55436950810524     
  5.020000000000000E-003   2.55339780721557     
  5.040000000000000E-003   2.55214118790760     
  5.060000000000000E-003   2.55101690062463     
  5.080000000000000E-003   2.55023488627139     
  5.100000000000000E-003   2.54987016492952     
  5.120000000000000E-003   2.55002116699890     
  5.140000000000000E-003   2.55079265093445     
  5.160000000000001E-003   2.55256871940018     
  5.180000000000001E-003   2.55598130081020     
  5.200000000000001E-003   2.56195738733637     
  5.220000000000001E-003   2.57178488842850     
  5.240000000000001E-003   2.58678992069652     
  5.260000000000001E-003   2.60303138178091     
  5.280000000000001E-003   2.61481049116237     
  5.300000000000000E-003   2.62238892015908     
  5.320000000000000E-003   2.62686982919606     
  5.340000000000000E-003   2.62927889313836     
  5.360000000000000E-003   2.63042628463204     
  5.380000000000000E-003   2.63072348826579     
  5.400000000000000E-003   2.63066062653676     
  5.420000000000000E-003   2.63052784441279     
  5.440000000000000E-003   2.63052692664085     
  5.460000000000000E-003   2.63063121676685     
  5.480000000000000E-003   2.63089852676957     
  5.500000000000001E-003   2.63133905865300     
  5.520000000000001E-003   2.63193748762858     
  5.540000000000001E-003   2.63261786253947     
  5.560000000000001E-003   2.63325797090828     
  5.580000000000001E-003   2.63381058971212     
  5.600000000000001E-003   2.63430241324686     
  5.620000000000001E-003   2.63476474642512     
  5.640000000000000E-003   2.63522221772990     
  5.660000000000000E-003   2.63570634007857     
  5.680000000000000E-003   2.63630879674279     
  5.700000000000000E-003   2.63717571075211     
  5.720000000000000E-003   2.63847644238922     
  5.740000000000000E-003   2.64036907699784     
  5.760000000000000E-003   2.64303421139607     
  5.780000000000000E-003   2.64672562056566     
  5.800000000000000E-003   2.65133489493809     
  5.820000000000001E-003   2.65566442024045     
  5.840000000000001E-003   2.65954557561237     
  5.860000000000001E-003   2.66317155059707     
  5.880000000000001E-003   2.66681326092522     
  5.900000000000001E-003   2.67062906175247     
  5.920000000000001E-003   2.67474069526773     
  5.940000000000001E-003   2.67835415678945     
  5.960000000000001E-003   2.68079240808035     
  5.980000000000000E-003   2.68209863423534     
  6.000000000000000E-003   2.68263270901521     
  6.020000000000000E-003   2.68254425494382     
  6.040000000000000E-003   2.68196062849939     
  6.060000000000000E-003   2.68089969065909     
  6.080000000000000E-003   2.67950823164024     
  6.100000000000000E-003   2.67779261303518     
  6.120000000000000E-003   2.67571751778320     
  6.140000000000000E-003   2.67345414183866     
  6.160000000000001E-003   2.67120183794166     
  6.180000000000001E-003   2.66904097317433     
  6.200000000000001E-003   2.66705403946628     
  6.220000000000001E-003   2.66539152691525     
  6.240000000000001E-003   2.66423524064408     
  6.260000000000001E-003   2.66365056111963     
  6.280000000000001E-003   2.66378524559664     
  6.300000000000001E-003   2.66507715885927     
  6.320000000000000E-003   2.66810130960538     
  6.340000000000000E-003   2.67369406613866     
  6.360000000000000E-003   2.68240361619249     
  6.380000000000000E-003   2.69182497547889     
  6.400000000000000E-003   2.69877140266898     
  6.420000000000000E-003   2.70324711727186     
  6.440000000000000E-003   2.70582064768914     
  6.460000000000000E-003   2.70699096001106     
  6.480000000000001E-003   2.70732209130417     
  6.500000000000001E-003   2.70719440480154     
  6.520000000000001E-003   2.70635431730525     
  6.540000000000001E-003   2.70497238679559     
  6.560000000000001E-003   2.70329510411842     
  6.580000000000001E-003   2.70142431476033     
  6.600000000000001E-003   2.69944014346014     
  6.620000000000001E-003   2.69740656836096     
  6.640000000000001E-003   2.69538010629771     
  6.660000000000000E-003   2.69337976425938     
  6.680000000000000E-003   2.69140931904958     
  6.700000000000000E-003   2.68946779805700     
  6.720000000000000E-003   2.68755329502103     
  6.740000000000000E-003   2.68566432828552     
  6.760000000000000E-003   2.68379990832632     
  6.780000000000000E-003   2.68195920458387     
  6.800000000000000E-003   2.68014045558829     
  6.820000000000001E-003   2.67834203303755     
  6.840000000000001E-003   2.67656293275943     
  6.860000000000001E-003   2.67480302241015     
  6.880000000000001E-003   2.67306334493698     
  6.900000000000001E-003   2.67134672530988     
  6.920000000000001E-003   2.66965844844731     
  6.940000000000001E-003   2.66800645337858     
  6.960000000000001E-003   2.66640065838583     
  6.980000000000001E-003   2.66485141191516     
  7.000000000000000E-003   2.66336747079771     
  7.020000000000000E-003   2.66195401896575     
  7.040000000000000E-003   2.66061163366660     
  7.060000000000000E-003   2.65933628110820     
  7.080000000000000E-003   2.65812059135226     
  7.100000000000000E-003   2.65695465116490     
  7.120000000000000E-003   2.65582658559659     
  7.140000000000001E-003   2.65472156464840     
  7.160000000000001E-003   2.65362458852653     
  7.180000000000001E-003   2.65251950642317     
  7.200000000000001E-003   2.65138084388464     
  7.220000000000001E-003   2.65016654555842     
  7.240000000000001E-003   2.64885115844892     
  7.260000000000001E-003   2.64742531457817     
  7.280000000000001E-003   2.64588266922121     
  7.300000000000001E-003   2.64422241345276     
  7.320000000000001E-003   2.64245032156067     
  7.340000000000000E-003   2.64057840744358     
  7.360000000000000E-003   2.63861213915269     
  7.380000000000000E-003   2.63658845187040     
  7.400000000000000E-003   2.63456222985947     
  7.420000000000000E-003   2.63254291499782     
  7.440000000000000E-003   2.63053008980186     
  7.460000000000000E-003   2.62851860558252     
  7.480000000000001E-003   2.62650129527856     
  7.500000000000001E-003   2.62447103086956     
  7.520000000000001E-003   2.62241703902586     
  7.540000000000001E-003   2.62032432464828     
  7.560000000000001E-003   2.61817756224802     
  7.580000000000001E-003   2.61596342108159     
  7.600000000000001E-003   2.61367159023502     
  7.620000000000001E-003   2.61129644463311     
  7.640000000000001E-003   2.60883804979337     
  7.660000000000001E-003   2.60630155858860     
  7.680000000000001E-003   2.60369272789577     
  7.700000000000000E-003   2.60101283562845     
  7.720000000000000E-003   2.59833917376061     
  7.740000000000000E-003   2.59573937075721     
  7.760000000000000E-003   2.59323439510105     
  7.780000000000000E-003   2.59082860000289     
  7.800000000000001E-003   2.58851967739037     
  7.820000000000001E-003   2.58630393054591     
  7.840000000000001E-003   2.58417734989585     
  7.860000000000001E-003   2.58213518438128     
  7.880000000000000E-003   2.58017109440580     
  7.900000000000001E-003   2.57827687409185     
  7.920000000000000E-003   2.57644257976986     
  7.940000000000001E-003   2.57465828551940     
  7.960000000000000E-003   2.57291782376293     
  7.980000000000001E-003   2.57122212876006     
  8.000000000000000E-003   2.56958015634376     
  8.020000000000001E-003   2.56800723686443     
  8.040000000000000E-003   2.56652205568506     
  8.060000000000001E-003   2.56514411012119     
  8.080000000000000E-003   2.56389245086092     
  8.100000000000001E-003   2.56278477884448     
  8.120000000000000E-003   2.56183599352248     
  8.140000000000001E-003   2.56105738438964     
  8.160000000000001E-003   2.56045906426691     
  8.180000000000002E-003   2.56005063692377     
  8.200000000000001E-003   2.55982255722258     
  8.220000000000000E-003   2.55977242527331     
  8.240000000000001E-003   2.55986511010684     
  8.260000000000000E-003   2.56009340115224     
  8.280000000000001E-003   2.56041849135121     
  8.300000000000000E-003   2.56084695870002     
  8.320000000000001E-003   2.56136744908374     
  8.340000000000000E-003   2.56198179590900     
  8.360000000000001E-003   2.56270643229325     
  8.380000000000000E-003   2.56357060132509     
  8.400000000000001E-003   2.56462106325567     
  8.420000000000000E-003   2.56591812926574     
  8.440000000000001E-003   2.56752963984348     
  8.460000000000001E-003   2.56953269422358     
  8.480000000000001E-003   2.57201428432300     
  8.500000000000001E-003   2.57506434558095     
  8.520000000000002E-003   2.57877189586762     
  8.540000000000001E-003   2.58322623612272     
  8.560000000000000E-003   2.58816840031931     
  8.580000000000001E-003   2.59269733219456     
  8.600000000000000E-003   2.59653183552170     
  8.620000000000001E-003   2.59971482537163     
  8.640000000000000E-003   2.60230179479671     
  8.660000000000001E-003   2.60434641731356     
  8.680000000000000E-003   2.60589772639662     
  8.700000000000001E-003   2.60701501061370     
  8.720000000000000E-003   2.60776388113350     
  8.740000000000001E-003   2.60826540192027     
  8.760000000000000E-003   2.60861972417536     
  8.780000000000001E-003   2.60891183675602     
  8.800000000000001E-003   2.60920222213346     
  8.820000000000001E-003   2.60952146290342     
  8.840000000000001E-003   2.60988112215831     
  8.860000000000002E-003   2.61026845099582     
  8.880000000000001E-003   2.61074587408289     
  8.900000000000000E-003   2.61132031811599     
  8.920000000000001E-003   2.61189858365160     
  8.940000000000000E-003   2.61239127034767     
  8.960000000000001E-003   2.61276951879732     
  8.980000000000000E-003   2.61300948594894     
  9.000000000000001E-003   2.61310391360185     
  9.020000000000000E-003   2.61305418763409     
  9.040000000000001E-003   2.61283304865701     
  9.060000000000000E-003   2.61242303342696     
  9.080000000000001E-003   2.61186994505443     
  9.100000000000000E-003   2.61119400581559     
  9.120000000000001E-003   2.61046573595322     
  9.140000000000001E-003   2.60972820005835     
  9.160000000000001E-003   2.60899610201339     
  9.180000000000001E-003   2.60826908685286     
  9.200000000000002E-003   2.60754261057313     
  9.220000000000001E-003   2.60681871868009     
  9.240000000000000E-003   2.60609850141931     
  9.260000000000001E-003   2.60537786950003     
  9.280000000000000E-003   2.60465416767987     
  9.300000000000001E-003   2.60392105843373     
  9.320000000000000E-003   2.60316539590576     
  9.340000000000001E-003   2.60238310469391     
  9.360000000000000E-003   2.60156922386225     
  9.380000000000001E-003   2.60072251410267     
  9.400000000000000E-003   2.59984148801295     
  9.420000000000001E-003   2.59893302890741     
  9.440000000000000E-003   2.59800734509504     
  9.460000000000001E-003   2.59706963070742     
  9.480000000000001E-003   2.59613119090673     
  9.500000000000001E-003   2.59520516490405     
  9.520000000000001E-003   2.59430972548031     
  9.540000000000002E-003   2.59346806349379     
  9.560000000000001E-003   2.59270347497332     
  9.580000000000000E-003   2.59204142156017     
  9.600000000000001E-003   2.59152013892077     
  9.620000000000000E-003   2.59117941718274     
  9.640000000000001E-003   2.59106236848987     
  9.660000000000000E-003   2.59113255528865     
  9.680000000000001E-003   2.59136039337890     
  9.700000000000000E-003   2.59175456592344     
  9.720000000000001E-003   2.59232923593115     
  9.740000000000000E-003   2.59309338338892     
  9.760000000000001E-003   2.59406559157579     
  9.780000000000000E-003   2.59524622035573     
  9.800000000000001E-003   2.59665783063644     
  9.820000000000001E-003   2.59833873705584     
  9.840000000000002E-003   2.60030147064515     
  9.860000000000001E-003   2.60248282312622     
  9.880000000000002E-003   2.60476345738379     
  9.900000000000001E-003   2.60712813621906     
  9.920000000000000E-003   2.60958691924273     
  9.940000000000001E-003   2.61214426675793     
  9.960000000000000E-003   2.61462893586011     
  9.980000000000001E-003   2.61678068400501     
  1.000000000000000E-002   2.61855839562535     
  1.002000000000000E-002   2.61997665126466     
  1.004000000000000E-002   2.62105838135894     
  1.006000000000000E-002   2.62189098237668     
  1.008000000000000E-002   2.62245343886140     
  1.010000000000000E-002   2.62274476504996     
  1.012000000000000E-002   2.62282148568282     
  1.014000000000000E-002   2.62278387346845     
  1.016000000000000E-002   2.62268198851414     
  1.018000000000000E-002   2.62254170038469     
  1.020000000000000E-002   2.62237516997608     
  1.022000000000000E-002   2.62219043504025     
  1.024000000000000E-002   2.62199548509423     
  1.026000000000000E-002   2.62179947973859     
  1.028000000000000E-002   2.62160658138845     
  1.030000000000000E-002   2.62141361742195     
  1.032000000000000E-002   2.62120827931358     
  1.034000000000000E-002   2.62097573449701     
  1.036000000000000E-002   2.62071705404625     
  1.038000000000000E-002   2.62041942408962     
  1.040000000000000E-002   2.62007699781626     
  1.042000000000000E-002   2.61967465059126     
  1.044000000000000E-002   2.61920770042006     
  1.046000000000000E-002   2.61867209398766     
  1.048000000000000E-002   2.61806789224298     
  1.050000000000000E-002   2.61739783661639     
  1.052000000000000E-002   2.61667308316663     
  1.054000000000000E-002   2.61591568898820     
  1.056000000000000E-002   2.61515139877120     
  1.058000000000000E-002   2.61439487760498     
  1.060000000000000E-002   2.61364558286780     
  1.062000000000000E-002   2.61290588958986     
  1.064000000000000E-002   2.61217472291758     
  1.066000000000000E-002   2.61144921948165     
  1.068000000000000E-002   2.61072990475437     
  1.070000000000000E-002   2.61001445485840     
  1.072000000000000E-002   2.60930457702634     
  1.074000000000000E-002   2.60860305138817     
  1.076000000000000E-002   2.60791658124246     
  1.078000000000000E-002   2.60725532100186     
  1.080000000000000E-002   2.60663189042940     
  1.082000000000000E-002   2.60605991731360     
  1.084000000000000E-002   2.60555368829229     
  1.086000000000000E-002   2.60512622847935     
  1.088000000000000E-002   2.60478436297237     
  1.090000000000000E-002   2.60454325146609     
  1.092000000000000E-002   2.60437499937449     
  1.094000000000000E-002   2.60433501594712     
  1.096000000000000E-002   2.60438362220486     
  1.098000000000000E-002   2.60452394716128     
  1.100000000000000E-002   2.60476448316545     
  1.102000000000000E-002   2.60510191688636     
  1.104000000000000E-002   2.60553121836098     
  1.106000000000000E-002   2.60604275739847     
  1.108000000000000E-002   2.60662258443806     
  1.110000000000000E-002   2.60726452414144     
  1.112000000000000E-002   2.60795261296672     
  1.114000000000000E-002   2.60867069388624     
  1.116000000000000E-002   2.60938992295160     
  1.118000000000000E-002   2.61008844731599     
  1.120000000000000E-002   2.61075904670230     
  1.122000000000000E-002   2.61140626837068     
  1.124000000000000E-002   2.61203621862824     
  1.126000000000000E-002   2.61265463950030     
  1.128000000000000E-002   2.61327178756434     
  1.130000000000000E-002   2.61389532084589     
  1.132000000000000E-002   2.61453970117860     
  1.134000000000000E-002   2.61520875371023     
  1.136000000000000E-002   2.61590050984957     
  1.138000000000000E-002   2.61662083410752     
  1.140000000000000E-002   2.61738308757043     
  1.142000000000000E-002   2.61819556987364     
  1.144000000000000E-002   2.61906398170462     
  1.146000000000000E-002   2.61997989931729     
  1.148000000000000E-002   2.62089804727914     
  1.150000000000000E-002   2.62179339812589     
  1.152000000000000E-002   2.62263954860376     
  1.154000000000000E-002   2.62341536631680     
  1.156000000000000E-002   2.62413012647396     
  1.158000000000000E-002   2.62476970751769     
  1.160000000000000E-002   2.62533918831411     
  1.162000000000000E-002   2.62584664326702     
  1.164000000000000E-002   2.62629834589717     
  1.166000000000000E-002   2.62669480232588     
  1.168000000000000E-002   2.62703536220971     
  1.170000000000000E-002   2.62731774779410     
  1.172000000000000E-002   2.62753905401439     
  1.174000000000000E-002   2.62769459721621     
  1.176000000000000E-002   2.62777627243819     
  1.178000000000000E-002   2.62777814763563     
  1.180000000000000E-002   2.62770822973030     
  1.182000000000000E-002   2.62755328524764     
  1.184000000000000E-002   2.62731739357114     
  1.186000000000000E-002   2.62697862649070     
  1.188000000000000E-002   2.62652684512452     
  1.190000000000000E-002   2.62596045196961     
  1.192000000000000E-002   2.62528045161368     
  1.194000000000000E-002   2.62449969881346     
  1.196000000000000E-002   2.62362664138185     
  1.198000000000000E-002   2.62266608360287     
  1.200000000000000E-002   2.62162889357514     
  1.202000000000000E-002   2.62053666707745     
  1.204000000000000E-002   2.61942000030486     
  1.206000000000000E-002   2.61831579609136     
  1.208000000000000E-002   2.61722786398498     
  1.210000000000000E-002   2.61617406392566     
  1.212000000000000E-002   2.61515669160576     
  1.214000000000000E-002   2.61418302888926     
  1.216000000000000E-002   2.61325429894327     
  1.218000000000000E-002   2.61237132093052     
  1.220000000000000E-002   2.61153344139717     
  1.222000000000000E-002   2.61073698170136     
  1.224000000000000E-002   2.60997689597030     
  1.226000000000000E-002   2.60924693504456     
  1.228000000000000E-002   2.60854178506294     
  1.230000000000000E-002   2.60785605253131     
  1.232000000000000E-002   2.60718338468636     
  1.234000000000000E-002   2.60652012794812     
  1.236000000000000E-002   2.60586298240748     
  1.238000000000000E-002   2.60520952884957     
  1.240000000000000E-002   2.60455569318138     
  1.242000000000000E-002   2.60389511920827     
  1.244000000000000E-002   2.60323977278984     
  1.246000000000000E-002   2.60261622938195     
  1.248000000000000E-002   2.60205043063300     
  1.250000000000000E-002   2.60155358115696     
  1.252000000000000E-002   2.60113429713438     
  1.254000000000000E-002   2.60080061225491     
  1.256000000000000E-002   2.60055952723000     
  1.258000000000000E-002   2.60041501224559     
  1.260000000000000E-002   2.60036596640538     
  1.262000000000000E-002   2.60041377711399     
  1.264000000000000E-002   2.60054550558879     
  1.266000000000000E-002   2.60077338474048     
  1.268000000000000E-002   2.60109796515943     
  1.270000000000000E-002   2.60151738508453     
  1.272000000000000E-002   2.60204435737166     
  1.274000000000000E-002   2.60267907143939     
  1.276000000000000E-002   2.60342672118955     
  1.278000000000000E-002   2.60428986408473     
  1.280000000000000E-002   2.60527011695471     
  1.282000000000000E-002   2.60637176981905     
  1.284000000000000E-002   2.60759566896605     
  1.286000000000000E-002   2.60893556204565     
  1.288000000000000E-002   2.61041703583860     
  1.290000000000000E-002   2.61202174253234     
  1.292000000000000E-002   2.61370678777671     
  1.294000000000000E-002   2.61543024072969     
  1.296000000000000E-002   2.61712324360193     
  1.298000000000000E-002   2.61875437954994     
  1.300000000000000E-002   2.62031888301218     
  1.302000000000000E-002   2.62181099384743     
  1.304000000000000E-002   2.62322690410872     
  1.306000000000000E-002   2.62456386667862     
  1.308000000000000E-002   2.62581953613144     
  1.310000000000000E-002   2.62699346073607     
  1.312000000000000E-002   2.62808590721219     
  1.314000000000000E-002   2.62909569006970     
  1.316000000000000E-002   2.63002035609264     
  1.318000000000000E-002   2.63085769058269     
  1.320000000000000E-002   2.63160290645246     
  1.322000000000000E-002   2.63224780433042     
  1.324000000000000E-002   2.63277819203699     
  1.326000000000000E-002   2.63319221544444     
  1.328000000000000E-002   2.63349083837217     
  1.330000000000000E-002   2.63367365822550     
  1.332000000000000E-002   2.63374340827407     
  1.334000000000000E-002   2.63370594745216     
  1.336000000000000E-002   2.63358117829479     
  1.338000000000000E-002   2.63335985551599     
  1.340000000000000E-002   2.63304016953819     
  1.342000000000000E-002   2.63263265357715     
  1.344000000000000E-002   2.63215553604875     
  1.346000000000000E-002   2.63167917136023     
  1.348000000000000E-002   2.63123995335150     
  1.350000000000000E-002   2.63085271068588     
  1.352000000000000E-002   2.63052550129369     
  1.354000000000000E-002   2.63027169657463     
  1.356000000000000E-002   2.63009590920727     
  1.358000000000000E-002   2.62998997305096     
  1.360000000000000E-002   2.62995298842745     
  1.362000000000000E-002   2.63001969336331     
  1.364000000000000E-002   2.63017976639504     
  1.366000000000000E-002   2.63042091175603     
  1.368000000000000E-002   2.63073217591233     
  1.370000000000000E-002   2.63111331355980     
  1.372000000000000E-002   2.63156442824709     
  1.374000000000000E-002   2.63208134600931     
  1.376000000000000E-002   2.63264669115890     
  1.378000000000000E-002   2.63324497017303     
  1.380000000000000E-002   2.63386134871916     
  1.382000000000000E-002   2.63448809176435     
  1.384000000000000E-002   2.63512234055199     
  1.386000000000000E-002   2.63575865813418     
  1.388000000000000E-002   2.63639430671023     
  1.390000000000000E-002   2.63702388517169     
  1.392000000000000E-002   2.63764357958561     
  1.394000000000000E-002   2.63824954357968     
  1.396000000000000E-002   2.63883777933720     
  1.398000000000000E-002   2.63940388605241     
  1.400000000000000E-002   2.63994233172344     
  1.402000000000000E-002   2.64044676809933     
  1.404000000000000E-002   2.64091068972846     
  1.406000000000000E-002   2.64132766673359     
  1.408000000000000E-002   2.64169188134797     
  1.410000000000000E-002   2.64199759006898     
  1.412000000000000E-002   2.64223892603849     
  1.414000000000000E-002   2.64241000659654     
  1.416000000000000E-002   2.64250628656189     
  1.418000000000000E-002   2.64253422651973     
  1.420000000000000E-002   2.64250574696055     
  1.422000000000000E-002   2.64242344168703     
  1.424000000000000E-002   2.64227689766369     
  1.426000000000000E-002   2.64207111241106     
  1.428000000000000E-002   2.64181523728781     
  1.430000000000000E-002   2.64151551554556     
  1.432000000000000E-002   2.64117595010827     
  1.434000000000000E-002   2.64080052397920     
  1.436000000000000E-002   2.64039340808634     
  1.438000000000000E-002   2.63995748221106     
  1.440000000000000E-002   2.63949536062610     
  1.442000000000000E-002   2.63901003633145     
  1.444000000000000E-002   2.63850450224388     
  1.446000000000000E-002   2.63798212219121     
  1.448000000000000E-002   2.63744743351769     
  1.450000000000000E-002   2.63690522772972     
  1.452000000000000E-002   2.63636084996013     
  1.454000000000000E-002   2.63582026420446     
  1.456000000000000E-002   2.63529653278851     
  1.458000000000000E-002   2.63480902686562     
  1.460000000000000E-002   2.63437405744520     
  1.462000000000000E-002   2.63402950363522     
  1.464000000000000E-002   2.63373602957322     
  1.466000000000000E-002   2.63357813551592     
  1.468000000000000E-002   2.63354387894649     
  1.470000000000000E-002   2.63358445539548     
  1.472000000000000E-002   2.63372051423702     
  1.474000000000000E-002   2.63395643419594     
  1.476000000000000E-002   2.63427157555167     
  1.478000000000000E-002   2.63465612662739     
  1.480000000000000E-002   2.63510065125719     
  1.482000000000000E-002   2.63559520431526     
  1.484000000000000E-002   2.63613152192655     
  1.486000000000000E-002   2.63669853441854     
  1.488000000000000E-002   2.63728455638829     
  1.490000000000000E-002   2.63787696910221     
  1.492000000000000E-002   2.63845251914778     
  1.494000000000000E-002   2.63899427544320     
  1.496000000000000E-002   2.63948597367201     
  1.498000000000000E-002   2.63991679501474     
  1.500000000000000E-002   2.64028230063389     
  1.502000000000000E-002   2.64058092640038     
  1.504000000000000E-002   2.64081336123337     
  1.506000000000000E-002   2.64098935675448     
  1.508000000000000E-002   2.64111367394899     
  1.510000000000000E-002   2.64119514329224     
  1.512000000000000E-002   2.64124534263819     
  1.514000000000000E-002   2.64128198230534     
  1.516000000000000E-002   2.64131535273014     
  1.518000000000000E-002   2.64135486944765     
  1.520000000000000E-002   2.64141352633844     
  1.522000000000000E-002   2.64149892513625     
  1.524000000000000E-002   2.64161385467647     
  1.526000000000000E-002   2.64175861570427     
  1.528000000000000E-002   2.64192938001112     
  1.530000000000000E-002   2.64211843919465     
  1.532000000000000E-002   2.64231904692712     
  1.534000000000000E-002   2.64250973029095     
  1.536000000000000E-002   2.64270264824175     
  1.538000000000000E-002   2.64288789623439     
  1.540000000000000E-002   2.64297928668551     
  1.542000000000000E-002   2.64298793927278     
  1.544000000000000E-002   2.64294234572602     
  1.546000000000000E-002   2.64282484758533     
  1.548000000000000E-002   2.64262002322052     
  1.550000000000000E-002   2.64229702636140     
  1.552000000000000E-002   2.64184503472874     
  1.554000000000000E-002   2.64125955305823     
  1.556000000000000E-002   2.64053788484031     
  1.558000000000000E-002   2.63967650335206     
  1.560000000000000E-002   2.63867276217153     
  1.562000000000000E-002   2.63753141263650     
  1.564000000000000E-002   2.63628645234154     
  1.566000000000000E-002   2.63513509322051     
  1.568000000000000E-002   2.63414649921771     
  1.570000000000000E-002   2.63335303257607     
  1.572000000000000E-002   2.63265619100019     
  1.574000000000000E-002   2.63217522623805     
  1.576000000000000E-002   2.63189181053225     
  1.578000000000000E-002   2.63182265569240     
  1.580000000000000E-002   2.63185850933655     
  1.582000000000000E-002   2.63200298780181     
  1.584000000000000E-002   2.63228749396839     
  1.586000000000000E-002   2.63268294742191     
  1.588000000000000E-002   2.63313261213401     
  1.590000000000000E-002   2.63360859860429     
  1.592000000000000E-002   2.63413141122879     
  1.594000000000000E-002   2.63474873658634     
  1.596000000000000E-002   2.63551395979485     
  1.598000000000000E-002   2.63648540960263     
  1.600000000000000E-002   2.63774728137327     
  1.602000000000000E-002   2.63942690449516     
  1.604000000000000E-002   2.64166729438095     
  1.606000000000000E-002   2.64465905868139     
  1.608000000000000E-002   2.64859739006297     
  1.610000000000000E-002   2.65368584965131     
  1.612000000000000E-002   2.66011757806279     
  1.614000000000000E-002   2.66802483485327     
  1.616000000000000E-002   2.67745739657314     
  1.618000000000000E-002   2.68847342997454     
  1.620000000000000E-002   2.69831912385889     
  1.622000000000000E-002   2.70557648234577     
  1.624000000000000E-002   2.71078491558629     
  1.626000000000000E-002   2.71282992877383     
  1.628000000000000E-002   2.71288668640315     
  1.630000000000000E-002   2.71234504786784     
  1.632000000000000E-002   2.71113607644442     
  1.634000000000000E-002   2.70936484698014     
  1.636000000000000E-002   2.70714209326414     
  1.638000000000000E-002   2.70449982908188     
  1.640000000000000E-002   2.70136429631500     
  1.642000000000000E-002   2.69757998733554     
  1.644000000000000E-002   2.69292536521205     
  1.646000000000000E-002   2.68713795006563     
  1.648000000000000E-002   2.67986882161570     
  1.650000000000000E-002   2.67061955444145     
  1.652000000000000E-002   2.65864727864395     
  1.654000000000000E-002   2.64288225094060     
  1.656000000000000E-002   2.62180239915438     
  1.658000000000000E-002   2.59325686558287     
  1.660000000000000E-002   2.55427486055342     
  1.662000000000000E-002   2.50088865311063     
  1.664000000000000E-002   2.42841066848625     
  1.666000000000000E-002   2.33126016729402     
  1.668000000000000E-002   2.20335331726219     
  1.670000000000000E-002   2.03856165691860     
  1.672000000000000E-002   1.83154860322596     
  1.674000000000000E-002   1.57927830303668     
  1.676000000000000E-002   1.28585016632010     
  1.678000000000000E-002   1.01922293342576     
  1.680000000000000E-002  0.818580001790267     
  1.682000000000000E-002  0.671517890417867     
  1.684000000000000E-002  0.565720821729647     
  1.686000000000000E-002  0.490488060639310     
  1.688000000000000E-002  0.437319953693683     
  1.690000000000000E-002  0.399927081045430     
  1.692000000000000E-002  0.373815886652444     
  1.694000000000000E-002  0.355772483992182     
  1.696000000000000E-002  0.343471476543755     
  1.698000000000000E-002  0.335213689075455     
  1.700000000000000E-002  0.329767412014722     
  1.702000000000000E-002  0.326265595141324     
  1.704000000000000E-002  0.324120467446087     
  1.706000000000000E-002  0.322929257065946     
  1.708000000000000E-002  0.322399877234101     
  1.710000000000000E-002  0.322272740589846     
  1.712000000000000E-002  0.322319728639414     
  1.714000000000000E-002  0.322600049508924     
  1.716000000000000E-002  0.323353544120605     
  1.718000000000000E-002  0.324920596989124     
  1.720000000000000E-002  0.327818170272553     
  1.722000000000000E-002  0.332849855346902     
  1.724000000000000E-002  0.341251286847701     
  1.726000000000000E-002  0.354881060927360     
  1.728000000000000E-002  0.376452147561642     
  1.730000000000000E-002  0.409789266955397     
  1.732000000000000E-002  0.460063555848896     
  1.734000000000000E-002  0.533900024872677     
  1.736000000000000E-002  0.639203923059552     
  1.738000000000000E-002  0.784532392381563     
  1.740000000000000E-002  0.978006475081935     
  1.742000000000000E-002   1.22570710448013     
  1.744000000000000E-002   1.52901943601861     
  1.746000000000000E-002   1.85293448486824     
  1.748000000000000E-002   2.10223415681379     
  1.750000000000000E-002   2.27889447266209     
  1.752000000000000E-002   2.39893223216334     
  1.754000000000000E-002   2.47736922882684     
  1.756000000000000E-002   2.52701764142228     
  1.758000000000000E-002   2.55720143109188     
  1.760000000000000E-002   2.57424297490922     
  1.762000000000000E-002   2.58271855044559     
  1.764000000000000E-002   2.58613696865810     
  1.766000000000000E-002   2.58699269903065     
  1.768000000000000E-002   2.58680486037299     
  1.770000000000000E-002   2.58559843179352     
  1.772000000000000E-002   2.58267276711543     
  1.774000000000000E-002   2.57742154199715     
  1.776000000000000E-002   2.56922670350313     
  1.778000000000000E-002   2.55731732653138     
  1.780000000000000E-002   2.54066981378446     
  1.782000000000000E-002   2.51792435612961     
  1.784000000000000E-002   2.48734706556364     
  1.786000000000000E-002   2.44690556025202     
  1.788000000000000E-002   2.39469820381327     
  1.790000000000000E-002   2.32919711752968     
  1.792000000000000E-002   2.25661005480098     
  1.794000000000000E-002   2.20195215707329     
  1.796000000000000E-002   2.16439913610856     
  1.798000000000000E-002   2.13713892525361     
  1.800000000000000E-002   2.11433593683140     
  1.802000000000000E-002   2.09239423371830     
  1.804000000000000E-002   2.06996218450739     
  1.806000000000000E-002   2.04530500996227     
  1.808000000000000E-002   2.01627087526067     
  1.810000000000000E-002   1.98127657172045     
  1.812000000000000E-002   1.93951099308472     
  1.814000000000000E-002   1.89119470497608     
  1.816000000000000E-002   1.83738500510587     
  1.818000000000000E-002   1.77942090749699     
  1.820000000000000E-002   1.71817229009775     
  1.822000000000000E-002   1.65335968527924     
  1.824000000000000E-002   1.58327937787482     
  1.826000000000000E-002   1.50515826239585     
  1.828000000000000E-002   1.41610497074463     
  1.830000000000000E-002   1.31432433214159     
  1.832000000000000E-002   1.20015436523327     
  1.834000000000000E-002   1.08316610394204     
  1.836000000000000E-002  0.981450500606761     
  1.838000000000000E-002  0.893550967096368     
  1.840000000000000E-002  0.817130946024645     
  1.842000000000000E-002  0.750003108432186     
  1.844000000000000E-002  0.690018398200675     
  1.846000000000000E-002  0.635190288129202     
  1.848000000000000E-002  0.584116121617156     
  1.850000000000000E-002  0.536442553437031     
  1.852000000000000E-002  0.492955424975710     
  1.854000000000000E-002  0.455218554274471     
  1.856000000000000E-002  0.424924337270863     
  1.858000000000000E-002  0.403225371695236     
  1.860000000000000E-002  0.390106583204378     
  1.862000000000000E-002  0.384183955736534     
  1.864000000000000E-002  0.383035522598523     
  1.866000000000000E-002  0.384559311932287     
  1.868000000000000E-002  0.388736577870332     
  1.870000000000000E-002  0.396394430071446     
  1.872000000000000E-002  0.408682339683844     
  1.874000000000000E-002  0.426210154712174     
  1.876000000000000E-002  0.448844274634562     
  1.878000000000000E-002  0.474116410900528     
  1.880000000000000E-002  0.494450556092962     
  1.882000000000000E-002  0.509345479041070     
  1.884000000000000E-002  0.520265677193349     
  1.886000000000000E-002  0.528318992271616     
  1.888000000000000E-002  0.534412397364226     
  1.890000000000000E-002  0.539325862107563     
  1.892000000000000E-002  0.543612107972446     
  1.894000000000000E-002  0.547559898069601     
  1.896000000000000E-002  0.551224703841648     
  1.898000000000000E-002  0.554535162979241     
  1.900000000000000E-002  0.557458435157014     
  1.902000000000000E-002  0.559973197158930     
  1.904000000000000E-002  0.562059194710692     
  1.906000000000000E-002  0.563709023789590     
  1.908000000000000E-002  0.565026197238495     
  1.910000000000000E-002  0.566140390429905     
  1.912000000000000E-002  0.567297400984640     
  1.914000000000000E-002  0.568665586190291     
  1.916000000000000E-002  0.570398679928976     
  1.918000000000000E-002  0.572752309078876     
  1.920000000000000E-002  0.575742867329121     
  1.922000000000000E-002  0.579452868551355     
  1.924000000000000E-002  0.583935536686452     
  1.926000000000000E-002  0.589173549901856     
  1.928000000000000E-002  0.595150490620029     
  1.930000000000000E-002  0.601773458857600     
  1.932000000000000E-002  0.608885244652338     
  1.934000000000000E-002  0.616268576344966     
  1.936000000000000E-002  0.623634112871560     
  1.938000000000000E-002  0.630797630539509     
  1.940000000000000E-002  0.637597917308055     
  1.942000000000000E-002  0.643893302077909     
  1.944000000000000E-002  0.649733522775842     
  1.946000000000000E-002  0.655164446698232     
  1.948000000000000E-002  0.660105105125238     
  1.950000000000000E-002  0.664011085098759     
  1.952000000000000E-002  0.666348438828003     
  1.954000000000000E-002  0.666977552330882     
  1.956000000000000E-002  0.666260451185667     
  1.958000000000000E-002  0.664172839493346     
  1.960000000000000E-002  0.660874965293408     
  1.962000000000000E-002  0.657021264536426     
  1.964000000000000E-002  0.654114361041020     
  1.966000000000000E-002  0.652354910436255     
  1.968000000000000E-002  0.651553367862470     
  1.970000000000000E-002  0.651664617022711     
  1.972000000000000E-002  0.653463161153711     
  1.974000000000000E-002  0.658155109381054     
  1.976000000000000E-002  0.665446838949811     
  1.978000000000000E-002  0.675667230011706     
  1.980000000000000E-002  0.690187961736637     
  1.982000000000000E-002  0.710393300682552     
  1.984000000000000E-002  0.737586532076558     
  1.986000000000000E-002  0.773105036784315     
  1.988000000000000E-002  0.818268461721436     
  1.990000000000000E-002  0.874396493169981     
  1.992000000000000E-002  0.942764052007930     
  1.994000000000000E-002   1.02453333178170     
  1.996000000000000E-002   1.12071492946968     
  1.998000000000000E-002   1.23207482323457     
  2.000000000000000E-002   1.35896378535649     
  2.002000000000000E-002   1.50117728215035     
  2.004000000000000E-002   1.65773072520583     
  2.006000000000000E-002   1.82416672665126     
  2.008000000000000E-002   1.97351100483473     
  2.010000000000000E-002   2.09467758242741     
  2.012000000000000E-002   2.19250620192231     
  2.014000000000000E-002   2.27130472921863     
  2.016000000000000E-002   2.33491760931455     
  2.018000000000000E-002   2.38651710999540     
  2.020000000000000E-002   2.42841905577595     
  2.022000000000000E-002   2.46205297800976     
  2.024000000000000E-002   2.48824021597030     
  2.026000000000000E-002   2.50762916807296     
  2.028000000000000E-002   2.52100404433120     
  2.030000000000000E-002   2.52949430630578     
  2.032000000000000E-002   2.53424778337237     
  2.034000000000000E-002   2.53627674963126     
  2.036000000000000E-002   2.53665357199784     
  2.038000000000000E-002   2.53613510130547     
  2.040000000000000E-002   2.53425181960321     
  2.042000000000000E-002   2.53032608926060     
  2.044000000000000E-002   2.52391877554982     
  2.046000000000000E-002   2.51471529406693     
  2.048000000000000E-002   2.50292371273640     
  2.050000000000000E-002   2.49358749139128     
  2.052000000000000E-002   2.48890225686400     
  2.054000000000000E-002   2.48754121004689     
  2.056000000000000E-002   2.48770530961147     
  2.058000000000000E-002   2.48923411662771     
  2.060000000000000E-002   2.49336534058074     
  2.062000000000000E-002   2.50131972565746     
  2.064000000000000E-002   2.51414146900948     
  2.066000000000000E-002   2.53253619114552     
  2.068000000000000E-002   2.55670814696804     
  2.070000000000000E-002   2.58598303357940     
  2.072000000000000E-002   2.61247516619129     
  2.074000000000000E-002   2.63172812747252     
  2.076000000000000E-002   2.64532737290830     
  2.078000000000000E-002   2.65466227136396     
  2.080000000000000E-002   2.66091432962798     
  2.082000000000000E-002   2.66499970586669     
  2.084000000000000E-002   2.66756809056265     
  2.086000000000000E-002   2.66906478130507     
  2.088000000000000E-002   2.66983302866672     
  2.090000000000000E-002   2.67014634059387     
  2.092000000000000E-002   2.67021147588717     
  2.094000000000000E-002   2.67017522256316     
  2.096000000000000E-002   2.67001320090085     
  2.098000000000000E-002   2.66970600427680     
  2.100000000000000E-002   2.66933437590916     
  2.102000000000000E-002   2.66904591059890     
  2.104000000000000E-002   2.66885341088374     
  2.106000000000000E-002   2.66875294236067     
  2.108000000000000E-002   2.66873368899260     
  2.110000000000000E-002   2.66878916338508     
  2.112000000000000E-002   2.66894278332973     
  2.114000000000000E-002   2.66911740391791     
  2.116000000000000E-002   2.66918824868861     
  2.118000000000000E-002   2.66917018261339     
  2.120000000000000E-002   2.66910986513947     
  2.122000000000000E-002   2.66901065439969     
  2.124000000000000E-002   2.66888692006853     
  2.126000000000000E-002   2.66875539879321     
  2.128000000000000E-002   2.66864807886409     
  2.130000000000000E-002   2.66858570161658     
  2.132000000000000E-002   2.66858079468900     
  2.134000000000000E-002   2.66865718977138     
  2.136000000000000E-002   2.66884680367869     
  2.138000000000000E-002   2.66916618107415     
  2.140000000000000E-002   2.66963291460482     
  2.142000000000000E-002   2.67026075864056     
  2.144000000000000E-002   2.67105458196447     
  2.146000000000000E-002   2.67201546219931     
  2.148000000000000E-002   2.67314228817674     
  2.150000000000000E-002   2.67442667663872     
  2.152000000000000E-002   2.67573954340693     
  2.154000000000000E-002   2.67694150556695     
  2.156000000000000E-002   2.67802163237037     
  2.158000000000000E-002   2.67896285646394     
  2.160000000000000E-002   2.67973858431371     
  2.162000000000000E-002   2.68032499649953     
  2.164000000000000E-002   2.68069430898745     
  2.166000000000000E-002   2.68083782353776     
  2.168000000000000E-002   2.68080049136806     
  2.170000000000000E-002   2.68052499822492     
  2.172000000000000E-002   2.67994062859037     
  2.174000000000000E-002   2.67910165414808     
  2.176000000000000E-002   2.67803109385089     
  2.178000000000000E-002   2.67668520097550     
  2.180000000000000E-002   2.67501743591014     
  2.182000000000000E-002   2.67297057241369     
  2.184000000000000E-002   2.67046036625259     
  2.186000000000000E-002   2.66737444586765     
  2.188000000000000E-002   2.66361689662759     
  2.190000000000000E-002   2.65909820485630     
  2.192000000000000E-002   2.65373264854211     
  2.194000000000000E-002   2.64744632759581     
  2.196000000000000E-002   2.64018805451393     
  2.198000000000000E-002   2.63193886879007     
  2.200000000000000E-002   2.62271973920201     
  2.202000000000000E-002   2.61352771167465     
  2.204000000000000E-002   2.60592495543842     
  2.206000000000000E-002   2.59998102530894     
  2.208000000000000E-002   2.59564623948221     
  2.210000000000000E-002   2.59270256644815     
  2.212000000000000E-002   2.59083231160712     
  2.214000000000000E-002   2.58971547699248     
  2.216000000000000E-002   2.58910362473747     
  2.218000000000000E-002   2.58883233856110     
  2.220000000000000E-002   2.58877638290191     
  2.222000000000000E-002   2.58885961218528     
  2.224000000000000E-002   2.58924003868632     
  2.226000000000000E-002   2.58994412824360     
  2.228000000000000E-002   2.59097976281133     
  2.230000000000000E-002   2.59227002707397     
  2.232000000000000E-002   2.59372812966574     
  2.234000000000000E-002   2.59518590590301     
  2.236000000000000E-002   2.59660982628018     
  2.238000000000000E-002   2.59796545025763     
  2.240000000000000E-002   2.59927216700092     
  2.242000000000000E-002   2.60053889314420     
  2.244000000000000E-002   2.60173281626575     
  2.246000000000000E-002   2.60283957089798     
  2.248000000000000E-002   2.60385844770575     
  2.250000000000000E-002   2.60478742318594     
  2.252000000000000E-002   2.60562850065111     
  2.254000000000000E-002   2.60638679297580     
  2.256000000000000E-002   2.60707224133951     
  2.258000000000000E-002   2.60769752574531     
  2.260000000000000E-002   2.60827524393624     
  2.262000000000000E-002   2.60881676928953     
  2.264000000000000E-002   2.60933215206147     
  2.266000000000000E-002   2.60983014550716     
  2.268000000000000E-002   2.61031573085467     
  2.270000000000000E-002   2.61079272297395     
  2.272000000000000E-002   2.61126419674592     
  2.274000000000000E-002   2.61173297440093     
  2.276000000000000E-002   2.61220248309315     
  2.278000000000000E-002   2.61267896399663     
  2.280000000000000E-002   2.61317094978526     
  2.282000000000000E-002   2.61368767171404     
  2.284000000000000E-002   2.61423414482427     
  2.286000000000000E-002   2.61481722193574     
  2.288000000000000E-002   2.61544489188365     
  2.290000000000000E-002   2.61612358106441     
  2.292000000000000E-002   2.61685718386483     
  2.294000000000000E-002   2.61764659883423     
  2.296000000000000E-002   2.61848924973590     
  2.298000000000000E-002   2.61938017036862     
  2.300000000000000E-002   2.62031315877517     
  2.302000000000000E-002   2.62128161102865     
  2.304000000000000E-002   2.62227903943419     
  2.306000000000000E-002   2.62329901795992     
  2.308000000000000E-002   2.62433476330770     
  2.310000000000000E-002   2.62537962194291     
  2.312000000000000E-002   2.62642832825019     
  2.314000000000000E-002   2.62747804712056     
  2.316000000000000E-002   2.62852550216260     
  2.318000000000000E-002   2.62956788883368     
  2.320000000000000E-002   2.63060349559412     
  2.322000000000000E-002   2.63163267962740     
  2.324000000000000E-002   2.63265752864029     
  2.326000000000000E-002   2.63367949965302     
  2.328000000000000E-002   2.63469870555584     
  2.330000000000000E-002   2.63570086787596     
  2.332000000000000E-002   2.63666154587060     
  2.334000000000000E-002   2.63756590401716     
  2.336000000000000E-002   2.63841690247475     
  2.338000000000000E-002   2.63922109239270     
  2.340000000000000E-002   2.63998235421297     
  2.342000000000000E-002   2.64069968448358     
  2.344000000000000E-002   2.64137175928816     
  2.346000000000000E-002   2.64199999880882     
  2.348000000000000E-002   2.64259016641959     
  2.350000000000000E-002   2.64314459146567     
  2.352000000000000E-002   2.64366326476602     
  2.354000000000000E-002   2.64415004627332     
  2.356000000000000E-002   2.64461032094112     
  2.358000000000000E-002   2.64504172756683     
  2.360000000000000E-002   2.64543550174934     
  2.362000000000000E-002   2.64578947651203     
  2.364000000000000E-002   2.64610666658546     
  2.366000000000000E-002   2.64637320133809     
  2.368000000000000E-002   2.64657774018618     
  2.370000000000000E-002   2.64671592636984     
  2.372000000000000E-002   2.64678725390268     
  2.374000000000000E-002   2.64679326159077     
  2.376000000000000E-002   2.64672561951334     
  2.378000000000000E-002   2.64656875830893     
  2.380000000000000E-002   2.64631498583361     
  2.382000000000000E-002   2.64594768724437     
  2.384000000000000E-002   2.64546587204766     
  2.386000000000000E-002   2.64487814215062     
  2.388000000000000E-002   2.64418896759911     
  2.390000000000000E-002   2.64340080356220     
  2.392000000000000E-002   2.64250084668562     
  2.394000000000000E-002   2.64147454974007     
  2.396000000000000E-002   2.64033048135194     
  2.398000000000000E-002   2.63910035002671     
  2.400000000000000E-002   2.63780972818451     
  2.402000000000000E-002   2.63647639658398     
  2.404000000000000E-002   2.63520190723431     
  2.406000000000000E-002   2.63404696704593     
  2.408000000000000E-002   2.63302651363778     
  2.410000000000000E-002   2.63213964053502     
  2.412000000000000E-002   2.63138075283663     
  2.414000000000000E-002   2.63074266620910     
  2.416000000000000E-002   2.63021368517251     
  2.418000000000000E-002   2.62977781767533     
  2.420000000000000E-002   2.62942643053295     
  2.422000000000000E-002   2.62917239897481     
  2.424000000000000E-002   2.62904169374819     
  2.426000000000000E-002   2.62903517780942     
  2.428000000000000E-002   2.62914408763642     
  2.430000000000000E-002   2.62930321079640     
  2.432000000000000E-002   2.62946318911331     
  2.434000000000000E-002   2.62966926728223     
  2.436000000000000E-002   2.62997319488784     
  2.438000000000000E-002   2.63040862802775     
  2.440000000000000E-002   2.63099991093563     
  2.442000000000000E-002   2.63176414926844     
  2.444000000000000E-002   2.63270701381979     
  2.446000000000000E-002   2.63381779017680     
  2.448000000000000E-002   2.63507293116905     
  2.450000000000000E-002   2.63644736299886     
  2.452000000000000E-002   2.63792740351369     
  2.454000000000000E-002   2.63939100672811     
  2.456000000000000E-002   2.64072735107833     
  2.458000000000000E-002   2.64195600648062     
  2.460000000000000E-002   2.64309257132642     
  2.462000000000000E-002   2.64414953589655     
  2.464000000000000E-002   2.64516878338090     
  2.466000000000000E-002   2.64618530931566     
  2.468000000000000E-002   2.64722186186215     
  2.470000000000000E-002   2.64819934394736     
  2.472000000000000E-002   2.64897058247753     
  2.474000000000000E-002   2.64944055977988     
  2.476000000000000E-002   2.64957820034713     
  2.478000000000000E-002   2.64956759563576     
  2.480000000000000E-002   2.64945117299598     
  2.482000000000000E-002   2.64912244250683     
  2.484000000000000E-002   2.64845328469356     
  2.486000000000000E-002   2.64732217788316     
  2.488000000000000E-002   2.64564787041702     
  2.490000000000000E-002   2.64340081852127     
  2.492000000000000E-002   2.64058872800163     
  2.494000000000000E-002   2.63722939046495     
  2.496000000000000E-002   2.63333684051000     
  2.498000000000000E-002   2.62893971520690     
  2.500000000000000E-002   2.62452989175320     
  2.502000000000000E-002   2.62088055452565     
  2.504000000000000E-002   2.61797351306797     
  2.506000000000000E-002   2.61573350121938     
  2.508000000000000E-002   2.61398873820168     
  2.510000000000000E-002   2.61265037500592     
  2.512000000000000E-002   2.61171517389744     
  2.514000000000000E-002   2.61109569193374     
  2.516000000000000E-002   2.61076582975439     
  2.518000000000000E-002   2.61073456805243     
  2.520000000000000E-002   2.61086204762009     
  2.522000000000000E-002   2.61117391997280     
  2.524000000000000E-002   2.61164088477186     
  2.526000000000000E-002   2.61220019104842     
  2.528000000000000E-002   2.61269589596537     
  2.530000000000000E-002   2.61303088155114     
  2.532000000000000E-002   2.61317535330043     
  2.534000000000000E-002   2.61314614771853     
  2.536000000000000E-002   2.61283710466179     
  2.538000000000000E-002   2.61221851494563     
  2.540000000000000E-002   2.61145735895209     
  2.542000000000000E-002   2.61072127858781     
  2.544000000000000E-002   2.61000811185516     
  2.546000000000000E-002   2.60932812654888     
  2.548000000000000E-002   2.60867207157910     
  2.550000000000000E-002   2.60802841257776     
  2.552000000000000E-002   2.60740358505881     
  2.554000000000000E-002   2.60682008500527     
  2.556000000000000E-002   2.60631056094103     
  2.558000000000000E-002   2.60590222405447     
  2.560000000000000E-002   2.60561768889357     
  2.562000000000000E-002   2.60547208323307     
  2.564000000000000E-002   2.60545867287370     
  2.566000000000000E-002   2.60559368540473     
  2.568000000000000E-002   2.60590616105271     
  2.570000000000000E-002   2.60635673015486     
  2.572000000000000E-002   2.60691448692543     
  2.574000000000000E-002   2.60760081270760     
  2.576000000000000E-002   2.60847407398233     
  2.578000000000000E-002   2.60954125573458     
  2.580000000000000E-002   2.61071348355216     
  2.582000000000000E-002   2.61192047547474     
  2.584000000000000E-002   2.61312940116945     
  2.586000000000000E-002   2.61430352835954     
  2.588000000000000E-002   2.61544973550095     
  2.590000000000000E-002   2.61657890134614     
  2.592000000000000E-002   2.61769843368587     
  2.594000000000000E-002   2.61881296079222     
  2.596000000000000E-002   2.61992580223879     
  2.598000000000000E-002   2.62104005738460     
  2.600000000000000E-002   2.62215907775139     
  2.602000000000000E-002   2.62328501237237     
  2.604000000000000E-002   2.62441827294866     
  2.606000000000000E-002   2.62555811378498     
  2.608000000000000E-002   2.62670347283729     
  2.610000000000000E-002   2.62785409348307     
  2.612000000000000E-002   2.62901036824441     
  2.614000000000000E-002   2.63017263080761     
  2.616000000000000E-002   2.63132515095945     
  2.618000000000000E-002   2.63244487232078     
  2.620000000000000E-002   2.63351686791989     
  2.622000000000000E-002   2.63452883833053     
  2.624000000000000E-002   2.63547928203430     
  2.626000000000000E-002   2.63637473870041     
  2.628000000000000E-002   2.63722582519951     
  2.630000000000000E-002   2.63803877124861     
  2.632000000000000E-002   2.63878770068717     
  2.634000000000000E-002   2.63942928694605     
  2.636000000000000E-002   2.63990911666438     
  2.638000000000000E-002   2.64019537184157     
  2.640000000000000E-002   2.64033537868628     
  2.642000000000000E-002   2.64038190752476     
  2.644000000000000E-002   2.64032214056659     
  2.646000000000000E-002   2.64009065097907     
  2.648000000000000E-002   2.63967375923461     
  2.650000000000000E-002   2.63907757045691     
  2.652000000000000E-002   2.63829026394161     
  2.654000000000000E-002   2.63729151877016     
  2.656000000000000E-002   2.63606020504009     
  2.658000000000000E-002   2.63457998396911     
  2.660000000000000E-002   2.63310675971800     
  2.662000000000000E-002   2.63199476670494     
  2.664000000000000E-002   2.63123144950502     
  2.666000000000000E-002   2.63077407043499     
  2.668000000000000E-002   2.63057199788277     
  2.670000000000000E-002   2.63055302191339     
  2.672000000000000E-002   2.63071744849293     
  2.674000000000000E-002   2.63114446236187     
  2.676000000000000E-002   2.63176183194220     
  2.678000000000000E-002   2.63254236618009     
  2.680000000000000E-002   2.63353246249442     
  2.682000000000000E-002   2.63475273792079     
  2.684000000000000E-002   2.63619393073559     
  2.686000000000000E-002   2.63783069965036     
  2.688000000000000E-002   2.63962858168169     
  2.690000000000000E-002   2.64148137849462     
  2.692000000000000E-002   2.64313044767035     
  2.694000000000000E-002   2.64450907781914     
  2.696000000000000E-002   2.64564899404240     
  2.698000000000000E-002   2.64654605249052     
  2.700000000000000E-002   2.64723998968168     
  2.702000000000000E-002   2.64769097063235     
  2.704000000000000E-002   2.64786689437670     
  2.706000000000000E-002   2.64773507301119     
  2.708000000000000E-002   2.64721865150279     
  2.710000000000000E-002   2.64637341729585     
  2.712000000000000E-002   2.64519211065220     
  2.714000000000000E-002   2.64348046794733     
  2.716000000000000E-002   2.64105416555144     
  2.718000000000000E-002   2.63776093480970     
  2.720000000000000E-002   2.63338656665825     
  2.722000000000000E-002   2.62769981317199     
  2.724000000000000E-002   2.62053165486467     
  2.726000000000000E-002   2.61170615861624     
  2.728000000000000E-002   2.60108062318833     
  2.730000000000000E-002   2.58901547725676     
  2.732000000000000E-002   2.57831003358464     
  2.734000000000000E-002   2.57015912113884     
  2.736000000000000E-002   2.56410153936851     
  2.738000000000000E-002   2.55979256694813     
  2.740000000000000E-002   2.55694795217175     
  2.742000000000000E-002   2.55517432844066     
  2.744000000000000E-002   2.55409203457022     
  2.746000000000000E-002   2.55360881414910     
  2.748000000000000E-002   2.55357288494949     
  2.750000000000000E-002   2.55386138792096     
  2.752000000000000E-002   2.55430064944004     
  2.754000000000000E-002   2.55498806698968     
  2.756000000000000E-002   2.55609679726173     
  2.758000000000000E-002   2.55755664970090     
  2.760000000000000E-002   2.55912385074537     
  2.762000000000000E-002   2.56084371248183     
  2.764000000000000E-002   2.56282496483601     
  2.766000000000000E-002   2.56499218567487     
  2.768000000000000E-002   2.56732755421785     
  2.770000000000000E-002   2.56989024079047     
  2.772000000000000E-002   2.57133041804115     
  2.774000000000000E-002   2.57143693196425     
  2.776000000000000E-002   2.56695744500562     
  2.778000000000000E-002   2.54526808429788     
  2.780000000000000E-002   2.46340289535512     
  2.782000000000000E-002   2.20181696081792     
  2.784000000000000E-002   1.62947480968697     
  2.786000000000000E-002   1.25179069104823     
  2.788000000000000E-002   1.17549116232890     
  2.790000000000000E-002   1.16460471254363     
  2.792000000000000E-002   1.16320307232639     
  2.794000000000000E-002   1.16302562577423     
  2.796000000000000E-002   1.16300323073463     
  2.798000000000000E-002   1.16300040704156     
  2.800000000000000E-002   1.16300005125082     
  2.802000000000000E-002   1.16300000644896     
  2.804000000000000E-002   1.16300000081097     
  2.806000000000000E-002   1.16300000010192     
  2.808000000000000E-002   1.16300000001280     
  2.810000000000000E-002   1.16300000000161     
  2.812000000000000E-002   1.16300000000020     
  2.814000000000000E-002   1.16300000000003     
  2.816000000000000E-002   1.16300000000000     
  2.818000000000000E-002   1.16300000000000     
  2.820000000000000E-002   1.16300000000000     
  2.822000000000000E-002   1.16300000000000     
  2.824000000000000E-002   1.16300000000000     
  2.826000000000000E-002   1.16300000000000     
  2.828000000000000E-002   1.16300000000000     
  2.830000000000000E-002   1.16300000000000     
  2.832000000000000E-002   1.16300000000000     
  2.834000000000000E-002   1.16300000000000     
  2.836000000000000E-002   1.16300000000000     
  2.838000000000000E-002   1.16300000000000     
  2.840000000000000E-002   1.16300000000000     
  2.842000000000000E-002   1.16300000000000     
  2.844000000000000E-002   1.16300000000000     
  2.846000000000000E-002   1.16300000000000     
  2.848000000000000E-002   1.16300000000000     
  2.850000000000000E-002   1.16300000000000     
  2.852000000000000E-002   1.16300000000000     
  2.854000000000000E-002   1.16300000000000     
  2.856000000000000E-002   1.16300000000000     
  2.858000000000000E-002   1.16300000000000     
  2.860000000000000E-002   1.16300000000000     
  2.862000000000000E-002   1.16300000000000     
  2.864000000000000E-002   1.16300000000000     
  2.866000000000000E-002   1.16300000000000     
  2.868000000000000E-002   1.16300000000000     
  2.870000000000000E-002   1.16300000000000     
  2.872000000000000E-002   1.16300000000000     
  2.874000000000000E-002   1.16300000000000     
  2.876000000000000E-002   1.16300000000000     
  2.878000000000000E-002   1.16300000000000     
  2.880000000000000E-002   1.16300000000000     
  2.882000000000000E-002   1.16300000000000     
  2.884000000000000E-002   1.16300000000000     
  2.886000000000000E-002   1.16300000000000     
  2.888000000000000E-002   1.16300000000000     
  2.890000000000000E-002   1.16300000000000     
  2.892000000000000E-002   1.16300000000000     
  2.894000000000000E-002   1.16300000000000     
  2.896000000000000E-002   1.16300000000000     
  2.898000000000000E-002   1.16300000000000     
  2.900000000000000E-002   1.16300000000000     
  2.902000000000000E-002   1.16300000000000     
  2.904000000000000E-002   1.16300000000000     
  2.906000000000000E-002   1.16300000000000     
  2.908000000000000E-002   1.16300000000000     
  2.910000000000000E-002   1.16300000000000     
  2.912000000000000E-002   1.16300000000000     
  2.914000000000000E-002   1.16300000000000     
  2.916000000000000E-002   1.16300000000000     
  2.918000000000000E-002   1.16300000000000     
  2.920000000000000E-002   1.16300000000000     
  2.922000000000000E-002   1.16300000000000     
  2.924000000000000E-002   1.16300000000000     
  2.926000000000000E-002   1.16300000000000     
  2.928000000000000E-002   1.16300000000000     
  2.930000000000000E-002   1.16300000000000     
  2.932000000000000E-002   1.16300000000000     
  2.934000000000000E-002   1.16300000000000     
  2.936000000000000E-002   1.16300000000000     
  2.938000000000000E-002   1.16300000000000     
  2.940000000000000E-002   1.16300000000000     
  2.942000000000000E-002   1.16300000000000     
  2.944000000000000E-002   1.16300000000000     
  2.946000000000000E-002   1.16300000000000     
  2.948000000000000E-002   1.16300000000000     
  2.950000000000000E-002   1.16300000000000     
  2.952000000000000E-002   1.16300000000000     
  2.954000000000000E-002   1.16300000000000     
  2.956000000000000E-002   1.16300000000000     
  2.958000000000000E-002   1.16300000000000     
  2.960000000000000E-002   1.16300000000000     
  2.962000000000000E-002   1.16300000000000     
  2.964000000000000E-002   1.16300000000000     
  2.966000000000000E-002   1.16300000000000     
  2.968000000000000E-002   1.16300000000000     
  2.970000000000000E-002   1.16300000000000     
  2.972000000000000E-002   1.16300000000000     
  2.974000000000000E-002   1.16300000000000     
  2.976000000000000E-002   1.16300000000000     
  2.978000000000000E-002   1.16300000000000     
  2.980000000000000E-002   1.16300000000000     
  2.982000000000000E-002   1.16300000000000     
  2.984000000000000E-002   1.16300000000000     
  2.986000000000000E-002   1.16300000000000     
  2.988000000000000E-002   1.16300000000000     
  2.990000000000000E-002   1.16300000000000     
  2.992000000000000E-002   1.16300000000000     
  2.994000000000000E-002   1.16300000000000     
  2.996000000000000E-002   1.16300000000000     
  2.998000000000000E-002   1.16300000000000     
  3.000000000000000E-002   1.16300000000000     
  3.002000000000000E-002   1.16300000000000     
  3.004000000000000E-002   1.16300000000000     
  3.006000000000000E-002   1.16300000000000     
  3.008000000000000E-002   1.16300000000000     
  3.010000000000000E-002   1.16300000000000     
  3.012000000000000E-002   1.16300000000000     
  3.014000000000000E-002   1.16300000000000     
  3.016000000000000E-002   1.16300000000000     
  3.018000000000000E-002   1.16300000000000     
  3.020000000000000E-002   1.16300000000000     
  3.022000000000000E-002   1.16300000000000     
  3.024000000000000E-002   1.16300000000000     
  3.026000000000000E-002   1.16300000000000     
  3.028000000000000E-002   1.16300000000000     
  3.030000000000000E-002   1.16300000000000     
  3.032000000000000E-002   1.16300000000000     
  3.034000000000000E-002   1.16300000000000     
  3.036000000000000E-002   1.16300000000000     
  3.038000000000000E-002   1.16300000000000     
  3.040000000000000E-002   1.16300000000000     
  3.042000000000000E-002   1.16300000000000     
  3.044000000000000E-002   1.16300000000000     
  3.046000000000000E-002   1.16300000000000     
  3.048000000000000E-002   1.16300000000000     
  3.050000000000000E-002   1.16300000000000     
  3.052000000000000E-002   1.16300000000000     
  3.054000000000000E-002   1.16300000000000     
  3.056000000000000E-002   1.16300000000000     
  3.058000000000000E-002   1.16300000000000     
  3.060000000000000E-002   1.16300000000000     
  3.062000000000000E-002   1.16300000000000     
  3.064000000000000E-002   1.16300000000000     
  3.066000000000000E-002   1.16300000000000     
  3.068000000000000E-002   1.16300000000000     
  3.070000000000000E-002   1.16300000000000     
  3.072000000000000E-002   1.16300000000000     
  3.074000000000000E-002   1.16300000000000     
  3.076000000000000E-002   1.16300000000000     
  3.078000000000000E-002   1.16300000000000     
  3.080000000000000E-002   1.16300000000000     
  3.082000000000000E-002   1.16300000000000     
  3.084000000000000E-002   1.16300000000000     
  3.086000000000000E-002   1.16300000000000     
  3.088000000000000E-002   1.16300000000000     
  3.090000000000000E-002   1.16300000000000     
  3.092000000000000E-002   1.16300000000000     
  3.094000000000000E-002   1.16300000000000     
  3.096000000000000E-002   1.16300000000000     
  3.098000000000000E-002   1.16300000000000     
  3.100000000000000E-002   1.16300000000000     
  3.102000000000000E-002   1.16300000000000     
  3.104000000000000E-002   1.16300000000000     
  3.106000000000000E-002   1.16300000000000     
  3.108000000000000E-002   1.16300000000000     
  3.110000000000000E-002   1.16300000000000     
  3.112000000000000E-002   1.16300000000000     
  3.114000000000000E-002   1.16300000000000     
  3.116000000000000E-002   1.16300000000000     
  3.118000000000000E-002   1.16300000000000     
  3.120000000000000E-002   1.16300000000000     
  3.122000000000000E-002   1.16300000000000     
  3.124000000000000E-002   1.16300000000000     
  3.126000000000000E-002   1.16300000000000     
  3.128000000000000E-002   1.16300000000000     
  3.130000000000000E-002   1.16300000000000     
  3.132000000000000E-002   1.16300000000000     
  3.134000000000000E-002   1.16300000000000     
  3.136000000000001E-002   1.16300000000000     
  3.138000000000001E-002   1.16300000000000     
  3.140000000000000E-002   1.16300000000000     
  3.142000000000000E-002   1.16300000000000     
  3.144000000000000E-002   1.16300000000000     
  3.146000000000000E-002   1.16300000000000     
  3.148000000000000E-002   1.16300000000000     
  3.150000000000000E-002   1.16300000000000     
  3.152000000000000E-002   1.16300000000000     
  3.154000000000001E-002   1.16300000000000     
  3.156000000000000E-002   1.16300000000000     
  3.158000000000000E-002   1.16300000000000     
  3.160000000000000E-002   1.16300000000000     
  3.162000000000000E-002   1.16300000000000     
  3.164000000000000E-002   1.16300000000000     
  3.166000000000000E-002   1.16300000000000     
  3.168000000000000E-002   1.16300000000000     
  3.170000000000001E-002   1.16300000000000     
  3.172000000000001E-002   1.16300000000000     
  3.174000000000000E-002   1.16300000000000     
  3.176000000000000E-002   1.16300000000000     
  3.178000000000000E-002   1.16300000000000     
  3.180000000000000E-002   1.16300000000000     
  3.182000000000000E-002   1.16300000000000     
  3.184000000000000E-002   1.16300000000000     
  3.186000000000000E-002   1.16300000000000     
  3.188000000000001E-002   1.16300000000000     
  3.190000000000000E-002   1.16300000000000     
  3.192000000000000E-002   1.16300000000000     
  3.194000000000000E-002   1.16300000000000     
  3.196000000000000E-002   1.16300000000000     
  3.198000000000000E-002   1.16300000000000     
  3.200000000000000E-002   1.16300000000000     
  3.202000000000000E-002   1.16300000000000     
  3.204000000000001E-002   1.16300000000000     
  3.206000000000001E-002   1.16300000000000     
  3.208000000000000E-002   1.16300000000000     
  3.210000000000000E-002   1.16300000000000     
  3.212000000000000E-002   1.16300000000000     
  3.214000000000000E-002   1.16300000000000     
  3.216000000000000E-002   1.16300000000000     
  3.218000000000000E-002   1.16300000000000     
  3.220000000000000E-002   1.16300000000000     
  3.222000000000001E-002   1.16300000000000     
  3.224000000000000E-002   1.16300000000000     
  3.226000000000000E-002   1.16300000000000     
  3.228000000000000E-002   1.16300000000000     
  3.230000000000000E-002   1.16300000000000     
  3.232000000000000E-002   1.16300000000000     
  3.234000000000000E-002   1.16300000000000     
  3.236000000000000E-002   1.16300000000000     
  3.238000000000001E-002   1.16300000000000     
  3.240000000000001E-002   1.16300000000000     
  3.242000000000000E-002   1.16300000000000     
  3.244000000000000E-002   1.16300000000000     
  3.246000000000000E-002   1.16300000000000     
  3.248000000000000E-002   1.16300000000000     
  3.250000000000000E-002   1.16300000000000     
  3.252000000000000E-002   1.16300000000000     
  3.254000000000000E-002   1.16300000000000     
  3.256000000000001E-002   1.16300000000000     
  3.258000000000000E-002   1.16300000000000     
  3.260000000000000E-002   1.16300000000000     
  3.262000000000000E-002   1.16300000000000     
  3.264000000000000E-002   1.16300000000000     
  3.266000000000000E-002   1.16300000000000     
  3.268000000000000E-002   1.16300000000000     
  3.270000000000000E-002   1.16300000000000     
  3.272000000000001E-002   1.16300000000000     
  3.274000000000001E-002   1.16300000000000     
  3.276000000000000E-002   1.16300000000000     
  3.278000000000000E-002   1.16300000000000     
  3.280000000000000E-002   1.16300000000000     
  3.282000000000000E-002   1.16300000000000     
  3.284000000000000E-002   1.16300000000000     
  3.286000000000000E-002   1.16300000000000     
  3.288000000000000E-002   1.16300000000000     
  3.290000000000001E-002   1.16300000000000     
  3.292000000000000E-002   1.16300000000000     
  3.294000000000000E-002   1.16300000000000     
  3.296000000000000E-002   1.16300000000000     
  3.298000000000000E-002   1.16300000000000     
  3.300000000000000E-002   1.16300000000000     
  3.302000000000000E-002   1.16300000000000     
  3.304000000000000E-002   1.16300000000000     
  3.306000000000001E-002   1.16300000000000     
  3.308000000000001E-002   1.16300000000000     
  3.310000000000000E-002   1.16300000000000     
  3.312000000000000E-002   1.16300000000000     
  3.314000000000000E-002   1.16300000000000     
  3.316000000000000E-002   1.16300000000000     
  3.318000000000000E-002   1.16300000000000     
  3.320000000000000E-002   1.16300000000000     
  3.322000000000000E-002   1.16300000000000     
  3.324000000000001E-002   1.16300000000000     
  3.326000000000000E-002   1.16300000000000     
  3.328000000000000E-002   1.16300000000000     
  3.330000000000000E-002   1.16300000000000     
  3.332000000000000E-002   1.16300000000000     
  3.334000000000000E-002   1.16300000000000     
  3.336000000000000E-002   1.16300000000000     
  3.338000000000000E-002   1.16300000000000     
  3.340000000000001E-002   1.16300000000000     
  3.342000000000001E-002   1.16300000000000     
  3.344000000000000E-002   1.16300000000000     
  3.346000000000000E-002   1.16300000000000     
  3.348000000000000E-002   1.16300000000000     
  3.350000000000000E-002   1.16300000000000     
  3.352000000000000E-002   1.16300000000000     
  3.354000000000000E-002   1.16300000000000     
  3.356000000000000E-002   1.16300000000000     
  3.358000000000001E-002   1.16300000000000     
  3.360000000000000E-002   1.16300000000000     
  3.362000000000000E-002   1.16300000000000     
  3.364000000000000E-002   1.16300000000000     
  3.366000000000000E-002   1.16300000000000     
  3.368000000000000E-002   1.16300000000000     
  3.370000000000000E-002   1.16300000000000     
  3.372000000000000E-002   1.16300000000000     
  3.374000000000001E-002   1.16300000000000     
  3.376000000000001E-002   1.16300000000000     
  3.378000000000000E-002   1.16300000000000     
  3.380000000000000E-002   1.16300000000000     
  3.382000000000000E-002   1.16300000000000     
  3.384000000000000E-002   1.16300000000000     
  3.386000000000000E-002   1.16300000000000     
  3.388000000000000E-002   1.16300000000000     
  3.390000000000000E-002   1.16300000000000     
  3.392000000000001E-002   1.16300000000000     
  3.394000000000000E-002   1.16300000000000     
  3.396000000000000E-002   1.16300000000000     
  3.398000000000000E-002   1.16300000000000     
  3.400000000000000E-002   1.16300000000000     
  3.402000000000000E-002   1.16300000000000     
  3.404000000000000E-002   1.16300000000000     
  3.406000000000000E-002   1.16300000000000     
  3.408000000000001E-002   1.16300000000000     
  3.410000000000001E-002   1.16300000000000     
  3.412000000000000E-002   1.16300000000000     
  3.414000000000000E-002   1.16300000000000     
  3.416000000000000E-002   1.16300000000000     
  3.418000000000000E-002   1.16300000000000     
  3.420000000000000E-002   1.16300000000000     
  3.422000000000000E-002   1.16300000000000     
  3.424000000000000E-002   1.16300000000000     
  3.426000000000001E-002   1.16300000000000     
  3.428000000000000E-002   1.16300000000000     
  3.430000000000000E-002   1.16300000000000     
  3.432000000000000E-002   1.16300000000000     
  3.434000000000000E-002   1.16300000000000     
  3.436000000000000E-002   1.16300000000000     
  3.438000000000000E-002   1.16300000000000     
  3.440000000000000E-002   1.16300000000000     
  3.442000000000001E-002   1.16300000000000     
  3.444000000000001E-002   1.16300000000000     
  3.446000000000000E-002   1.16300000000000     
  3.448000000000000E-002   1.16300000000000     
  3.450000000000000E-002   1.16300000000000     
  3.452000000000000E-002   1.16300000000000     
  3.454000000000000E-002   1.16300000000000     
  3.456000000000000E-002   1.16300000000000     
  3.458000000000000E-002   1.16300000000000     
  3.460000000000001E-002   1.16300000000000     
  3.462000000000000E-002   1.16300000000000     
  3.464000000000000E-002   1.16300000000000     
  3.466000000000000E-002   1.16300000000000     
  3.468000000000000E-002   1.16300000000000     
  3.470000000000000E-002   1.16300000000000     
  3.472000000000000E-002   1.16300000000000     
  3.474000000000000E-002   1.16300000000000     
  3.476000000000001E-002   1.16300000000000     
  3.478000000000001E-002   1.16300000000000     
  3.480000000000000E-002   1.16300000000000     
  3.482000000000000E-002   1.16300000000000     
  3.484000000000000E-002   1.16300000000000     
  3.486000000000000E-002   1.16300000000000     
  3.488000000000000E-002   1.16300000000000     
  3.490000000000000E-002   1.16300000000000     
  3.492000000000000E-002   1.16300000000000     
  3.494000000000001E-002   1.16300000000000     
  3.496000000000000E-002   1.16300000000000     
  3.498000000000000E-002   1.16300000000000     
  3.500000000000000E-002   1.16300000000000     
  3.502000000000000E-002   1.16300000000000     
  3.504000000000000E-002   1.16300000000000     
  3.506000000000000E-002   1.16300000000000     
  3.508000000000000E-002   1.16300000000000     
  3.510000000000001E-002   1.16300000000000     
  3.512000000000001E-002   1.16300000000000     
  3.514000000000000E-002   1.16300000000000     
  3.516000000000000E-002   1.16300000000000     
  3.518000000000000E-002   1.16300000000000     
  3.520000000000000E-002   1.16300000000000     
  3.522000000000000E-002   1.16300000000000     
  3.524000000000000E-002   1.16300000000000     
  3.526000000000000E-002   1.16300000000000     
  3.528000000000001E-002   1.16300000000000     
  3.530000000000000E-002   1.16300000000000     
  3.532000000000000E-002   1.16300000000000     
  3.534000000000000E-002   1.16300000000000     
  3.536000000000000E-002   1.16300000000000     
  3.538000000000000E-002   1.16300000000000     
  3.540000000000000E-002   1.16300000000000     
  3.542000000000000E-002   1.16300000000000     
  3.544000000000001E-002   1.16300000000000     
  3.546000000000001E-002   1.16300000000000     
  3.548000000000000E-002   1.16300000000000     
  3.550000000000000E-002   1.16300000000000     
  3.552000000000000E-002   1.16300000000000     
  3.554000000000000E-002   1.16300000000000     
  3.556000000000000E-002   1.16300000000000     
  3.558000000000000E-002   1.16300000000000     
  3.560000000000000E-002   1.16300000000000     
  3.562000000000001E-002   1.16300000000000     
  3.564000000000001E-002   1.16300000000000     
  3.566000000000000E-002   1.16300000000000     
  3.568000000000000E-002   1.16300000000000     
  3.570000000000000E-002   1.16300000000000     
  3.572000000000000E-002   1.16300000000000     
  3.574000000000000E-002   1.16300000000000     
  3.576000000000000E-002   1.16300000000000     
  3.578000000000001E-002   1.16300000000000     
  3.580000000000001E-002   1.16300000000000     
  3.582000000000000E-002   1.16300000000000     
  3.584000000000000E-002   1.16300000000000     
  3.586000000000000E-002   1.16300000000000     
  3.588000000000000E-002   1.16300000000000     
  3.590000000000000E-002   1.16300000000000     
  3.592000000000000E-002   1.16300000000000     
  3.594000000000000E-002   1.16300000000000     
  3.596000000000001E-002   1.16300000000000     
  3.598000000000001E-002   1.16300000000000     
  3.600000000000000E-002   1.16300000000000     
  3.602000000000000E-002   1.16300000000000     
  3.604000000000000E-002   1.16300000000000     
  3.606000000000000E-002   1.16300000000000     
  3.608000000000000E-002   1.16300000000000     
  3.610000000000000E-002   1.16300000000000     
  3.612000000000001E-002   1.16300000000000     
  3.614000000000001E-002   1.16300000000000     
  3.616000000000000E-002   1.16300000000000     
  3.618000000000000E-002   1.16300000000000     
  3.620000000000000E-002   1.16300000000000     
  3.622000000000000E-002   1.16300000000000     
  3.624000000000000E-002   1.16300000000000     
  3.626000000000000E-002   1.16300000000000     
  3.628000000000000E-002   1.16300000000000     
  3.630000000000001E-002   1.16300000000000     
  3.632000000000001E-002   1.16300000000000     
  3.634000000000000E-002   1.16300000000000     
  3.636000000000000E-002   1.16300000000000     
  3.638000000000000E-002   1.16300000000000     
  3.640000000000000E-002   1.16300000000000     
  3.642000000000000E-002   1.16300000000000     
  3.644000000000000E-002   1.16300000000000     
  3.646000000000001E-002   1.16300000000000     
  3.648000000000001E-002   1.16300000000000     
  3.650000000000000E-002   1.16300000000000     
  3.652000000000000E-002   1.16300000000000     
  3.654000000000000E-002   1.16300000000000     
  3.656000000000000E-002   1.16300000000000     
  3.658000000000000E-002   1.16300000000000     
  3.660000000000000E-002   1.16300000000000     
  3.662000000000000E-002   1.16300000000000     
  3.664000000000001E-002   1.16300000000000     
  3.666000000000001E-002   1.16300000000000     
  3.668000000000000E-002   1.16300000000000     
  3.670000000000000E-002   1.16300000000000     
  3.672000000000000E-002   1.16300000000000     
  3.674000000000000E-002   1.16300000000000     
  3.676000000000000E-002   1.16300000000000     
  3.678000000000000E-002   1.16300000000000     
  3.680000000000001E-002   1.16300000000000     
  3.682000000000001E-002   1.16300000000000     
  3.684000000000000E-002   1.16300000000000     
  3.686000000000000E-002   1.16300000000000     
  3.688000000000000E-002   1.16300000000000     
  3.690000000000000E-002   1.16300000000000     
  3.692000000000000E-002   1.16300000000000     
  3.694000000000000E-002   1.16300000000000     
  3.696000000000000E-002   1.16300000000000     
  3.698000000000001E-002   1.16300000000000     
  3.700000000000001E-002   1.16300000000000     
  3.702000000000000E-002   1.16300000000000     
  3.704000000000000E-002   1.16300000000000     
  3.706000000000000E-002   1.16300000000000     
  3.708000000000000E-002   1.16300000000000     
  3.710000000000000E-002   1.16300000000000     
  3.712000000000000E-002   1.16300000000000     
  3.714000000000001E-002   1.16300000000000     
  3.716000000000001E-002   1.16300000000000     
  3.718000000000000E-002   1.16300000000000     
  3.720000000000000E-002   1.16300000000000     
  3.722000000000000E-002   1.16300000000000     
  3.724000000000000E-002   1.16300000000000     
  3.726000000000000E-002   1.16300000000000     
  3.728000000000000E-002   1.16300000000000     
  3.730000000000000E-002   1.16300000000000     
  3.732000000000001E-002   1.16300000000000     
  3.734000000000001E-002   1.16300000000000     
  3.736000000000000E-002   1.16300000000000     
  3.738000000000000E-002   1.16300000000000     
  3.740000000000000E-002   1.16300000000000     
  3.742000000000000E-002   1.16300000000000     
  3.744000000000000E-002   1.16300000000000     
  3.746000000000000E-002   1.16300000000000     
  3.748000000000001E-002   1.16300000000000     
  3.750000000000001E-002   1.16300000000000     
  3.752000000000000E-002   1.16300000000000     
  3.754000000000000E-002   1.16300000000000     
  3.756000000000000E-002   1.16300000000000     
  3.758000000000000E-002   1.16300000000000     
  3.760000000000000E-002   1.16300000000000     
  3.762000000000000E-002   1.16300000000000     
  3.764000000000000E-002   1.16300000000000     
  3.766000000000001E-002   1.16300000000000     
  3.768000000000001E-002   1.16300000000000     
  3.770000000000000E-002   1.16300000000000     
  3.772000000000000E-002   1.16300000000000     
  3.774000000000000E-002   1.16300000000000     
  3.776000000000000E-002   1.16300000000000     
  3.778000000000000E-002   1.16300000000000     
  3.780000000000000E-002   1.16300000000000     
  3.782000000000001E-002   1.16300000000000     
  3.784000000000001E-002   1.16300000000000     
  3.786000000000000E-002   1.16300000000000     
  3.788000000000000E-002   1.16300000000000     
  3.790000000000000E-002   1.16300000000000     
  3.792000000000000E-002   1.16300000000000     
  3.794000000000000E-002   1.16300000000000     
  3.796000000000000E-002   1.16300000000000     
  3.798000000000000E-002   1.16300000000000     
  3.800000000000001E-002   1.16300000000000     
  3.802000000000001E-002   1.16300000000000     
  3.804000000000000E-002   1.16300000000000     
  3.806000000000000E-002   1.16300000000000     
  3.808000000000000E-002   1.16300000000000     
  3.810000000000000E-002   1.16300000000000     
  3.812000000000000E-002   1.16300000000000     
  3.814000000000000E-002   1.16300000000000     
  3.816000000000001E-002   1.16300000000000     
  3.818000000000001E-002   1.16300000000000     
  3.820000000000000E-002   1.16300000000000     
  3.822000000000000E-002   1.16300000000000     
  3.824000000000000E-002   1.16300000000000     
  3.826000000000000E-002   1.16300000000000     
  3.828000000000000E-002   1.16300000000000     
  3.830000000000000E-002   1.16300000000000     
  3.832000000000000E-002   1.16300000000000     
  3.834000000000001E-002   1.16300000000000     
  3.836000000000001E-002   1.16300000000000     
  3.838000000000000E-002   1.16300000000000     
  3.840000000000000E-002   1.16300000000000     
  3.842000000000000E-002   1.16300000000000     
  3.844000000000000E-002   1.16300000000000     
  3.846000000000000E-002   1.16300000000000     
  3.848000000000000E-002   1.16300000000000     
  3.850000000000001E-002   1.16300000000000     
  3.852000000000001E-002   1.16300000000000     
  3.854000000000000E-002   1.16300000000000     
  3.856000000000000E-002   1.16300000000000     
  3.858000000000000E-002   1.16300000000000     
  3.860000000000000E-002   1.16300000000000     
  3.862000000000000E-002   1.16300000000000     
  3.864000000000000E-002   1.16300000000000     
  3.866000000000000E-002   1.16300000000000     
  3.868000000000001E-002   1.16300000000000     
  3.870000000000001E-002   1.16300000000000     
  3.872000000000000E-002   1.16300000000000     
  3.874000000000000E-002   1.16300000000000     
  3.876000000000000E-002   1.16300000000000     
  3.878000000000000E-002   1.16300000000000     
  3.880000000000000E-002   1.16300000000000     
  3.882000000000000E-002   1.16300000000000     
  3.884000000000001E-002   1.16300000000000     
  3.886000000000001E-002   1.16300000000000     
  3.888000000000000E-002   1.16300000000000     
  3.890000000000000E-002   1.16300000000000     
  3.892000000000000E-002   1.16300000000000     
  3.894000000000000E-002   1.16300000000000     
  3.896000000000000E-002   1.16300000000000     
  3.898000000000000E-002   1.16300000000000     
  3.900000000000000E-002   1.16300000000000     
  3.902000000000001E-002   1.16300000000000     
  3.904000000000001E-002   1.16300000000000     
  3.906000000000000E-002   1.16300000000000     
  3.908000000000000E-002   1.16300000000000     
  3.910000000000000E-002   1.16300000000000     
  3.912000000000000E-002   1.16300000000000     
  3.914000000000000E-002   1.16300000000000     
  3.916000000000000E-002   1.16300000000000     
  3.918000000000001E-002   1.16300000000000     
  3.920000000000001E-002   1.16300000000000     
  3.922000000000000E-002   1.16300000000000     
  3.924000000000000E-002   1.16300000000000     
  3.926000000000000E-002   1.16300000000000     
  3.928000000000000E-002   1.16300000000000     
  3.930000000000000E-002   1.16300000000000     
  3.932000000000000E-002   1.16300000000000     
  3.934000000000000E-002   1.16300000000000     
  3.936000000000001E-002   1.16300000000000     
  3.938000000000001E-002   1.16300000000000     
  3.940000000000000E-002   1.16300000000000     
  3.942000000000000E-002   1.16300000000000     
  3.944000000000000E-002   1.16300000000000     
  3.946000000000000E-002   1.16300000000000     
  3.948000000000000E-002   1.16300000000000     
  3.950000000000000E-002   1.16300000000000     
  3.952000000000001E-002   1.16300000000000     
  3.954000000000001E-002   1.16300000000000     
  3.956000000000000E-002   1.16300000000000     
  3.958000000000000E-002   1.16300000000000     
  3.960000000000000E-002   1.16300000000000     
  3.962000000000000E-002   1.16300000000000     
  3.964000000000000E-002   1.16300000000000     
  3.966000000000000E-002   1.16300000000000     
  3.968000000000000E-002   1.16300000000000     
  3.970000000000001E-002   1.16300000000000     
  3.972000000000001E-002   1.16300000000000     
  3.974000000000000E-002   1.16300000000000     
  3.976000000000000E-002   1.16300000000000     
  3.978000000000000E-002   1.16300000000000     
  3.980000000000000E-002   1.16300000000000     
  3.982000000000000E-002   1.16300000000000     
  3.984000000000000E-002   1.16300000000000     
  3.986000000000001E-002   1.16300000000000     
  3.988000000000001E-002   1.16300000000000     
  3.990000000000000E-002   1.16300000000000     
  3.992000000000000E-002   1.16300000000000     
  3.994000000000000E-002   1.16300000000000     
  3.996000000000000E-002   1.16300000000000     
  3.998000000000000E-002   1.16300000000000     
  4.000000000000000E-002   1.16299860394384     
