  0.000000000000000E+000   3.32999991581340     
  2.000000000000000E-005   3.32998011148497     
  4.000000000000000E-005   3.32995872253224     
  6.000000000000001E-005   3.32993607511665     
  8.000000000000001E-005   3.32989323079093     
  1.000000000000000E-004   3.32982961793826     
  1.200000000000000E-004   3.32972946473049     
  1.400000000000000E-004   3.32957867344463     
  1.600000000000000E-004   3.32935368887466     
  1.800000000000000E-004   3.32902543476989     
  2.000000000000000E-004   3.32855523342268     
  2.200000000000000E-004   3.32789527084039     
  2.400000000000000E-004   3.32698721157071     
  2.600000000000000E-004   3.32576246154234     
  2.800000000000000E-004   3.32414157121674     
  3.000000000000000E-004   3.32211517887194     
  3.200000000000000E-004   3.32021159835845     
  3.400000000000000E-004   3.31862198536525     
  3.600000000000000E-004   3.31737277616730     
  3.800000000000000E-004   3.31646372717470     
  4.000000000000000E-004   3.31586861715283     
  4.200000000000000E-004   3.31553694859173     
  4.400000000000000E-004   3.31540076862732     
  4.600000000000000E-004   3.31537636787988     
  4.800000000000001E-004   3.31546024809279     
  5.000000000000000E-004   3.31581437761238     
  5.200000000000001E-004   3.31660916951324     
  5.400000000000000E-004   3.31797561569833     
  5.600000000000001E-004   3.31979641074557     
  5.800000000000000E-004   3.32141891826990     
  6.000000000000001E-004   3.32276529780770     
  6.200000000000000E-004   3.32387600587116     
  6.400000000000001E-004   3.32478877347745     
  6.600000000000001E-004   3.32553713599525     
  6.800000000000000E-004   3.32615022757946     
  7.000000000000001E-004   3.32665275893804     
  7.200000000000000E-004   3.32706539842250     
  7.400000000000001E-004   3.32740504983492     
  7.600000000000000E-004   3.32768558133596     
  7.800000000000001E-004   3.32791801431334     
  8.000000000000000E-004   3.32811120469087     
  8.200000000000001E-004   3.32827235734901     
  8.400000000000000E-004   3.32840734083212     
  8.600000000000001E-004   3.32852092503454     
  8.800000000000000E-004   3.32861690558444     
  9.000000000000001E-004   3.32869827050257     
  9.200000000000000E-004   3.32876737215059     
  9.400000000000001E-004   3.32882609845726     
  9.600000000000001E-004   3.32887607551960     
  9.800000000000002E-004   3.32891881791098     
  1.000000000000000E-003   3.32895586817076     
  1.020000000000000E-003   3.32898880201181     
  1.040000000000000E-003   3.32901913628942     
  1.060000000000000E-003   3.32904812993767     
  1.080000000000000E-003   3.32907654458892     
  1.100000000000000E-003   3.32910466192587     
  1.120000000000000E-003   3.32913224682467     
  1.140000000000000E-003   3.32915856768213     
  1.160000000000000E-003   3.32918248456600     
  1.180000000000000E-003   3.32920268272300     
  1.200000000000000E-003   3.32921836952121     
  1.220000000000000E-003   3.32922900026996     
  1.240000000000000E-003   3.32923483253229     
  1.260000000000000E-003   3.32923705920651     
  1.280000000000000E-003   3.32923712040716     
  1.300000000000000E-003   3.32923453059729     
  1.320000000000000E-003   3.32922677119831     
  1.340000000000000E-003   3.32921056752152     
  1.360000000000000E-003   3.32918129271557     
  1.380000000000000E-003   3.32913253197367     
  1.400000000000000E-003   3.32905555825533     
  1.420000000000000E-003   3.32893860877406     
  1.440000000000000E-003   3.32876610690053     
  1.460000000000000E-003   3.32851807472104     
  1.480000000000000E-003   3.32816971422290     
  1.500000000000000E-003   3.32769172001678     
  1.520000000000000E-003   3.32705111544703     
  1.540000000000000E-003   3.32621280272757     
  1.560000000000000E-003   3.32514185285912     
  1.580000000000000E-003   3.32380638659612     
  1.600000000000000E-003   3.32218054179259     
  1.620000000000000E-003   3.32024712150088     
  1.640000000000000E-003   3.31799943836594     
  1.660000000000000E-003   3.31544196919083     
  1.680000000000000E-003   3.31258968722694     
  1.700000000000000E-003   3.30946621302795     
  1.720000000000000E-003   3.30610118119084     
  1.740000000000000E-003   3.30252740732888     
  1.760000000000000E-003   3.29877845373357     
  1.780000000000000E-003   3.29488702368668     
  1.800000000000000E-003   3.29088436806486     
  1.820000000000000E-003   3.28680042982997     
  1.840000000000000E-003   3.28266127366679     
  1.860000000000000E-003   3.27848880633001     
  1.880000000000000E-003   3.27429954731703     
  1.900000000000000E-003   3.27012469942880     
  1.920000000000000E-003   3.26597723646423     
  1.940000000000000E-003   3.26186178369191     
  1.960000000000000E-003   3.25777796506771     
  1.980000000000000E-003   3.25372369364383     
  2.000000000000000E-003   3.24969716064749     
  2.020000000000000E-003   3.24569680219861     
  2.040000000000000E-003   3.24172102005890     
  2.060000000000000E-003   3.23776758343446     
  2.080000000000000E-003   3.23383308617770     
  2.100000000000000E-003   3.22991379094561     
  2.120000000000000E-003   3.22600544494165     
  2.140000000000000E-003   3.22210489786004     
  2.160000000000000E-003   3.21820715684179     
  2.180000000000000E-003   3.21430893873960     
  2.200000000000000E-003   3.21040919615031     
  2.220000000000000E-003   3.20651103246916     
  2.240000000000000E-003   3.20262223425827     
  2.260000000000000E-003   3.19874876899216     
  2.280000000000000E-003   3.19489863276678     
  2.300000000000000E-003   3.19108039217046     
  2.320000000000000E-003   3.18730276656671     
  2.340000000000000E-003   3.18357418947993     
  2.360000000000000E-003   3.17990237443676     
  2.380000000000000E-003   3.17629400738636     
  2.400000000000000E-003   3.17275449588779     
  2.420000000000000E-003   3.16928770348384     
  2.440000000000000E-003   3.16589568958691     
  2.460000000000000E-003   3.16257858853299     
  2.480000000000000E-003   3.15933463570351     
  2.500000000000000E-003   3.15616033417739     
  2.520000000000000E-003   3.15305062464295     
  2.540000000000000E-003   3.14999903615365     
  2.560000000000000E-003   3.14699794408615     
  2.580000000000000E-003   3.14403867239911     
  2.600000000000000E-003   3.14111221407896     
  2.620000000000000E-003   3.13820924578758     
  2.640000000000000E-003   3.13532168197764     
  2.660000000000000E-003   3.13244263765654     
  2.680000000000000E-003   3.12956786580507     
  2.700000000000000E-003   3.12669154655705     
  2.720000000000000E-003   3.12380117479502     
  2.740000000000000E-003   3.12088004476069     
  2.760000000000000E-003   3.11790734753336     
  2.780000000000000E-003   3.11485887410560     
  2.800000000000000E-003   3.11170436540817     
  2.820000000000000E-003   3.10841473144235     
  2.840000000000000E-003   3.10496328850616     
  2.860000000000000E-003   3.10133317119355     
  2.880000000000000E-003   3.09751128135547     
  2.900000000000000E-003   3.09351818185861     
  2.920000000000000E-003   3.08936162548621     
  2.940000000000000E-003   3.08503932625658     
  2.960000000000000E-003   3.08060454220403     
  2.980000000000000E-003   3.07613492514189     
  3.000000000000000E-003   3.07164623819257     
  3.020000000000000E-003   3.06713476198534     
  3.040000000000000E-003   3.06261774713771     
  3.060000000000000E-003   3.05812155781539     
  3.080000000000000E-003   3.05365948257440     
  3.100000000000000E-003   3.04923705080779     
  3.120000000000000E-003   3.04485627801721     
  3.140000000000000E-003   3.04051346092784     
  3.160000000000000E-003   3.03620334512346     
  3.180000000000000E-003   3.03191895765508     
  3.200000000000000E-003   3.02765221446241     
  3.220000000000000E-003   3.02339484844900     
  3.240000000000000E-003   3.01913906978618     
  3.260000000000000E-003   3.01487621669719     
  3.280000000000000E-003   3.01058908081469     
  3.300000000000000E-003   3.00625336628187     
  3.320000000000000E-003   3.00184310364631     
  3.340000000000000E-003   2.99733624655306     
  3.360000000000000E-003   2.99271763864429     
  3.380000000000000E-003   2.98798054741829     
  3.400000000000000E-003   2.98312662969454     
  3.420000000000000E-003   2.97816366303372     
  3.440000000000000E-003   2.97310380749175     
  3.460000000000000E-003   2.96796093367335     
  3.480000000000000E-003   2.96274780679726     
  3.500000000000000E-003   2.95747555572378     
  3.520000000000000E-003   2.95215151735220     
  3.540000000000000E-003   2.94680194967801     
  3.560000000000000E-003   2.94148207530446     
  3.580000000000000E-003   2.93621390554646     
  3.600000000000000E-003   2.93100632021209     
  3.620000000000000E-003   2.92585877303656     
  3.640000000000000E-003   2.92077092562397     
  3.660000000000000E-003   2.91574290532856     
  3.680000000000000E-003   2.91077524211453     
  3.700000000000000E-003   2.90586892877524     
  3.720000000000000E-003   2.90102546515575     
  3.740000000000000E-003   2.89624683411531     
  3.760000000000000E-003   2.89153534336406     
  3.780000000000000E-003   2.88689336974650     
  3.800000000000000E-003   2.88232308143658     
  3.820000000000000E-003   2.87782618804793     
  3.840000000000001E-003   2.87340387472977     
  3.860000000000000E-003   2.86905671509506     
  3.880000000000000E-003   2.86478503837489     
  3.900000000000000E-003   2.86058932763302     
  3.920000000000001E-003   2.85647059443929     
  3.940000000000000E-003   2.85243091439732     
  3.960000000000000E-003   2.84847368335125     
  3.980000000000000E-003   2.84460338322591     
  4.000000000000000E-003   2.84082498201923     
  4.020000000000000E-003   2.83714317051909     
  4.040000000000000E-003   2.83356175716694     
  4.060000000000000E-003   2.83008356664072     
  4.080000000000000E-003   2.82671087445528     
  4.100000000000000E-003   2.82344625712140     
  4.120000000000000E-003   2.82029341849470     
  4.140000000000000E-003   2.81725735433241     
  4.160000000000001E-003   2.81434314748380     
  4.180000000000001E-003   2.81155150793213     
  4.200000000000001E-003   2.80887413934513     
  4.220000000000001E-003   2.80630263943781     
  4.240000000000001E-003   2.80383063654681     
  4.260000000000001E-003   2.80145809764544     
  4.280000000000000E-003   2.79919959526734     
  4.300000000000000E-003   2.79708618649405     
  4.320000000000000E-003   2.79515905547078     
  4.340000000000000E-003   2.79345791418607     
  4.360000000000000E-003   2.79200564745527     
  4.380000000000000E-003   2.79079452539729     
  4.400000000000000E-003   2.78978560456633     
  4.420000000000000E-003   2.78891454043137     
  4.440000000000000E-003   2.78811487008964     
  4.460000000000000E-003   2.78733071427398     
  4.480000000000000E-003   2.78652943836363     
  4.500000000000001E-003   2.78564567080649     
  4.520000000000001E-003   2.78452972665568     
  4.540000000000001E-003   2.78311969866645     
  4.560000000000001E-003   2.78135855942307     
  4.580000000000001E-003   2.77939178595452     
  4.600000000000001E-003   2.77746993630755     
  4.620000000000000E-003   2.77567590421121     
  4.640000000000000E-003   2.77402359682428     
  4.660000000000000E-003   2.77250576196567     
  4.680000000000000E-003   2.77110312003098     
  4.700000000000000E-003   2.76979041163450     
  4.720000000000000E-003   2.76853684822970     
  4.740000000000000E-003   2.76731354717530     
  4.760000000000000E-003   2.76609206828498     
  4.780000000000000E-003   2.76479404787149     
  4.800000000000000E-003   2.76325767382981     
  4.820000000000000E-003   2.76167607691088     
  4.840000000000001E-003   2.76040566401207     
  4.860000000000001E-003   2.75957397540344     
  4.880000000000001E-003   2.75917489693550     
  4.900000000000001E-003   2.75910349818228     
  4.920000000000001E-003   2.75921085793478     
  4.940000000000001E-003   2.75957847752777     
  4.960000000000000E-003   2.76024187307471     
  4.980000000000000E-003   2.76119122309235     
  5.000000000000000E-003   2.76239611916059     
  5.020000000000000E-003   2.76381965297397     
  5.040000000000000E-003   2.76542929809738     
  5.060000000000000E-003   2.76721529020006     
  5.080000000000000E-003   2.76921762744433     
  5.100000000000000E-003   2.77152197699028     
  5.120000000000000E-003   2.77427919784829     
  5.140000000000000E-003   2.77816930763183     
  5.160000000000001E-003   2.78740060222243     
  5.180000000000001E-003   2.82449688561656     
  5.200000000000001E-003   2.96372837604191     
  5.220000000000001E-003   3.15506219583660     
  5.240000000000001E-003   3.24173091027894     
  5.260000000000001E-003   3.27267807216839     
  5.280000000000001E-003   3.28706112528249     
  5.300000000000000E-003   3.29721655626506     
  5.320000000000000E-003   3.30635896802540     
  5.340000000000000E-003   3.31510170176548     
  5.360000000000000E-003   3.32309082393910     
  5.380000000000000E-003   3.33022497360653     
  5.400000000000000E-003   3.33566864801881     
  5.420000000000000E-003   3.33888881342248     
  5.440000000000000E-003   3.34034549223161     
  5.460000000000000E-003   3.34042470715958     
  5.480000000000000E-003   3.33994812723429     
  5.500000000000001E-003   3.33897798370962     
  5.520000000000001E-003   3.33744943685465     
  5.540000000000001E-003   3.33615172671586     
  5.560000000000001E-003   3.33550372859293     
  5.580000000000001E-003   3.33598566726870     
  5.600000000000001E-003   3.33925263187738     
  5.620000000000001E-003   3.34866510251211     
  5.640000000000000E-003   3.36941465432974     
  5.660000000000000E-003   3.40530295584201     
  5.680000000000000E-003   3.43806311021721     
  5.700000000000000E-003   3.45765974603412     
  5.720000000000000E-003   3.46718848958825     
  5.740000000000000E-003   3.47079076332189     
  5.760000000000000E-003   3.47118023862136     
  5.780000000000000E-003   3.47002139589666     
  5.800000000000000E-003   3.46487132262435     
  5.820000000000001E-003   3.45660116678546     
  5.840000000000001E-003   3.44805504578668     
  5.860000000000001E-003   3.43993413578055     
  5.880000000000001E-003   3.43204362928152     
  5.900000000000001E-003   3.42431340321967     
  5.920000000000001E-003   3.41675161430708     
  5.940000000000001E-003   3.40939751407261     
  5.960000000000001E-003   3.40229712878308     
  5.980000000000000E-003   3.39549168389427     
  6.000000000000000E-003   3.38901290238451     
  6.020000000000000E-003   3.38288217830488     
  6.040000000000000E-003   3.37711194120444     
  6.060000000000000E-003   3.37170716669328     
  6.080000000000000E-003   3.36666555902535     
  6.100000000000000E-003   3.36197715856716     
  6.120000000000000E-003   3.35762457349577     
  6.140000000000000E-003   3.35358537718350     
  6.160000000000001E-003   3.34983649611602     
  6.180000000000001E-003   3.34635726689675     
  6.200000000000001E-003   3.34313365784309     
  6.220000000000001E-003   3.34014936297917     
  6.240000000000001E-003   3.33740435388492     
  6.260000000000001E-003   3.33491111387715     
  6.280000000000001E-003   3.33268656629279     
  6.300000000000001E-003   3.33074757482201     
  6.320000000000000E-003   3.32909045794402     
  6.340000000000000E-003   3.32770059256194     
  6.360000000000000E-003   3.32652445190302     
  6.380000000000000E-003   3.32552715785912     
  6.400000000000000E-003   3.32460449938747     
  6.420000000000000E-003   3.32376757481226     
  6.440000000000000E-003   3.32293187378079     
  6.460000000000000E-003   3.32207781976874     
  6.480000000000001E-003   3.32113328062444     
  6.500000000000001E-003   3.32002499893837     
  6.520000000000001E-003   3.31872700062664     
  6.540000000000001E-003   3.31718108910874     
  6.560000000000001E-003   3.31534318196656     
  6.580000000000001E-003   3.31311756244723     
  6.600000000000001E-003   3.31037106585507     
  6.620000000000001E-003   3.30748408316226     
  6.640000000000001E-003   3.30479974263797     
  6.660000000000000E-003   3.30234049300332     
  6.680000000000000E-003   3.30007609924752     
  6.700000000000000E-003   3.29800819706302     
  6.720000000000000E-003   3.29616321244594     
  6.740000000000000E-003   3.29472747806606     
  6.760000000000000E-003   3.29375789976331     
  6.780000000000000E-003   3.29377101853265     
  6.800000000000000E-003   3.29428502258734     
  6.820000000000001E-003   3.29459693647698     
  6.840000000000001E-003   3.29452715381869     
  6.860000000000001E-003   3.29414651076932     
  6.880000000000001E-003   3.29348081943043     
  6.900000000000001E-003   3.29241679444910     
  6.920000000000001E-003   3.29093561631079     
  6.940000000000001E-003   3.28913049878604     
  6.960000000000001E-003   3.28709095529919     
  6.980000000000001E-003   3.28484514872166     
  7.000000000000000E-003   3.28232067861771     
  7.020000000000000E-003   3.28012647065847     
  7.040000000000000E-003   3.27886634795046     
  7.060000000000000E-003   3.27875351794488     
  7.080000000000000E-003   3.27993554568033     
  7.100000000000000E-003   3.28308674222056     
  7.120000000000000E-003   3.28872790743103     
  7.140000000000001E-003   3.29727035405718     
  7.160000000000001E-003   3.30895306000252     
  7.180000000000001E-003   3.32300006533957     
  7.200000000000001E-003   3.33537115162981     
  7.220000000000001E-003   3.34475341500330     
  7.240000000000001E-003   3.35167818708442     
  7.260000000000001E-003   3.35671465297579     
  7.280000000000001E-003   3.36033240623585     
  7.300000000000001E-003   3.36289742140977     
  7.320000000000001E-003   3.36468200457313     
  7.340000000000000E-003   3.36588302406610     
  7.360000000000000E-003   3.36667725777963     
  7.380000000000000E-003   3.36724506119663     
  7.400000000000000E-003   3.36770964929572     
  7.420000000000000E-003   3.36811155627685     
  7.440000000000000E-003   3.36845664573966     
  7.460000000000000E-003   3.36872038170240     
  7.480000000000001E-003   3.36887558102609     
  7.500000000000001E-003   3.36892003694828     
  7.520000000000001E-003   3.36889163087304     
  7.540000000000001E-003   3.36881743209453     
  7.560000000000001E-003   3.36872354319109     
  7.580000000000001E-003   3.36861855858030     
  7.600000000000001E-003   3.36851024586438     
  7.620000000000001E-003   3.36840690299431     
  7.640000000000001E-003   3.36832517179443     
  7.660000000000001E-003   3.36829455863045     
  7.680000000000001E-003   3.36831591980948     
  7.700000000000000E-003   3.36837255574617     
  7.720000000000000E-003   3.36848572200080     
  7.740000000000000E-003   3.36864685162428     
  7.760000000000000E-003   3.36884721278338     
  7.780000000000000E-003   3.36908229149809     
  7.800000000000001E-003   3.36927923166486     
  7.820000000000001E-003   3.36939840249157     
  7.840000000000001E-003   3.36935237964627     
  7.860000000000001E-003   3.36918127157407     
  7.880000000000000E-003   3.36880688572903     
  7.900000000000001E-003   3.36824709982714     
  7.920000000000000E-003   3.36748758394478     
  7.940000000000001E-003   3.36653509042000     
  7.960000000000000E-003   3.36540920561293     
  7.980000000000001E-003   3.36410258669644     
  8.000000000000000E-003   3.36262805882640     
  8.020000000000001E-003   3.36101065151766     
  8.040000000000000E-003   3.35928426621686     
  8.060000000000001E-003   3.35748219399430     
  8.080000000000000E-003   3.35569464166249     
  8.100000000000001E-003   3.35407219598045     
  8.120000000000000E-003   3.35267278468978     
  8.140000000000001E-003   3.35158324569053     
  8.160000000000001E-003   3.35095897307745     
  8.180000000000002E-003   3.35094523737421     
  8.200000000000001E-003   3.35148038667800     
  8.220000000000000E-003   3.35273049384615     
  8.240000000000001E-003   3.35487211233270     
  8.260000000000000E-003   3.35808249857635     
  8.280000000000001E-003   3.36258051190688     
  8.300000000000000E-003   3.36861978982327     
  8.320000000000001E-003   3.37646039536872     
  8.340000000000000E-003   3.38631675261264     
  8.360000000000001E-003   3.39700851452499     
  8.380000000000000E-003   3.40695762691829     
  8.400000000000001E-003   3.41581337868675     
  8.420000000000000E-003   3.42362934292516     
  8.440000000000001E-003   3.43055772876318     
  8.460000000000001E-003   3.43677330763090     
  8.480000000000001E-003   3.44238803296450     
  8.500000000000001E-003   3.44731240535533     
  8.520000000000002E-003   3.45141720642637     
  8.540000000000001E-003   3.45467073989092     
  8.560000000000000E-003   3.45713330573808     
  8.580000000000001E-003   3.45873886500045     
  8.600000000000000E-003   3.45949589124040     
  8.620000000000001E-003   3.45968714700651     
  8.640000000000000E-003   3.45942373994881     
  8.660000000000001E-003   3.45863876901450     
  8.680000000000000E-003   3.45740518375581     
  8.700000000000001E-003   3.45584897380721     
  8.720000000000000E-003   3.45406854097056     
  8.740000000000001E-003   3.45222224242691     
  8.760000000000000E-003   3.45043533141963     
  8.780000000000001E-003   3.44871360992466     
  8.800000000000001E-003   3.44698907742777     
  8.820000000000001E-003   3.44520186667330     
  8.840000000000001E-003   3.44323207850905     
  8.860000000000002E-003   3.44099827516960     
  8.880000000000001E-003   3.43846087039757     
  8.900000000000000E-003   3.43560268795812     
  8.920000000000001E-003   3.43243906243466     
  8.940000000000000E-003   3.42902755248201     
  8.960000000000001E-003   3.42544281158736     
  8.980000000000000E-003   3.42176009333391     
  9.000000000000001E-003   3.41803997898277     
  9.020000000000000E-003   3.41430313463552     
  9.040000000000001E-003   3.41054237472195     
  9.060000000000000E-003   3.40685276981452     
  9.080000000000001E-003   3.40330989467212     
  9.100000000000000E-003   3.39997747161953     
  9.120000000000001E-003   3.39690280828348     
  9.140000000000001E-003   3.39411594546386     
  9.160000000000001E-003   3.39162729453146     
  9.180000000000001E-003   3.38942915080749     
  9.200000000000002E-003   3.38748925677326     
  9.220000000000001E-003   3.38576337920150     
  9.240000000000000E-003   3.38419143864379     
  9.260000000000001E-003   3.38271580010061     
  9.280000000000000E-003   3.38129300303957     
  9.300000000000001E-003   3.37988120404303     
  9.320000000000000E-003   3.37843582361127     
  9.340000000000001E-003   3.37686329887348     
  9.360000000000000E-003   3.37503191266130     
  9.380000000000001E-003   3.37283917419875     
  9.400000000000000E-003   3.37023073904155     
  9.420000000000001E-003   3.36719565164162     
  9.440000000000000E-003   3.36374139201359     
  9.460000000000001E-003   3.35989284292511     
  9.480000000000001E-003   3.35568414839652     
  9.500000000000001E-003   3.35114363316382     
  9.520000000000001E-003   3.34647669517356     
  9.540000000000002E-003   3.34196308729397     
  9.560000000000001E-003   3.33761889665202     
  9.580000000000000E-003   3.33345252152507     
  9.600000000000001E-003   3.32946934079720     
  9.620000000000000E-003   3.32567543866016     
  9.640000000000001E-003   3.32208575361276     
  9.660000000000000E-003   3.31872441310907     
  9.680000000000001E-003   3.31561841446152     
  9.700000000000000E-003   3.31279270941700     
  9.720000000000001E-003   3.31026683627978     
  9.740000000000000E-003   3.30807379998581     
  9.760000000000001E-003   3.30624322209158     
  9.780000000000000E-003   3.30483295855222     
  9.800000000000001E-003   3.30384284286794     
  9.820000000000001E-003   3.30321252364979     
  9.840000000000002E-003   3.30285829369553     
  9.860000000000001E-003   3.30270868367055     
  9.880000000000002E-003   3.30264757570430     
  9.900000000000001E-003   3.30281529219662     
  9.920000000000000E-003   3.30317940455418     
  9.940000000000001E-003   3.30367630261859     
  9.960000000000000E-003   3.30427762953110     
  9.980000000000001E-003   3.30498029927025     
  1.000000000000000E-002   3.30580337282119     
  1.002000000000000E-002   3.30677117296906     
  1.004000000000000E-002   3.30788645377429     
  1.006000000000000E-002   3.30907914538878     
  1.008000000000000E-002   3.31031195127183     
  1.010000000000000E-002   3.31164012271850     
  1.012000000000000E-002   3.31310786003287     
  1.014000000000000E-002   3.31473251179978     
  1.016000000000000E-002   3.31650707071933     
  1.018000000000000E-002   3.31843382313791     
  1.020000000000000E-002   3.32048027118431     
  1.022000000000000E-002   3.32261806171309     
  1.024000000000000E-002   3.32484556590418     
  1.026000000000000E-002   3.32709441659883     
  1.028000000000000E-002   3.32924875277021     
  1.030000000000000E-002   3.33123574406757     
  1.032000000000000E-002   3.33297820449715     
  1.034000000000000E-002   3.33437988579458     
  1.036000000000000E-002   3.33530995650442     
  1.038000000000000E-002   3.33574428714920     
  1.040000000000000E-002   3.33560550082042     
  1.042000000000000E-002   3.33505592507049     
  1.044000000000000E-002   3.33408785855262     
  1.046000000000000E-002   3.33256722273052     
  1.048000000000000E-002   3.33057567906822     
  1.050000000000000E-002   3.32819115574675     
  1.052000000000000E-002   3.32547718655687     
  1.054000000000000E-002   3.32249558137522     
  1.056000000000000E-002   3.31928380910985     
  1.058000000000000E-002   3.31586805903490     
  1.060000000000000E-002   3.31228674930523     
  1.062000000000000E-002   3.30860122594511     
  1.064000000000000E-002   3.30488092367479     
  1.066000000000000E-002   3.30119297718048     
  1.068000000000000E-002   3.29759394629724     
  1.070000000000000E-002   3.29416042210099     
  1.072000000000000E-002   3.29094895118605     
  1.074000000000000E-002   3.28798033716747     
  1.076000000000000E-002   3.28524180634132     
  1.078000000000000E-002   3.28270835054251     
  1.080000000000000E-002   3.28034928149972     
  1.082000000000000E-002   3.27813160638628     
  1.084000000000000E-002   3.27602012294292     
  1.086000000000000E-002   3.27398814017371     
  1.088000000000000E-002   3.27199975874577     
  1.090000000000000E-002   3.27001524971830     
  1.092000000000000E-002   3.26797874492307     
  1.094000000000000E-002   3.26584274089874     
  1.096000000000000E-002   3.26356936065083     
  1.098000000000000E-002   3.26114595177593     
  1.100000000000000E-002   3.25875724599454     
  1.102000000000000E-002   3.25645597581133     
  1.104000000000000E-002   3.25425611930357     
  1.106000000000000E-002   3.25216500733064     
  1.108000000000000E-002   3.25017828458915     
  1.110000000000000E-002   3.24828773308222     
  1.112000000000000E-002   3.24648640906014     
  1.114000000000000E-002   3.24476291955782     
  1.116000000000000E-002   3.24311194638424     
  1.118000000000000E-002   3.24152942449919     
  1.120000000000000E-002   3.24002138882360     
  1.122000000000000E-002   3.23859310509632     
  1.124000000000000E-002   3.23724362547300     
  1.126000000000000E-002   3.23597225355295     
  1.128000000000000E-002   3.23478233200559     
  1.130000000000000E-002   3.23367214381921     
  1.132000000000000E-002   3.23263435268471     
  1.134000000000000E-002   3.23164799527274     
  1.136000000000000E-002   3.23076761243523     
  1.138000000000000E-002   3.23008609501256     
  1.140000000000000E-002   3.22968714550232     
  1.142000000000000E-002   3.22961297726566     
  1.144000000000000E-002   3.22987128856275     
  1.146000000000000E-002   3.23045110407822     
  1.148000000000000E-002   3.23135714639720     
  1.150000000000000E-002   3.23259991213497     
  1.152000000000000E-002   3.23418041017634     
  1.154000000000000E-002   3.23610570957288     
  1.156000000000000E-002   3.23839383593351     
  1.158000000000000E-002   3.24103407955782     
  1.160000000000000E-002   3.24398390408637     
  1.162000000000000E-002   3.24722548831490     
  1.164000000000000E-002   3.25072920951084     
  1.166000000000000E-002   3.25440976767781     
  1.168000000000000E-002   3.25820923375675     
  1.170000000000000E-002   3.26211091514847     
  1.172000000000000E-002   3.26610140602339     
  1.174000000000000E-002   3.27015944029588     
  1.176000000000000E-002   3.27426731267234     
  1.178000000000000E-002   3.27839882597353     
  1.180000000000000E-002   3.28250665168478     
  1.182000000000000E-002   3.28658645550798     
  1.184000000000000E-002   3.29064395830922     
  1.186000000000000E-002   3.29466156723216     
  1.188000000000000E-002   3.29861013743819     
  1.190000000000000E-002   3.30246862552834     
  1.192000000000000E-002   3.30623371489206     
  1.194000000000000E-002   3.30990158060240     
  1.196000000000000E-002   3.31346295871655     
  1.198000000000000E-002   3.31690037601193     
  1.200000000000000E-002   3.32019101857079     
  1.202000000000000E-002   3.32330718174422     
  1.204000000000000E-002   3.32622125991724     
  1.206000000000000E-002   3.32890872954877     
  1.208000000000000E-002   3.33135485826897     
  1.210000000000000E-002   3.33355496144598     
  1.212000000000000E-002   3.33551316237318     
  1.214000000000000E-002   3.33723771477007     
  1.216000000000000E-002   3.33873824956080     
  1.218000000000000E-002   3.34002380226771     
  1.220000000000000E-002   3.34111127310727     
  1.222000000000000E-002   3.34202062560144     
  1.224000000000000E-002   3.34277754580409     
  1.226000000000000E-002   3.34341240750660     
  1.228000000000000E-002   3.34395662559374     
  1.230000000000000E-002   3.34443629464564     
  1.232000000000000E-002   3.34488581559714     
  1.234000000000000E-002   3.34533763338844     
  1.236000000000000E-002   3.34581122016122     
  1.238000000000000E-002   3.34632259016657     
  1.240000000000000E-002   3.34687596353086     
  1.242000000000000E-002   3.34747167191348     
  1.244000000000000E-002   3.34810940925992     
  1.246000000000000E-002   3.34879136763976     
  1.248000000000000E-002   3.34952333070364     
  1.250000000000000E-002   3.35030844295839     
  1.252000000000000E-002   3.35114234606715     
  1.254000000000000E-002   3.35201032388309     
  1.256000000000000E-002   3.35286837751980     
  1.258000000000000E-002   3.35366733517398     
  1.260000000000000E-002   3.35437246804165     
  1.262000000000000E-002   3.35496134191112     
  1.264000000000000E-002   3.35542630797065     
  1.266000000000000E-002   3.35577200731265     
  1.268000000000000E-002   3.35600756852574     
  1.270000000000000E-002   3.35613649058236     
  1.272000000000000E-002   3.35616770868357     
  1.274000000000000E-002   3.35610639051611     
  1.276000000000000E-002   3.35598700087818     
  1.278000000000000E-002   3.35582327273918     
  1.280000000000000E-002   3.35562172846337     
  1.282000000000000E-002   3.35537123137853     
  1.284000000000000E-002   3.35505218650066     
  1.286000000000000E-002   3.35464410580730     
  1.288000000000000E-002   3.35412066019085     
  1.290000000000000E-002   3.35345252121099     
  1.292000000000000E-002   3.35262368491707     
  1.294000000000000E-002   3.35161424087761     
  1.296000000000000E-002   3.35039800371498     
  1.298000000000000E-002   3.34893680049897     
  1.300000000000000E-002   3.34718201458014     
  1.302000000000000E-002   3.34509192085973     
  1.304000000000000E-002   3.34265836679327     
  1.306000000000000E-002   3.33984923396696     
  1.308000000000000E-002   3.33677216675874     
  1.310000000000000E-002   3.33320664929348     
  1.312000000000000E-002   3.32924525220468     
  1.314000000000000E-002   3.32493437935374     
  1.316000000000000E-002   3.32024610249330     
  1.318000000000000E-002   3.31524728039443     
  1.320000000000000E-002   3.30996073219115     
  1.322000000000000E-002   3.30437812451872     
  1.324000000000000E-002   3.29853009573109     
  1.326000000000000E-002   3.29240346758960     
  1.328000000000000E-002   3.28598590127679     
  1.330000000000000E-002   3.27934681084984     
  1.332000000000000E-002   3.27251191512705     
  1.334000000000000E-002   3.26541211397618     
  1.336000000000000E-002   3.25803918982395     
  1.338000000000000E-002   3.25035891003511     
  1.340000000000000E-002   3.24234834701934     
  1.342000000000000E-002   3.23377925534128     
  1.344000000000000E-002   3.22455718119257     
  1.346000000000000E-002   3.21486545628150     
  1.348000000000000E-002   3.20490423428457     
  1.350000000000000E-002   3.19485445083283     
  1.352000000000000E-002   3.18485299670942     
  1.354000000000000E-002   3.17515913406920     
  1.356000000000000E-002   3.16606054547639     
  1.358000000000000E-002   3.15776993143646     
  1.360000000000000E-002   3.15057340042270     
  1.362000000000000E-002   3.14463513033248     
  1.364000000000000E-002   3.13987425823561     
  1.366000000000000E-002   3.13609162957819     
  1.368000000000000E-002   3.13307568688864     
  1.370000000000000E-002   3.13070183064756     
  1.372000000000000E-002   3.12888684744082     
  1.374000000000000E-002   3.12751215316328     
  1.376000000000000E-002   3.12646782369956     
  1.378000000000000E-002   3.12563980181354     
  1.380000000000000E-002   3.12496954000268     
  1.382000000000000E-002   3.12440733915052     
  1.384000000000000E-002   3.12392218414795     
  1.386000000000000E-002   3.12348205573280     
  1.388000000000000E-002   3.12309651389981     
  1.390000000000000E-002   3.12276513623008     
  1.392000000000000E-002   3.12243414605035     
  1.394000000000000E-002   3.12208778204192     
  1.396000000000000E-002   3.12171806923785     
  1.398000000000000E-002   3.12135217005666     
  1.400000000000000E-002   3.12100300223481     
  1.402000000000000E-002   3.12065289432444     
  1.404000000000000E-002   3.12030140737465     
  1.406000000000000E-002   3.11994312219280     
  1.408000000000000E-002   3.11956950488358     
  1.410000000000000E-002   3.11919835857313     
  1.412000000000000E-002   3.11882177610076     
  1.414000000000000E-002   3.11844476559695     
  1.416000000000000E-002   3.11806419285497     
  1.418000000000000E-002   3.11767100851469     
  1.420000000000000E-002   3.11725908124472     
  1.422000000000000E-002   3.11683305604094     
  1.424000000000000E-002   3.11639025136562     
  1.426000000000000E-002   3.11589449003186     
  1.428000000000000E-002   3.11541420046085     
  1.430000000000000E-002   3.11491237020858     
  1.432000000000000E-002   3.11438266697729     
  1.434000000000000E-002   3.11387057032902     
  1.436000000000000E-002   3.11336334210186     
  1.438000000000000E-002   3.11287924337362     
  1.440000000000000E-002   3.11240487518428     
  1.442000000000000E-002   3.11189277750816     
  1.444000000000000E-002   3.11137524657984     
  1.446000000000000E-002   3.11097063336917     
  1.448000000000000E-002   3.11065908070309     
  1.450000000000000E-002   3.11034038168212     
  1.452000000000000E-002   3.10980813632896     
  1.454000000000000E-002   3.10925124803879     
  1.456000000000000E-002   3.10852932508164     
  1.458000000000000E-002   3.10740962785603     
  1.460000000000000E-002   3.10619044928135     
  1.462000000000000E-002   3.10458267920966     
  1.464000000000000E-002   3.10217699465595     
  1.466000000000000E-002   3.09879900501153     
  1.468000000000000E-002   3.09463445185659     
  1.470000000000000E-002   3.08986986313056     
  1.472000000000000E-002   3.08461902307749     
  1.474000000000000E-002   3.07893551426231     
  1.476000000000000E-002   3.07275313966046     
  1.478000000000000E-002   3.06601429915494     
  1.480000000000000E-002   3.05883578571492     
  1.482000000000000E-002   3.05116984535078     
  1.484000000000000E-002   3.04313228377223     
  1.486000000000000E-002   3.03453777830617     
  1.488000000000000E-002   3.02586214816908     
  1.490000000000000E-002   3.01653478243361     
  1.492000000000000E-002   3.00740073935166     
  1.494000000000000E-002   2.99827932032459     
  1.496000000000000E-002   2.98912842208323     
  1.498000000000000E-002   2.98037473181657     
  1.500000000000000E-002   2.97181140928252     
  1.502000000000000E-002   2.96361156371111     
  1.504000000000000E-002   2.95589122809881     
  1.506000000000000E-002   2.94888752931189     
  1.508000000000000E-002   2.94242626533989     
  1.510000000000000E-002   2.93590807835756     
  1.512000000000000E-002   2.93000250819851     
  1.514000000000000E-002   2.92475019204805     
  1.516000000000000E-002   2.91973287339297     
  1.518000000000000E-002   2.91541148976951     
  1.520000000000000E-002   2.91187334440685     
  1.522000000000000E-002   2.90900808686656     
  1.524000000000000E-002   2.90672568790182     
  1.526000000000000E-002   2.90489448484959     
  1.528000000000000E-002   2.90366414324110     
  1.530000000000000E-002   2.90268352409964     
  1.532000000000000E-002   2.90194443796995     
  1.534000000000000E-002   2.90137976784845     
  1.536000000000000E-002   2.90093956481958     
  1.538000000000000E-002   2.90057874946691     
  1.540000000000000E-002   2.90044331702490     
  1.542000000000000E-002   2.90064203100133     
  1.544000000000000E-002   2.90109106431958     
  1.546000000000000E-002   2.90170737686623     
  1.548000000000000E-002   2.90254140414617     
  1.550000000000000E-002   2.90330929260725     
  1.552000000000000E-002   2.90420538750636     
  1.554000000000000E-002   2.90524168262150     
  1.556000000000000E-002   2.90643613873319     
  1.558000000000000E-002   2.90779280109620     
  1.560000000000000E-002   2.90928671494011     
  1.562000000000000E-002   2.91091098250508     
  1.564000000000000E-002   2.91265285300688     
  1.566000000000000E-002   2.91449860215161     
  1.568000000000000E-002   2.91641443394266     
  1.570000000000000E-002   2.91846231465304     
  1.572000000000000E-002   2.92055334620203     
  1.574000000000000E-002   2.92268794845339     
  1.576000000000000E-002   2.92487580987099     
  1.578000000000000E-002   2.92712473962589     
  1.580000000000000E-002   2.92945634063252     
  1.582000000000000E-002   2.93188818502236     
  1.584000000000000E-002   2.93437152322596     
  1.586000000000000E-002   2.93688378466820     
  1.588000000000000E-002   2.93944788173661     
  1.590000000000000E-002   2.94209225903818     
  1.592000000000000E-002   2.94484182381509     
  1.594000000000000E-002   2.94773945800993     
  1.596000000000000E-002   2.95072633143926     
  1.598000000000000E-002   2.95380772101700     
  1.600000000000000E-002   2.95693470272905     
  1.602000000000000E-002   2.96034459767754     
  1.604000000000000E-002   2.96398718641742     
  1.606000000000000E-002   2.96797876472512     
  1.608000000000000E-002   2.97227585471402     
  1.610000000000000E-002   2.97686911478000     
  1.612000000000000E-002   2.98179014185981     
  1.614000000000000E-002   2.98703624366973     
  1.616000000000000E-002   2.99260033340655     
  1.618000000000000E-002   2.99851889979258     
  1.620000000000000E-002   3.00472817224736     
  1.622000000000000E-002   3.01117093144034     
  1.624000000000000E-002   3.01784216284254     
  1.626000000000000E-002   3.02471752244491     
  1.628000000000000E-002   3.03174062277362     
  1.630000000000000E-002   3.03898665979613     
  1.632000000000000E-002   3.04647018649313     
  1.634000000000000E-002   3.05415582979731     
  1.636000000000000E-002   3.06204764229066     
  1.638000000000000E-002   3.07013219617628     
  1.640000000000000E-002   3.07849708238228     
  1.642000000000000E-002   3.08707632379367     
  1.644000000000000E-002   3.09578337564083     
  1.646000000000000E-002   3.10471681682114     
  1.648000000000000E-002   3.11388941851406     
  1.650000000000000E-002   3.12320005087827     
  1.652000000000000E-002   3.13255847239426     
  1.654000000000000E-002   3.14193289879717     
  1.656000000000000E-002   3.15129233555816     
  1.658000000000000E-002   3.16054567707028     
  1.660000000000000E-002   3.16965439371500     
  1.662000000000000E-002   3.17862860569317     
  1.664000000000000E-002   3.18727308444318     
  1.666000000000000E-002   3.19560166231006     
  1.668000000000000E-002   3.20363165137566     
  1.670000000000000E-002   3.21165442820213     
  1.672000000000000E-002   3.21961008285054     
  1.674000000000000E-002   3.22751449353141     
  1.676000000000000E-002   3.23541754028439     
  1.678000000000000E-002   3.24336879606578     
  1.680000000000000E-002   3.25144810899955     
  1.682000000000000E-002   3.25946838082690     
  1.684000000000000E-002   3.26742487989506     
  1.686000000000000E-002   3.27558359988753     
  1.688000000000000E-002   3.28396537487687     
  1.690000000000000E-002   3.29264590141127     
  1.692000000000000E-002   3.30164284082339     
  1.694000000000000E-002   3.31097204818845     
  1.696000000000000E-002   3.32078066651143     
  1.698000000000000E-002   3.33122131462262     
  1.700000000000000E-002   3.34203995451289     
  1.702000000000000E-002   3.35246764320847     
  1.704000000000000E-002   3.36199250937807     
  1.706000000000000E-002   3.37010855177904     
  1.708000000000000E-002   3.37637274901734     
  1.710000000000000E-002   3.38060911813401     
  1.712000000000000E-002   3.38295915922405     
  1.714000000000000E-002   3.38388633935195     
  1.716000000000000E-002   3.38401107397857     
  1.718000000000000E-002   3.38360533684799     
  1.720000000000000E-002   3.38241119495890     
  1.722000000000000E-002   3.38032050800648     
  1.724000000000000E-002   3.37739728457821     
  1.726000000000000E-002   3.37386543446259     
  1.728000000000000E-002   3.37013716074588     
  1.730000000000000E-002   3.36660215329430     
  1.732000000000000E-002   3.36339777002077     
  1.734000000000000E-002   3.36060142579936     
  1.736000000000000E-002   3.35825075864932     
  1.738000000000000E-002   3.35635493370804     
  1.740000000000000E-002   3.35488746412273     
  1.742000000000000E-002   3.35374204944074     
  1.744000000000000E-002   3.35271411439115     
  1.746000000000000E-002   3.35170770360379     
  1.748000000000000E-002   3.35069320886998     
  1.750000000000000E-002   3.34963077986163     
  1.752000000000000E-002   3.34847560453384     
  1.754000000000000E-002   3.34719874053703     
  1.756000000000000E-002   3.34579188855445     
  1.758000000000000E-002   3.34426158325022     
  1.760000000000000E-002   3.34262139604226     
  1.762000000000000E-002   3.34088724087635     
  1.764000000000000E-002   3.33907526201970     
  1.766000000000000E-002   3.33720185790349     
  1.768000000000000E-002   3.33528371149816     
  1.770000000000000E-002   3.33333633902916     
  1.772000000000000E-002   3.33137248400115     
  1.774000000000000E-002   3.32939874643190     
  1.776000000000000E-002   3.32742283799209     
  1.778000000000000E-002   3.32546452866733     
  1.780000000000000E-002   3.32353566082531     
  1.782000000000000E-002   3.32164991731045     
  1.784000000000000E-002   3.31984654167637     
  1.786000000000000E-002   3.31814749500014     
  1.788000000000000E-002   3.31656841279931     
  1.790000000000000E-002   3.31512518116747     
  1.792000000000000E-002   3.31383446589339     
  1.794000000000000E-002   3.31272077050709     
  1.796000000000000E-002   3.31179581063700     
  1.798000000000000E-002   3.31106075975730     
  1.800000000000000E-002   3.31051302347281     
  1.802000000000000E-002   3.31015939852154     
  1.804000000000000E-002   3.30998829564283     
  1.806000000000000E-002   3.30996677373417     
  1.808000000000000E-002   3.31006094971415     
  1.810000000000000E-002   3.31033621940889     
  1.812000000000000E-002   3.31084445765654     
  1.814000000000000E-002   3.31157572792204     
  1.816000000000000E-002   3.31244982849147     
  1.818000000000000E-002   3.31342525343395     
  1.820000000000000E-002   3.31449891502717     
  1.822000000000000E-002   3.31569668460205     
  1.824000000000000E-002   3.31699377245540     
  1.826000000000000E-002   3.31834842720465     
  1.828000000000000E-002   3.31977882712620     
  1.830000000000000E-002   3.32130126345324     
  1.832000000000000E-002   3.32289357032382     
  1.834000000000000E-002   3.32455643075539     
  1.836000000000000E-002   3.32628464626754     
  1.838000000000000E-002   3.32807936108481     
  1.840000000000000E-002   3.32990897316013     
  1.842000000000000E-002   3.33175441015490     
  1.844000000000000E-002   3.33360348057301     
  1.846000000000000E-002   3.33544325903128     
  1.848000000000000E-002   3.33729024359007     
  1.850000000000000E-002   3.33913993595449     
  1.852000000000000E-002   3.34100054470112     
  1.854000000000000E-002   3.34296498975386     
  1.856000000000000E-002   3.34485930364750     
  1.858000000000000E-002   3.34688483381930     
  1.860000000000000E-002   3.34875304866448     
  1.862000000000000E-002   3.35033286908127     
  1.864000000000000E-002   3.35156277791189     
  1.866000000000000E-002   3.35244439254060     
  1.868000000000000E-002   3.35304171600927     
  1.870000000000000E-002   3.35336002018413     
  1.872000000000000E-002   3.35344578089181     
  1.874000000000000E-002   3.35349816118152     
  1.876000000000000E-002   3.35331990366166     
  1.878000000000000E-002   3.35267187066107     
  1.880000000000000E-002   3.35195091846545     
  1.882000000000000E-002   3.35098817598259     
  1.884000000000000E-002   3.34969483085729     
  1.886000000000000E-002   3.34801312880752     
  1.888000000000000E-002   3.34591536769119     
  1.890000000000000E-002   3.34340172511340     
  1.892000000000000E-002   3.34048405996750     
  1.894000000000000E-002   3.33719145408167     
  1.896000000000000E-002   3.33355660498825     
  1.898000000000000E-002   3.32959681019210     
  1.900000000000000E-002   3.32529746575825     
  1.902000000000000E-002   3.32087780631268     
  1.904000000000000E-002   3.31696707431984     
  1.906000000000000E-002   3.31366199150078     
  1.908000000000000E-002   3.31095060922223     
  1.910000000000000E-002   3.30876401127663     
  1.912000000000000E-002   3.30700663373359     
  1.914000000000000E-002   3.30557313468679     
  1.916000000000000E-002   3.30436478694787     
  1.918000000000000E-002   3.30330723870024     
  1.920000000000000E-002   3.30235054895902     
  1.922000000000000E-002   3.30146830020994     
  1.924000000000000E-002   3.30064593143735     
  1.926000000000000E-002   3.29985264028752     
  1.928000000000000E-002   3.29906056291736     
  1.930000000000000E-002   3.29825068675128     
  1.932000000000000E-002   3.29739279054851     
  1.934000000000000E-002   3.29655245797005     
  1.936000000000000E-002   3.29576956152220     
  1.938000000000000E-002   3.29499475329244     
  1.940000000000000E-002   3.29418575171051     
  1.942000000000000E-002   3.29330214636058     
  1.944000000000000E-002   3.29230599210708     
  1.946000000000000E-002   3.29129466507174     
  1.948000000000000E-002   3.29048505056647     
  1.950000000000000E-002   3.28988805755407     
  1.952000000000000E-002   3.28944874349651     
  1.954000000000000E-002   3.28918214099017     
  1.956000000000000E-002   3.28905492138654     
  1.958000000000000E-002   3.28901152390971     
  1.960000000000000E-002   3.28901385057156     
  1.962000000000000E-002   3.28905150828884     
  1.964000000000000E-002   3.28912529714964     
  1.966000000000000E-002   3.28923888771146     
  1.968000000000000E-002   3.28939830505815     
  1.970000000000000E-002   3.28961088027461     
  1.972000000000000E-002   3.28988610850104     
  1.974000000000000E-002   3.29023940040729     
  1.976000000000000E-002   3.29069922885768     
  1.978000000000000E-002   3.29130482154190     
  1.980000000000000E-002   3.29209227406162     
  1.982000000000000E-002   3.29308048956625     
  1.984000000000000E-002   3.29424877921364     
  1.986000000000000E-002   3.29553692826574     
  1.988000000000000E-002   3.29697165345409     
  1.990000000000000E-002   3.29860188454063     
  1.992000000000000E-002   3.30046405989156     
  1.994000000000000E-002   3.30257610633693     
  1.996000000000000E-002   3.30493740861376     
  1.998000000000000E-002   3.30752997791474     
  2.000000000000000E-002   3.31031960262533     
  2.002000000000000E-002   3.31325540434897     
  2.004000000000000E-002   3.31618794650136     
  2.006000000000000E-002   3.31897224253568     
  2.008000000000000E-002   3.32157755207181     
  2.010000000000000E-002   3.32395212524637     
  2.012000000000000E-002   3.32604311681344     
  2.014000000000000E-002   3.32780951811185     
  2.016000000000000E-002   3.32923601119948     
  2.018000000000000E-002   3.33034009042689     
  2.020000000000000E-002   3.33116516680979     
  2.022000000000000E-002   3.33162994156278     
  2.024000000000000E-002   3.33175391690610     
  2.026000000000000E-002   3.33169920731032     
  2.028000000000000E-002   3.33154115928980     
  2.030000000000000E-002   3.33128800598165     
  2.032000000000000E-002   3.33098708876042     
  2.034000000000000E-002   3.33075819518048     
  2.036000000000000E-002   3.33063060273926     
  2.038000000000000E-002   3.33059608864435     
  2.040000000000000E-002   3.33067099317582     
  2.042000000000000E-002   3.33095030929375     
  2.044000000000000E-002   3.33146133365099     
  2.046000000000000E-002   3.33214805074110     
  2.048000000000000E-002   3.33293490023973     
  2.050000000000000E-002   3.33382437658253     
  2.052000000000000E-002   3.33485714300622     
  2.054000000000000E-002   3.33603434395386     
  2.056000000000000E-002   3.33733951386959     
  2.058000000000000E-002   3.33877561584250     
  2.060000000000000E-002   3.34034043971315     
  2.062000000000000E-002   3.34199851449722     
  2.064000000000000E-002   3.34370973344032     
  2.066000000000000E-002   3.34547149490576     
  2.068000000000000E-002   3.34729085168416     
  2.070000000000000E-002   3.34915786016772     
  2.072000000000000E-002   3.35104940593735     
  2.074000000000000E-002   3.35298446463574     
  2.076000000000000E-002   3.35500547331748     
  2.078000000000000E-002   3.35712542338671     
  2.080000000000000E-002   3.35933004918338     
  2.082000000000000E-002   3.36163766371246     
  2.084000000000000E-002   3.36409983312592     
  2.086000000000000E-002   3.36674189894426     
  2.088000000000000E-002   3.36955329405134     
  2.090000000000000E-002   3.37253579144081     
  2.092000000000000E-002   3.37574238457382     
  2.094000000000000E-002   3.37921486171813     
  2.096000000000000E-002   3.38294048697091     
  2.098000000000000E-002   3.38690214102679     
  2.100000000000000E-002   3.39114728720017     
  2.102000000000000E-002   3.39573128643060     
  2.104000000000000E-002   3.40064457852280     
  2.106000000000000E-002   3.40584727952703     
  2.108000000000000E-002   3.41134440694198     
  2.110000000000000E-002   3.41718204837691     
  2.112000000000000E-002   3.42336551039470     
  2.114000000000000E-002   3.42984109833017     
  2.116000000000000E-002   3.43654585561719     
  2.118000000000000E-002   3.44345581540793     
  2.120000000000000E-002   3.45058997286698     
  2.122000000000000E-002   3.45794208792059     
  2.124000000000000E-002   3.46541858215911     
  2.126000000000000E-002   3.47290833490284     
  2.128000000000000E-002   3.48034165511513     
  2.130000000000000E-002   3.48781920892527     
  2.132000000000000E-002   3.49538615989580     
  2.134000000000000E-002   3.50302033213138     
  2.136000000000000E-002   3.51057182391025     
  2.138000000000000E-002   3.51818262834570     
  2.140000000000000E-002   3.52600641854389     
  2.142000000000000E-002   3.53397430133552     
  2.144000000000000E-002   3.54203546720629     
  2.146000000000000E-002   3.55024994736743     
  2.148000000000000E-002   3.55862979237890     
  2.150000000000000E-002   3.56719725020129     
  2.152000000000000E-002   3.57607795383703     
  2.154000000000000E-002   3.58549935409669     
  2.156000000000000E-002   3.59536268973571     
  2.158000000000000E-002   3.60562252309672     
  2.160000000000000E-002   3.61559002653705     
  2.162000000000000E-002   3.62642979178401     
  2.164000000000000E-002   3.63790532021088     
  2.166000000000000E-002   3.65267782627093     
  2.168000000000000E-002   3.66041099209372     
  2.170000000000000E-002   3.64955111308068     
  2.172000000000000E-002   3.60606100500824     
  2.174000000000000E-002   3.43836972972734     
  2.176000000000000E-002   2.88907100828616     
  2.178000000000000E-002   1.74814325146672     
  2.180000000000000E-002   1.11134140163326     
  2.182000000000000E-002   1.01296386320324     
  2.184000000000000E-002   1.00144101073628     
  2.186000000000000E-002   1.00015954240728     
  2.188000000000000E-002   1.00001772296784     
  2.190000000000000E-002   1.00000196327184     
  2.192000000000000E-002   1.00000019958766     
  2.194000000000000E-002   1.00000000043910     
  2.196000000000000E-002  0.999999977711654     
  2.198000000000000E-002  0.999999975086477     
  2.200000000000000E-002  0.999999974779288     
  2.202000000000000E-002  0.999999974742859     
  2.204000000000000E-002  0.999999974738482     
  2.206000000000000E-002  0.999999974737950     
  2.208000000000000E-002  0.999999974737884     
  2.210000000000000E-002  0.999999974737876     
  2.212000000000000E-002  0.999999974737875     
  2.214000000000000E-002  0.999999974737875     
  2.216000000000000E-002  0.999999974737875     
  2.218000000000000E-002  0.999999974737875     
  2.220000000000000E-002  0.999999974737875     
  2.222000000000000E-002  0.999999974737875     
  2.224000000000000E-002  0.999999974737875     
  2.226000000000000E-002  0.999999974737875     
  2.228000000000000E-002  0.999999974737875     
  2.230000000000000E-002  0.999999974737875     
  2.232000000000000E-002  0.999999974737875     
  2.234000000000000E-002  0.999999974737875     
  2.236000000000000E-002  0.999999974737875     
  2.238000000000000E-002  0.999999974737875     
  2.240000000000000E-002  0.999999974737875     
  2.242000000000000E-002  0.999999974737875     
  2.244000000000000E-002  0.999999974737875     
  2.246000000000000E-002  0.999999974737875     
  2.248000000000000E-002  0.999999974737875     
  2.250000000000000E-002  0.999999974737875     
  2.252000000000000E-002  0.999999974737875     
  2.254000000000000E-002  0.999999974737875     
  2.256000000000000E-002  0.999999974737875     
  2.258000000000000E-002  0.999999974737875     
  2.260000000000000E-002  0.999999974737875     
  2.262000000000000E-002  0.999999974737875     
  2.264000000000000E-002  0.999999974737875     
  2.266000000000000E-002  0.999999974737875     
  2.268000000000000E-002  0.999999974737875     
  2.270000000000000E-002  0.999999974737875     
  2.272000000000000E-002  0.999999974737875     
  2.274000000000000E-002  0.999999974737875     
  2.276000000000000E-002  0.999999974737875     
  2.278000000000000E-002  0.999999974737875     
  2.280000000000000E-002  0.999999974737875     
  2.282000000000000E-002  0.999999974737875     
  2.284000000000000E-002  0.999999974737875     
  2.286000000000000E-002  0.999999974737875     
  2.288000000000000E-002  0.999999974737875     
  2.290000000000000E-002  0.999999974737875     
  2.292000000000000E-002  0.999999974737875     
  2.294000000000000E-002  0.999999974737875     
  2.296000000000000E-002  0.999999974737875     
  2.298000000000000E-002  0.999999974737875     
  2.300000000000000E-002  0.999999974737875     
  2.302000000000000E-002  0.999999974737875     
  2.304000000000000E-002  0.999999974737875     
  2.306000000000000E-002  0.999999974737875     
  2.308000000000000E-002  0.999999974737875     
  2.310000000000000E-002  0.999999974737875     
  2.312000000000000E-002  0.999999974737875     
  2.314000000000000E-002  0.999999974737875     
  2.316000000000000E-002  0.999999974737875     
  2.318000000000000E-002  0.999999974737875     
  2.320000000000000E-002  0.999999974737875     
  2.322000000000000E-002  0.999999974737875     
  2.324000000000000E-002  0.999999974737875     
  2.326000000000000E-002  0.999999974737875     
  2.328000000000000E-002  0.999999974737875     
  2.330000000000000E-002  0.999999974737875     
  2.332000000000000E-002  0.999999974737875     
  2.334000000000000E-002  0.999999974737875     
  2.336000000000000E-002  0.999999974737875     
  2.338000000000000E-002  0.999999974737875     
  2.340000000000000E-002  0.999999974737875     
  2.342000000000000E-002  0.999999974737875     
  2.344000000000000E-002  0.999999974737875     
  2.346000000000000E-002  0.999999974737875     
  2.348000000000000E-002  0.999999974737875     
  2.350000000000000E-002  0.999999974737875     
  2.352000000000000E-002  0.999999974737875     
  2.354000000000000E-002  0.999999974737875     
  2.356000000000000E-002  0.999999974737875     
  2.358000000000000E-002  0.999999974737875     
  2.360000000000000E-002  0.999999974737875     
  2.362000000000000E-002  0.999999974737875     
  2.364000000000000E-002  0.999999974737875     
  2.366000000000000E-002  0.999999974737875     
  2.368000000000000E-002  0.999999974737875     
  2.370000000000000E-002  0.999999974737875     
  2.372000000000000E-002  0.999999974737875     
  2.374000000000000E-002  0.999999974737875     
  2.376000000000000E-002  0.999999974737875     
  2.378000000000000E-002  0.999999974737875     
  2.380000000000000E-002  0.999999974737875     
  2.382000000000000E-002  0.999999974737875     
  2.384000000000000E-002  0.999999974737875     
  2.386000000000000E-002  0.999999974737875     
  2.388000000000000E-002  0.999999974737875     
  2.390000000000000E-002  0.999999974737875     
  2.392000000000000E-002  0.999999974737875     
  2.394000000000000E-002  0.999999974737875     
  2.396000000000000E-002  0.999999974737875     
  2.398000000000000E-002  0.999999974737875     
  2.400000000000000E-002  0.999999974737875     
  2.402000000000000E-002  0.999999974737875     
  2.404000000000000E-002  0.999999974737875     
  2.406000000000000E-002  0.999999974737875     
  2.408000000000000E-002  0.999999974737875     
  2.410000000000000E-002  0.999999974737875     
  2.412000000000000E-002  0.999999974737875     
  2.414000000000000E-002  0.999999974737875     
  2.416000000000000E-002  0.999999974737875     
  2.418000000000000E-002  0.999999974737875     
  2.420000000000000E-002  0.999999974737875     
  2.422000000000000E-002  0.999999974737875     
  2.424000000000000E-002  0.999999974737875     
  2.426000000000000E-002  0.999999974737875     
  2.428000000000000E-002  0.999999974737875     
  2.430000000000000E-002  0.999999974737875     
  2.432000000000000E-002  0.999999974737875     
  2.434000000000000E-002  0.999999974737875     
  2.436000000000000E-002  0.999999974737875     
  2.438000000000000E-002  0.999999974737875     
  2.440000000000000E-002  0.999999974737875     
  2.442000000000000E-002  0.999999974737875     
  2.444000000000000E-002  0.999999974737875     
  2.446000000000000E-002  0.999999974737875     
  2.448000000000000E-002  0.999999974737875     
  2.450000000000000E-002  0.999999974737875     
  2.452000000000000E-002  0.999999974737875     
  2.454000000000000E-002  0.999999974737875     
  2.456000000000000E-002  0.999999974737875     
  2.458000000000000E-002  0.999999974737875     
  2.460000000000000E-002  0.999999974737875     
  2.462000000000000E-002  0.999999974737875     
  2.464000000000000E-002  0.999999974737875     
  2.466000000000000E-002  0.999999974737875     
  2.468000000000000E-002  0.999999974737875     
  2.470000000000000E-002  0.999999974737875     
  2.472000000000000E-002  0.999999974737875     
  2.474000000000000E-002  0.999999974737875     
  2.476000000000000E-002  0.999999974737875     
  2.478000000000000E-002  0.999999974737875     
  2.480000000000000E-002  0.999999974737875     
  2.482000000000000E-002  0.999999974737875     
  2.484000000000000E-002  0.999999974737875     
  2.486000000000000E-002  0.999999974737875     
  2.488000000000000E-002  0.999999974737875     
  2.490000000000000E-002  0.999999974737875     
  2.492000000000000E-002  0.999999974737875     
  2.494000000000000E-002  0.999999974737875     
  2.496000000000000E-002  0.999999974737875     
  2.498000000000000E-002  0.999999974737875     
  2.500000000000000E-002  0.999999974737875     
  2.502000000000000E-002  0.999999974737875     
  2.504000000000000E-002  0.999999974737875     
  2.506000000000000E-002  0.999999974737875     
  2.508000000000000E-002  0.999999974737875     
  2.510000000000000E-002  0.999999974737875     
  2.512000000000000E-002  0.999999974737875     
  2.514000000000000E-002  0.999999974737875     
  2.516000000000000E-002  0.999999974737875     
  2.518000000000000E-002  0.999999974737875     
  2.520000000000000E-002  0.999999974737875     
  2.522000000000000E-002  0.999999974737875     
  2.524000000000000E-002  0.999999974737875     
  2.526000000000000E-002  0.999999974737875     
  2.528000000000000E-002  0.999999974737875     
  2.530000000000000E-002  0.999999974737875     
  2.532000000000000E-002  0.999999974737875     
  2.534000000000000E-002  0.999999974737875     
  2.536000000000000E-002  0.999999974737875     
  2.538000000000000E-002  0.999999974737875     
  2.540000000000000E-002  0.999999974737875     
  2.542000000000000E-002  0.999999974737875     
  2.544000000000000E-002  0.999999974737875     
  2.546000000000000E-002  0.999999974737875     
  2.548000000000000E-002  0.999999974737875     
  2.550000000000000E-002  0.999999974737875     
  2.552000000000000E-002  0.999999974737875     
  2.554000000000000E-002  0.999999974737875     
  2.556000000000000E-002  0.999999974737875     
  2.558000000000000E-002  0.999999974737875     
  2.560000000000000E-002  0.999999974737875     
  2.562000000000000E-002  0.999999974737875     
  2.564000000000000E-002  0.999999974737875     
  2.566000000000000E-002  0.999999974737875     
  2.568000000000000E-002  0.999999974737875     
  2.570000000000000E-002  0.999999974737875     
  2.572000000000000E-002  0.999999974737875     
  2.574000000000000E-002  0.999999974737875     
  2.576000000000000E-002  0.999999974737875     
  2.578000000000000E-002  0.999999974737875     
  2.580000000000000E-002  0.999999974737875     
  2.582000000000000E-002  0.999999974737875     
  2.584000000000000E-002  0.999999974737875     
  2.586000000000000E-002  0.999999974737875     
  2.588000000000000E-002  0.999999974737875     
  2.590000000000000E-002  0.999999974737875     
  2.592000000000000E-002  0.999999974737875     
  2.594000000000000E-002  0.999999974737875     
  2.596000000000000E-002  0.999999974737875     
  2.598000000000000E-002  0.999999974737875     
  2.600000000000000E-002  0.999999974737875     
  2.602000000000000E-002  0.999999974737875     
  2.604000000000000E-002  0.999999974737875     
  2.606000000000000E-002  0.999999974737875     
  2.608000000000000E-002  0.999999974737875     
  2.610000000000000E-002  0.999999974737875     
  2.612000000000000E-002  0.999999974737875     
  2.614000000000000E-002  0.999999974737875     
  2.616000000000000E-002  0.999999974737875     
  2.618000000000000E-002  0.999999974737875     
  2.620000000000000E-002  0.999999974737875     
  2.622000000000000E-002  0.999999974737875     
  2.624000000000000E-002  0.999999974737875     
  2.626000000000000E-002  0.999999974737875     
  2.628000000000000E-002  0.999999974737875     
  2.630000000000000E-002  0.999999974737875     
  2.632000000000000E-002  0.999999974737875     
  2.634000000000000E-002  0.999999974737875     
  2.636000000000000E-002  0.999999974737875     
  2.638000000000000E-002  0.999999974737875     
  2.640000000000000E-002  0.999999974737875     
  2.642000000000000E-002  0.999999974737875     
  2.644000000000000E-002  0.999999974737875     
  2.646000000000000E-002  0.999999974737875     
  2.648000000000000E-002  0.999999974737875     
  2.650000000000000E-002  0.999999974737875     
  2.652000000000000E-002  0.999999974737875     
  2.654000000000000E-002  0.999999974737875     
  2.656000000000000E-002  0.999999974737875     
  2.658000000000000E-002  0.999999974737875     
  2.660000000000000E-002  0.999999974737875     
  2.662000000000000E-002  0.999999974737875     
  2.664000000000000E-002  0.999999974737875     
  2.666000000000000E-002  0.999999974737875     
  2.668000000000000E-002  0.999999974737875     
  2.670000000000000E-002  0.999999974737875     
  2.672000000000000E-002  0.999999974737875     
  2.674000000000000E-002  0.999999974737875     
  2.676000000000000E-002  0.999999974737875     
  2.678000000000000E-002  0.999999974737875     
  2.680000000000000E-002  0.999999974737875     
  2.682000000000000E-002  0.999999974737875     
  2.684000000000000E-002  0.999999974737875     
  2.686000000000000E-002  0.999999974737875     
  2.688000000000000E-002  0.999999974737875     
  2.690000000000000E-002  0.999999974737875     
  2.692000000000000E-002  0.999999974737875     
  2.694000000000000E-002  0.999999974737875     
  2.696000000000000E-002  0.999999974737875     
  2.698000000000000E-002  0.999999974737875     
  2.700000000000000E-002  0.999999974737875     
  2.702000000000000E-002  0.999999974737875     
  2.704000000000000E-002  0.999999974737875     
  2.706000000000000E-002  0.999999974737875     
  2.708000000000000E-002  0.999999974737875     
  2.710000000000000E-002  0.999999974737875     
  2.712000000000000E-002  0.999999974737875     
  2.714000000000000E-002  0.999999974737875     
  2.716000000000000E-002  0.999999974737875     
  2.718000000000000E-002  0.999999974737875     
  2.720000000000000E-002  0.999999974737875     
  2.722000000000000E-002  0.999999974737875     
  2.724000000000000E-002  0.999999974737875     
  2.726000000000000E-002  0.999999974737875     
  2.728000000000000E-002  0.999999974737875     
  2.730000000000000E-002  0.999999974737875     
  2.732000000000000E-002  0.999999974737875     
  2.734000000000000E-002  0.999999974737875     
  2.736000000000000E-002  0.999999974737875     
  2.738000000000000E-002  0.999999974737875     
  2.740000000000000E-002  0.999999974737875     
  2.742000000000000E-002  0.999999974737875     
  2.744000000000000E-002  0.999999974737875     
  2.746000000000000E-002  0.999999974737875     
  2.748000000000000E-002  0.999999974737875     
  2.750000000000000E-002  0.999999974737875     
  2.752000000000000E-002  0.999999974737875     
  2.754000000000000E-002  0.999999974737875     
  2.756000000000000E-002  0.999999974737875     
  2.758000000000000E-002  0.999999974737875     
  2.760000000000000E-002  0.999999974737875     
  2.762000000000000E-002  0.999999974737875     
  2.764000000000000E-002  0.999999974737875     
  2.766000000000000E-002  0.999999974737875     
  2.768000000000000E-002  0.999999974737875     
  2.770000000000000E-002  0.999999974737875     
  2.772000000000000E-002  0.999999974737875     
  2.774000000000000E-002  0.999999974737875     
  2.776000000000000E-002  0.999999974737875     
  2.778000000000000E-002  0.999999974737875     
  2.780000000000000E-002  0.999999974737875     
  2.782000000000000E-002  0.999999974737875     
  2.784000000000000E-002  0.999999974737875     
  2.786000000000000E-002  0.999999974737875     
  2.788000000000000E-002  0.999999974737875     
  2.790000000000000E-002  0.999999974737875     
  2.792000000000000E-002  0.999999974737875     
  2.794000000000000E-002  0.999999974737875     
  2.796000000000000E-002  0.999999974737875     
  2.798000000000000E-002  0.999999974737875     
  2.800000000000000E-002  0.999999974737875     
  2.802000000000000E-002  0.999999974737875     
  2.804000000000000E-002  0.999999974737875     
  2.806000000000000E-002  0.999999974737875     
  2.808000000000000E-002  0.999999974737875     
  2.810000000000000E-002  0.999999974737875     
  2.812000000000000E-002  0.999999974737875     
  2.814000000000000E-002  0.999999974737875     
  2.816000000000000E-002  0.999999974737875     
  2.818000000000000E-002  0.999999974737875     
  2.820000000000000E-002  0.999999974737875     
  2.822000000000000E-002  0.999999974737875     
  2.824000000000000E-002  0.999999974737875     
  2.826000000000000E-002  0.999999974737875     
  2.828000000000000E-002  0.999999974737875     
  2.830000000000000E-002  0.999999974737875     
  2.832000000000000E-002  0.999999974737875     
  2.834000000000000E-002  0.999999974737875     
  2.836000000000000E-002  0.999999974737875     
  2.838000000000000E-002  0.999999974737875     
  2.840000000000000E-002  0.999999974737875     
  2.842000000000000E-002  0.999999974737875     
  2.844000000000000E-002  0.999999974737875     
  2.846000000000000E-002  0.999999974737875     
  2.848000000000000E-002  0.999999974737875     
  2.850000000000000E-002  0.999999974737875     
  2.852000000000000E-002  0.999999974737875     
  2.854000000000000E-002  0.999999974737875     
  2.856000000000000E-002  0.999999974737875     
  2.858000000000000E-002  0.999999974737875     
  2.860000000000000E-002  0.999999974737875     
  2.862000000000000E-002  0.999999974737875     
  2.864000000000000E-002  0.999999974737875     
  2.866000000000000E-002  0.999999974737875     
  2.868000000000000E-002  0.999999974737875     
  2.870000000000000E-002  0.999999974737875     
  2.872000000000000E-002  0.999999974737875     
  2.874000000000000E-002  0.999999974737875     
  2.876000000000000E-002  0.999999974737875     
  2.878000000000000E-002  0.999999974737875     
  2.880000000000000E-002  0.999999974737875     
  2.882000000000000E-002  0.999999974737875     
  2.884000000000000E-002  0.999999974737875     
  2.886000000000000E-002  0.999999974737875     
  2.888000000000000E-002  0.999999974737875     
  2.890000000000000E-002  0.999999974737875     
  2.892000000000000E-002  0.999999974737875     
  2.894000000000000E-002  0.999999974737875     
  2.896000000000000E-002  0.999999974737875     
  2.898000000000000E-002  0.999999974737875     
  2.900000000000000E-002  0.999999974737875     
  2.902000000000000E-002  0.999999974737875     
  2.904000000000000E-002  0.999999974737875     
  2.906000000000000E-002  0.999999974737875     
  2.908000000000000E-002  0.999999974737875     
  2.910000000000000E-002  0.999999974737875     
  2.912000000000000E-002  0.999999974737875     
  2.914000000000000E-002  0.999999974737875     
  2.916000000000000E-002  0.999999974737875     
  2.918000000000000E-002  0.999999974737875     
  2.920000000000000E-002  0.999999974737875     
  2.922000000000000E-002  0.999999974737875     
  2.924000000000000E-002  0.999999974737875     
  2.926000000000000E-002  0.999999974737875     
  2.928000000000000E-002  0.999999974737875     
  2.930000000000000E-002  0.999999974737875     
  2.932000000000000E-002  0.999999974737875     
  2.934000000000000E-002  0.999999974737875     
  2.936000000000000E-002  0.999999974737875     
  2.938000000000000E-002  0.999999974737875     
  2.940000000000000E-002  0.999999974737875     
  2.942000000000000E-002  0.999999974737875     
  2.944000000000000E-002  0.999999974737875     
  2.946000000000000E-002  0.999999974737875     
  2.948000000000000E-002  0.999999974737875     
  2.950000000000000E-002  0.999999974737875     
  2.952000000000000E-002  0.999999974737875     
  2.954000000000000E-002  0.999999974737875     
  2.956000000000000E-002  0.999999974737875     
  2.958000000000000E-002  0.999999974737875     
  2.960000000000000E-002  0.999999974737875     
  2.962000000000000E-002  0.999999974737875     
  2.964000000000000E-002  0.999999974737875     
  2.966000000000000E-002  0.999999974737875     
  2.968000000000000E-002  0.999999974737875     
  2.970000000000000E-002  0.999999974737875     
  2.972000000000000E-002  0.999999974737875     
  2.974000000000000E-002  0.999999974737875     
  2.976000000000000E-002  0.999999974737875     
  2.978000000000000E-002  0.999999974737875     
  2.980000000000000E-002  0.999999974737875     
  2.982000000000000E-002  0.999999974737875     
  2.984000000000000E-002  0.999999974737875     
  2.986000000000000E-002  0.999999974737875     
  2.988000000000000E-002  0.999999974737875     
  2.990000000000000E-002  0.999999974737875     
  2.992000000000000E-002  0.999999974737875     
  2.994000000000000E-002  0.999999974737875     
  2.996000000000000E-002  0.999999974737875     
  2.998000000000000E-002  0.999999974737875     
  3.000000000000000E-002  0.999999974737875     
  3.002000000000000E-002  0.999999974737875     
  3.004000000000000E-002  0.999999974737875     
  3.006000000000000E-002  0.999999974737875     
  3.008000000000000E-002  0.999999974737875     
  3.010000000000000E-002  0.999999974737875     
  3.012000000000000E-002  0.999999974737875     
  3.014000000000000E-002  0.999999974737875     
  3.016000000000000E-002  0.999999974737875     
  3.018000000000000E-002  0.999999974737875     
  3.020000000000000E-002  0.999999974737875     
  3.022000000000000E-002  0.999999974737875     
  3.024000000000000E-002  0.999999974737875     
  3.026000000000000E-002  0.999999974737875     
  3.028000000000000E-002  0.999999974737875     
  3.030000000000000E-002  0.999999974737875     
  3.032000000000000E-002  0.999999974737875     
  3.034000000000000E-002  0.999999974737875     
  3.036000000000000E-002  0.999999974737875     
  3.038000000000000E-002  0.999999974737875     
  3.040000000000000E-002  0.999999974737875     
  3.042000000000000E-002  0.999999974737875     
  3.044000000000000E-002  0.999999974737875     
  3.046000000000000E-002  0.999999974737875     
  3.048000000000000E-002  0.999999974737875     
  3.050000000000000E-002  0.999999974737875     
  3.052000000000000E-002  0.999999974737875     
  3.054000000000000E-002  0.999999974737875     
  3.056000000000000E-002  0.999999974737875     
  3.058000000000000E-002  0.999999974737875     
  3.060000000000000E-002  0.999999974737875     
  3.062000000000000E-002  0.999999974737875     
  3.064000000000000E-002  0.999999974737875     
  3.066000000000000E-002  0.999999974737875     
  3.068000000000000E-002  0.999999974737875     
  3.070000000000000E-002  0.999999974737875     
  3.072000000000000E-002  0.999999974737875     
  3.074000000000000E-002  0.999999974737875     
  3.076000000000000E-002  0.999999974737875     
  3.078000000000000E-002  0.999999974737875     
  3.080000000000000E-002  0.999999974737875     
  3.082000000000000E-002  0.999999974737875     
  3.084000000000000E-002  0.999999974737875     
  3.086000000000000E-002  0.999999974737875     
  3.088000000000000E-002  0.999999974737875     
  3.090000000000000E-002  0.999999974737875     
  3.092000000000000E-002  0.999999974737875     
  3.094000000000000E-002  0.999999974737875     
  3.096000000000000E-002  0.999999974737875     
  3.098000000000000E-002  0.999999974737875     
  3.100000000000000E-002  0.999999974737875     
  3.102000000000000E-002  0.999999974737875     
  3.104000000000000E-002  0.999999974737875     
  3.106000000000000E-002  0.999999974737875     
  3.108000000000000E-002  0.999999974737875     
  3.110000000000000E-002  0.999999974737875     
  3.112000000000000E-002  0.999999974737875     
  3.114000000000000E-002  0.999999974737875     
  3.116000000000000E-002  0.999999974737875     
  3.118000000000000E-002  0.999999974737875     
  3.120000000000000E-002  0.999999974737875     
  3.122000000000000E-002  0.999999974737875     
  3.124000000000000E-002  0.999999974737875     
  3.126000000000000E-002  0.999999974737875     
  3.128000000000000E-002  0.999999974737875     
  3.130000000000000E-002  0.999999974737875     
  3.132000000000000E-002  0.999999974737875     
  3.134000000000000E-002  0.999999974737875     
  3.136000000000001E-002  0.999999974737875     
  3.138000000000001E-002  0.999999974737875     
  3.140000000000000E-002  0.999999974737875     
  3.142000000000000E-002  0.999999974737875     
  3.144000000000000E-002  0.999999974737875     
  3.146000000000000E-002  0.999999974737875     
  3.148000000000000E-002  0.999999974737875     
  3.150000000000000E-002  0.999999974737875     
  3.152000000000000E-002  0.999999974737875     
  3.154000000000001E-002  0.999999974737875     
  3.156000000000000E-002  0.999999974737875     
  3.158000000000000E-002  0.999999974737875     
  3.160000000000000E-002  0.999999974737875     
  3.162000000000000E-002  0.999999974737875     
  3.164000000000000E-002  0.999999974737875     
  3.166000000000000E-002  0.999999974737875     
  3.168000000000000E-002  0.999999974737875     
  3.170000000000001E-002  0.999999974737875     
  3.172000000000001E-002  0.999999974737875     
  3.174000000000000E-002  0.999999974737875     
  3.176000000000000E-002  0.999999974737875     
  3.178000000000000E-002  0.999999974737875     
  3.180000000000000E-002  0.999999974737875     
  3.182000000000000E-002  0.999999974737875     
  3.184000000000000E-002  0.999999974737875     
  3.186000000000000E-002  0.999999974737875     
  3.188000000000001E-002  0.999999974737875     
  3.190000000000000E-002  0.999999974737875     
  3.192000000000000E-002  0.999999974737875     
  3.194000000000000E-002  0.999999974737875     
  3.196000000000000E-002  0.999999974737875     
  3.198000000000000E-002  0.999999974737875     
  3.200000000000000E-002  0.999999974737875     
  3.202000000000000E-002  0.999999974737875     
  3.204000000000001E-002  0.999999974737875     
  3.206000000000001E-002  0.999999974737875     
  3.208000000000000E-002  0.999999974737875     
  3.210000000000000E-002  0.999999974737875     
  3.212000000000000E-002  0.999999974737875     
  3.214000000000000E-002  0.999999974737875     
  3.216000000000000E-002  0.999999974737875     
  3.218000000000000E-002  0.999999974737875     
  3.220000000000000E-002  0.999999974737875     
  3.222000000000001E-002  0.999999974737875     
  3.224000000000000E-002  0.999999974737875     
  3.226000000000000E-002  0.999999974737875     
  3.228000000000000E-002  0.999999974737875     
  3.230000000000000E-002  0.999999974737875     
  3.232000000000000E-002  0.999999974737875     
  3.234000000000000E-002  0.999999974737875     
  3.236000000000000E-002  0.999999974737875     
  3.238000000000001E-002  0.999999974737875     
  3.240000000000001E-002  0.999999974737875     
  3.242000000000000E-002  0.999999974737875     
  3.244000000000000E-002  0.999999974737875     
  3.246000000000000E-002  0.999999974737875     
  3.248000000000000E-002  0.999999974737875     
  3.250000000000000E-002  0.999999974737875     
  3.252000000000000E-002  0.999999974737875     
  3.254000000000000E-002  0.999999974737875     
  3.256000000000001E-002  0.999999974737875     
  3.258000000000000E-002  0.999999974737875     
  3.260000000000000E-002  0.999999974737875     
  3.262000000000000E-002  0.999999974737875     
  3.264000000000000E-002  0.999999974737875     
  3.266000000000000E-002  0.999999974737875     
  3.268000000000000E-002  0.999999974737875     
  3.270000000000000E-002  0.999999974737875     
  3.272000000000001E-002  0.999999974737875     
  3.274000000000001E-002  0.999999974737875     
  3.276000000000000E-002  0.999999974737875     
  3.278000000000000E-002  0.999999974737875     
  3.280000000000000E-002  0.999999974737875     
  3.282000000000000E-002  0.999999974737875     
  3.284000000000000E-002  0.999999974737875     
  3.286000000000000E-002  0.999999974737875     
  3.288000000000000E-002  0.999999974737875     
  3.290000000000001E-002  0.999999974737875     
  3.292000000000000E-002  0.999999974737875     
  3.294000000000000E-002  0.999999974737875     
  3.296000000000000E-002  0.999999974737875     
  3.298000000000000E-002  0.999999974737875     
  3.300000000000000E-002  0.999999974737875     
  3.302000000000000E-002  0.999999974737875     
  3.304000000000000E-002  0.999999974737875     
  3.306000000000001E-002  0.999999974737875     
  3.308000000000001E-002  0.999999974737875     
  3.310000000000000E-002  0.999999974737875     
  3.312000000000000E-002  0.999999974737875     
  3.314000000000000E-002  0.999999974737875     
  3.316000000000000E-002  0.999999974737875     
  3.318000000000000E-002  0.999999974737875     
  3.320000000000000E-002  0.999999974737875     
  3.322000000000000E-002  0.999999974737875     
  3.324000000000001E-002  0.999999974737875     
  3.326000000000000E-002  0.999999974737875     
  3.328000000000000E-002  0.999999974737875     
  3.330000000000000E-002  0.999999974737875     
  3.332000000000000E-002  0.999999974737875     
  3.334000000000000E-002  0.999999974737875     
  3.336000000000000E-002  0.999999974737875     
  3.338000000000000E-002  0.999999974737875     
  3.340000000000001E-002  0.999999974737875     
  3.342000000000001E-002  0.999999974737875     
  3.344000000000000E-002  0.999999974737875     
  3.346000000000000E-002  0.999999974737875     
  3.348000000000000E-002  0.999999974737875     
  3.350000000000000E-002  0.999999974737875     
  3.352000000000000E-002  0.999999974737875     
  3.354000000000000E-002  0.999999974737875     
  3.356000000000000E-002  0.999999974737875     
  3.358000000000001E-002  0.999999974737875     
  3.360000000000000E-002  0.999999974737875     
  3.362000000000000E-002  0.999999974737875     
  3.364000000000000E-002  0.999999974737875     
  3.366000000000000E-002  0.999999974737875     
  3.368000000000000E-002  0.999999974737875     
  3.370000000000000E-002  0.999999974737875     
  3.372000000000000E-002  0.999999974737875     
  3.374000000000001E-002  0.999999974737875     
  3.376000000000001E-002  0.999999974737875     
  3.378000000000000E-002  0.999999974737875     
  3.380000000000000E-002  0.999999974737875     
  3.382000000000000E-002  0.999999974737875     
  3.384000000000000E-002  0.999999974737875     
  3.386000000000000E-002  0.999999974737875     
  3.388000000000000E-002  0.999999974737875     
  3.390000000000000E-002  0.999999974737875     
  3.392000000000001E-002  0.999999974737875     
  3.394000000000000E-002  0.999999974737875     
  3.396000000000000E-002  0.999999974737875     
  3.398000000000000E-002  0.999999974737875     
  3.400000000000000E-002  0.999999974737875     
  3.402000000000000E-002  0.999999974737875     
  3.404000000000000E-002  0.999999974737875     
  3.406000000000000E-002  0.999999974737875     
  3.408000000000001E-002  0.999999974737875     
  3.410000000000001E-002  0.999999974737875     
  3.412000000000000E-002  0.999999974737875     
  3.414000000000000E-002  0.999999974737875     
  3.416000000000000E-002  0.999999974737875     
  3.418000000000000E-002  0.999999974737875     
  3.420000000000000E-002  0.999999974737875     
  3.422000000000000E-002  0.999999974737875     
  3.424000000000000E-002  0.999999974737875     
  3.426000000000001E-002  0.999999974737875     
  3.428000000000000E-002  0.999999974737875     
  3.430000000000000E-002  0.999999974737875     
  3.432000000000000E-002  0.999999974737875     
  3.434000000000000E-002  0.999999974737875     
  3.436000000000000E-002  0.999999974737875     
  3.438000000000000E-002  0.999999974737875     
  3.440000000000000E-002  0.999999974737875     
  3.442000000000001E-002  0.999999974737875     
  3.444000000000001E-002  0.999999974737875     
  3.446000000000000E-002  0.999999974737875     
  3.448000000000000E-002  0.999999974737875     
  3.450000000000000E-002  0.999999974737875     
  3.452000000000000E-002  0.999999974737875     
  3.454000000000000E-002  0.999999974737875     
  3.456000000000000E-002  0.999999974737875     
  3.458000000000000E-002  0.999999974737875     
  3.460000000000001E-002  0.999999974737875     
  3.462000000000000E-002  0.999999974737875     
  3.464000000000000E-002  0.999999974737875     
  3.466000000000000E-002  0.999999974737875     
  3.468000000000000E-002  0.999999974737875     
  3.470000000000000E-002  0.999999974737875     
  3.472000000000000E-002  0.999999974737875     
  3.474000000000000E-002  0.999999974737875     
  3.476000000000001E-002  0.999999974737875     
  3.478000000000001E-002  0.999999974737875     
  3.480000000000000E-002  0.999999974737875     
  3.482000000000000E-002  0.999999974737875     
  3.484000000000000E-002  0.999999974737875     
  3.486000000000000E-002  0.999999974737875     
  3.488000000000000E-002  0.999999974737875     
  3.490000000000000E-002  0.999999974737875     
  3.492000000000000E-002  0.999999974737875     
  3.494000000000001E-002  0.999999974737875     
  3.496000000000000E-002  0.999999974737875     
  3.498000000000000E-002  0.999999974737875     
  3.500000000000000E-002  0.999999974737875     
  3.502000000000000E-002  0.999999974737875     
  3.504000000000000E-002  0.999999974737875     
  3.506000000000000E-002  0.999999974737875     
  3.508000000000000E-002  0.999999974737875     
  3.510000000000001E-002  0.999999974737875     
  3.512000000000001E-002  0.999999974737875     
  3.514000000000000E-002  0.999999974737875     
  3.516000000000000E-002  0.999999974737875     
  3.518000000000000E-002  0.999999974737875     
  3.520000000000000E-002  0.999999974737875     
  3.522000000000000E-002  0.999999974737875     
  3.524000000000000E-002  0.999999974737875     
  3.526000000000000E-002  0.999999974737875     
  3.528000000000001E-002  0.999999974737875     
  3.530000000000000E-002  0.999999974737875     
  3.532000000000000E-002  0.999999974737875     
  3.534000000000000E-002  0.999999974737875     
  3.536000000000000E-002  0.999999974737875     
  3.538000000000000E-002  0.999999974737875     
  3.540000000000000E-002  0.999999974737875     
  3.542000000000000E-002  0.999999974737875     
  3.544000000000001E-002  0.999999974737875     
  3.546000000000001E-002  0.999999974737875     
  3.548000000000000E-002  0.999999974737875     
  3.550000000000000E-002  0.999999974737875     
  3.552000000000000E-002  0.999999974737875     
  3.554000000000000E-002  0.999999974737875     
  3.556000000000000E-002  0.999999974737875     
  3.558000000000000E-002  0.999999974737875     
  3.560000000000000E-002  0.999999974737875     
  3.562000000000001E-002  0.999999974737875     
  3.564000000000001E-002  0.999999974737875     
  3.566000000000000E-002  0.999999974737875     
  3.568000000000000E-002  0.999999974737875     
  3.570000000000000E-002  0.999999974737875     
  3.572000000000000E-002  0.999999974737875     
  3.574000000000000E-002  0.999999974737875     
  3.576000000000000E-002  0.999999974737875     
  3.578000000000001E-002  0.999999974737875     
  3.580000000000001E-002  0.999999974737875     
  3.582000000000000E-002  0.999999974737875     
  3.584000000000000E-002  0.999999974737875     
  3.586000000000000E-002  0.999999974737875     
  3.588000000000000E-002  0.999999974737875     
  3.590000000000000E-002  0.999999974737875     
  3.592000000000000E-002  0.999999974737875     
  3.594000000000000E-002  0.999999974737875     
  3.596000000000001E-002  0.999999974737875     
  3.598000000000001E-002  0.999999974737875     
  3.600000000000000E-002  0.999999974737875     
  3.602000000000000E-002  0.999999974737875     
  3.604000000000000E-002  0.999999974737875     
  3.606000000000000E-002  0.999999974737875     
  3.608000000000000E-002  0.999999974737875     
  3.610000000000000E-002  0.999999974737875     
  3.612000000000001E-002  0.999999974737875     
  3.614000000000001E-002  0.999999974737875     
  3.616000000000000E-002  0.999999974737875     
  3.618000000000000E-002  0.999999974737875     
  3.620000000000000E-002  0.999999974737875     
  3.622000000000000E-002  0.999999974737875     
  3.624000000000000E-002  0.999999974737875     
  3.626000000000000E-002  0.999999974737875     
  3.628000000000000E-002  0.999999974737875     
  3.630000000000001E-002  0.999999974737875     
  3.632000000000001E-002  0.999999974737875     
  3.634000000000000E-002  0.999999974737875     
  3.636000000000000E-002  0.999999974737875     
  3.638000000000000E-002  0.999999974737875     
  3.640000000000000E-002  0.999999974737875     
  3.642000000000000E-002  0.999999974737875     
  3.644000000000000E-002  0.999999974737875     
  3.646000000000001E-002  0.999999974737875     
  3.648000000000001E-002  0.999999974737875     
  3.650000000000000E-002  0.999999974737875     
  3.652000000000000E-002  0.999999974737875     
  3.654000000000000E-002  0.999999974737875     
  3.656000000000000E-002  0.999999974737875     
  3.658000000000000E-002  0.999999974737875     
  3.660000000000000E-002  0.999999974737875     
  3.662000000000000E-002  0.999999974737875     
  3.664000000000001E-002  0.999999974737875     
  3.666000000000001E-002  0.999999974737875     
  3.668000000000000E-002  0.999999974737875     
  3.670000000000000E-002  0.999999974737875     
  3.672000000000000E-002  0.999999974737875     
  3.674000000000000E-002  0.999999974737875     
  3.676000000000000E-002  0.999999974737875     
  3.678000000000000E-002  0.999999974737875     
  3.680000000000001E-002  0.999999974737875     
  3.682000000000001E-002  0.999999974737875     
  3.684000000000000E-002  0.999999974737875     
  3.686000000000000E-002  0.999999974737875     
  3.688000000000000E-002  0.999999974737875     
  3.690000000000000E-002  0.999999974737875     
  3.692000000000000E-002  0.999999974737875     
  3.694000000000000E-002  0.999999974737875     
  3.696000000000000E-002  0.999999974737875     
  3.698000000000001E-002  0.999999974737875     
  3.700000000000001E-002  0.999999974737875     
  3.702000000000000E-002  0.999999974737875     
  3.704000000000000E-002  0.999999974737875     
  3.706000000000000E-002  0.999999974737875     
  3.708000000000000E-002  0.999999974737875     
  3.710000000000000E-002  0.999999974737875     
  3.712000000000000E-002  0.999999974737875     
  3.714000000000001E-002  0.999999974737875     
  3.716000000000001E-002  0.999999974737875     
  3.718000000000000E-002  0.999999974737875     
  3.720000000000000E-002  0.999999974737875     
  3.722000000000000E-002  0.999999974737875     
  3.724000000000000E-002  0.999999974737875     
  3.726000000000000E-002  0.999999974737875     
  3.728000000000000E-002  0.999999974737875     
  3.730000000000000E-002  0.999999974737875     
  3.732000000000001E-002  0.999999974737875     
  3.734000000000001E-002  0.999999974737875     
  3.736000000000000E-002  0.999999974737875     
  3.738000000000000E-002  0.999999974737875     
  3.740000000000000E-002  0.999999974737875     
  3.742000000000000E-002  0.999999974737875     
  3.744000000000000E-002  0.999999974737875     
  3.746000000000000E-002  0.999999974737875     
  3.748000000000001E-002  0.999999974737875     
  3.750000000000001E-002  0.999999974737875     
  3.752000000000000E-002  0.999999974737875     
  3.754000000000000E-002  0.999999974737875     
  3.756000000000000E-002  0.999999974737875     
  3.758000000000000E-002  0.999999974737875     
  3.760000000000000E-002  0.999999974737875     
  3.762000000000000E-002  0.999999974737875     
  3.764000000000000E-002  0.999999974737875     
  3.766000000000001E-002  0.999999974737875     
  3.768000000000001E-002  0.999999974737875     
  3.770000000000000E-002  0.999999974737875     
  3.772000000000000E-002  0.999999974737875     
  3.774000000000000E-002  0.999999974737875     
  3.776000000000000E-002  0.999999974737875     
  3.778000000000000E-002  0.999999974737875     
  3.780000000000000E-002  0.999999974737875     
  3.782000000000001E-002  0.999999974737875     
  3.784000000000001E-002  0.999999974737875     
  3.786000000000000E-002  0.999999974737875     
  3.788000000000000E-002  0.999999974737875     
  3.790000000000000E-002  0.999999974737875     
  3.792000000000000E-002  0.999999974737875     
  3.794000000000000E-002  0.999999974737875     
  3.796000000000000E-002  0.999999974737875     
  3.798000000000000E-002  0.999999974737875     
  3.800000000000001E-002  0.999999974737875     
  3.802000000000001E-002  0.999999974737875     
  3.804000000000000E-002  0.999999974737875     
  3.806000000000000E-002  0.999999974737875     
  3.808000000000000E-002  0.999999974737875     
  3.810000000000000E-002  0.999999974737875     
  3.812000000000000E-002  0.999999974737875     
  3.814000000000000E-002  0.999999974737875     
  3.816000000000001E-002  0.999999974737875     
  3.818000000000001E-002  0.999999974737875     
  3.820000000000000E-002  0.999999974737875     
  3.822000000000000E-002  0.999999974737875     
  3.824000000000000E-002  0.999999974737875     
  3.826000000000000E-002  0.999999974737875     
  3.828000000000000E-002  0.999999974737875     
  3.830000000000000E-002  0.999999974737875     
  3.832000000000000E-002  0.999999974737875     
  3.834000000000001E-002  0.999999974737875     
  3.836000000000001E-002  0.999999974737875     
  3.838000000000000E-002  0.999999974737875     
  3.840000000000000E-002  0.999999974737875     
  3.842000000000000E-002  0.999999974737875     
  3.844000000000000E-002  0.999999974737875     
  3.846000000000000E-002  0.999999974737875     
  3.848000000000000E-002  0.999999974737875     
  3.850000000000001E-002  0.999999974737875     
  3.852000000000001E-002  0.999999974737875     
  3.854000000000000E-002  0.999999974737875     
  3.856000000000000E-002  0.999999974737875     
  3.858000000000000E-002  0.999999974737875     
  3.860000000000000E-002  0.999999974737875     
  3.862000000000000E-002  0.999999974737875     
  3.864000000000000E-002  0.999999974737875     
  3.866000000000000E-002  0.999999974737875     
  3.868000000000001E-002  0.999999974737875     
  3.870000000000001E-002  0.999999974737875     
  3.872000000000000E-002  0.999999974737875     
  3.874000000000000E-002  0.999999974737875     
  3.876000000000000E-002  0.999999974737875     
  3.878000000000000E-002  0.999999974737875     
  3.880000000000000E-002  0.999999974737875     
  3.882000000000000E-002  0.999999974737875     
  3.884000000000001E-002  0.999999974737875     
  3.886000000000001E-002  0.999999974737875     
  3.888000000000000E-002  0.999999974737875     
  3.890000000000000E-002  0.999999974737875     
  3.892000000000000E-002  0.999999974737875     
  3.894000000000000E-002  0.999999974737875     
  3.896000000000000E-002  0.999999974737875     
  3.898000000000000E-002  0.999999974737875     
  3.900000000000000E-002  0.999999974737875     
  3.902000000000001E-002  0.999999974737875     
  3.904000000000001E-002  0.999999974737875     
  3.906000000000000E-002  0.999999974737875     
  3.908000000000000E-002  0.999999974737875     
  3.910000000000000E-002  0.999999974737875     
  3.912000000000000E-002  0.999999974737875     
  3.914000000000000E-002  0.999999974737875     
  3.916000000000000E-002  0.999999974737875     
  3.918000000000001E-002  0.999999974737875     
  3.920000000000001E-002  0.999999974737875     
  3.922000000000000E-002  0.999999974737875     
  3.924000000000000E-002  0.999999974737875     
  3.926000000000000E-002  0.999999974737875     
  3.928000000000000E-002  0.999999974737875     
  3.930000000000000E-002  0.999999974737875     
  3.932000000000000E-002  0.999999974737875     
  3.934000000000000E-002  0.999999974737875     
  3.936000000000001E-002  0.999999974737875     
  3.938000000000001E-002  0.999999974737875     
  3.940000000000000E-002  0.999999974737875     
  3.942000000000000E-002  0.999999974737875     
  3.944000000000000E-002  0.999999974737875     
  3.946000000000000E-002  0.999999974737875     
  3.948000000000000E-002  0.999999974737875     
  3.950000000000000E-002  0.999999974737875     
  3.952000000000001E-002  0.999999974737875     
  3.954000000000001E-002  0.999999974737875     
  3.956000000000000E-002  0.999999974737875     
  3.958000000000000E-002  0.999999974737875     
  3.960000000000000E-002  0.999999974737875     
  3.962000000000000E-002  0.999999974737875     
  3.964000000000000E-002  0.999999974737875     
  3.966000000000000E-002  0.999999974737875     
  3.968000000000000E-002  0.999999974737875     
  3.970000000000001E-002  0.999999974737875     
  3.972000000000001E-002  0.999999974737875     
  3.974000000000000E-002  0.999999974737875     
  3.976000000000000E-002  0.999999974737875     
  3.978000000000000E-002  0.999999974737875     
  3.980000000000000E-002  0.999999974737875     
  3.982000000000000E-002  0.999999974737875     
  3.984000000000000E-002  0.999999974737875     
  3.986000000000001E-002  0.999999974737875     
  3.988000000000001E-002  0.999999974737875     
  3.990000000000000E-002  0.999999974737875     
  3.992000000000000E-002  0.999999974737875     
  3.994000000000000E-002  0.999999974737875     
  3.996000000000000E-002  0.999999974737875     
  3.998000000000000E-002  0.999999974737875     
  4.000000000000000E-002  0.999999974718739     
