  0.000000000000000E+000  6.118102317530011E-012
  2.000000000000000E-005  6.118102317530014E-012
  4.000000000000000E-005  6.118102317530021E-012
  6.000000000000001E-005  6.118102317530019E-012
  8.000000000000001E-005  6.118102317530021E-012
  1.000000000000000E-004  6.118102317530024E-012
  1.200000000000000E-004  6.118102317530030E-012
  1.400000000000000E-004  6.118102317530035E-012
  1.600000000000000E-004  6.118102317530040E-012
  1.800000000000000E-004  6.118102317530045E-012
  2.000000000000000E-004  6.118102317530051E-012
  2.200000000000000E-004  6.118102317530037E-012
  2.400000000000000E-004  6.118102317530019E-012
  2.600000000000000E-004  6.118102317530013E-012
  2.800000000000000E-004  6.118102317530012E-012
  3.000000000000000E-004  6.118102317530012E-012
  3.200000000000000E-004  6.118102317530009E-012
  3.400000000000000E-004  6.118102317530005E-012
  3.600000000000000E-004  6.118102317530002E-012
  3.800000000000000E-004  6.118102317529997E-012
  4.000000000000000E-004  6.118102317529988E-012
  4.200000000000000E-004  6.118102317529983E-012
  4.400000000000000E-004  6.118102317529976E-012
  4.600000000000000E-004  6.118102317529972E-012
  4.800000000000001E-004  6.118102317529973E-012
  5.000000000000000E-004  6.118102317529971E-012
  5.200000000000001E-004  6.118102317529971E-012
  5.400000000000000E-004  6.118102317529967E-012
  5.600000000000001E-004  6.118102317529966E-012
  5.800000000000000E-004  6.118102317529964E-012
  6.000000000000001E-004  6.118102317529966E-012
  6.200000000000000E-004  6.118102317529963E-012
  6.400000000000001E-004  6.118102317529961E-012
  6.600000000000001E-004  6.118102317529954E-012
  6.800000000000000E-004  6.118102317529945E-012
  7.000000000000001E-004  6.118102317529944E-012
  7.200000000000000E-004  6.118102317529941E-012
  7.400000000000001E-004  6.118102317529942E-012
  7.600000000000000E-004  6.118102317529944E-012
  7.800000000000001E-004  6.118102317529946E-012
  8.000000000000000E-004  6.118102317529947E-012
  8.200000000000001E-004  6.118102317529953E-012
  8.400000000000000E-004  6.118102317529963E-012
  8.600000000000001E-004  6.118102317529967E-012
  8.800000000000000E-004  6.118102317529967E-012
  9.000000000000001E-004  6.118102317529969E-012
  9.200000000000000E-004  6.118102317529970E-012
  9.400000000000001E-004  6.118102317529971E-012
  9.600000000000001E-004  6.118102317529971E-012
  9.800000000000002E-004  6.118102317529971E-012
  1.000000000000000E-003  6.118102317529975E-012
  1.020000000000000E-003  6.118102317529977E-012
  1.040000000000000E-003  6.118102317529980E-012
  1.060000000000000E-003  6.118102317529987E-012
  1.080000000000000E-003  6.118102317529992E-012
  1.100000000000000E-003  6.118102317529998E-012
  1.120000000000000E-003  6.118102317530008E-012
  1.140000000000000E-003  6.118102317530018E-012
  1.160000000000000E-003  6.118102317530026E-012
  1.180000000000000E-003  6.118102317530032E-012
  1.200000000000000E-003  6.118102317530035E-012
  1.220000000000000E-003  6.118102317530038E-012
  1.240000000000000E-003  6.118102317530043E-012
  1.260000000000000E-003  6.118102317530049E-012
  1.280000000000000E-003  6.118102317530044E-012
  1.300000000000000E-003  6.118102317530047E-012
  1.320000000000000E-003  6.118102317530053E-012
  1.340000000000000E-003  6.118102317530055E-012
  1.360000000000000E-003  6.118102317530063E-012
  1.380000000000000E-003  6.118102317530070E-012
  1.400000000000000E-003  6.118102317530077E-012
  1.420000000000000E-003  6.118102317530084E-012
  1.440000000000000E-003  6.118102317530090E-012
  1.460000000000000E-003  6.118102317530095E-012
  1.480000000000000E-003  6.118102317530120E-012
  1.500000000000000E-003  6.118102317530199E-012
  1.520000000000000E-003  6.118102317530453E-012
  1.540000000000000E-003  6.118102317531248E-012
  1.560000000000000E-003  6.118102317533674E-012
  1.580000000000000E-003  6.118102317541032E-012
  1.600000000000000E-003  6.118102317562969E-012
  1.620000000000000E-003  6.118102317627202E-012
  1.640000000000000E-003  6.118102317811782E-012
  1.660000000000000E-003  6.118102318331804E-012
  1.680000000000000E-003  6.118102319767745E-012
  1.700000000000000E-003  6.118102323652011E-012
  1.720000000000000E-003  6.118102333939599E-012
  1.740000000000000E-003  6.118102360602490E-012
  1.760000000000000E-003  6.118102428183665E-012
  1.780000000000000E-003  6.118102595594261E-012
  1.800000000000000E-003  6.118103000606084E-012
  1.820000000000000E-003  6.118103956787876E-012
  1.840000000000000E-003  6.118106157834445E-012
  1.860000000000000E-003  6.118111093260029E-012
  1.880000000000000E-003  6.118121862231785E-012
  1.900000000000000E-003  6.118144701203297E-012
  1.920000000000000E-003  6.118191720326203E-012
  1.940000000000000E-003  6.118285552301031E-012
  1.960000000000000E-003  6.118466780954342E-012
  1.980000000000000E-003  6.118804978059003E-012
  2.000000000000000E-003  6.119413696342793E-012
  2.020000000000000E-003  6.120468620164522E-012
  2.040000000000000E-003  6.122226388355112E-012
  2.060000000000000E-003  6.125041334416609E-012
  2.080000000000000E-003  6.129380215760521E-012
  2.100000000000000E-003  6.134621837874993E-012
  2.120000000000000E-003  6.138834553114184E-012
  2.140000000000000E-003  6.141712187847977E-012
  2.160000000000000E-003  6.143314109952447E-012
  2.180000000000000E-003  6.143923786584455E-012
  2.200000000000000E-003  6.143971789643850E-012
  2.220000000000000E-003  6.143363106761287E-012
  2.240000000000000E-003  6.141284977366607E-012
  2.260000000000000E-003  6.137202755512901E-012
  2.280000000000000E-003  6.132988303998034E-012
  2.300000000000000E-003  6.129861061469075E-012
  2.320000000000000E-003  6.127612373606687E-012
  2.340000000000000E-003  6.126011790230480E-012
  2.360000000000000E-003  6.124869664176239E-012
  2.380000000000000E-003  6.124050828390832E-012
  2.400000000000000E-003  6.123484954506788E-012
  2.420000000000000E-003  6.123126615613992E-012
  2.440000000000000E-003  6.122952157679520E-012
  2.460000000000000E-003  6.122914729383362E-012
  2.480000000000000E-003  6.122946663101691E-012
  2.500000000000000E-003  6.123064248071692E-012
  2.520000000000000E-003  6.123290450239966E-012
  2.540000000000000E-003  6.123641318459983E-012
  2.560000000000000E-003  6.124139768438942E-012
  2.580000000000000E-003  6.124815732831552E-012
  2.600000000000000E-003  6.125628316369744E-012
  2.620000000000000E-003  6.126350269938450E-012
  2.640000000000000E-003  6.126913246438802E-012
  2.660000000000000E-003  6.127299246049754E-012
  2.680000000000000E-003  6.127513030354006E-012
  2.700000000000000E-003  6.127590506022958E-012
  2.720000000000000E-003  6.127574095578685E-012
  2.740000000000000E-003  6.127473660061153E-012
  2.760000000000000E-003  6.127276084041093E-012
  2.780000000000000E-003  6.126986240004641E-012
  2.800000000000000E-003  6.126624877356951E-012
  2.820000000000000E-003  6.126253459584911E-012
  2.840000000000000E-003  6.125920117533654E-012
  2.860000000000000E-003  6.125636066417651E-012
  2.880000000000000E-003  6.125402816771218E-012
  2.900000000000000E-003  6.125211807882620E-012
  2.920000000000000E-003  6.125052580403829E-012
  2.940000000000000E-003  6.124917605825578E-012
  2.960000000000000E-003  6.124802391243144E-012
  2.980000000000000E-003  6.124703723779846E-012
  3.000000000000000E-003  6.124618603790783E-012
  3.020000000000000E-003  6.124544481003973E-012
  3.040000000000000E-003  6.124479656406721E-012
  3.060000000000000E-003  6.124422990238658E-012
  3.080000000000000E-003  6.124373338826456E-012
  3.100000000000000E-003  6.124329420203307E-012
  3.120000000000000E-003  6.124290099327482E-012
  3.140000000000000E-003  6.124254706567184E-012
  3.160000000000000E-003  6.124222933926765E-012
  3.180000000000000E-003  6.124194620119565E-012
  3.200000000000000E-003  6.124169273850780E-012
  3.220000000000000E-003  6.124145968801882E-012
  3.240000000000000E-003  6.124123694312779E-012
  3.260000000000000E-003  6.124101413716170E-012
  3.280000000000000E-003  6.124077552288287E-012
  3.300000000000000E-003  6.124052583383546E-012
  3.320000000000000E-003  6.124031834517378E-012
  3.340000000000000E-003  6.124018459389470E-012
  3.360000000000000E-003  6.124014094269030E-012
  3.380000000000000E-003  6.124020473525979E-012
  3.400000000000000E-003  6.124042575099603E-012
  3.420000000000000E-003  6.124092401812544E-012
  3.440000000000000E-003  6.124197140821410E-012
  3.460000000000000E-003  6.124394823448081E-012
  3.480000000000000E-003  6.124747317334872E-012
  3.500000000000000E-003  6.125347737688693E-012
  3.520000000000000E-003  6.126327181887232E-012
  3.540000000000000E-003  6.127857114139878E-012
  3.560000000000000E-003  6.130144676945684E-012
  3.580000000000000E-003  6.133418459208978E-012
  3.600000000000000E-003  6.137904667952254E-012
  3.620000000000000E-003  6.143732984991871E-012
  3.640000000000000E-003  6.151915665832679E-012
  3.660000000000000E-003  6.162507947317933E-012
  3.680000000000000E-003  6.174898801825408E-012
  3.700000000000000E-003  6.188929493678553E-012
  3.720000000000000E-003  6.204378250116318E-012
  3.740000000000000E-003  6.221005439475297E-012
  3.760000000000000E-003  6.238596000643039E-012
  3.780000000000000E-003  6.257061936789413E-012
  3.800000000000000E-003  6.276139912663192E-012
  3.820000000000000E-003  6.294881440072306E-012
  3.840000000000001E-003  6.312914471131511E-012
  3.860000000000000E-003  6.330074165157602E-012
  3.880000000000000E-003  6.346300405794640E-012
  3.900000000000000E-003  6.361643616321970E-012
  3.920000000000001E-003  6.376225571432910E-012
  3.940000000000000E-003  6.390256138726263E-012
  3.960000000000000E-003  6.403948649751145E-012
  3.980000000000000E-003  6.417510867733252E-012
  4.000000000000000E-003  6.431090734848492E-012
  4.020000000000000E-003  6.444862183241555E-012
  4.040000000000000E-003  6.459299616607812E-012
  4.060000000000000E-003  6.475079763588883E-012
  4.080000000000000E-003  6.492712430763313E-012
  4.100000000000000E-003  6.512174393141546E-012
  4.120000000000000E-003  6.532897131428648E-012
  4.140000000000000E-003  6.553882007501045E-012
  4.160000000000001E-003  6.574741317218311E-012
  4.180000000000001E-003  6.595559171663324E-012
  4.200000000000001E-003  6.616327310452295E-012
  4.220000000000001E-003  6.637016003626729E-012
  4.240000000000001E-003  6.657602319535441E-012
  4.260000000000001E-003  6.678069048525201E-012
  4.280000000000000E-003  6.698395575288517E-012
  4.300000000000000E-003  6.718559062354154E-012
  4.320000000000000E-003  6.738546617905628E-012
  4.340000000000000E-003  6.758361587767562E-012
  4.360000000000000E-003  6.778015639180913E-012
  4.380000000000000E-003  6.797517286739557E-012
  4.400000000000000E-003  6.816868571497380E-012
  4.420000000000000E-003  6.836070846375423E-012
  4.440000000000000E-003  6.855127606189440E-012
  4.460000000000000E-003  6.874036024426066E-012
  4.480000000000000E-003  6.892778609952483E-012
  4.500000000000001E-003  6.911325228082581E-012
  4.520000000000001E-003  6.929639138198423E-012
  4.540000000000001E-003  6.947680465634423E-012
  4.560000000000001E-003  6.965407632100593E-012
  4.580000000000001E-003  6.982778864872890E-012
  4.600000000000001E-003  6.999751872930711E-012
  4.620000000000000E-003  7.016284413982674E-012
  4.640000000000000E-003  7.032331910513504E-012
  4.660000000000000E-003  7.047846266270054E-012
  4.680000000000000E-003  7.062764653427317E-012
  4.700000000000000E-003  7.077020430418075E-012
  4.720000000000000E-003  7.090539986653668E-012
  4.740000000000000E-003  7.103256053239560E-012
  4.760000000000000E-003  7.115094387292030E-012
  4.780000000000000E-003  7.126000826101891E-012
  4.800000000000000E-003  7.135900086454963E-012
  4.820000000000000E-003  7.144774186713308E-012
  4.840000000000001E-003  7.152583742196834E-012
  4.860000000000001E-003  7.159362152548766E-012
  4.880000000000001E-003  7.165043072406397E-012
  4.900000000000001E-003  7.169634820797919E-012
  4.920000000000001E-003  7.172980588804185E-012
  4.940000000000001E-003  7.175248370793259E-012
  4.960000000000000E-003  7.176493910803497E-012
  4.980000000000000E-003  7.176645748459734E-012
  5.000000000000000E-003  7.176063451605578E-012
  5.020000000000000E-003  7.174684105785898E-012
  5.040000000000000E-003  7.173206616003946E-012
  5.060000000000000E-003  7.172145083324214E-012
  5.080000000000000E-003  7.171723008603849E-012
  5.100000000000000E-003  7.171703230960499E-012
  5.120000000000000E-003  7.171801604046311E-012
  5.140000000000000E-003  7.171419353524763E-012
  5.160000000000001E-003  7.170114452860606E-012
  5.180000000000001E-003  7.167448261372437E-012
  5.200000000000001E-003  7.163148531494518E-012
  5.220000000000001E-003  7.157660894342101E-012
  5.240000000000001E-003  7.152972726681027E-012
  5.260000000000001E-003  7.149241103841129E-012
  5.280000000000001E-003  7.146035171109706E-012
  5.300000000000000E-003  7.143030319624564E-012
  5.320000000000000E-003  7.139678971741690E-012
  5.340000000000000E-003  7.136110337983249E-012
  5.360000000000000E-003  7.133491781596479E-012
  5.380000000000000E-003  7.132135253897458E-012
  5.400000000000000E-003  7.131708350334974E-012
  5.420000000000000E-003  7.131918830864872E-012
  5.440000000000000E-003  7.132255096162520E-012
  5.460000000000000E-003  7.132176692891995E-012
  5.480000000000000E-003  7.131204713432847E-012
  5.500000000000001E-003  7.128659597958297E-012
  5.520000000000001E-003  7.124260963567845E-012
  5.540000000000001E-003  7.118129885241544E-012
  5.560000000000001E-003  7.111435239185397E-012
  5.580000000000001E-003  7.105363082494771E-012
  5.600000000000001E-003  7.099572387405521E-012
  5.620000000000001E-003  7.093902757267617E-012
  5.640000000000000E-003  7.088127159499961E-012
  5.660000000000000E-003  7.081964231930446E-012
  5.680000000000000E-003  7.075257854525514E-012
  5.700000000000000E-003  7.068146713096473E-012
  5.720000000000000E-003  7.061114408283205E-012
  5.740000000000000E-003  7.054300787168553E-012
  5.760000000000000E-003  7.047739236473754E-012
  5.780000000000000E-003  7.041323522533189E-012
  5.800000000000000E-003  7.034857944871390E-012
  5.820000000000001E-003  7.028037747982206E-012
  5.840000000000001E-003  7.020838365218700E-012
  5.860000000000001E-003  7.013974539424481E-012
  5.880000000000001E-003  7.007482488497976E-012
  5.900000000000001E-003  7.001148203891263E-012
  5.920000000000001E-003  6.994682366504173E-012
  5.940000000000001E-003  6.987495517745542E-012
  5.960000000000001E-003  6.978921409237234E-012
  5.980000000000000E-003  6.969922967559336E-012
  6.000000000000000E-003  6.961989238228261E-012
  6.020000000000000E-003  6.955181159601285E-012
  6.040000000000000E-003  6.948774783636627E-012
  6.060000000000000E-003  6.942678325825854E-012
  6.080000000000000E-003  6.936671721626863E-012
  6.100000000000000E-003  6.930371866987998E-012
  6.120000000000000E-003  6.923286846778953E-012
  6.140000000000000E-003  6.915100751379830E-012
  6.160000000000001E-003  6.905885324622549E-012
  6.180000000000001E-003  6.895805988934311E-012
  6.200000000000001E-003  6.884798366178977E-012
  6.220000000000001E-003  6.872777665064104E-012
  6.240000000000001E-003  6.860073655259722E-012
  6.260000000000001E-003  6.847224110209580E-012
  6.280000000000001E-003  6.834671119787777E-012
  6.300000000000001E-003  6.822517897708683E-012
  6.320000000000000E-003  6.808097188280565E-012
  6.340000000000000E-003  6.783916242047220E-012
  6.360000000000000E-003  6.735149804790305E-012
  6.380000000000000E-003  6.691290155321160E-012
  6.400000000000000E-003  6.686304153056094E-012
  6.420000000000000E-003  6.719750919932885E-012
  6.440000000000000E-003  6.780865934907162E-012
  6.460000000000000E-003  6.864842841112609E-012
  6.480000000000001E-003  6.963551391580597E-012
  6.500000000000001E-003  7.049614380692746E-012
  6.520000000000001E-003  7.106403336083549E-012
  6.540000000000001E-003  7.137444127381360E-012
  6.560000000000001E-003  7.150771343980922E-012
  6.580000000000001E-003  7.156482890274463E-012
  6.600000000000001E-003  7.163393880463116E-012
  6.620000000000001E-003  7.175145448317550E-012
  6.640000000000001E-003  7.187534518825262E-012
  6.660000000000000E-003  7.202077353438451E-012
  6.680000000000000E-003  7.218328314547848E-012
  6.700000000000000E-003  7.235461987828505E-012
  6.720000000000000E-003  7.259494117377572E-012
  6.740000000000000E-003  7.314553462997479E-012
  6.760000000000000E-003  7.482560449799814E-012
  6.780000000000000E-003  8.034283883541623E-012
  6.800000000000000E-003  9.848526318702101E-012
  6.820000000000001E-003  1.570551560704700E-011
  6.840000000000001E-003  3.417019250280169E-011
  6.860000000000001E-003  9.095406526805846E-011
  6.880000000000001E-003  2.613747393601769E-010
  6.900000000000001E-003  7.610807516485122E-010
  6.920000000000001E-003  2.194287922695895E-009
  6.940000000000001E-003  6.219177738024375E-009
  6.960000000000001E-003  1.729539721610452E-008
  6.980000000000001E-003  4.717314889322555E-008
  7.000000000000000E-003  1.261548342584440E-007
  7.020000000000000E-003  3.306277168262585E-007
  7.040000000000000E-003  8.475421759457509E-007
  7.060000000000000E-003  2.119066770197792E-006
  7.080000000000000E-003  5.160921753914121E-006
  7.100000000000000E-003  1.223539231897295E-005
  7.120000000000000E-003  2.821103545642662E-005
  7.140000000000001E-003  6.320982686131081E-005
  7.160000000000001E-003  1.376826529219890E-004
  7.180000000000001E-003  2.912877205888458E-004
  7.200000000000001E-003  5.982552620042030E-004
  7.220000000000001E-003  1.191397056568374E-003
  7.240000000000001E-003  2.297086991904264E-003
  7.260000000000001E-003  4.289392786747190E-003
  7.280000000000001E-003  7.782836299063138E-003
  7.300000000000001E-003  1.382265736567810E-002
  7.320000000000001E-003  2.435443371185370E-002
  7.340000000000000E-003  4.356756944590414E-002
  7.360000000000000E-003  8.272031247023270E-002
  7.380000000000000E-003  0.158436196259393     
  7.400000000000000E-003  0.262566531370029     
  7.420000000000000E-003  0.371916584342381     
  7.440000000000000E-003  0.454805289335049     
  7.460000000000000E-003  0.502053737548988     
  7.480000000000001E-003  0.524567487805263     
  7.500000000000001E-003  0.534646639174406     
  7.520000000000001E-003  0.539368638713962     
  7.540000000000001E-003  0.541831758343059     
  7.560000000000001E-003  0.543268271368286     
  7.580000000000001E-003  0.544167025783166     
  7.600000000000001E-003  0.544752029071220     
  7.620000000000001E-003  0.545137512412065     
  7.640000000000001E-003  0.545388232373325     
  7.660000000000001E-003  0.545548998475146     
  7.680000000000001E-003  0.545648455799186     
  7.700000000000000E-003  0.545704929173772     
  7.720000000000000E-003  0.545729914008966     
  7.740000000000000E-003  0.545732325183222     
  7.760000000000000E-003  0.545730440041946     
  7.780000000000000E-003  0.545706808209007     
  7.800000000000001E-003  0.545661703193837     
  7.820000000000001E-003  0.545624069877794     
  7.840000000000001E-003  0.545600101382631     
  7.860000000000001E-003  0.545582379056623     
  7.880000000000000E-003  0.545567024424819     
  7.900000000000001E-003  0.545552066657904     
  7.920000000000000E-003  0.545536472980290     
  7.940000000000001E-003  0.545518845936867     
  7.960000000000000E-003  0.545498395451392     
  7.980000000000001E-003  0.545475203547617     
  8.000000000000000E-003  0.545444445278011     
  8.020000000000001E-003  0.545408943001692     
  8.040000000000000E-003  0.545369103088932     
  8.060000000000001E-003  0.545326355864040     
  8.080000000000000E-003  0.545281456420948     
  8.100000000000001E-003  0.545234419389681     
  8.120000000000000E-003  0.545184759242444     
  8.140000000000001E-003  0.545131673368153     
  8.160000000000001E-003  0.545074926695977     
  8.180000000000002E-003  0.545014853048860     
  8.200000000000001E-003  0.544952030620772     
  8.220000000000000E-003  0.544887153930896     
  8.240000000000001E-003  0.544820703346095     
  8.260000000000000E-003  0.544752962457531     
  8.280000000000001E-003  0.544683747278762     
  8.300000000000000E-003  0.544612818041292     
  8.320000000000001E-003  0.544540153095452     
  8.340000000000000E-003  0.544468196571028     
  8.360000000000001E-003  0.544397593968280     
  8.380000000000000E-003  0.544326733368925     
  8.400000000000001E-003  0.544255050048527     
  8.420000000000000E-003  0.544183032891206     
  8.440000000000001E-003  0.544109592552446     
  8.460000000000001E-003  0.544032363794483     
  8.480000000000001E-003  0.543947722389645     
  8.500000000000001E-003  0.543849158959583     
  8.520000000000002E-003  0.543727542314025     
  8.540000000000001E-003  0.543554755901658     
  8.560000000000000E-003  0.543269803509270     
  8.580000000000001E-003  0.542763551883427     
  8.600000000000000E-003  0.541791191660273     
  8.620000000000001E-003  0.539837374799392     
  8.640000000000000E-003  0.535843178214656     
  8.660000000000001E-003  0.527653606289996     
  8.680000000000000E-003  0.511207546308764     
  8.700000000000001E-003  0.480033666682221     
  8.720000000000000E-003  0.427046255025533     
  8.740000000000001E-003  0.350743122729232     
  8.760000000000000E-003  0.261627822006864     
  8.780000000000001E-003  0.177046758159296     
  8.800000000000001E-003  0.109150071429218     
  8.820000000000001E-003  6.031755947076056E-002
  8.840000000000001E-003  3.044910478572146E-002
  8.860000000000002E-003  1.627007702863071E-002
  8.880000000000001E-003  8.933917818639924E-003
  8.900000000000000E-003  4.924095610699327E-003
  8.920000000000001E-003  2.686264025414070E-003
  8.940000000000000E-003  1.437780870661926E-003
  8.960000000000001E-003  7.505751943486242E-004
  8.980000000000000E-003  3.805020408637415E-004
  9.000000000000001E-003  1.867094470008282E-004
  9.020000000000000E-003  8.848432133944456E-005
  9.040000000000001E-003  4.045441580776758E-005
  9.060000000000000E-003  1.784996373328758E-005
  9.080000000000001E-003  7.608091291165932E-006
  9.100000000000000E-003  3.134189730079923E-006
  9.120000000000001E-003  1.248063533031717E-006
  9.140000000000001E-003  4.805306378318694E-007
  9.160000000000001E-003  1.789997878910298E-007
  9.180000000000001E-003  6.454427062043357E-008
  9.200000000000002E-003  2.253914798581797E-008
  9.220000000000001E-003  7.626888418773142E-009
  9.240000000000000E-003  2.503895837086055E-009
  9.260000000000001E-003  8.002259895765940E-010
  9.280000000000000E-003  2.516194429520045E-010
  9.300000000000001E-003  8.051178031501087E-011
  9.320000000000000E-003  2.880621237119231E-011
  9.340000000000001E-003  1.366562462184504E-011
  9.360000000000000E-003  9.373671886624474E-012
  9.380000000000001E-003  8.204348520602994E-012
  9.400000000000000E-003  7.907368328996834E-012
  9.420000000000001E-003  7.842981058872484E-012
  9.440000000000000E-003  7.837840183745610E-012
  9.460000000000001E-003  7.846270886894593E-012
  9.480000000000001E-003  7.856637349241437E-012
  9.500000000000001E-003  7.866115265673851E-012
  9.520000000000001E-003  7.874141383618020E-012
  9.540000000000002E-003  7.880800024307070E-012
  9.560000000000001E-003  7.886450119672563E-012
  9.580000000000000E-003  7.891534003212328E-012
  9.600000000000001E-003  7.896428030789069E-012
  9.620000000000000E-003  7.901366733022989E-012
  9.640000000000001E-003  7.906554069405996E-012
  9.660000000000000E-003  7.912341488574514E-012
  9.680000000000001E-003  7.919387824800384E-012
  9.700000000000000E-003  7.928703938334994E-012
  9.720000000000001E-003  7.941701679824476E-012
  9.740000000000000E-003  7.960364268059490E-012
  9.760000000000001E-003  7.987204802257625E-012
  9.780000000000000E-003  8.025081860231245E-012
  9.800000000000001E-003  8.076706719214784E-012
  9.820000000000001E-003  8.143456436744223E-012
  9.840000000000002E-003  8.219109479553383E-012
  9.860000000000001E-003  8.280645195123153E-012
  9.880000000000002E-003  8.326541868651578E-012
  9.900000000000001E-003  8.360426527149656E-012
  9.920000000000000E-003  8.385498637176777E-012
  9.940000000000001E-003  8.404443194405659E-012
  9.960000000000000E-003  8.419317893086296E-012
  9.980000000000001E-003  8.431812708895809E-012
  1.000000000000000E-002  8.443065285509790E-012
  1.002000000000000E-002  8.453857538901119E-012
  1.004000000000000E-002  8.464691360297988E-012
  1.006000000000000E-002  8.477915129655392E-012
  1.008000000000000E-002  8.500029876989945E-012
  1.010000000000000E-002  8.556877786647857E-012
  1.012000000000000E-002  8.734277469750242E-012
  1.014000000000000E-002  9.329948953954524E-012
  1.016000000000000E-002  1.105626070619798E-011
  1.018000000000000E-002  1.297892385936413E-011
  1.020000000000000E-002  1.359987879582397E-011
  1.022000000000000E-002  1.372871565239872E-011
  1.024000000000000E-002  1.375234727008228E-011
  1.026000000000000E-002  1.375659157169135E-011
  1.028000000000000E-002  1.375735469657510E-011
  1.030000000000000E-002  1.375749276826073E-011
  1.032000000000000E-002  1.375751795117405E-011
  1.034000000000000E-002  1.375752258558449E-011
  1.036000000000000E-002  1.375752344651602E-011
  1.038000000000000E-002  1.375752360796882E-011
  1.040000000000000E-002  1.375752363852280E-011
  1.042000000000000E-002  1.375752364435355E-011
  1.044000000000000E-002  1.375752364547450E-011
  1.046000000000000E-002  1.375752364569137E-011
  1.048000000000000E-002  1.375752364573353E-011
  1.050000000000000E-002  1.375752364574177E-011
  1.052000000000000E-002  1.375752364574338E-011
  1.054000000000000E-002  1.375752364574369E-011
  1.056000000000000E-002  1.375752364574375E-011
  1.058000000000000E-002  1.375752364574377E-011
  1.060000000000000E-002  1.375752364574377E-011
  1.062000000000000E-002  1.375752364574377E-011
  1.064000000000000E-002  1.375752364574377E-011
  1.066000000000000E-002  1.375752364574377E-011
  1.068000000000000E-002  1.375752364574377E-011
  1.070000000000000E-002  1.375752364574377E-011
  1.072000000000000E-002  1.375752364574377E-011
  1.074000000000000E-002  1.375752364574377E-011
  1.076000000000000E-002  1.375752364574377E-011
  1.078000000000000E-002  1.375752364574377E-011
  1.080000000000000E-002  1.375752364574377E-011
  1.082000000000000E-002  1.375752364574377E-011
  1.084000000000000E-002  1.375752364574377E-011
  1.086000000000000E-002  1.375752364574377E-011
  1.088000000000000E-002  1.375752364574377E-011
  1.090000000000000E-002  1.375752364574377E-011
  1.092000000000000E-002  1.375752364574377E-011
  1.094000000000000E-002  1.375752364574377E-011
  1.096000000000000E-002  1.375752364574377E-011
  1.098000000000000E-002  1.375752364574377E-011
  1.100000000000000E-002  1.375752364574377E-011
  1.102000000000000E-002  1.375752364574377E-011
  1.104000000000000E-002  1.375752364574377E-011
  1.106000000000000E-002  1.375752364574377E-011
  1.108000000000000E-002  1.375752364574377E-011
  1.110000000000000E-002  1.375752364574377E-011
  1.112000000000000E-002  1.375752364574377E-011
  1.114000000000000E-002  1.375752364574377E-011
  1.116000000000000E-002  1.375752364574377E-011
  1.118000000000000E-002  1.375752364574377E-011
  1.120000000000000E-002  1.375752364574377E-011
  1.122000000000000E-002  1.375752364574377E-011
  1.124000000000000E-002  1.375752364574377E-011
  1.126000000000000E-002  1.375752364574377E-011
  1.128000000000000E-002  1.375752364574377E-011
  1.130000000000000E-002  1.375752364574377E-011
  1.132000000000000E-002  1.375752364574377E-011
  1.134000000000000E-002  1.375752364574377E-011
  1.136000000000000E-002  1.375752364574377E-011
  1.138000000000000E-002  1.375752364574377E-011
  1.140000000000000E-002  1.375752364574377E-011
  1.142000000000000E-002  1.375752364574377E-011
  1.144000000000000E-002  1.375752364574377E-011
  1.146000000000000E-002  1.375752364574377E-011
  1.148000000000000E-002  1.375752364574377E-011
  1.150000000000000E-002  1.375752364574377E-011
  1.152000000000000E-002  1.375752364574377E-011
  1.154000000000000E-002  1.375752364574377E-011
  1.156000000000000E-002  1.375752364574377E-011
  1.158000000000000E-002  1.375752364574377E-011
  1.160000000000000E-002  1.375752364574377E-011
  1.162000000000000E-002  1.375752364574377E-011
  1.164000000000000E-002  1.375752364574377E-011
  1.166000000000000E-002  1.375752364574377E-011
  1.168000000000000E-002  1.375752364574377E-011
  1.170000000000000E-002  1.375752364574377E-011
  1.172000000000000E-002  1.375752364574377E-011
  1.174000000000000E-002  1.375752364574377E-011
  1.176000000000000E-002  1.375752364574377E-011
  1.178000000000000E-002  1.375752364574377E-011
  1.180000000000000E-002  1.375752364574377E-011
  1.182000000000000E-002  1.375752364574377E-011
  1.184000000000000E-002  1.375752364574377E-011
  1.186000000000000E-002  1.375752364574377E-011
  1.188000000000000E-002  1.375752364574377E-011
  1.190000000000000E-002  1.375752364574377E-011
  1.192000000000000E-002  1.375752364574377E-011
  1.194000000000000E-002  1.375752364574377E-011
  1.196000000000000E-002  1.375752364574377E-011
  1.198000000000000E-002  1.375752364574377E-011
  1.200000000000000E-002  1.375752364574377E-011
  1.202000000000000E-002  1.375752364574377E-011
  1.204000000000000E-002  1.375752364574377E-011
  1.206000000000000E-002  1.375752364574377E-011
  1.208000000000000E-002  1.375752364574377E-011
  1.210000000000000E-002  1.375752364574377E-011
  1.212000000000000E-002  1.375752364574377E-011
  1.214000000000000E-002  1.375752364574377E-011
  1.216000000000000E-002  1.375752364574377E-011
  1.218000000000000E-002  1.375752364574377E-011
  1.220000000000000E-002  1.375752364574377E-011
  1.222000000000000E-002  1.375752364574377E-011
  1.224000000000000E-002  1.375752364574377E-011
  1.226000000000000E-002  1.375752364574377E-011
  1.228000000000000E-002  1.375752364574377E-011
  1.230000000000000E-002  1.375752364574377E-011
  1.232000000000000E-002  1.375752364574377E-011
  1.234000000000000E-002  1.375752364574377E-011
  1.236000000000000E-002  1.375752364574377E-011
  1.238000000000000E-002  1.375752364574377E-011
  1.240000000000000E-002  1.375752364574377E-011
  1.242000000000000E-002  1.375752364574377E-011
  1.244000000000000E-002  1.375752364574377E-011
  1.246000000000000E-002  1.375752364574377E-011
  1.248000000000000E-002  1.375752364574377E-011
  1.250000000000000E-002  1.375752364574377E-011
  1.252000000000000E-002  1.375752364574377E-011
  1.254000000000000E-002  1.375752364574377E-011
  1.256000000000000E-002  1.375752364574377E-011
  1.258000000000000E-002  1.375752364574377E-011
  1.260000000000000E-002  1.375752364574377E-011
  1.262000000000000E-002  1.375752364574377E-011
  1.264000000000000E-002  1.375752364574377E-011
  1.266000000000000E-002  1.375752364574377E-011
  1.268000000000000E-002  1.375752364574377E-011
  1.270000000000000E-002  1.375752364574377E-011
  1.272000000000000E-002  1.375752364574377E-011
  1.274000000000000E-002  1.375752364574377E-011
  1.276000000000000E-002  1.375752364574377E-011
  1.278000000000000E-002  1.375752364574377E-011
  1.280000000000000E-002  1.375752364574377E-011
  1.282000000000000E-002  1.375752364574377E-011
  1.284000000000000E-002  1.375752364574377E-011
  1.286000000000000E-002  1.375752364574377E-011
  1.288000000000000E-002  1.375752364574377E-011
  1.290000000000000E-002  1.375752364574377E-011
  1.292000000000000E-002  1.375752364574377E-011
  1.294000000000000E-002  1.375752364574377E-011
  1.296000000000000E-002  1.375752364574377E-011
  1.298000000000000E-002  1.375752364574377E-011
  1.300000000000000E-002  1.375752364574377E-011
  1.302000000000000E-002  1.375752364574377E-011
  1.304000000000000E-002  1.375752364574377E-011
  1.306000000000000E-002  1.375752364574377E-011
  1.308000000000000E-002  1.375752364574377E-011
  1.310000000000000E-002  1.375752364574377E-011
  1.312000000000000E-002  1.375752364574377E-011
  1.314000000000000E-002  1.375752364574377E-011
  1.316000000000000E-002  1.375752364574377E-011
  1.318000000000000E-002  1.375752364574377E-011
  1.320000000000000E-002  1.375752364574377E-011
  1.322000000000000E-002  1.375752364574377E-011
  1.324000000000000E-002  1.375752364574377E-011
  1.326000000000000E-002  1.375752364574377E-011
  1.328000000000000E-002  1.375752364574377E-011
  1.330000000000000E-002  1.375752364574377E-011
  1.332000000000000E-002  1.375752364574377E-011
  1.334000000000000E-002  1.375752364574377E-011
  1.336000000000000E-002  1.375752364574377E-011
  1.338000000000000E-002  1.375752364574377E-011
  1.340000000000000E-002  1.375752364574377E-011
  1.342000000000000E-002  1.375752364574377E-011
  1.344000000000000E-002  1.375752364574377E-011
  1.346000000000000E-002  1.375752364574377E-011
  1.348000000000000E-002  1.375752364574377E-011
  1.350000000000000E-002  1.375752364574377E-011
  1.352000000000000E-002  1.375752364574377E-011
  1.354000000000000E-002  1.375752364574377E-011
  1.356000000000000E-002  1.375752364574377E-011
  1.358000000000000E-002  1.375752364574377E-011
  1.360000000000000E-002  1.375752364574377E-011
  1.362000000000000E-002  1.375752364574377E-011
  1.364000000000000E-002  1.375752364574377E-011
  1.366000000000000E-002  1.375752364574377E-011
  1.368000000000000E-002  1.375752364574377E-011
  1.370000000000000E-002  1.375752364574377E-011
  1.372000000000000E-002  1.375752364574377E-011
  1.374000000000000E-002  1.375752364574377E-011
  1.376000000000000E-002  1.375752364574377E-011
  1.378000000000000E-002  1.375752364574377E-011
  1.380000000000000E-002  1.375752364574377E-011
  1.382000000000000E-002  1.375752364574377E-011
  1.384000000000000E-002  1.375752364574377E-011
  1.386000000000000E-002  1.375752364574377E-011
  1.388000000000000E-002  1.375752364574377E-011
  1.390000000000000E-002  1.375752364574377E-011
  1.392000000000000E-002  1.375752364574377E-011
  1.394000000000000E-002  1.375752364574377E-011
  1.396000000000000E-002  1.375752364574377E-011
  1.398000000000000E-002  1.375752364574377E-011
  1.400000000000000E-002  1.375752364574377E-011
  1.402000000000000E-002  1.375752364574377E-011
  1.404000000000000E-002  1.375752364574377E-011
  1.406000000000000E-002  1.375752364574377E-011
  1.408000000000000E-002  1.375752364574377E-011
  1.410000000000000E-002  1.375752364574377E-011
  1.412000000000000E-002  1.375752364574377E-011
  1.414000000000000E-002  1.375752364574377E-011
  1.416000000000000E-002  1.375752364574377E-011
  1.418000000000000E-002  1.375752364574377E-011
  1.420000000000000E-002  1.375752364574377E-011
  1.422000000000000E-002  1.375752364574377E-011
  1.424000000000000E-002  1.375752364574377E-011
  1.426000000000000E-002  1.375752364574377E-011
  1.428000000000000E-002  1.375752364574377E-011
  1.430000000000000E-002  1.375752364574377E-011
  1.432000000000000E-002  1.375752364574377E-011
  1.434000000000000E-002  1.375752364574377E-011
  1.436000000000000E-002  1.375752364574377E-011
  1.438000000000000E-002  1.375752364574377E-011
  1.440000000000000E-002  1.375752364574377E-011
  1.442000000000000E-002  1.375752364574377E-011
  1.444000000000000E-002  1.375752364574377E-011
  1.446000000000000E-002  1.375752364574377E-011
  1.448000000000000E-002  1.375752364574377E-011
  1.450000000000000E-002  1.375752364574377E-011
  1.452000000000000E-002  1.375752364574377E-011
  1.454000000000000E-002  1.375752364574377E-011
  1.456000000000000E-002  1.375752364574377E-011
  1.458000000000000E-002  1.375752364574377E-011
  1.460000000000000E-002  1.375752364574377E-011
  1.462000000000000E-002  1.375752364574377E-011
  1.464000000000000E-002  1.375752364574377E-011
  1.466000000000000E-002  1.375752364574377E-011
  1.468000000000000E-002  1.375752364574377E-011
  1.470000000000000E-002  1.375752364574377E-011
  1.472000000000000E-002  1.375752364574377E-011
  1.474000000000000E-002  1.375752364574377E-011
  1.476000000000000E-002  1.375752364574377E-011
  1.478000000000000E-002  1.375752364574377E-011
  1.480000000000000E-002  1.375752364574377E-011
  1.482000000000000E-002  1.375752364574377E-011
  1.484000000000000E-002  1.375752364574377E-011
  1.486000000000000E-002  1.375752364574377E-011
  1.488000000000000E-002  1.375752364574377E-011
  1.490000000000000E-002  1.375752364574377E-011
  1.492000000000000E-002  1.375752364574377E-011
  1.494000000000000E-002  1.375752364574377E-011
  1.496000000000000E-002  1.375752364574377E-011
  1.498000000000000E-002  1.375752364574377E-011
  1.500000000000000E-002  1.375752364574377E-011
  1.502000000000000E-002  1.375752364574377E-011
  1.504000000000000E-002  1.375752364574377E-011
  1.506000000000000E-002  1.375752364574377E-011
  1.508000000000000E-002  1.375752364574377E-011
  1.510000000000000E-002  1.375752364574377E-011
  1.512000000000000E-002  1.375752364574377E-011
  1.514000000000000E-002  1.375752364574377E-011
  1.516000000000000E-002  1.375752364574377E-011
  1.518000000000000E-002  1.375752364574377E-011
  1.520000000000000E-002  1.375752364574377E-011
  1.522000000000000E-002  1.375752364574377E-011
  1.524000000000000E-002  1.375752364574377E-011
  1.526000000000000E-002  1.375752364574377E-011
  1.528000000000000E-002  1.375752364574377E-011
  1.530000000000000E-002  1.375752364574377E-011
  1.532000000000000E-002  1.375752364574377E-011
  1.534000000000000E-002  1.375752364574377E-011
  1.536000000000000E-002  1.375752364574377E-011
  1.538000000000000E-002  1.375752364574377E-011
  1.540000000000000E-002  1.375752364574377E-011
  1.542000000000000E-002  1.375752364574377E-011
  1.544000000000000E-002  1.375752364574377E-011
  1.546000000000000E-002  1.375752364574377E-011
  1.548000000000000E-002  1.375752364574377E-011
  1.550000000000000E-002  1.375752364574377E-011
  1.552000000000000E-002  1.375752364574377E-011
  1.554000000000000E-002  1.375752364574377E-011
  1.556000000000000E-002  1.375752364574377E-011
  1.558000000000000E-002  1.375752364574377E-011
  1.560000000000000E-002  1.375752364574377E-011
  1.562000000000000E-002  1.375752364574377E-011
  1.564000000000000E-002  1.375752364574377E-011
  1.566000000000000E-002  1.375752364574377E-011
  1.568000000000000E-002  1.375752364574377E-011
  1.570000000000000E-002  1.375752364574377E-011
  1.572000000000000E-002  1.375752364574377E-011
  1.574000000000000E-002  1.375752364574377E-011
  1.576000000000000E-002  1.375752364574377E-011
  1.578000000000000E-002  1.375752364574377E-011
  1.580000000000000E-002  1.375752364574377E-011
  1.582000000000000E-002  1.375752364574377E-011
  1.584000000000000E-002  1.375752364574377E-011
  1.586000000000000E-002  1.375752364574377E-011
  1.588000000000000E-002  1.375752364574377E-011
  1.590000000000000E-002  1.375752364574377E-011
  1.592000000000000E-002  1.375752364574377E-011
  1.594000000000000E-002  1.375752364574377E-011
  1.596000000000000E-002  1.375752364574377E-011
  1.598000000000000E-002  1.375752364574377E-011
  1.600000000000000E-002  1.375752364574377E-011
  1.602000000000000E-002  1.375752364574377E-011
  1.604000000000000E-002  1.375752364574377E-011
  1.606000000000000E-002  1.375752364574377E-011
  1.608000000000000E-002  1.375752364574377E-011
  1.610000000000000E-002  1.375752364574377E-011
  1.612000000000000E-002  1.375752364574377E-011
  1.614000000000000E-002  1.375752364574377E-011
  1.616000000000000E-002  1.375752364574377E-011
  1.618000000000000E-002  1.375752364574377E-011
  1.620000000000000E-002  1.375752364574377E-011
  1.622000000000000E-002  1.375752364574377E-011
  1.624000000000000E-002  1.375752364574377E-011
  1.626000000000000E-002  1.375752364574377E-011
  1.628000000000000E-002  1.375752364574377E-011
  1.630000000000000E-002  1.375752364574377E-011
  1.632000000000000E-002  1.375752364574377E-011
  1.634000000000000E-002  1.375752364574377E-011
  1.636000000000000E-002  1.375752364574377E-011
  1.638000000000000E-002  1.375752364574377E-011
  1.640000000000000E-002  1.375752364574377E-011
  1.642000000000000E-002  1.375752364574377E-011
  1.644000000000000E-002  1.375752364574377E-011
  1.646000000000000E-002  1.375752364574377E-011
  1.648000000000000E-002  1.375752364574377E-011
  1.650000000000000E-002  1.375752364574377E-011
  1.652000000000000E-002  1.375752364574377E-011
  1.654000000000000E-002  1.375752364574377E-011
  1.656000000000000E-002  1.375752364574377E-011
  1.658000000000000E-002  1.375752364574377E-011
  1.660000000000000E-002  1.375752364574377E-011
  1.662000000000000E-002  1.375752364574377E-011
  1.664000000000000E-002  1.375752364574377E-011
  1.666000000000000E-002  1.375752364574377E-011
  1.668000000000000E-002  1.375752364574377E-011
  1.670000000000000E-002  1.375752364574377E-011
  1.672000000000000E-002  1.375752364574377E-011
  1.674000000000000E-002  1.375752364574377E-011
  1.676000000000000E-002  1.375752364574377E-011
  1.678000000000000E-002  1.375752364574377E-011
  1.680000000000000E-002  1.375752364574377E-011
  1.682000000000000E-002  1.375752364574377E-011
  1.684000000000000E-002  1.375752364574377E-011
  1.686000000000000E-002  1.375752364574377E-011
  1.688000000000000E-002  1.375752364574377E-011
  1.690000000000000E-002  1.375752364574377E-011
  1.692000000000000E-002  1.375752364574377E-011
  1.694000000000000E-002  1.375752364574377E-011
  1.696000000000000E-002  1.375752364574377E-011
  1.698000000000000E-002  1.375752364574377E-011
  1.700000000000000E-002  1.375752364574377E-011
  1.702000000000000E-002  1.375752364574377E-011
  1.704000000000000E-002  1.375752364574377E-011
  1.706000000000000E-002  1.375752364574377E-011
  1.708000000000000E-002  1.375752364574377E-011
  1.710000000000000E-002  1.375752364574377E-011
  1.712000000000000E-002  1.375752364574377E-011
  1.714000000000000E-002  1.375752364574377E-011
  1.716000000000000E-002  1.375752364574377E-011
  1.718000000000000E-002  1.375752364574377E-011
  1.720000000000000E-002  1.375752364574377E-011
  1.722000000000000E-002  1.375752364574377E-011
  1.724000000000000E-002  1.375752364574377E-011
  1.726000000000000E-002  1.375752364574377E-011
  1.728000000000000E-002  1.375752364574377E-011
  1.730000000000000E-002  1.375752364574377E-011
  1.732000000000000E-002  1.375752364574377E-011
  1.734000000000000E-002  1.375752364574377E-011
  1.736000000000000E-002  1.375752364574377E-011
  1.738000000000000E-002  1.375752364574377E-011
  1.740000000000000E-002  1.375752364574377E-011
  1.742000000000000E-002  1.375752364574377E-011
  1.744000000000000E-002  1.375752364574377E-011
  1.746000000000000E-002  1.375752364574377E-011
  1.748000000000000E-002  1.375752364574377E-011
  1.750000000000000E-002  1.375752364574377E-011
  1.752000000000000E-002  1.375752364574377E-011
  1.754000000000000E-002  1.375752364574377E-011
  1.756000000000000E-002  1.375752364574377E-011
  1.758000000000000E-002  1.375752364574377E-011
  1.760000000000000E-002  1.375752364574377E-011
  1.762000000000000E-002  1.375752364574377E-011
  1.764000000000000E-002  1.375752364574377E-011
  1.766000000000000E-002  1.375752364574377E-011
  1.768000000000000E-002  1.375752364574377E-011
  1.770000000000000E-002  1.375752364574377E-011
  1.772000000000000E-002  1.375752364574377E-011
  1.774000000000000E-002  1.375752364574377E-011
  1.776000000000000E-002  1.375752364574377E-011
  1.778000000000000E-002  1.375752364574377E-011
  1.780000000000000E-002  1.375752364574377E-011
  1.782000000000000E-002  1.375752364574377E-011
  1.784000000000000E-002  1.375752364574377E-011
  1.786000000000000E-002  1.375752364574377E-011
  1.788000000000000E-002  1.375752364574377E-011
  1.790000000000000E-002  1.375752364574377E-011
  1.792000000000000E-002  1.375752364574377E-011
  1.794000000000000E-002  1.375752364574377E-011
  1.796000000000000E-002  1.375752364574377E-011
  1.798000000000000E-002  1.375752364574377E-011
  1.800000000000000E-002  1.375752364574377E-011
  1.802000000000000E-002  1.375752364574377E-011
  1.804000000000000E-002  1.375752364574377E-011
  1.806000000000000E-002  1.375752364574377E-011
  1.808000000000000E-002  1.375752364574377E-011
  1.810000000000000E-002  1.375752364574377E-011
  1.812000000000000E-002  1.375752364574377E-011
  1.814000000000000E-002  1.375752364574377E-011
  1.816000000000000E-002  1.375752364574377E-011
  1.818000000000000E-002  1.375752364574377E-011
  1.820000000000000E-002  1.375752364574377E-011
  1.822000000000000E-002  1.375752364574377E-011
  1.824000000000000E-002  1.375752364574377E-011
  1.826000000000000E-002  1.375752364574377E-011
  1.828000000000000E-002  1.375752364574377E-011
  1.830000000000000E-002  1.375752364574377E-011
  1.832000000000000E-002  1.375752364574377E-011
  1.834000000000000E-002  1.375752364574377E-011
  1.836000000000000E-002  1.375752364574377E-011
  1.838000000000000E-002  1.375752364574377E-011
  1.840000000000000E-002  1.375752364574377E-011
  1.842000000000000E-002  1.375752364574377E-011
  1.844000000000000E-002  1.375752364574377E-011
  1.846000000000000E-002  1.375752364574377E-011
  1.848000000000000E-002  1.375752364574377E-011
  1.850000000000000E-002  1.375752364574377E-011
  1.852000000000000E-002  1.375752364574377E-011
  1.854000000000000E-002  1.375752364574377E-011
  1.856000000000000E-002  1.375752364574377E-011
  1.858000000000000E-002  1.375752364574377E-011
  1.860000000000000E-002  1.375752364574377E-011
  1.862000000000000E-002  1.375752364574377E-011
  1.864000000000000E-002  1.375752364574377E-011
  1.866000000000000E-002  1.375752364574377E-011
  1.868000000000000E-002  1.375752364574377E-011
  1.870000000000000E-002  1.375752364574377E-011
  1.872000000000000E-002  1.375752364574377E-011
  1.874000000000000E-002  1.375752364574377E-011
  1.876000000000000E-002  1.375752364574377E-011
  1.878000000000000E-002  1.375752364574377E-011
  1.880000000000000E-002  1.375752364574377E-011
  1.882000000000000E-002  1.375752364574377E-011
  1.884000000000000E-002  1.375752364574377E-011
  1.886000000000000E-002  1.375752364574377E-011
  1.888000000000000E-002  1.375752364574377E-011
  1.890000000000000E-002  1.375752364574377E-011
  1.892000000000000E-002  1.375752364574377E-011
  1.894000000000000E-002  1.375752364574377E-011
  1.896000000000000E-002  1.375752364574377E-011
  1.898000000000000E-002  1.375752364574377E-011
  1.900000000000000E-002  1.375752364574377E-011
  1.902000000000000E-002  1.375752364574377E-011
  1.904000000000000E-002  1.375752364574377E-011
  1.906000000000000E-002  1.375752364574377E-011
  1.908000000000000E-002  1.375752364574377E-011
  1.910000000000000E-002  1.375752364574377E-011
  1.912000000000000E-002  1.375752364574377E-011
  1.914000000000000E-002  1.375752364574377E-011
  1.916000000000000E-002  1.375752364574377E-011
  1.918000000000000E-002  1.375752364574377E-011
  1.920000000000000E-002  1.375752364574377E-011
  1.922000000000000E-002  1.375752364574377E-011
  1.924000000000000E-002  1.375752364574377E-011
  1.926000000000000E-002  1.375752364574377E-011
  1.928000000000000E-002  1.375752364574377E-011
  1.930000000000000E-002  1.375752364574377E-011
  1.932000000000000E-002  1.375752364574377E-011
  1.934000000000000E-002  1.375752364574377E-011
  1.936000000000000E-002  1.375752364574377E-011
  1.938000000000000E-002  1.375752364574377E-011
  1.940000000000000E-002  1.375752364574377E-011
  1.942000000000000E-002  1.375752364574377E-011
  1.944000000000000E-002  1.375752364574377E-011
  1.946000000000000E-002  1.375752364574377E-011
  1.948000000000000E-002  1.375752364574377E-011
  1.950000000000000E-002  1.375752364574377E-011
  1.952000000000000E-002  1.375752364574377E-011
  1.954000000000000E-002  1.375752364574377E-011
  1.956000000000000E-002  1.375752364574377E-011
  1.958000000000000E-002  1.375752364574377E-011
  1.960000000000000E-002  1.375752364574377E-011
  1.962000000000000E-002  1.375752364574377E-011
  1.964000000000000E-002  1.375752364574377E-011
  1.966000000000000E-002  1.375752364574377E-011
  1.968000000000000E-002  1.375752364574377E-011
  1.970000000000000E-002  1.375752364574377E-011
  1.972000000000000E-002  1.375752364574377E-011
  1.974000000000000E-002  1.375752364574377E-011
  1.976000000000000E-002  1.375752364574377E-011
  1.978000000000000E-002  1.375752364574377E-011
  1.980000000000000E-002  1.375752364574377E-011
  1.982000000000000E-002  1.375752364574377E-011
  1.984000000000000E-002  1.375752364574377E-011
  1.986000000000000E-002  1.375752364574377E-011
  1.988000000000000E-002  1.375752364574377E-011
  1.990000000000000E-002  1.375752364574377E-011
  1.992000000000000E-002  1.375752364574377E-011
  1.994000000000000E-002  1.375752364574377E-011
  1.996000000000000E-002  1.375752364574377E-011
  1.998000000000000E-002  1.375752364574377E-011
  2.000000000000000E-002  1.375752364574377E-011
  2.002000000000000E-002  1.375752364574377E-011
  2.004000000000000E-002  1.375752364574377E-011
  2.006000000000000E-002  1.375752364574377E-011
  2.008000000000000E-002  1.375752364574377E-011
  2.010000000000000E-002  1.375752364574377E-011
  2.012000000000000E-002  1.375752364574377E-011
  2.014000000000000E-002  1.375752364574377E-011
  2.016000000000000E-002  1.375752364574377E-011
  2.018000000000000E-002  1.375752364574377E-011
  2.020000000000000E-002  1.375752364574377E-011
  2.022000000000000E-002  1.375752364574377E-011
  2.024000000000000E-002  1.375752364574377E-011
  2.026000000000000E-002  1.375752364574377E-011
  2.028000000000000E-002  1.375752364574377E-011
  2.030000000000000E-002  1.375752364574377E-011
  2.032000000000000E-002  1.375752364574377E-011
  2.034000000000000E-002  1.375752364574377E-011
  2.036000000000000E-002  1.375752364574377E-011
  2.038000000000000E-002  1.375752364574377E-011
  2.040000000000000E-002  1.375752364574377E-011
  2.042000000000000E-002  1.375752364574377E-011
  2.044000000000000E-002  1.375752364574377E-011
  2.046000000000000E-002  1.375752364574377E-011
  2.048000000000000E-002  1.375752364574377E-011
  2.050000000000000E-002  1.375752364574377E-011
  2.052000000000000E-002  1.375752364574377E-011
  2.054000000000000E-002  1.375752364574377E-011
  2.056000000000000E-002  1.375752364574377E-011
  2.058000000000000E-002  1.375752364574377E-011
  2.060000000000000E-002  1.375752364574377E-011
  2.062000000000000E-002  1.375752364574377E-011
  2.064000000000000E-002  1.375752364574377E-011
  2.066000000000000E-002  1.375752364574377E-011
  2.068000000000000E-002  1.375752364574377E-011
  2.070000000000000E-002  1.375752364574377E-011
  2.072000000000000E-002  1.375752364574377E-011
  2.074000000000000E-002  1.375752364574377E-011
  2.076000000000000E-002  1.375752364574377E-011
  2.078000000000000E-002  1.375752364574377E-011
  2.080000000000000E-002  1.375752364574377E-011
  2.082000000000000E-002  1.375752364574377E-011
  2.084000000000000E-002  1.375752364574377E-011
  2.086000000000000E-002  1.375752364574377E-011
  2.088000000000000E-002  1.375752364574377E-011
  2.090000000000000E-002  1.375752364574377E-011
  2.092000000000000E-002  1.375752364574377E-011
  2.094000000000000E-002  1.375752364574377E-011
  2.096000000000000E-002  1.375752364574377E-011
  2.098000000000000E-002  1.375752364574377E-011
  2.100000000000000E-002  1.375752364574377E-011
  2.102000000000000E-002  1.375752364574377E-011
  2.104000000000000E-002  1.375752364574377E-011
  2.106000000000000E-002  1.375752364574377E-011
  2.108000000000000E-002  1.375752364574377E-011
  2.110000000000000E-002  1.375752364574377E-011
  2.112000000000000E-002  1.375752364574377E-011
  2.114000000000000E-002  1.375752364574377E-011
  2.116000000000000E-002  1.375752364574377E-011
  2.118000000000000E-002  1.375752364574377E-011
  2.120000000000000E-002  1.375752364574377E-011
  2.122000000000000E-002  1.375752364574377E-011
  2.124000000000000E-002  1.375752364574377E-011
  2.126000000000000E-002  1.375752364574377E-011
  2.128000000000000E-002  1.375752364574377E-011
  2.130000000000000E-002  1.375752364574377E-011
  2.132000000000000E-002  1.375752364574377E-011
  2.134000000000000E-002  1.375752364574377E-011
  2.136000000000000E-002  1.375752364574377E-011
  2.138000000000000E-002  1.375752364574377E-011
  2.140000000000000E-002  1.375752364574377E-011
  2.142000000000000E-002  1.375752364574377E-011
  2.144000000000000E-002  1.375752364574377E-011
  2.146000000000000E-002  1.375752364574377E-011
  2.148000000000000E-002  1.375752364574377E-011
  2.150000000000000E-002  1.375752364574377E-011
  2.152000000000000E-002  1.375752364574377E-011
  2.154000000000000E-002  1.375752364574377E-011
  2.156000000000000E-002  1.375752364574377E-011
  2.158000000000000E-002  1.375752364574377E-011
  2.160000000000000E-002  1.375752364574377E-011
  2.162000000000000E-002  1.375752364574377E-011
  2.164000000000000E-002  1.375752364574377E-011
  2.166000000000000E-002  1.375752364574377E-011
  2.168000000000000E-002  1.375752364574377E-011
  2.170000000000000E-002  1.375752364574377E-011
  2.172000000000000E-002  1.375752364574377E-011
  2.174000000000000E-002  1.375752364574377E-011
  2.176000000000000E-002  1.375752364574377E-011
  2.178000000000000E-002  1.375752364574377E-011
  2.180000000000000E-002  1.375752364574377E-011
  2.182000000000000E-002  1.375752364574377E-011
  2.184000000000000E-002  1.375752364574377E-011
  2.186000000000000E-002  1.375752364574377E-011
  2.188000000000000E-002  1.375752364574377E-011
  2.190000000000000E-002  1.375752364574377E-011
  2.192000000000000E-002  1.375752364574377E-011
  2.194000000000000E-002  1.375752364574377E-011
  2.196000000000000E-002  1.375752364574377E-011
  2.198000000000000E-002  1.375752364574377E-011
  2.200000000000000E-002  1.375752364574377E-011
  2.202000000000000E-002  1.375752364574377E-011
  2.204000000000000E-002  1.375752364574377E-011
  2.206000000000000E-002  1.375752364574377E-011
  2.208000000000000E-002  1.375752364574377E-011
  2.210000000000000E-002  1.375752364574377E-011
  2.212000000000000E-002  1.375752364574377E-011
  2.214000000000000E-002  1.375752364574377E-011
  2.216000000000000E-002  1.375752364574377E-011
  2.218000000000000E-002  1.375752364574377E-011
  2.220000000000000E-002  1.375752364574377E-011
  2.222000000000000E-002  1.375752364574377E-011
  2.224000000000000E-002  1.375752364574377E-011
  2.226000000000000E-002  1.375752364574377E-011
  2.228000000000000E-002  1.375752364574377E-011
  2.230000000000000E-002  1.375752364574377E-011
  2.232000000000000E-002  1.375752364574377E-011
  2.234000000000000E-002  1.375752364574377E-011
  2.236000000000000E-002  1.375752364574377E-011
  2.238000000000000E-002  1.375752364574377E-011
  2.240000000000000E-002  1.375752364574377E-011
  2.242000000000000E-002  1.375752364574377E-011
  2.244000000000000E-002  1.375752364574377E-011
  2.246000000000000E-002  1.375752364574377E-011
  2.248000000000000E-002  1.375752364574377E-011
  2.250000000000000E-002  1.375752364574377E-011
  2.252000000000000E-002  1.375752364574377E-011
  2.254000000000000E-002  1.375752364574377E-011
  2.256000000000000E-002  1.375752364574377E-011
  2.258000000000000E-002  1.375752364574377E-011
  2.260000000000000E-002  1.375752364574377E-011
  2.262000000000000E-002  1.375752364574377E-011
  2.264000000000000E-002  1.375752364574377E-011
  2.266000000000000E-002  1.375752364574377E-011
  2.268000000000000E-002  1.375752364574377E-011
  2.270000000000000E-002  1.375752364574377E-011
  2.272000000000000E-002  1.375752364574377E-011
  2.274000000000000E-002  1.375752364574377E-011
  2.276000000000000E-002  1.375752364574377E-011
  2.278000000000000E-002  1.375752364574377E-011
  2.280000000000000E-002  1.375752364574377E-011
  2.282000000000000E-002  1.375752364574377E-011
  2.284000000000000E-002  1.375752364574377E-011
  2.286000000000000E-002  1.375752364574377E-011
  2.288000000000000E-002  1.375752364574377E-011
  2.290000000000000E-002  1.375752364574377E-011
  2.292000000000000E-002  1.375752364574377E-011
  2.294000000000000E-002  1.375752364574377E-011
  2.296000000000000E-002  1.375752364574377E-011
  2.298000000000000E-002  1.375752364574377E-011
  2.300000000000000E-002  1.375752364574377E-011
  2.302000000000000E-002  1.375752364574377E-011
  2.304000000000000E-002  1.375752364574377E-011
  2.306000000000000E-002  1.375752364574377E-011
  2.308000000000000E-002  1.375752364574377E-011
  2.310000000000000E-002  1.375752364574377E-011
  2.312000000000000E-002  1.375752364574377E-011
  2.314000000000000E-002  1.375752364574377E-011
  2.316000000000000E-002  1.375752364574377E-011
  2.318000000000000E-002  1.375752364574377E-011
  2.320000000000000E-002  1.375752364574377E-011
  2.322000000000000E-002  1.375752364574377E-011
  2.324000000000000E-002  1.375752364574377E-011
  2.326000000000000E-002  1.375752364574377E-011
  2.328000000000000E-002  1.375752364574377E-011
  2.330000000000000E-002  1.375752364574377E-011
  2.332000000000000E-002  1.375752364574377E-011
  2.334000000000000E-002  1.375752364574377E-011
  2.336000000000000E-002  1.375752364574377E-011
  2.338000000000000E-002  1.375752364574377E-011
  2.340000000000000E-002  1.375752364574377E-011
  2.342000000000000E-002  1.375752364574377E-011
  2.344000000000000E-002  1.375752364574377E-011
  2.346000000000000E-002  1.375752364574377E-011
  2.348000000000000E-002  1.375752364574377E-011
  2.350000000000000E-002  1.375752364574377E-011
  2.352000000000000E-002  1.375752364574377E-011
  2.354000000000000E-002  1.375752364574377E-011
  2.356000000000000E-002  1.375752364574377E-011
  2.358000000000000E-002  1.375752364574377E-011
  2.360000000000000E-002  1.375752364574377E-011
  2.362000000000000E-002  1.375752364574377E-011
  2.364000000000000E-002  1.375752364574377E-011
  2.366000000000000E-002  1.375752364574377E-011
  2.368000000000000E-002  1.375752364574377E-011
  2.370000000000000E-002  1.375752364574377E-011
  2.372000000000000E-002  1.375752364574377E-011
  2.374000000000000E-002  1.375752364574377E-011
  2.376000000000000E-002  1.375752364574377E-011
  2.378000000000000E-002  1.375752364574377E-011
  2.380000000000000E-002  1.375752364574377E-011
  2.382000000000000E-002  1.375752364574377E-011
  2.384000000000000E-002  1.375752364574377E-011
  2.386000000000000E-002  1.375752364574377E-011
  2.388000000000000E-002  1.375752364574377E-011
  2.390000000000000E-002  1.375752364574377E-011
  2.392000000000000E-002  1.375752364574377E-011
  2.394000000000000E-002  1.375752364574377E-011
  2.396000000000000E-002  1.375752364574377E-011
  2.398000000000000E-002  1.375752364574377E-011
  2.400000000000000E-002  1.375752364574377E-011
  2.402000000000000E-002  1.375752364574377E-011
  2.404000000000000E-002  1.375752364574377E-011
  2.406000000000000E-002  1.375752364574377E-011
  2.408000000000000E-002  1.375752364574377E-011
  2.410000000000000E-002  1.375752364574377E-011
  2.412000000000000E-002  1.375752364574377E-011
  2.414000000000000E-002  1.375752364574377E-011
  2.416000000000000E-002  1.375752364574377E-011
  2.418000000000000E-002  1.375752364574377E-011
  2.420000000000000E-002  1.375752364574377E-011
  2.422000000000000E-002  1.375752364574377E-011
  2.424000000000000E-002  1.375752364574377E-011
  2.426000000000000E-002  1.375752364574377E-011
  2.428000000000000E-002  1.375752364574377E-011
  2.430000000000000E-002  1.375752364574377E-011
  2.432000000000000E-002  1.375752364574377E-011
  2.434000000000000E-002  1.375752364574377E-011
  2.436000000000000E-002  1.375752364574377E-011
  2.438000000000000E-002  1.375752364574377E-011
  2.440000000000000E-002  1.375752364574377E-011
  2.442000000000000E-002  1.375752364574377E-011
  2.444000000000000E-002  1.375752364574377E-011
  2.446000000000000E-002  1.375752364574377E-011
  2.448000000000000E-002  1.375752364574377E-011
  2.450000000000000E-002  1.375752364574377E-011
  2.452000000000000E-002  1.375752364574377E-011
  2.454000000000000E-002  1.375752364574377E-011
  2.456000000000000E-002  1.375752364574377E-011
  2.458000000000000E-002  1.375752364574377E-011
  2.460000000000000E-002  1.375752364574377E-011
  2.462000000000000E-002  1.375752364574377E-011
  2.464000000000000E-002  1.375752364574377E-011
  2.466000000000000E-002  1.375752364574377E-011
  2.468000000000000E-002  1.375752364574377E-011
  2.470000000000000E-002  1.375752364574377E-011
  2.472000000000000E-002  1.375752364574377E-011
  2.474000000000000E-002  1.375752364574377E-011
  2.476000000000000E-002  1.375752364574377E-011
  2.478000000000000E-002  1.375752364574377E-011
  2.480000000000000E-002  1.375752364574377E-011
  2.482000000000000E-002  1.375752364574377E-011
  2.484000000000000E-002  1.375752364574377E-011
  2.486000000000000E-002  1.375752364574377E-011
  2.488000000000000E-002  1.375752364574377E-011
  2.490000000000000E-002  1.375752364574377E-011
  2.492000000000000E-002  1.375752364574377E-011
  2.494000000000000E-002  1.375752364574377E-011
  2.496000000000000E-002  1.375752364574377E-011
  2.498000000000000E-002  1.375752364574377E-011
  2.500000000000000E-002  1.375752364574377E-011
  2.502000000000000E-002  1.375752364574377E-011
  2.504000000000000E-002  1.375752364574377E-011
  2.506000000000000E-002  1.375752364574377E-011
  2.508000000000000E-002  1.375752364574377E-011
  2.510000000000000E-002  1.375752364574377E-011
  2.512000000000000E-002  1.375752364574377E-011
  2.514000000000000E-002  1.375752364574377E-011
  2.516000000000000E-002  1.375752364574377E-011
  2.518000000000000E-002  1.375752364574377E-011
  2.520000000000000E-002  1.375752364574377E-011
  2.522000000000000E-002  1.375752364574377E-011
  2.524000000000000E-002  1.375752364574377E-011
  2.526000000000000E-002  1.375752364574377E-011
  2.528000000000000E-002  1.375752364574377E-011
  2.530000000000000E-002  1.375752364574377E-011
  2.532000000000000E-002  1.375752364574377E-011
  2.534000000000000E-002  1.375752364574377E-011
  2.536000000000000E-002  1.375752364574377E-011
  2.538000000000000E-002  1.375752364574377E-011
  2.540000000000000E-002  1.375752364574377E-011
  2.542000000000000E-002  1.375752364574377E-011
  2.544000000000000E-002  1.375752364574377E-011
  2.546000000000000E-002  1.375752364574377E-011
  2.548000000000000E-002  1.375752364574377E-011
  2.550000000000000E-002  1.375752364574377E-011
  2.552000000000000E-002  1.375752364574377E-011
  2.554000000000000E-002  1.375752364574377E-011
  2.556000000000000E-002  1.375752364574377E-011
  2.558000000000000E-002  1.375752364574377E-011
  2.560000000000000E-002  1.375752364574377E-011
  2.562000000000000E-002  1.375752364574377E-011
  2.564000000000000E-002  1.375752364574377E-011
  2.566000000000000E-002  1.375752364574377E-011
  2.568000000000000E-002  1.375752364574377E-011
  2.570000000000000E-002  1.375752364574377E-011
  2.572000000000000E-002  1.375752364574377E-011
  2.574000000000000E-002  1.375752364574377E-011
  2.576000000000000E-002  1.375752364574377E-011
  2.578000000000000E-002  1.375752364574377E-011
  2.580000000000000E-002  1.375752364574377E-011
  2.582000000000000E-002  1.375752364574377E-011
  2.584000000000000E-002  1.375752364574377E-011
  2.586000000000000E-002  1.375752364574377E-011
  2.588000000000000E-002  1.375752364574377E-011
  2.590000000000000E-002  1.375752364574377E-011
  2.592000000000000E-002  1.375752364574377E-011
  2.594000000000000E-002  1.375752364574377E-011
  2.596000000000000E-002  1.375752364574377E-011
  2.598000000000000E-002  1.375752364574377E-011
  2.600000000000000E-002  1.375752364574377E-011
  2.602000000000000E-002  1.375752364574377E-011
  2.604000000000000E-002  1.375752364574377E-011
  2.606000000000000E-002  1.375752364574377E-011
  2.608000000000000E-002  1.375752364574377E-011
  2.610000000000000E-002  1.375752364574377E-011
  2.612000000000000E-002  1.375752364574377E-011
  2.614000000000000E-002  1.375752364574377E-011
  2.616000000000000E-002  1.375752364574377E-011
  2.618000000000000E-002  1.375752364574377E-011
  2.620000000000000E-002  1.375752364574377E-011
  2.622000000000000E-002  1.375752364574377E-011
  2.624000000000000E-002  1.375752364574377E-011
  2.626000000000000E-002  1.375752364574377E-011
  2.628000000000000E-002  1.375752364574377E-011
  2.630000000000000E-002  1.375752364574377E-011
  2.632000000000000E-002  1.375752364574377E-011
  2.634000000000000E-002  1.375752364574377E-011
  2.636000000000000E-002  1.375752364574377E-011
  2.638000000000000E-002  1.375752364574377E-011
  2.640000000000000E-002  1.375752364574377E-011
  2.642000000000000E-002  1.375752364574377E-011
  2.644000000000000E-002  1.375752364574377E-011
  2.646000000000000E-002  1.375752364574377E-011
  2.648000000000000E-002  1.375752364574377E-011
  2.650000000000000E-002  1.375752364574377E-011
  2.652000000000000E-002  1.375752364574377E-011
  2.654000000000000E-002  1.375752364574377E-011
  2.656000000000000E-002  1.375752364574377E-011
  2.658000000000000E-002  1.375752364574377E-011
  2.660000000000000E-002  1.375752364574377E-011
  2.662000000000000E-002  1.375752364574377E-011
  2.664000000000000E-002  1.375752364574377E-011
  2.666000000000000E-002  1.375752364574377E-011
  2.668000000000000E-002  1.375752364574377E-011
  2.670000000000000E-002  1.375752364574377E-011
  2.672000000000000E-002  1.375752364574377E-011
  2.674000000000000E-002  1.375752364574377E-011
  2.676000000000000E-002  1.375752364574377E-011
  2.678000000000000E-002  1.375752364574377E-011
  2.680000000000000E-002  1.375752364574377E-011
  2.682000000000000E-002  1.375752364574377E-011
  2.684000000000000E-002  1.375752364574377E-011
  2.686000000000000E-002  1.375752364574377E-011
  2.688000000000000E-002  1.375752364574377E-011
  2.690000000000000E-002  1.375752364574377E-011
  2.692000000000000E-002  1.375752364574377E-011
  2.694000000000000E-002  1.375752364574377E-011
  2.696000000000000E-002  1.375752364574377E-011
  2.698000000000000E-002  1.375752364574377E-011
  2.700000000000000E-002  1.375752364574377E-011
  2.702000000000000E-002  1.375752364574377E-011
  2.704000000000000E-002  1.375752364574377E-011
  2.706000000000000E-002  1.375752364574377E-011
  2.708000000000000E-002  1.375752364574377E-011
  2.710000000000000E-002  1.375752364574377E-011
  2.712000000000000E-002  1.375752364574377E-011
  2.714000000000000E-002  1.375752364574377E-011
  2.716000000000000E-002  1.375752364574377E-011
  2.718000000000000E-002  1.375752364574377E-011
  2.720000000000000E-002  1.375752364574377E-011
  2.722000000000000E-002  1.375752364574377E-011
  2.724000000000000E-002  1.375752364574377E-011
  2.726000000000000E-002  1.375752364574377E-011
  2.728000000000000E-002  1.375752364574377E-011
  2.730000000000000E-002  1.375752364574377E-011
  2.732000000000000E-002  1.375752364574377E-011
  2.734000000000000E-002  1.375752364574377E-011
  2.736000000000000E-002  1.375752364574377E-011
  2.738000000000000E-002  1.375752364574377E-011
  2.740000000000000E-002  1.375752364574377E-011
  2.742000000000000E-002  1.375752364574377E-011
  2.744000000000000E-002  1.375752364574377E-011
  2.746000000000000E-002  1.375752364574377E-011
  2.748000000000000E-002  1.375752364574377E-011
  2.750000000000000E-002  1.375752364574377E-011
  2.752000000000000E-002  1.375752364574377E-011
  2.754000000000000E-002  1.375752364574377E-011
  2.756000000000000E-002  1.375752364574377E-011
  2.758000000000000E-002  1.375752364574377E-011
  2.760000000000000E-002  1.375752364574377E-011
  2.762000000000000E-002  1.375752364574377E-011
  2.764000000000000E-002  1.375752364574377E-011
  2.766000000000000E-002  1.375752364574377E-011
  2.768000000000000E-002  1.375752364574377E-011
  2.770000000000000E-002  1.375752364574377E-011
  2.772000000000000E-002  1.375752364574377E-011
  2.774000000000000E-002  1.375752364574377E-011
  2.776000000000000E-002  1.375752364574377E-011
  2.778000000000000E-002  1.375752364574377E-011
  2.780000000000000E-002  1.375752364574377E-011
  2.782000000000000E-002  1.375752364574377E-011
  2.784000000000000E-002  1.375752364574377E-011
  2.786000000000000E-002  1.375752364574377E-011
  2.788000000000000E-002  1.375752364574377E-011
  2.790000000000000E-002  1.375752364574377E-011
  2.792000000000000E-002  1.375752364574377E-011
  2.794000000000000E-002  1.375752364574377E-011
  2.796000000000000E-002  1.375752364574377E-011
  2.798000000000000E-002  1.375752364574377E-011
  2.800000000000000E-002  1.375752364574377E-011
  2.802000000000000E-002  1.375752364574377E-011
  2.804000000000000E-002  1.375752364574377E-011
  2.806000000000000E-002  1.375752364574377E-011
  2.808000000000000E-002  1.375752364574377E-011
  2.810000000000000E-002  1.375752364574377E-011
  2.812000000000000E-002  1.375752364574377E-011
  2.814000000000000E-002  1.375752364574377E-011
  2.816000000000000E-002  1.375752364574377E-011
  2.818000000000000E-002  1.375752364574377E-011
  2.820000000000000E-002  1.375752364574377E-011
  2.822000000000000E-002  1.375752364574377E-011
  2.824000000000000E-002  1.375752364574377E-011
  2.826000000000000E-002  1.375752364574377E-011
  2.828000000000000E-002  1.375752364574377E-011
  2.830000000000000E-002  1.375752364574377E-011
  2.832000000000000E-002  1.375752364574377E-011
  2.834000000000000E-002  1.375752364574377E-011
  2.836000000000000E-002  1.375752364574377E-011
  2.838000000000000E-002  1.375752364574377E-011
  2.840000000000000E-002  1.375752364574377E-011
  2.842000000000000E-002  1.375752364574377E-011
  2.844000000000000E-002  1.375752364574377E-011
  2.846000000000000E-002  1.375752364574377E-011
  2.848000000000000E-002  1.375752364574377E-011
  2.850000000000000E-002  1.375752364574377E-011
  2.852000000000000E-002  1.375752364574377E-011
  2.854000000000000E-002  1.375752364574377E-011
  2.856000000000000E-002  1.375752364574377E-011
  2.858000000000000E-002  1.375752364574377E-011
  2.860000000000000E-002  1.375752364574377E-011
  2.862000000000000E-002  1.375752364574377E-011
  2.864000000000000E-002  1.375752364574377E-011
  2.866000000000000E-002  1.375752364574377E-011
  2.868000000000000E-002  1.375752364574377E-011
  2.870000000000000E-002  1.375752364574377E-011
  2.872000000000000E-002  1.375752364574377E-011
  2.874000000000000E-002  1.375752364574377E-011
  2.876000000000000E-002  1.375752364574377E-011
  2.878000000000000E-002  1.375752364574377E-011
  2.880000000000000E-002  1.375752364574377E-011
  2.882000000000000E-002  1.375752364574377E-011
  2.884000000000000E-002  1.375752364574377E-011
  2.886000000000000E-002  1.375752364574377E-011
  2.888000000000000E-002  1.375752364574377E-011
  2.890000000000000E-002  1.375752364574377E-011
  2.892000000000000E-002  1.375752364574377E-011
  2.894000000000000E-002  1.375752364574377E-011
  2.896000000000000E-002  1.375752364574377E-011
  2.898000000000000E-002  1.375752364574377E-011
  2.900000000000000E-002  1.375752364574377E-011
  2.902000000000000E-002  1.375752364574377E-011
  2.904000000000000E-002  1.375752364574377E-011
  2.906000000000000E-002  1.375752364574377E-011
  2.908000000000000E-002  1.375752364574377E-011
  2.910000000000000E-002  1.375752364574377E-011
  2.912000000000000E-002  1.375752364574377E-011
  2.914000000000000E-002  1.375752364574377E-011
  2.916000000000000E-002  1.375752364574377E-011
  2.918000000000000E-002  1.375752364574377E-011
  2.920000000000000E-002  1.375752364574377E-011
  2.922000000000000E-002  1.375752364574377E-011
  2.924000000000000E-002  1.375752364574377E-011
  2.926000000000000E-002  1.375752364574377E-011
  2.928000000000000E-002  1.375752364574377E-011
  2.930000000000000E-002  1.375752364574377E-011
  2.932000000000000E-002  1.375752364574377E-011
  2.934000000000000E-002  1.375752364574377E-011
  2.936000000000000E-002  1.375752364574377E-011
  2.938000000000000E-002  1.375752364574377E-011
  2.940000000000000E-002  1.375752364574377E-011
  2.942000000000000E-002  1.375752364574377E-011
  2.944000000000000E-002  1.375752364574377E-011
  2.946000000000000E-002  1.375752364574377E-011
  2.948000000000000E-002  1.375752364574377E-011
  2.950000000000000E-002  1.375752364574377E-011
  2.952000000000000E-002  1.375752364574377E-011
  2.954000000000000E-002  1.375752364574377E-011
  2.956000000000000E-002  1.375752364574377E-011
  2.958000000000000E-002  1.375752364574377E-011
  2.960000000000000E-002  1.375752364574377E-011
  2.962000000000000E-002  1.375752364574377E-011
  2.964000000000000E-002  1.375752364574377E-011
  2.966000000000000E-002  1.375752364574377E-011
  2.968000000000000E-002  1.375752364574377E-011
  2.970000000000000E-002  1.375752364574377E-011
  2.972000000000000E-002  1.375752364574377E-011
  2.974000000000000E-002  1.375752364574377E-011
  2.976000000000000E-002  1.375752364574377E-011
  2.978000000000000E-002  1.375752364574377E-011
  2.980000000000000E-002  1.375752364574377E-011
  2.982000000000000E-002  1.375752364574377E-011
  2.984000000000000E-002  1.375752364574377E-011
  2.986000000000000E-002  1.375752364574377E-011
  2.988000000000000E-002  1.375752364574377E-011
  2.990000000000000E-002  1.375752364574377E-011
  2.992000000000000E-002  1.375752364574377E-011
  2.994000000000000E-002  1.375752364574377E-011
  2.996000000000000E-002  1.375752364574377E-011
  2.998000000000000E-002  1.375752364574377E-011
  3.000000000000000E-002  1.375752364574377E-011
  3.002000000000000E-002  1.375752364574377E-011
  3.004000000000000E-002  1.375752364574377E-011
  3.006000000000000E-002  1.375752364574377E-011
  3.008000000000000E-002  1.375752364574377E-011
  3.010000000000000E-002  1.375752364574377E-011
  3.012000000000000E-002  1.375752364574377E-011
  3.014000000000000E-002  1.375752364574377E-011
  3.016000000000000E-002  1.375752364574377E-011
  3.018000000000000E-002  1.375752364574377E-011
  3.020000000000000E-002  1.375752364574377E-011
  3.022000000000000E-002  1.375752364574377E-011
  3.024000000000000E-002  1.375752364574377E-011
  3.026000000000000E-002  1.375752364574377E-011
  3.028000000000000E-002  1.375752364574377E-011
  3.030000000000000E-002  1.375752364574377E-011
  3.032000000000000E-002  1.375752364574377E-011
  3.034000000000000E-002  1.375752364574377E-011
  3.036000000000000E-002  1.375752364574377E-011
  3.038000000000000E-002  1.375752364574377E-011
  3.040000000000000E-002  1.375752364574377E-011
  3.042000000000000E-002  1.375752364574377E-011
  3.044000000000000E-002  1.375752364574377E-011
  3.046000000000000E-002  1.375752364574377E-011
  3.048000000000000E-002  1.375752364574377E-011
  3.050000000000000E-002  1.375752364574377E-011
  3.052000000000000E-002  1.375752364574377E-011
  3.054000000000000E-002  1.375752364574377E-011
  3.056000000000000E-002  1.375752364574377E-011
  3.058000000000000E-002  1.375752364574377E-011
  3.060000000000000E-002  1.375752364574377E-011
  3.062000000000000E-002  1.375752364574377E-011
  3.064000000000000E-002  1.375752364574377E-011
  3.066000000000000E-002  1.375752364574377E-011
  3.068000000000000E-002  1.375752364574377E-011
  3.070000000000000E-002  1.375752364574377E-011
  3.072000000000000E-002  1.375752364574377E-011
  3.074000000000000E-002  1.375752364574377E-011
  3.076000000000000E-002  1.375752364574377E-011
  3.078000000000000E-002  1.375752364574377E-011
  3.080000000000000E-002  1.375752364574377E-011
  3.082000000000000E-002  1.375752364574377E-011
  3.084000000000000E-002  1.375752364574377E-011
  3.086000000000000E-002  1.375752364574377E-011
  3.088000000000000E-002  1.375752364574377E-011
  3.090000000000000E-002  1.375752364574377E-011
  3.092000000000000E-002  1.375752364574377E-011
  3.094000000000000E-002  1.375752364574377E-011
  3.096000000000000E-002  1.375752364574377E-011
  3.098000000000000E-002  1.375752364574377E-011
  3.100000000000000E-002  1.375752364574377E-011
  3.102000000000000E-002  1.375752364574377E-011
  3.104000000000000E-002  1.375752364574377E-011
  3.106000000000000E-002  1.375752364574377E-011
  3.108000000000000E-002  1.375752364574377E-011
  3.110000000000000E-002  1.375752364574377E-011
  3.112000000000000E-002  1.375752364574377E-011
  3.114000000000000E-002  1.375752364574377E-011
  3.116000000000000E-002  1.375752364574377E-011
  3.118000000000000E-002  1.375752364574377E-011
  3.120000000000000E-002  1.375752364574377E-011
  3.122000000000000E-002  1.375752364574377E-011
  3.124000000000000E-002  1.375752364574377E-011
  3.126000000000000E-002  1.375752364574377E-011
  3.128000000000000E-002  1.375752364574377E-011
  3.130000000000000E-002  1.375752364574377E-011
  3.132000000000000E-002  1.375752364574377E-011
  3.134000000000000E-002  1.375752364574377E-011
  3.136000000000001E-002  1.375752364574377E-011
  3.138000000000001E-002  1.375752364574377E-011
  3.140000000000000E-002  1.375752364574377E-011
  3.142000000000000E-002  1.375752364574377E-011
  3.144000000000000E-002  1.375752364574377E-011
  3.146000000000000E-002  1.375752364574377E-011
  3.148000000000000E-002  1.375752364574377E-011
  3.150000000000000E-002  1.375752364574377E-011
  3.152000000000000E-002  1.375752364574377E-011
  3.154000000000001E-002  1.375752364574377E-011
  3.156000000000000E-002  1.375752364574377E-011
  3.158000000000000E-002  1.375752364574377E-011
  3.160000000000000E-002  1.375752364574377E-011
  3.162000000000000E-002  1.375752364574377E-011
  3.164000000000000E-002  1.375752364574377E-011
  3.166000000000000E-002  1.375752364574377E-011
  3.168000000000000E-002  1.375752364574377E-011
  3.170000000000001E-002  1.375752364574377E-011
  3.172000000000001E-002  1.375752364574377E-011
  3.174000000000000E-002  1.375752364574377E-011
  3.176000000000000E-002  1.375752364574377E-011
  3.178000000000000E-002  1.375752364574377E-011
  3.180000000000000E-002  1.375752364574377E-011
  3.182000000000000E-002  1.375752364574377E-011
  3.184000000000000E-002  1.375752364574377E-011
  3.186000000000000E-002  1.375752364574377E-011
  3.188000000000001E-002  1.375752364574377E-011
  3.190000000000000E-002  1.375752364574377E-011
  3.192000000000000E-002  1.375752364574377E-011
  3.194000000000000E-002  1.375752364574377E-011
  3.196000000000000E-002  1.375752364574377E-011
  3.198000000000000E-002  1.375752364574377E-011
  3.200000000000000E-002  1.375752364574377E-011
  3.202000000000000E-002  1.375752364574377E-011
  3.204000000000001E-002  1.375752364574377E-011
  3.206000000000001E-002  1.375752364574377E-011
  3.208000000000000E-002  1.375752364574377E-011
  3.210000000000000E-002  1.375752364574377E-011
  3.212000000000000E-002  1.375752364574377E-011
  3.214000000000000E-002  1.375752364574377E-011
  3.216000000000000E-002  1.375752364574377E-011
  3.218000000000000E-002  1.375752364574377E-011
  3.220000000000000E-002  1.375752364574377E-011
  3.222000000000001E-002  1.375752364574377E-011
  3.224000000000000E-002  1.375752364574377E-011
  3.226000000000000E-002  1.375752364574377E-011
  3.228000000000000E-002  1.375752364574377E-011
  3.230000000000000E-002  1.375752364574377E-011
  3.232000000000000E-002  1.375752364574377E-011
  3.234000000000000E-002  1.375752364574377E-011
  3.236000000000000E-002  1.375752364574377E-011
  3.238000000000001E-002  1.375752364574377E-011
  3.240000000000001E-002  1.375752364574377E-011
  3.242000000000000E-002  1.375752364574377E-011
  3.244000000000000E-002  1.375752364574377E-011
  3.246000000000000E-002  1.375752364574377E-011
  3.248000000000000E-002  1.375752364574377E-011
  3.250000000000000E-002  1.375752364574377E-011
  3.252000000000000E-002  1.375752364574377E-011
  3.254000000000000E-002  1.375752364574377E-011
  3.256000000000001E-002  1.375752364574377E-011
  3.258000000000000E-002  1.375752364574377E-011
  3.260000000000000E-002  1.375752364574377E-011
  3.262000000000000E-002  1.375752364574377E-011
  3.264000000000000E-002  1.375752364574377E-011
  3.266000000000000E-002  1.375752364574377E-011
  3.268000000000000E-002  1.375752364574377E-011
  3.270000000000000E-002  1.375752364574377E-011
  3.272000000000001E-002  1.375752364574377E-011
  3.274000000000001E-002  1.375752364574377E-011
  3.276000000000000E-002  1.375752364574377E-011
  3.278000000000000E-002  1.375752364574377E-011
  3.280000000000000E-002  1.375752364574377E-011
  3.282000000000000E-002  1.375752364574377E-011
  3.284000000000000E-002  1.375752364574377E-011
  3.286000000000000E-002  1.375752364574377E-011
  3.288000000000000E-002  1.375752364574377E-011
  3.290000000000001E-002  1.375752364574377E-011
  3.292000000000000E-002  1.375752364574377E-011
  3.294000000000000E-002  1.375752364574377E-011
  3.296000000000000E-002  1.375752364574377E-011
  3.298000000000000E-002  1.375752364574377E-011
  3.300000000000000E-002  1.375752364574377E-011
  3.302000000000000E-002  1.375752364574377E-011
  3.304000000000000E-002  1.375752364574377E-011
  3.306000000000001E-002  1.375752364574377E-011
  3.308000000000001E-002  1.375752364574377E-011
  3.310000000000000E-002  1.375752364574377E-011
  3.312000000000000E-002  1.375752364574377E-011
  3.314000000000000E-002  1.375752364574377E-011
  3.316000000000000E-002  1.375752364574377E-011
  3.318000000000000E-002  1.375752364574377E-011
  3.320000000000000E-002  1.375752364574377E-011
  3.322000000000000E-002  1.375752364574377E-011
  3.324000000000001E-002  1.375752364574377E-011
  3.326000000000000E-002  1.375752364574377E-011
  3.328000000000000E-002  1.375752364574377E-011
  3.330000000000000E-002  1.375752364574377E-011
  3.332000000000000E-002  1.375752364574377E-011
  3.334000000000000E-002  1.375752364574377E-011
  3.336000000000000E-002  1.375752364574377E-011
  3.338000000000000E-002  1.375752364574377E-011
  3.340000000000001E-002  1.375752364574377E-011
  3.342000000000001E-002  1.375752364574377E-011
  3.344000000000000E-002  1.375752364574377E-011
  3.346000000000000E-002  1.375752364574377E-011
  3.348000000000000E-002  1.375752364574377E-011
  3.350000000000000E-002  1.375752364574377E-011
  3.352000000000000E-002  1.375752364574377E-011
  3.354000000000000E-002  1.375752364574377E-011
  3.356000000000000E-002  1.375752364574377E-011
  3.358000000000001E-002  1.375752364574377E-011
  3.360000000000000E-002  1.375752364574377E-011
  3.362000000000000E-002  1.375752364574377E-011
  3.364000000000000E-002  1.375752364574377E-011
  3.366000000000000E-002  1.375752364574377E-011
  3.368000000000000E-002  1.375752364574377E-011
  3.370000000000000E-002  1.375752364574377E-011
  3.372000000000000E-002  1.375752364574377E-011
  3.374000000000001E-002  1.375752364574377E-011
  3.376000000000001E-002  1.375752364574377E-011
  3.378000000000000E-002  1.375752364574377E-011
  3.380000000000000E-002  1.375752364574377E-011
  3.382000000000000E-002  1.375752364574377E-011
  3.384000000000000E-002  1.375752364574377E-011
  3.386000000000000E-002  1.375752364574377E-011
  3.388000000000000E-002  1.375752364574377E-011
  3.390000000000000E-002  1.375752364574377E-011
  3.392000000000001E-002  1.375752364574377E-011
  3.394000000000000E-002  1.375752364574377E-011
  3.396000000000000E-002  1.375752364574377E-011
  3.398000000000000E-002  1.375752364574377E-011
  3.400000000000000E-002  1.375752364574377E-011
  3.402000000000000E-002  1.375752364574377E-011
  3.404000000000000E-002  1.375752364574377E-011
  3.406000000000000E-002  1.375752364574377E-011
  3.408000000000001E-002  1.375752364574377E-011
  3.410000000000001E-002  1.375752364574377E-011
  3.412000000000000E-002  1.375752364574377E-011
  3.414000000000000E-002  1.375752364574377E-011
  3.416000000000000E-002  1.375752364574377E-011
  3.418000000000000E-002  1.375752364574377E-011
  3.420000000000000E-002  1.375752364574377E-011
  3.422000000000000E-002  1.375752364574377E-011
  3.424000000000000E-002  1.375752364574377E-011
  3.426000000000001E-002  1.375752364574377E-011
  3.428000000000000E-002  1.375752364574377E-011
  3.430000000000000E-002  1.375752364574377E-011
  3.432000000000000E-002  1.375752364574377E-011
  3.434000000000000E-002  1.375752364574377E-011
  3.436000000000000E-002  1.375752364574377E-011
  3.438000000000000E-002  1.375752364574377E-011
  3.440000000000000E-002  1.375752364574377E-011
  3.442000000000001E-002  1.375752364574377E-011
  3.444000000000001E-002  1.375752364574377E-011
  3.446000000000000E-002  1.375752364574377E-011
  3.448000000000000E-002  1.375752364574377E-011
  3.450000000000000E-002  1.375752364574377E-011
  3.452000000000000E-002  1.375752364574377E-011
  3.454000000000000E-002  1.375752364574377E-011
  3.456000000000000E-002  1.375752364574377E-011
  3.458000000000000E-002  1.375752364574377E-011
  3.460000000000001E-002  1.375752364574377E-011
  3.462000000000000E-002  1.375752364574377E-011
  3.464000000000000E-002  1.375752364574377E-011
  3.466000000000000E-002  1.375752364574377E-011
  3.468000000000000E-002  1.375752364574377E-011
  3.470000000000000E-002  1.375752364574377E-011
  3.472000000000000E-002  1.375752364574377E-011
  3.474000000000000E-002  1.375752364574377E-011
  3.476000000000001E-002  1.375752364574377E-011
  3.478000000000001E-002  1.375752364574377E-011
  3.480000000000000E-002  1.375752364574377E-011
  3.482000000000000E-002  1.375752364574377E-011
  3.484000000000000E-002  1.375752364574377E-011
  3.486000000000000E-002  1.375752364574377E-011
  3.488000000000000E-002  1.375752364574377E-011
  3.490000000000000E-002  1.375752364574377E-011
  3.492000000000000E-002  1.375752364574377E-011
  3.494000000000001E-002  1.375752364574377E-011
  3.496000000000000E-002  1.375752364574377E-011
  3.498000000000000E-002  1.375752364574377E-011
  3.500000000000000E-002  1.375752364574377E-011
  3.502000000000000E-002  1.375752364574377E-011
  3.504000000000000E-002  1.375752364574377E-011
  3.506000000000000E-002  1.375752364574377E-011
  3.508000000000000E-002  1.375752364574377E-011
  3.510000000000001E-002  1.375752364574377E-011
  3.512000000000001E-002  1.375752364574377E-011
  3.514000000000000E-002  1.375752364574377E-011
  3.516000000000000E-002  1.375752364574377E-011
  3.518000000000000E-002  1.375752364574377E-011
  3.520000000000000E-002  1.375752364574377E-011
  3.522000000000000E-002  1.375752364574377E-011
  3.524000000000000E-002  1.375752364574377E-011
  3.526000000000000E-002  1.375752364574377E-011
  3.528000000000001E-002  1.375752364574377E-011
  3.530000000000000E-002  1.375752364574377E-011
  3.532000000000000E-002  1.375752364574377E-011
  3.534000000000000E-002  1.375752364574377E-011
  3.536000000000000E-002  1.375752364574377E-011
  3.538000000000000E-002  1.375752364574377E-011
  3.540000000000000E-002  1.375752364574377E-011
  3.542000000000000E-002  1.375752364574377E-011
  3.544000000000001E-002  1.375752364574377E-011
  3.546000000000001E-002  1.375752364574377E-011
  3.548000000000000E-002  1.375752364574377E-011
  3.550000000000000E-002  1.375752364574377E-011
  3.552000000000000E-002  1.375752364574377E-011
  3.554000000000000E-002  1.375752364574377E-011
  3.556000000000000E-002  1.375752364574377E-011
  3.558000000000000E-002  1.375752364574377E-011
  3.560000000000000E-002  1.375752364574377E-011
  3.562000000000001E-002  1.375752364574377E-011
  3.564000000000001E-002  1.375752364574377E-011
  3.566000000000000E-002  1.375752364574377E-011
  3.568000000000000E-002  1.375752364574377E-011
  3.570000000000000E-002  1.375752364574377E-011
  3.572000000000000E-002  1.375752364574377E-011
  3.574000000000000E-002  1.375752364574377E-011
  3.576000000000000E-002  1.375752364574377E-011
  3.578000000000001E-002  1.375752364574377E-011
  3.580000000000001E-002  1.375752364574377E-011
  3.582000000000000E-002  1.375752364574377E-011
  3.584000000000000E-002  1.375752364574377E-011
  3.586000000000000E-002  1.375752364574377E-011
  3.588000000000000E-002  1.375752364574377E-011
  3.590000000000000E-002  1.375752364574377E-011
  3.592000000000000E-002  1.375752364574377E-011
  3.594000000000000E-002  1.375752364574377E-011
  3.596000000000001E-002  1.375752364574377E-011
  3.598000000000001E-002  1.375752364574377E-011
  3.600000000000000E-002  1.375752364574377E-011
  3.602000000000000E-002  1.375752364574377E-011
  3.604000000000000E-002  1.375752364574377E-011
  3.606000000000000E-002  1.375752364574377E-011
  3.608000000000000E-002  1.375752364574377E-011
  3.610000000000000E-002  1.375752364574377E-011
  3.612000000000001E-002  1.375752364574377E-011
  3.614000000000001E-002  1.375752364574377E-011
  3.616000000000000E-002  1.375752364574377E-011
  3.618000000000000E-002  1.375752364574377E-011
  3.620000000000000E-002  1.375752364574377E-011
  3.622000000000000E-002  1.375752364574377E-011
  3.624000000000000E-002  1.375752364574377E-011
  3.626000000000000E-002  1.375752364574377E-011
  3.628000000000000E-002  1.375752364574377E-011
  3.630000000000001E-002  1.375752364574377E-011
  3.632000000000001E-002  1.375752364574377E-011
  3.634000000000000E-002  1.375752364574377E-011
  3.636000000000000E-002  1.375752364574377E-011
  3.638000000000000E-002  1.375752364574377E-011
  3.640000000000000E-002  1.375752364574377E-011
  3.642000000000000E-002  1.375752364574377E-011
  3.644000000000000E-002  1.375752364574377E-011
  3.646000000000001E-002  1.375752364574377E-011
  3.648000000000001E-002  1.375752364574377E-011
  3.650000000000000E-002  1.375752364574377E-011
  3.652000000000000E-002  1.375752364574377E-011
  3.654000000000000E-002  1.375752364574377E-011
  3.656000000000000E-002  1.375752364574377E-011
  3.658000000000000E-002  1.375752364574377E-011
  3.660000000000000E-002  1.375752364574377E-011
  3.662000000000000E-002  1.375752364574377E-011
  3.664000000000001E-002  1.375752364574377E-011
  3.666000000000001E-002  1.375752364574377E-011
  3.668000000000000E-002  1.375752364574377E-011
  3.670000000000000E-002  1.375752364574377E-011
  3.672000000000000E-002  1.375752364574377E-011
  3.674000000000000E-002  1.375752364574377E-011
  3.676000000000000E-002  1.375752364574377E-011
  3.678000000000000E-002  1.375752364574377E-011
  3.680000000000001E-002  1.375752364574377E-011
  3.682000000000001E-002  1.375752364574377E-011
  3.684000000000000E-002  1.375752364574377E-011
  3.686000000000000E-002  1.375752364574377E-011
  3.688000000000000E-002  1.375752364574377E-011
  3.690000000000000E-002  1.375752364574377E-011
  3.692000000000000E-002  1.375752364574377E-011
  3.694000000000000E-002  1.375752364574377E-011
  3.696000000000000E-002  1.375752364574377E-011
  3.698000000000001E-002  1.375752364574377E-011
  3.700000000000001E-002  1.375752364574377E-011
  3.702000000000000E-002  1.375752364574377E-011
  3.704000000000000E-002  1.375752364574377E-011
  3.706000000000000E-002  1.375752364574377E-011
  3.708000000000000E-002  1.375752364574377E-011
  3.710000000000000E-002  1.375752364574377E-011
  3.712000000000000E-002  1.375752364574377E-011
  3.714000000000001E-002  1.375752364574377E-011
  3.716000000000001E-002  1.375752364574377E-011
  3.718000000000000E-002  1.375752364574377E-011
  3.720000000000000E-002  1.375752364574377E-011
  3.722000000000000E-002  1.375752364574377E-011
  3.724000000000000E-002  1.375752364574377E-011
  3.726000000000000E-002  1.375752364574377E-011
  3.728000000000000E-002  1.375752364574377E-011
  3.730000000000000E-002  1.375752364574377E-011
  3.732000000000001E-002  1.375752364574377E-011
  3.734000000000001E-002  1.375752364574377E-011
  3.736000000000000E-002  1.375752364574377E-011
  3.738000000000000E-002  1.375752364574377E-011
  3.740000000000000E-002  1.375752364574377E-011
  3.742000000000000E-002  1.375752364574377E-011
  3.744000000000000E-002  1.375752364574377E-011
  3.746000000000000E-002  1.375752364574377E-011
  3.748000000000001E-002  1.375752364574377E-011
  3.750000000000001E-002  1.375752364574377E-011
  3.752000000000000E-002  1.375752364574377E-011
  3.754000000000000E-002  1.375752364574377E-011
  3.756000000000000E-002  1.375752364574377E-011
  3.758000000000000E-002  1.375752364574377E-011
  3.760000000000000E-002  1.375752364574377E-011
  3.762000000000000E-002  1.375752364574377E-011
  3.764000000000000E-002  1.375752364574377E-011
  3.766000000000001E-002  1.375752364574377E-011
  3.768000000000001E-002  1.375752364574377E-011
  3.770000000000000E-002  1.375752364574377E-011
  3.772000000000000E-002  1.375752364574377E-011
  3.774000000000000E-002  1.375752364574377E-011
  3.776000000000000E-002  1.375752364574377E-011
  3.778000000000000E-002  1.375752364574377E-011
  3.780000000000000E-002  1.375752364574377E-011
  3.782000000000001E-002  1.375752364574377E-011
  3.784000000000001E-002  1.375752364574377E-011
  3.786000000000000E-002  1.375752364574377E-011
  3.788000000000000E-002  1.375752364574377E-011
  3.790000000000000E-002  1.375752364574377E-011
  3.792000000000000E-002  1.375752364574377E-011
  3.794000000000000E-002  1.375752364574377E-011
  3.796000000000000E-002  1.375752364574377E-011
  3.798000000000000E-002  1.375752364574377E-011
  3.800000000000001E-002  1.375752364574377E-011
  3.802000000000001E-002  1.375752364574377E-011
  3.804000000000000E-002  1.375752364574377E-011
  3.806000000000000E-002  1.375752364574377E-011
  3.808000000000000E-002  1.375752364574377E-011
  3.810000000000000E-002  1.375752364574377E-011
  3.812000000000000E-002  1.375752364574377E-011
  3.814000000000000E-002  1.375752364574377E-011
  3.816000000000001E-002  1.375752364574377E-011
  3.818000000000001E-002  1.375752364574377E-011
  3.820000000000000E-002  1.375752364574377E-011
  3.822000000000000E-002  1.375752364574377E-011
  3.824000000000000E-002  1.375752364574377E-011
  3.826000000000000E-002  1.375752364574377E-011
  3.828000000000000E-002  1.375752364574377E-011
  3.830000000000000E-002  1.375752364574377E-011
  3.832000000000000E-002  1.375752364574377E-011
  3.834000000000001E-002  1.375752364574377E-011
  3.836000000000001E-002  1.375752364574377E-011
  3.838000000000000E-002  1.375752364574377E-011
  3.840000000000000E-002  1.375752364574377E-011
  3.842000000000000E-002  1.375752364574377E-011
  3.844000000000000E-002  1.375752364574377E-011
  3.846000000000000E-002  1.375752364574377E-011
  3.848000000000000E-002  1.375752364574377E-011
  3.850000000000001E-002  1.375752364574377E-011
  3.852000000000001E-002  1.375752364574377E-011
  3.854000000000000E-002  1.375752364574377E-011
  3.856000000000000E-002  1.375752364574377E-011
  3.858000000000000E-002  1.375752364574377E-011
  3.860000000000000E-002  1.375752364574377E-011
  3.862000000000000E-002  1.375752364574377E-011
  3.864000000000000E-002  1.375752364574377E-011
  3.866000000000000E-002  1.375752364574377E-011
  3.868000000000001E-002  1.375752364574377E-011
  3.870000000000001E-002  1.375752364574377E-011
  3.872000000000000E-002  1.375752364574377E-011
  3.874000000000000E-002  1.375752364574377E-011
  3.876000000000000E-002  1.375752364574377E-011
  3.878000000000000E-002  1.375752364574377E-011
  3.880000000000000E-002  1.375752364574377E-011
  3.882000000000000E-002  1.375752364574377E-011
  3.884000000000001E-002  1.375752364574377E-011
  3.886000000000001E-002  1.375752364574377E-011
  3.888000000000000E-002  1.375752364574377E-011
  3.890000000000000E-002  1.375752364574377E-011
  3.892000000000000E-002  1.375752364574377E-011
  3.894000000000000E-002  1.375752364574377E-011
  3.896000000000000E-002  1.375752364574377E-011
  3.898000000000000E-002  1.375752364574377E-011
  3.900000000000000E-002  1.375752364574377E-011
  3.902000000000001E-002  1.375752364574377E-011
  3.904000000000001E-002  1.375752364574377E-011
  3.906000000000000E-002  1.375752364574377E-011
  3.908000000000000E-002  1.375752364574377E-011
  3.910000000000000E-002  1.375752364574377E-011
  3.912000000000000E-002  1.375752364574377E-011
  3.914000000000000E-002  1.375752364574377E-011
  3.916000000000000E-002  1.375752364574377E-011
  3.918000000000001E-002  1.375752364574377E-011
  3.920000000000001E-002  1.375752364574377E-011
  3.922000000000000E-002  1.375752364574377E-011
  3.924000000000000E-002  1.375752364574377E-011
  3.926000000000000E-002  1.375752364574377E-011
  3.928000000000000E-002  1.375752364574377E-011
  3.930000000000000E-002  1.375752364574377E-011
  3.932000000000000E-002  1.375752364574377E-011
  3.934000000000000E-002  1.375752364574377E-011
  3.936000000000001E-002  1.375752364574377E-011
  3.938000000000001E-002  1.375752364574377E-011
  3.940000000000000E-002  1.375752364574377E-011
  3.942000000000000E-002  1.375752364574377E-011
  3.944000000000000E-002  1.375752364574377E-011
  3.946000000000000E-002  1.375752364574377E-011
  3.948000000000000E-002  1.375752364574377E-011
  3.950000000000000E-002  1.375752364574377E-011
  3.952000000000001E-002  1.375752364574377E-011
  3.954000000000001E-002  1.375752364574377E-011
  3.956000000000000E-002  1.375752364574377E-011
  3.958000000000000E-002  1.375752364574377E-011
  3.960000000000000E-002  1.375752364574377E-011
  3.962000000000000E-002  1.375752364574377E-011
  3.964000000000000E-002  1.375752364574377E-011
  3.966000000000000E-002  1.375752364574377E-011
  3.968000000000000E-002  1.375752364574377E-011
  3.970000000000001E-002  1.375752364574377E-011
  3.972000000000001E-002  1.375752364574377E-011
  3.974000000000000E-002  1.375752364574377E-011
  3.976000000000000E-002  1.375752364574377E-011
  3.978000000000000E-002  1.375752364574377E-011
  3.980000000000000E-002  1.375752364574377E-011
  3.982000000000000E-002  1.375752364574377E-011
  3.984000000000000E-002  1.375752364574377E-011
  3.986000000000001E-002  1.375752364574377E-011
  3.988000000000001E-002  1.375752364574377E-011
  3.990000000000000E-002  1.375752364574377E-011
  3.992000000000000E-002  1.375752364574377E-011
  3.994000000000000E-002  1.375752364574377E-011
  3.996000000000000E-002  1.375752364574377E-011
  3.998000000000000E-002  1.375752364574377E-011
  4.000000000000000E-002  1.375754016018804E-011
