  0.000000000000000E+000   333.540299994229     
  2.000000000000000E-005   355.651477872835     
  4.000000000000000E-005   358.574678372161     
  6.000000000000001E-005   358.777986418217     
  8.000000000000001E-005   358.967058719569     
  1.000000000000000E-004   359.155957018569     
  1.200000000000000E-004   359.344698906764     
  1.400000000000000E-004   359.533314272554     
  1.600000000000000E-004   359.721841668086     
  1.800000000000000E-004   359.910319992144     
  2.000000000000000E-004   360.098778636112     
  2.200000000000000E-004   360.287228279363     
  2.400000000000000E-004   360.475655449680     
  2.600000000000000E-004   360.664023083976     
  2.800000000000000E-004   360.852276722703     
  3.000000000000000E-004   361.040353541249     
  3.200000000000000E-004   361.228191228947     
  3.400000000000000E-004   361.415734765836     
  3.600000000000000E-004   361.602940209962     
  3.800000000000000E-004   361.789775605864     
  4.000000000000000E-004   361.976219867340     
  4.200000000000000E-004   362.162260712981     
  4.400000000000000E-004   362.347892353951     
  4.600000000000000E-004   362.533113678695     
  4.800000000000001E-004   362.717926528299     
  5.000000000000000E-004   362.902335111271     
  5.200000000000001E-004   363.086345229746     
  5.400000000000000E-004   363.269963823073     
  5.600000000000001E-004   363.453198522302     
  5.800000000000000E-004   363.636057207681     
  6.000000000000001E-004   363.818547561256     
  6.200000000000000E-004   364.000676625165     
  6.400000000000001E-004   364.182450395644     
  6.600000000000001E-004   364.363873499454     
  6.800000000000000E-004   364.544948995717     
  7.000000000000001E-004   364.725678325150     
  7.200000000000000E-004   364.906061417362     
  7.400000000000001E-004   365.086096982164     
  7.600000000000000E-004   365.265783033394     
  7.800000000000001E-004   365.445117679783     
  8.000000000000000E-004   365.624100198918     
  8.200000000000001E-004   365.802732317406     
  8.400000000000000E-004   365.981019547186     
  8.600000000000001E-004   366.158972265056     
  8.800000000000000E-004   366.336606139701     
  9.000000000000001E-004   366.513941546889     
  9.200000000000000E-004   366.691005320058     
  9.400000000000001E-004   366.867832943329     
  9.600000000000001E-004   367.044493884134     
  9.800000000000002E-004   367.221115470215     
  1.000000000000000E-003   367.397781541032     
  1.020000000000000E-003   367.574535961350     
  1.040000000000000E-003   367.751429057930     
  1.060000000000000E-003   367.928497030153     
  1.080000000000000E-003   368.105782160076     
  1.100000000000000E-003   368.283281978768     
  1.120000000000000E-003   368.460987962236     
  1.140000000000000E-003   368.638889955657     
  1.160000000000000E-003   368.816985410705     
  1.180000000000000E-003   368.995297904065     
  1.200000000000000E-003   369.173875974180     
  1.220000000000000E-003   369.352757246485     
  1.240000000000000E-003   369.531944896601     
  1.260000000000000E-003   369.711434126849     
  1.280000000000000E-003   369.891254867663     
  1.300000000000000E-003   370.071483689822     
  1.320000000000000E-003   370.252213131394     
  1.340000000000000E-003   370.433491038529     
  1.360000000000000E-003   370.615642320004     
  1.380000000000000E-003   370.798473131662     
  1.400000000000000E-003   370.981953928621     
  1.420000000000000E-003   371.166264843498     
  1.440000000000000E-003   371.350963425920     
  1.460000000000000E-003   371.535900671445     
  1.480000000000000E-003   371.721190579674     
  1.500000000000000E-003   371.906871873952     
  1.520000000000000E-003   372.093244758588     
  1.540000000000000E-003   372.280313784538     
  1.560000000000000E-003   372.467846024581     
  1.580000000000000E-003   372.655933007216     
  1.600000000000000E-003   372.844611729834     
  1.620000000000000E-003   373.033863797566     
  1.640000000000000E-003   373.223647813356     
  1.660000000000000E-003   373.413927736516     
  1.680000000000000E-003   373.604687025926     
  1.700000000000000E-003   373.795926848673     
  1.720000000000000E-003   373.987658580020     
  1.740000000000000E-003   374.179888324377     
  1.760000000000000E-003   374.372597106475     
  1.780000000000000E-003   374.565732240684     
  1.800000000000000E-003   374.759211595940     
  1.820000000000000E-003   374.952938566516     
  1.840000000000000E-003   375.146826567607     
  1.860000000000000E-003   375.340813353429     
  1.880000000000000E-003   375.534852005885     
  1.900000000000000E-003   375.728986998972     
  1.920000000000000E-003   375.923604705177     
  1.940000000000000E-003   376.122055451236     
  1.960000000000000E-003   376.344806196636     
  1.980000000000000E-003   376.578903586713     
  2.000000000000000E-003   376.710582815893     
  2.020000000000000E-003   376.625096310280     
  2.040000000000000E-003   375.018259532596     
  2.060000000000000E-003   364.374947170856     
  2.080000000000000E-003   341.367496885489     
  2.100000000000000E-003   329.507418987613     
  2.120000000000000E-003   326.388180652073     
  2.140000000000000E-003   325.828731753613     
  2.160000000000000E-003   325.770206451664     
  2.180000000000000E-003   325.847714458241     
  2.200000000000000E-003   326.094062956731     
  2.220000000000000E-003   326.323653305256     
  2.240000000000000E-003   326.542421980874     
  2.260000000000000E-003   326.763733999130     
  2.280000000000000E-003   326.993247141722     
  2.300000000000000E-003   327.234323220305     
  2.320000000000000E-003   327.482426707519     
  2.340000000000000E-003   327.738921729141     
  2.360000000000000E-003   328.002266375829     
  2.380000000000000E-003   328.268363892427     
  2.400000000000000E-003   328.531273598304     
  2.420000000000000E-003   328.785444109682     
  2.440000000000000E-003   329.028989252951     
  2.460000000000000E-003   329.262855610685     
  2.480000000000000E-003   329.493606618640     
  2.500000000000000E-003   329.725833775627     
  2.520000000000000E-003   329.961476122701     
  2.540000000000000E-003   330.201104303511     
  2.560000000000000E-003   330.444710754490     
  2.580000000000000E-003   330.692912606035     
  2.600000000000000E-003   330.944096939209     
  2.620000000000000E-003   331.193990634676     
  2.640000000000000E-003   331.439802421444     
  2.660000000000000E-003   331.677452655869     
  2.680000000000000E-003   331.904227605860     
  2.700000000000000E-003   332.121695039769     
  2.720000000000000E-003   332.336003911905     
  2.740000000000000E-003   332.551990945912     
  2.760000000000000E-003   332.771756048762     
  2.780000000000000E-003   332.997131237950     
  2.800000000000000E-003   333.230247439688     
  2.820000000000000E-003   333.472322976319     
  2.840000000000000E-003   333.721984931432     
  2.860000000000000E-003   333.976601307942     
  2.880000000000000E-003   334.233082884364     
  2.900000000000000E-003   334.486610046856     
  2.920000000000000E-003   334.735727256874     
  2.940000000000000E-003   334.983928471776     
  2.960000000000000E-003   335.236247464178     
  2.980000000000000E-003   335.499573350791     
  3.000000000000000E-003   335.782869043372     
  3.020000000000000E-003   336.071825939837     
  3.040000000000000E-003   336.351833504243     
  3.060000000000000E-003   336.612283706792     
  3.080000000000000E-003   336.836443105462     
  3.100000000000000E-003   337.013633602292     
  3.120000000000000E-003   337.129080778501     
  3.140000000000000E-003   337.193108549011     
  3.160000000000000E-003   337.196450627163     
  3.180000000000000E-003   337.161265584242     
  3.200000000000000E-003   337.030619561823     
  3.220000000000000E-003   336.746541344102     
  3.240000000000000E-003   336.242592795560     
  3.260000000000000E-003   335.449140083272     
  3.280000000000000E-003   334.294503641721     
  3.300000000000000E-003   332.700830272623     
  3.320000000000000E-003   330.563885721024     
  3.340000000000000E-003   328.042749694308     
  3.360000000000000E-003   326.005316288228     
  3.380000000000000E-003   324.619314237970     
  3.400000000000000E-003   323.754356795141     
  3.420000000000000E-003   323.265063838633     
  3.440000000000000E-003   323.019472551646     
  3.460000000000000E-003   322.918579359088     
  3.480000000000000E-003   322.920486194451     
  3.500000000000000E-003   323.055591516686     
  3.520000000000000E-003   323.337263815279     
  3.540000000000000E-003   323.640467399918     
  3.560000000000000E-003   323.932639311643     
  3.580000000000000E-003   324.208448223058     
  3.600000000000000E-003   324.467901090849     
  3.620000000000000E-003   324.712259154693     
  3.640000000000000E-003   324.944558696906     
  3.660000000000000E-003   325.168212764469     
  3.680000000000000E-003   325.387072942560     
  3.700000000000000E-003   325.603830928646     
  3.720000000000000E-003   325.819621428481     
  3.740000000000000E-003   326.035435653450     
  3.760000000000000E-003   326.252042807589     
  3.780000000000000E-003   326.469688559611     
  3.800000000000000E-003   326.686540126219     
  3.820000000000000E-003   326.899405151467     
  3.840000000000001E-003   327.105307203294     
  3.860000000000000E-003   327.301609448514     
  3.880000000000000E-003   327.486710916139     
  3.900000000000000E-003   327.660334662893     
  3.920000000000001E-003   327.823372008842     
  3.940000000000000E-003   327.977497711185     
  3.960000000000000E-003   328.124724479566     
  3.980000000000000E-003   328.266948643677     
  4.000000000000000E-003   328.405530948638     
  4.020000000000000E-003   328.541084167561     
  4.040000000000000E-003   328.673499823120     
  4.060000000000000E-003   328.802409976201     
  4.080000000000000E-003   328.927398113943     
  4.100000000000000E-003   329.048865000860     
  4.120000000000000E-003   329.167379314565     
  4.140000000000000E-003   329.284944646407     
  4.160000000000001E-003   329.403176488492     
  4.180000000000001E-003   329.523388719874     
  4.200000000000001E-003   329.646722888512     
  4.220000000000001E-003   329.774505384830     
  4.240000000000001E-003   329.907312589732     
  4.260000000000001E-003   330.044698636459     
  4.280000000000000E-003   330.185467479499     
  4.300000000000000E-003   330.328171007854     
  4.320000000000000E-003   330.471418147807     
  4.340000000000000E-003   330.614238204989     
  4.360000000000000E-003   330.756760778491     
  4.380000000000000E-003   330.900073570087     
  4.400000000000000E-003   331.046182977926     
  4.420000000000000E-003   331.197395300971     
  4.440000000000000E-003   331.355553307029     
  4.460000000000000E-003   331.521555552117     
  4.480000000000000E-003   331.695319187733     
  4.500000000000001E-003   331.876114398918     
  4.520000000000001E-003   332.062931221666     
  4.540000000000001E-003   332.254771827004     
  4.560000000000001E-003   332.450396664603     
  4.580000000000001E-003   332.648159846825     
  4.600000000000001E-003   332.846803829235     
  4.620000000000000E-003   333.045792703178     
  4.640000000000000E-003   333.245595823247     
  4.660000000000000E-003   333.447440484208     
  4.680000000000000E-003   333.652491910404     
  4.700000000000000E-003   333.861762841330     
  4.720000000000000E-003   334.075669271758     
  4.740000000000000E-003   334.294687902587     
  4.760000000000000E-003   334.519691393566     
  4.780000000000000E-003   334.752349505255     
  4.800000000000000E-003   334.993249103651     
  4.820000000000000E-003   335.229620015628     
  4.840000000000001E-003   335.455588437224     
  4.860000000000001E-003   335.669636400376     
  4.880000000000001E-003   335.870894094206     
  4.900000000000001E-003   336.053118403550     
  4.920000000000001E-003   336.203930702218     
  4.940000000000001E-003   336.313742607716     
  4.960000000000000E-003   336.380626644138     
  4.980000000000000E-003   336.408693019606     
  5.000000000000000E-003   336.401221474605     
  5.020000000000000E-003   336.340633013337     
  5.040000000000000E-003   336.199374688018     
  5.060000000000000E-003   335.954502826479     
  5.080000000000000E-003   335.618362657300     
  5.100000000000000E-003   335.334463272396     
  5.120000000000000E-003   335.143444688822     
  5.140000000000000E-003   335.027528183330     
  5.160000000000001E-003   334.965711403400     
  5.180000000000001E-003   334.952123965068     
  5.200000000000001E-003   334.967067696941     
  5.220000000000001E-003   335.036662285867     
  5.240000000000001E-003   335.169674439805     
  5.260000000000001E-003   335.352971715451     
  5.280000000000001E-003   335.554633367094     
  5.300000000000000E-003   335.756663980954     
  5.320000000000000E-003   335.955539275827     
  5.340000000000000E-003   336.150772217489     
  5.360000000000000E-003   336.341642749992     
  5.380000000000000E-003   336.527185348135     
  5.400000000000000E-003   336.706352429599     
  5.420000000000000E-003   336.878139857264     
  5.440000000000000E-003   337.041620345938     
  5.460000000000000E-003   337.195960905638     
  5.480000000000000E-003   337.340461618920     
  5.500000000000001E-003   337.474619295427     
  5.520000000000001E-003   337.598180212629     
  5.540000000000001E-003   337.711132635160     
  5.560000000000001E-003   337.813600833724     
  5.580000000000001E-003   337.905649196186     
  5.600000000000001E-003   337.987088011702     
  5.620000000000001E-003   338.057434892592     
  5.640000000000000E-003   338.116171408171     
  5.660000000000000E-003   338.163379083438     
  5.680000000000000E-003   338.200515160591     
  5.700000000000000E-003   338.231063697885     
  5.720000000000000E-003   338.258462354793     
  5.740000000000000E-003   338.285300663372     
  5.760000000000000E-003   338.315095961070     
  5.780000000000000E-003   338.350394211631     
  5.800000000000000E-003   338.392018767876     
  5.820000000000001E-003   338.439561713243     
  5.840000000000001E-003   338.487239911052     
  5.860000000000001E-003   338.528798657137     
  5.880000000000001E-003   338.555575001758     
  5.900000000000001E-003   338.563973344236     
  5.920000000000001E-003   338.559275060328     
  5.940000000000001E-003   338.536339358551     
  5.960000000000001E-003   338.485080642145     
  5.980000000000000E-003   338.396990282710     
  6.000000000000000E-003   338.262723863895     
  6.020000000000000E-003   338.071194516390     
  6.040000000000000E-003   337.809615519629     
  6.060000000000000E-003   337.463499704608     
  6.080000000000000E-003   337.015759980164     
  6.100000000000000E-003   336.447227417065     
  6.120000000000000E-003   335.744123557239     
  6.140000000000000E-003   335.016462813568     
  6.160000000000001E-003   334.377043671118     
  6.180000000000001E-003   333.830631045647     
  6.200000000000001E-003   333.370347265866     
  6.220000000000001E-003   332.989734131581     
  6.240000000000001E-003   332.682978167103     
  6.260000000000001E-003   332.443633071629     
  6.280000000000001E-003   332.263958898803     
  6.300000000000001E-003   332.134438111504     
  6.320000000000000E-003   332.045240047290     
  6.340000000000000E-003   331.986442156367     
  6.360000000000000E-003   331.950523393714     
  6.380000000000000E-003   331.931514291563     
  6.400000000000000E-003   331.923698008744     
  6.420000000000000E-003   331.926908429010     
  6.440000000000000E-003   331.937562214363     
  6.460000000000000E-003   331.958126981561     
  6.480000000000001E-003   331.994216543642     
  6.500000000000001E-003   332.057483054486     
  6.520000000000001E-003   332.137035358632     
  6.540000000000001E-003   332.234469172636     
  6.560000000000001E-003   332.344385886152     
  6.580000000000001E-003   332.460476502980     
  6.600000000000001E-003   332.580756807956     
  6.620000000000001E-003   332.706331438766     
  6.640000000000001E-003   332.837138839172     
  6.660000000000000E-003   332.976308099188     
  6.680000000000000E-003   333.124406454337     
  6.700000000000000E-003   333.280280603518     
  6.720000000000000E-003   333.441986491705     
  6.740000000000000E-003   333.606172357179     
  6.760000000000000E-003   333.768252122872     
  6.780000000000000E-003   333.926613202026     
  6.800000000000000E-003   334.081411732865     
  6.820000000000001E-003   334.232729997199     
  6.840000000000001E-003   334.380348065413     
  6.860000000000001E-003   334.523809318055     
  6.880000000000001E-003   334.662334927405     
  6.900000000000001E-003   334.794943421105     
  6.920000000000001E-003   334.920699688623     
  6.940000000000001E-003   335.038914153125     
  6.960000000000001E-003   335.149209362645     
  6.980000000000001E-003   335.251526748746     
  7.000000000000000E-003   335.346113031827     
  7.020000000000000E-003   335.433533608894     
  7.040000000000000E-003   335.514695953794     
  7.060000000000000E-003   335.590999946628     
  7.080000000000000E-003   335.664253253583     
  7.100000000000000E-003   335.736518217591     
  7.120000000000000E-003   335.809386074743     
  7.140000000000001E-003   335.884590745786     
  7.160000000000001E-003   335.962430220087     
  7.180000000000001E-003   336.042213019370     
  7.200000000000001E-003   336.123215229504     
  7.220000000000001E-003   336.205342433634     
  7.240000000000001E-003   336.290839857929     
  7.260000000000001E-003   336.378685358014     
  7.280000000000001E-003   336.463451207653     
  7.300000000000001E-003   336.544043611526     
  7.320000000000001E-003   336.619068617357     
  7.340000000000000E-003   336.687221819430     
  7.360000000000000E-003   336.747540321340     
  7.380000000000000E-003   336.799775979666     
  7.400000000000000E-003   336.844576474597     
  7.420000000000000E-003   336.883277018757     
  7.440000000000000E-003   336.917581026625     
  7.460000000000000E-003   336.949298949424     
  7.480000000000001E-003   336.979636335969     
  7.500000000000001E-003   337.009273441271     
  7.520000000000001E-003   337.037668284131     
  7.540000000000001E-003   337.065098925748     
  7.560000000000001E-003   337.094013506686     
  7.580000000000001E-003   337.126430055111     
  7.600000000000001E-003   337.163087484423     
  7.620000000000001E-003   337.202313749633     
  7.640000000000001E-003   337.240173896550     
  7.660000000000001E-003   337.272766067275     
  7.680000000000001E-003   337.295700568963     
  7.700000000000000E-003   337.301144201178     
  7.720000000000000E-003   337.293685572592     
  7.740000000000000E-003   337.263937186995     
  7.760000000000000E-003   337.208861536900     
  7.780000000000000E-003   337.114585809890     
  7.800000000000001E-003   336.971127460528     
  7.820000000000001E-003   336.770211459387     
  7.840000000000001E-003   336.506378364054     
  7.860000000000001E-003   336.176732155535     
  7.880000000000000E-003   335.820042228158     
  7.900000000000001E-003   335.497926450572     
  7.920000000000000E-003   335.213904170929     
  7.940000000000001E-003   334.964669695096     
  7.960000000000000E-003   334.746769270067     
  7.980000000000001E-003   334.557275432944     
  8.000000000000000E-003   334.393907261923     
  8.020000000000001E-003   334.254581276661     
  8.040000000000000E-003   334.137250201807     
  8.060000000000001E-003   334.043513540412     
  8.080000000000000E-003   333.974077015556     
  8.100000000000001E-003   333.924465010146     
  8.120000000000000E-003   333.893539597328     
  8.140000000000001E-003   333.871435006851     
  8.160000000000001E-003   333.863312749207     
  8.180000000000002E-003   333.865757166127     
  8.200000000000001E-003   333.875371224400     
  8.220000000000000E-003   333.892120855543     
  8.240000000000001E-003   333.914004938058     
  8.260000000000000E-003   333.939564533646     
  8.280000000000001E-003   333.965016543011     
  8.300000000000000E-003   333.987078632267     
  8.320000000000001E-003   334.005217513552     
  8.340000000000000E-003   334.019685945578     
  8.360000000000001E-003   334.031391351495     
  8.380000000000000E-003   334.041899590864     
  8.400000000000001E-003   334.051860781893     
  8.420000000000000E-003   334.063594470050     
  8.440000000000001E-003   334.078959122737     
  8.460000000000001E-003   334.098751533568     
  8.480000000000001E-003   334.123541071628     
  8.500000000000001E-003   334.153631513765     
  8.520000000000002E-003   334.190211481839     
  8.540000000000001E-003   334.234389077108     
  8.560000000000000E-003   334.287566772605     
  8.580000000000001E-003   334.350593701363     
  8.600000000000000E-003   334.423831301371     
  8.620000000000001E-003   334.505702449682     
  8.640000000000000E-003   334.595691025325     
  8.660000000000001E-003   334.694233369917     
  8.680000000000000E-003   334.800397505187     
  8.700000000000001E-003   334.910658006264     
  8.720000000000000E-003   335.025085951271     
  8.740000000000001E-003   335.143015846663     
  8.760000000000000E-003   335.263106464596     
  8.780000000000001E-003   335.384891488343     
  8.800000000000001E-003   335.509014235447     
  8.820000000000001E-003   335.635768295214     
  8.840000000000001E-003   335.765107227515     
  8.860000000000002E-003   335.896508505670     
  8.880000000000001E-003   336.029462042300     
  8.900000000000000E-003   336.163345847559     
  8.920000000000001E-003   336.296926691695     
  8.940000000000000E-003   336.429123505742     
  8.960000000000001E-003   336.558992715785     
  8.980000000000000E-003   336.685558607819     
  9.000000000000001E-003   336.807974291162     
  9.020000000000000E-003   336.925638257556     
  9.040000000000001E-003   337.038221811439     
  9.060000000000000E-003   337.145617363379     
  9.080000000000001E-003   337.247864353242     
  9.100000000000000E-003   337.345093385333     
  9.120000000000001E-003   337.437492700512     
  9.140000000000001E-003   337.525277545905     
  9.160000000000001E-003   337.608650641741     
  9.180000000000001E-003   337.687716584440     
  9.200000000000002E-003   337.762587522671     
  9.220000000000001E-003   337.833398594129     
  9.240000000000000E-003   337.900151196538     
  9.260000000000001E-003   337.962746084107     
  9.280000000000000E-003   338.021263247518     
  9.300000000000001E-003   338.076233094356     
  9.320000000000000E-003   338.128410566596     
  9.340000000000001E-003   338.178533529329     
  9.360000000000000E-003   338.227259077703     
  9.380000000000001E-003   338.275004377840     
  9.400000000000000E-003   338.321831132617     
  9.420000000000001E-003   338.367540756443     
  9.440000000000000E-003   338.411858920934     
  9.460000000000001E-003   338.454533712466     
  9.480000000000001E-003   338.495379813840     
  9.500000000000001E-003   338.534346901194     
  9.520000000000001E-003   338.571620672419     
  9.540000000000002E-003   338.607582121357     
  9.560000000000001E-003   338.642879792236     
  9.580000000000000E-003   338.677767243417     
  9.600000000000001E-003   338.712531441350     
  9.620000000000000E-003   338.746982182456     
  9.640000000000001E-003   338.780184334548     
  9.660000000000000E-003   338.810529864794     
  9.680000000000001E-003   338.835742729779     
  9.700000000000000E-003   338.852182012405     
  9.720000000000001E-003   338.850719095572     
  9.740000000000000E-003   338.838053045980     
  9.760000000000001E-003   338.807350243499     
  9.780000000000000E-003   338.756954928464     
  9.800000000000001E-003   338.685844541864     
  9.820000000000001E-003   338.581240536413     
  9.840000000000002E-003   338.431539903092     
  9.860000000000001E-003   338.220005439220     
  9.880000000000002E-003   337.924293857394     
  9.900000000000001E-003   337.515331990535     
  9.920000000000000E-003   336.957674075654     
  9.940000000000001E-003   336.211422065083     
  9.960000000000000E-003   335.234671491711     
  9.980000000000001E-003   334.091325054958     
  1.000000000000000E-002   333.131745358550     
  1.002000000000000E-002   332.390419643411     
  1.004000000000000E-002   331.850322484076     
  1.006000000000000E-002   331.476495229816     
  1.008000000000000E-002   331.232281594315     
  1.010000000000000E-002   331.085439664720     
  1.012000000000000E-002   331.011939597727     
  1.014000000000000E-002   330.996316222518     
  1.016000000000000E-002   331.011650042934     
  1.018000000000000E-002   331.058543919540     
  1.020000000000000E-002   331.129374628685     
  1.022000000000000E-002   331.230141487437     
  1.024000000000000E-002   331.347952563709     
  1.026000000000000E-002   331.472276584540     
  1.028000000000000E-002   331.594966735547     
  1.030000000000000E-002   331.715870429278     
  1.032000000000000E-002   331.834707696815     
  1.034000000000000E-002   331.948754779945     
  1.036000000000000E-002   332.056124071507     
  1.038000000000000E-002   332.157421937124     
  1.040000000000000E-002   332.253753463214     
  1.042000000000000E-002   332.345135150295     
  1.044000000000000E-002   332.430485561014     
  1.046000000000000E-002   332.510003875767     
  1.048000000000000E-002   332.584086877473     
  1.050000000000000E-002   332.651531582969     
  1.052000000000000E-002   332.710353408368     
  1.054000000000000E-002   332.759434513353     
  1.056000000000000E-002   332.798496803694     
  1.058000000000000E-002   332.827806206150     
  1.060000000000000E-002   332.848013000725     
  1.062000000000000E-002   332.859756657951     
  1.064000000000000E-002   332.863358125801     
  1.066000000000000E-002   332.860732672332     
  1.068000000000000E-002   332.852046724209     
  1.070000000000000E-002   332.833598272035     
  1.072000000000000E-002   332.804887094406     
  1.074000000000000E-002   332.761858511977     
  1.076000000000000E-002   332.708572327825     
  1.078000000000000E-002   332.660847817498     
  1.080000000000000E-002   332.621909757624     
  1.082000000000000E-002   332.592183021801     
  1.084000000000000E-002   332.571418498023     
  1.086000000000000E-002   332.557648092724     
  1.088000000000000E-002   332.548555374226     
  1.090000000000000E-002   332.548012539051     
  1.092000000000000E-002   332.560382825337     
  1.094000000000000E-002   332.584673699909     
  1.096000000000000E-002   332.619062124966     
  1.098000000000000E-002   332.661858572481     
  1.100000000000000E-002   332.711383875051     
  1.102000000000000E-002   332.766011060764     
  1.104000000000000E-002   332.824048153717     
  1.106000000000000E-002   332.882486144733     
  1.108000000000000E-002   332.939656914583     
  1.110000000000000E-002   332.992993728888     
  1.112000000000000E-002   333.041372220566     
  1.114000000000000E-002   333.084814708877     
  1.116000000000000E-002   333.122757511069     
  1.118000000000000E-002   333.152674481735     
  1.120000000000000E-002   333.172045508562     
  1.122000000000000E-002   333.183941048737     
  1.124000000000000E-002   333.182052478040     
  1.126000000000000E-002   333.168918340778     
  1.128000000000000E-002   333.141681708061     
  1.130000000000000E-002   333.099209200284     
  1.132000000000000E-002   333.041056734366     
  1.134000000000000E-002   332.967113661355     
  1.136000000000000E-002   332.877377269443     
  1.138000000000000E-002   332.773014630238     
  1.140000000000000E-002   332.667470577985     
  1.142000000000000E-002   332.566710162378     
  1.144000000000000E-002   332.470391068864     
  1.146000000000000E-002   332.377617426306     
  1.148000000000000E-002   332.286266840249     
  1.150000000000000E-002   332.194444310437     
  1.152000000000000E-002   332.100791374578     
  1.154000000000000E-002   332.002849793351     
  1.156000000000000E-002   331.899004138583     
  1.158000000000000E-002   331.789018976844     
  1.160000000000000E-002   331.672816417894     
  1.162000000000000E-002   331.549851863448     
  1.164000000000000E-002   331.419435144626     
  1.166000000000000E-002   331.285686266995     
  1.168000000000000E-002   331.156296453726     
  1.170000000000000E-002   331.035523295275     
  1.172000000000000E-002   330.926687331430     
  1.174000000000000E-002   330.832094463751     
  1.176000000000000E-002   330.752571345638     
  1.178000000000000E-002   330.687897087060     
  1.180000000000000E-002   330.637778501226     
  1.182000000000000E-002   330.601789162020     
  1.184000000000000E-002   330.580084840330     
  1.186000000000000E-002   330.572444273421     
  1.188000000000000E-002   330.575419313598     
  1.190000000000000E-002   330.588072982186     
  1.192000000000000E-002   330.610648545093     
  1.194000000000000E-002   330.641521711750     
  1.196000000000000E-002   330.679174498385     
  1.198000000000000E-002   330.722295853190     
  1.200000000000000E-002   330.769610427907     
  1.202000000000000E-002   330.819851944643     
  1.204000000000000E-002   330.871827042457     
  1.206000000000000E-002   330.924460326400     
  1.208000000000000E-002   330.976860497730     
  1.210000000000000E-002   331.027412319622     
  1.212000000000000E-002   331.075593733190     
  1.214000000000000E-002   331.120186775896     
  1.216000000000000E-002   331.160003209081     
  1.218000000000000E-002   331.194082273708     
  1.220000000000000E-002   331.221831814069     
  1.222000000000000E-002   331.242932014825     
  1.224000000000000E-002   331.257639154429     
  1.226000000000000E-002   331.265817202548     
  1.228000000000000E-002   331.269178121126     
  1.230000000000000E-002   331.267593262445     
  1.232000000000000E-002   331.262582134077     
  1.234000000000000E-002   331.254579225546     
  1.236000000000000E-002   331.244754844256     
  1.238000000000000E-002   331.234190531650     
  1.240000000000000E-002   331.224491988635     
  1.242000000000000E-002   331.218174482789     
  1.244000000000000E-002   331.216256117163     
  1.246000000000000E-002   331.218372040417     
  1.248000000000000E-002   331.225776221037     
  1.250000000000000E-002   331.239947380021     
  1.252000000000000E-002   331.261355309495     
  1.254000000000000E-002   331.290221618230     
  1.256000000000000E-002   331.326722056538     
  1.258000000000000E-002   331.371036454568     
  1.260000000000000E-002   331.422725187484     
  1.262000000000000E-002   331.481349990288     
  1.264000000000000E-002   331.546385123395     
  1.266000000000000E-002   331.613605004546     
  1.268000000000000E-002   331.677347200594     
  1.270000000000000E-002   331.736328909015     
  1.272000000000000E-002   331.789681624713     
  1.274000000000000E-002   331.837097152570     
  1.276000000000000E-002   331.879225562700     
  1.278000000000000E-002   331.917462109110     
  1.280000000000000E-002   331.953788251066     
  1.282000000000000E-002   331.989255456543     
  1.284000000000000E-002   332.025109460404     
  1.286000000000000E-002   332.062662365415     
  1.288000000000000E-002   332.103554354314     
  1.290000000000000E-002   332.149838231425     
  1.292000000000000E-002   332.203332276769     
  1.294000000000000E-002   332.265787635758     
  1.296000000000000E-002   332.338472031279     
  1.298000000000000E-002   332.421716468145     
  1.300000000000000E-002   332.515041799022     
  1.302000000000000E-002   332.617790473194     
  1.304000000000000E-002   332.729172585410     
  1.306000000000000E-002   332.848172652961     
  1.308000000000000E-002   332.973442462519     
  1.310000000000000E-002   333.104087748024     
  1.312000000000000E-002   333.239305491010     
  1.314000000000000E-002   333.378148705879     
  1.316000000000000E-002   333.520790063826     
  1.318000000000000E-002   333.663485046681     
  1.320000000000000E-002   333.801911680406     
  1.322000000000000E-002   333.933271389994     
  1.324000000000000E-002   334.055798634698     
  1.326000000000000E-002   334.168594529101     
  1.328000000000000E-002   334.271281131215     
  1.330000000000000E-002   334.363679378555     
  1.332000000000000E-002   334.445708223175     
  1.334000000000000E-002   334.517295689035     
  1.336000000000000E-002   334.578372186760     
  1.338000000000000E-002   334.629049180863     
  1.340000000000000E-002   334.670133053804     
  1.342000000000000E-002   334.702309295381     
  1.344000000000000E-002   334.726969254291     
  1.346000000000000E-002   334.746137024938     
  1.348000000000000E-002   334.761978860905     
  1.350000000000000E-002   334.776543952049     
  1.352000000000000E-002   334.790501790128     
  1.354000000000000E-002   334.804684866271     
  1.356000000000000E-002   334.819999824472     
  1.358000000000000E-002   334.837538295852     
  1.360000000000000E-002   334.857985886003     
  1.362000000000000E-002   334.882003824761     
  1.364000000000000E-002   334.910279073375     
  1.366000000000000E-002   334.943537657535     
  1.368000000000000E-002   334.982402134717     
  1.370000000000000E-002   335.027105893889     
  1.372000000000000E-002   335.077420551601     
  1.374000000000000E-002   335.132798755234     
  1.376000000000000E-002   335.192523254975     
  1.378000000000000E-002   335.255784794031     
  1.380000000000000E-002   335.321722645289     
  1.382000000000000E-002   335.389659323920     
  1.384000000000000E-002   335.459060988886     
  1.386000000000000E-002   335.529327616894     
  1.388000000000000E-002   335.600155637839     
  1.390000000000000E-002   335.671845191105     
  1.392000000000000E-002   335.744017955077     
  1.394000000000000E-002   335.816568785096     
  1.396000000000000E-002   335.889653215435     
  1.398000000000000E-002   335.962936771827     
  1.400000000000000E-002   336.036559730431     
  1.402000000000000E-002   336.110554224711     
  1.404000000000000E-002   336.185241899422     
  1.406000000000000E-002   336.260889493746     
  1.408000000000000E-002   336.337525876072     
  1.410000000000000E-002   336.415525993573     
  1.412000000000000E-002   336.495094075535     
  1.414000000000000E-002   336.576176979608     
  1.416000000000000E-002   336.659074431212     
  1.418000000000000E-002   336.744144853665     
  1.420000000000000E-002   336.831251039792     
  1.422000000000000E-002   336.920050640421     
  1.424000000000000E-002   337.010146709950     
  1.426000000000000E-002   337.100334866173     
  1.428000000000000E-002   337.190080278027     
  1.430000000000000E-002   337.279038673218     
  1.432000000000000E-002   337.367088294691     
  1.434000000000000E-002   337.454083928249     
  1.436000000000000E-002   337.539695747318     
  1.438000000000000E-002   337.623390581001     
  1.440000000000000E-002   337.704485021736     
  1.442000000000000E-002   337.782197874757     
  1.444000000000000E-002   337.855707186506     
  1.446000000000000E-002   337.924238193720     
  1.448000000000000E-002   337.987162278656     
  1.450000000000000E-002   338.044052564733     
  1.452000000000000E-002   338.094690327227     
  1.454000000000000E-002   338.139040714197     
  1.456000000000000E-002   338.177241330153     
  1.458000000000000E-002   338.209607996243     
  1.460000000000000E-002   338.236596443194     
  1.462000000000000E-002   338.258844286685     
  1.464000000000000E-002   338.277112766434     
  1.466000000000000E-002   338.292361409610     
  1.468000000000000E-002   338.305708555340     
  1.470000000000000E-002   338.318125280498     
  1.472000000000000E-002   338.330599181876     
  1.474000000000000E-002   338.343474556897     
  1.476000000000000E-002   338.356952064211     
  1.478000000000000E-002   338.371078482694     
  1.480000000000000E-002   338.385729048163     
  1.482000000000000E-002   338.400655109553     
  1.484000000000000E-002   338.415541529724     
  1.486000000000000E-002   338.429973692067     
  1.488000000000000E-002   338.443635154027     
  1.490000000000000E-002   338.456711776522     
  1.492000000000000E-002   338.470455547064     
  1.494000000000000E-002   338.484591900793     
  1.496000000000000E-002   338.497118014533     
  1.498000000000000E-002   338.506975522152     
  1.500000000000000E-002   338.511528098270     
  1.502000000000000E-002   338.507131333944     
  1.504000000000000E-002   338.492617723472     
  1.506000000000000E-002   338.465058727081     
  1.508000000000000E-002   338.420931324711     
  1.510000000000000E-002   338.356987562926     
  1.512000000000000E-002   338.269931882636     
  1.514000000000000E-002   338.156217336527     
  1.516000000000000E-002   338.012105964507     
  1.518000000000000E-002   337.833822295221     
  1.520000000000000E-002   337.617629547843     
  1.522000000000000E-002   337.359931539507     
  1.524000000000000E-002   337.057353025112     
  1.526000000000000E-002   336.706980168052     
  1.528000000000000E-002   336.336180003592     
  1.530000000000000E-002   335.990481153278     
  1.532000000000000E-002   335.670235214377     
  1.534000000000000E-002   335.376288075692     
  1.536000000000000E-002   335.107256649286     
  1.538000000000000E-002   334.862197444844     
  1.540000000000000E-002   334.640058418818     
  1.542000000000000E-002   334.439869722795     
  1.544000000000000E-002   334.260645507913     
  1.546000000000000E-002   334.101411707269     
  1.548000000000000E-002   333.961203211781     
  1.550000000000000E-002   333.839054023408     
  1.552000000000000E-002   333.733951900300     
  1.554000000000000E-002   333.644757526219     
  1.556000000000000E-002   333.570123466043     
  1.558000000000000E-002   333.508480424000     
  1.560000000000000E-002   333.458129803767     
  1.562000000000000E-002   333.417421006667     
  1.564000000000000E-002   333.384926033798     
  1.566000000000000E-002   333.359517155406     
  1.568000000000000E-002   333.340341197919     
  1.570000000000000E-002   333.326751677785     
  1.572000000000000E-002   333.317740381840     
  1.574000000000000E-002   333.311384234072     
  1.576000000000000E-002   333.313071332740     
  1.578000000000000E-002   333.320449353709     
  1.580000000000000E-002   333.331865152780     
  1.582000000000000E-002   333.346697956296     
  1.584000000000000E-002   333.363732842961     
  1.586000000000000E-002   333.382384749665     
  1.588000000000000E-002   333.402424561075     
  1.590000000000000E-002   333.423891405375     
  1.592000000000000E-002   333.446960126054     
  1.594000000000000E-002   333.471776646304     
  1.596000000000000E-002   333.498393119135     
  1.598000000000000E-002   333.526736165812     
  1.600000000000000E-002   333.556606220592     
  1.602000000000000E-002   333.587769997620     
  1.604000000000000E-002   333.620013217850     
  1.606000000000000E-002   333.652603099799     
  1.608000000000000E-002   333.684940416509     
  1.610000000000000E-002   333.716138437650     
  1.612000000000000E-002   333.745620915880     
  1.614000000000000E-002   333.772902897258     
  1.616000000000000E-002   333.797544749674     
  1.618000000000000E-002   333.819164319993     
  1.620000000000000E-002   333.837469492996     
  1.622000000000000E-002   333.852238567474     
  1.624000000000000E-002   333.863235302359     
  1.626000000000000E-002   333.869833194350     
  1.628000000000000E-002   333.871811061841     
  1.630000000000000E-002   333.870558732520     
  1.632000000000000E-002   333.866349381353     
  1.634000000000000E-002   333.859315569499     
  1.636000000000000E-002   333.850257447447     
  1.638000000000000E-002   333.840990999506     
  1.640000000000000E-002   333.832312842567     
  1.642000000000000E-002   333.823839517169     
  1.644000000000000E-002   333.815453667565     
  1.646000000000000E-002   333.807057981870     
  1.648000000000000E-002   333.798577890957     
  1.650000000000000E-002   333.790003863379     
  1.652000000000000E-002   333.781460528661     
  1.654000000000000E-002   333.773374191755     
  1.656000000000000E-002   333.766056348152     
  1.658000000000000E-002   333.759829151095     
  1.660000000000000E-002   333.754918443135     
  1.662000000000000E-002   333.751203235743     
  1.664000000000000E-002   333.748493127853     
  1.666000000000000E-002   333.748282307864     
  1.668000000000000E-002   333.750281562032     
  1.670000000000000E-002   333.754421316470     
  1.672000000000000E-002   333.760928370578     
  1.674000000000000E-002   333.770042341965     
  1.676000000000000E-002   333.781966499804     
  1.678000000000000E-002   333.796801185612     
  1.680000000000000E-002   333.814614198293     
  1.682000000000000E-002   333.835345653605     
  1.684000000000000E-002   333.858588032932     
  1.686000000000000E-002   333.883834945071     
  1.688000000000000E-002   333.910734953671     
  1.690000000000000E-002   333.938652748174     
  1.692000000000000E-002   333.967079524307     
  1.694000000000000E-002   333.995522795763     
  1.696000000000000E-002   334.022934135624     
  1.698000000000000E-002   334.048327597881     
  1.700000000000000E-002   334.070773215469     
  1.702000000000000E-002   334.089986931604     
  1.704000000000000E-002   334.104760654493     
  1.706000000000000E-002   334.112913099522     
  1.708000000000000E-002   334.116156765080     
  1.710000000000000E-002   334.112508922151     
  1.712000000000000E-002   334.102618063243     
  1.714000000000000E-002   334.086593378114     
  1.716000000000000E-002   334.064358078633     
  1.718000000000000E-002   334.035692008211     
  1.720000000000000E-002   334.000273063188     
  1.722000000000000E-002   333.958025523079     
  1.724000000000000E-002   333.909000985344     
  1.726000000000000E-002   333.853034654250     
  1.728000000000000E-002   333.789668218554     
  1.730000000000000E-002   333.718599558407     
  1.732000000000000E-002   333.639902304495     
  1.734000000000000E-002   333.554108440069     
  1.736000000000000E-002   333.461700195005     
  1.738000000000000E-002   333.363445687910     
  1.740000000000000E-002   333.260171532350     
  1.742000000000000E-002   333.152425428861     
  1.744000000000000E-002   333.040337388967     
  1.746000000000000E-002   332.923747512232     
  1.748000000000000E-002   332.802328227426     
  1.750000000000000E-002   332.675574610001     
  1.752000000000000E-002   332.548242370297     
  1.754000000000000E-002   332.431151193190     
  1.756000000000000E-002   332.325864592473     
  1.758000000000000E-002   332.231493109752     
  1.760000000000000E-002   332.146988869987     
  1.762000000000000E-002   332.072365933345     
  1.764000000000000E-002   332.008015259557     
  1.766000000000000E-002   331.954157206344     
  1.768000000000000E-002   331.910298869872     
  1.770000000000000E-002   331.875503931500     
  1.772000000000000E-002   331.848806831933     
  1.774000000000000E-002   331.829339951575     
  1.776000000000000E-002   331.816567475790     
  1.778000000000000E-002   331.810166426420     
  1.780000000000000E-002   331.810259988856     
  1.782000000000000E-002   331.816788030004     
  1.784000000000000E-002   331.828919294991     
  1.786000000000000E-002   331.847440392746     
  1.788000000000000E-002   331.872704945834     
  1.790000000000000E-002   331.904577655016     
  1.792000000000000E-002   331.941660379342     
  1.794000000000000E-002   331.984235101410     
  1.796000000000000E-002   332.030850320265     
  1.798000000000000E-002   332.080619959251     
  1.800000000000000E-002   332.132758951302     
  1.802000000000000E-002   332.186300663514     
  1.804000000000000E-002   332.240404672468     
  1.806000000000000E-002   332.293959622275     
  1.808000000000000E-002   332.345339016157     
  1.810000000000000E-002   332.393731990305     
  1.812000000000000E-002   332.438980515771     
  1.814000000000000E-002   332.481096015943     
  1.816000000000000E-002   332.520093010028     
  1.818000000000000E-002   332.556089525222     
  1.820000000000000E-002   332.589020707753     
  1.822000000000000E-002   332.618873120852     
  1.824000000000000E-002   332.646307493432     
  1.826000000000000E-002   332.672466341687     
  1.828000000000000E-002   332.697873749081     
  1.830000000000000E-002   332.722788690352     
  1.832000000000000E-002   332.747551021291     
  1.834000000000000E-002   332.772701684433     
  1.836000000000000E-002   332.798637135392     
  1.838000000000000E-002   332.825731981490     
  1.840000000000000E-002   332.854170405848     
  1.842000000000000E-002   332.884066458916     
  1.844000000000000E-002   332.915375667628     
  1.846000000000000E-002   332.947991685652     
  1.848000000000000E-002   332.981770936915     
  1.850000000000000E-002   333.016550878229     
  1.852000000000000E-002   333.052010113964     
  1.854000000000000E-002   333.087621289101     
  1.856000000000000E-002   333.123117457953     
  1.858000000000000E-002   333.158190243373     
  1.860000000000000E-002   333.192685683509     
  1.862000000000000E-002   333.226525433251     
  1.864000000000000E-002   333.259650330636     
  1.866000000000000E-002   333.292039804850     
  1.868000000000000E-002   333.323665136407     
  1.870000000000000E-002   333.354330551482     
  1.872000000000000E-002   333.383589729310     
  1.874000000000000E-002   333.410763378324     
  1.876000000000000E-002   333.435233183762     
  1.878000000000000E-002   333.456568719286     
  1.880000000000000E-002   333.474522992245     
  1.882000000000000E-002   333.488951790438     
  1.884000000000000E-002   333.499809128756     
  1.886000000000000E-002   333.507097524328     
  1.888000000000000E-002   333.510854292351     
  1.890000000000000E-002   333.511113947666     
  1.892000000000000E-002   333.508388837956     
  1.894000000000000E-002   333.503347168955     
  1.896000000000000E-002   333.496510055054     
  1.898000000000000E-002   333.487718177439     
  1.900000000000000E-002   333.476940283962     
  1.902000000000000E-002   333.464200132779     
  1.904000000000000E-002   333.449880182267     
  1.906000000000000E-002   333.434196437059     
  1.908000000000000E-002   333.417347453300     
  1.910000000000000E-002   333.399742271596     
  1.912000000000000E-002   333.381818444866     
  1.914000000000000E-002   333.363845984160     
  1.916000000000000E-002   333.345953895656     
  1.918000000000000E-002   333.328148655704     
  1.920000000000000E-002   333.310411701136     
  1.922000000000000E-002   333.292704765196     
  1.924000000000000E-002   333.275005831552     
  1.926000000000000E-002   333.257306208829     
  1.928000000000000E-002   333.239605949705     
  1.930000000000000E-002   333.221871125091     
  1.932000000000000E-002   333.204010622382     
  1.934000000000000E-002   333.185893215410     
  1.936000000000000E-002   333.167302479616     
  1.938000000000000E-002   333.147971360906     
  1.940000000000000E-002   333.127692917094     
  1.942000000000000E-002   333.106285679348     
  1.944000000000000E-002   333.083607114735     
  1.946000000000000E-002   333.059519981456     
  1.948000000000000E-002   333.033573063768     
  1.950000000000000E-002   333.006259700690     
  1.952000000000000E-002   332.978049095441     
  1.954000000000000E-002   332.949769337247     
  1.956000000000000E-002   332.920985088449     
  1.958000000000000E-002   332.891576389118     
  1.960000000000000E-002   332.861427790340     
  1.962000000000000E-002   332.830511019076     
  1.964000000000000E-002   332.798834733107     
  1.966000000000000E-002   332.766423308071     
  1.968000000000000E-002   332.733229084146     
  1.970000000000000E-002   332.699117067400     
  1.972000000000000E-002   332.663973724551     
  1.974000000000000E-002   332.627847355870     
  1.976000000000000E-002   332.591000457447     
  1.978000000000000E-002   332.553851378942     
  1.980000000000000E-002   332.516722279043     
  1.982000000000000E-002   332.480097324964     
  1.984000000000000E-002   332.444264390575     
  1.986000000000000E-002   332.409372652105     
  1.988000000000000E-002   332.375406789100     
  1.990000000000000E-002   332.342250355067     
  1.992000000000000E-002   332.309777536979     
  1.994000000000000E-002   332.277903098372     
  1.996000000000000E-002   332.246566627830     
  1.998000000000000E-002   332.215673615122     
  2.000000000000000E-002   332.185089832439     
  2.002000000000000E-002   332.154697177121     
  2.004000000000000E-002   332.124449349611     
  2.006000000000000E-002   332.094352481792     
  2.008000000000000E-002   332.064405121826     
  2.010000000000000E-002   332.034590344240     
  2.012000000000000E-002   332.004876098922     
  2.014000000000000E-002   331.975231129046     
  2.016000000000000E-002   331.945623523520     
  2.018000000000000E-002   331.916096125325     
  2.020000000000000E-002   331.886815991918     
  2.022000000000000E-002   331.858072500377     
  2.024000000000000E-002   331.830280084384     
  2.026000000000000E-002   331.803955984648     
  2.028000000000000E-002   331.779621605001     
  2.030000000000000E-002   331.757612415183     
  2.032000000000000E-002   331.738515992311     
  2.034000000000000E-002   331.723140244381     
  2.036000000000000E-002   331.711827507231     
  2.038000000000000E-002   331.704565422560     
  2.040000000000000E-002   331.700860367185     
  2.042000000000000E-002   331.701886541077     
  2.044000000000000E-002   331.706336808835     
  2.046000000000000E-002   331.714428785368     
  2.048000000000000E-002   331.726188722653     
  2.050000000000000E-002   331.741579992090     
  2.052000000000000E-002   331.760463061104     
  2.054000000000000E-002   331.782704923186     
  2.056000000000000E-002   331.808219151707     
  2.058000000000000E-002   331.836922700128     
  2.060000000000000E-002   331.868737210124     
  2.062000000000000E-002   331.903546490661     
  2.064000000000000E-002   331.941224889175     
  2.066000000000000E-002   331.981616781767     
  2.068000000000000E-002   332.024551441644     
  2.070000000000000E-002   332.069811312639     
  2.072000000000000E-002   332.117154969815     
  2.074000000000000E-002   332.166316065060     
  2.076000000000000E-002   332.216952295448     
  2.078000000000000E-002   332.268567570728     
  2.080000000000000E-002   332.320610356325     
  2.082000000000000E-002   332.372404672597     
  2.084000000000000E-002   332.423341649303     
  2.086000000000000E-002   332.473156589536     
  2.088000000000000E-002   332.521731970864     
  2.090000000000000E-002   332.568948489668     
  2.092000000000000E-002   332.614753344478     
  2.094000000000000E-002   332.659150372048     
  2.096000000000000E-002   332.702182656530     
  2.098000000000000E-002   332.743879765287     
  2.100000000000000E-002   332.784136622686     
  2.102000000000000E-002   332.822919764858     
  2.104000000000000E-002   332.860308404996     
  2.106000000000000E-002   332.896443647419     
  2.108000000000000E-002   332.931494161514     
  2.110000000000000E-002   332.965639175874     
  2.112000000000000E-002   332.999003964428     
  2.114000000000000E-002   333.031608603348     
  2.116000000000000E-002   333.063398648953     
  2.118000000000000E-002   333.094300544486     
  2.120000000000000E-002   333.124258502458     
  2.122000000000000E-002   333.153249408248     
  2.124000000000000E-002   333.181292904539     
  2.126000000000000E-002   333.208449130532     
  2.128000000000000E-002   333.234791163964     
  2.130000000000000E-002   333.260382913119     
  2.132000000000000E-002   333.285258864688     
  2.134000000000000E-002   333.309420992247     
  2.136000000000000E-002   333.332835735761     
  2.138000000000000E-002   333.355460512183     
  2.140000000000000E-002   333.377257848295     
  2.142000000000000E-002   333.398182098091     
  2.144000000000000E-002   333.418167889791     
  2.146000000000000E-002   333.437199823920     
  2.148000000000000E-002   333.455318295873     
  2.150000000000000E-002   333.472628692616     
  2.152000000000000E-002   333.489295189302     
  2.154000000000000E-002   333.505545936271     
  2.156000000000000E-002   333.521594948765     
  2.158000000000000E-002   333.537718092005     
  2.160000000000000E-002   333.554033905206     
  2.162000000000000E-002   333.570712396817     
  2.164000000000000E-002   333.587951009426     
  2.166000000000000E-002   333.605988962510     
  2.168000000000000E-002   333.625086025286     
  2.170000000000000E-002   333.645445752220     
  2.172000000000000E-002   333.667173160157     
  2.174000000000000E-002   333.690336983646     
  2.176000000000000E-002   333.715032910682     
  2.178000000000000E-002   333.741356825045     
  2.180000000000000E-002   333.769352387018     
  2.182000000000000E-002   333.798980487813     
  2.184000000000000E-002   333.830118132136     
  2.186000000000000E-002   333.862549298328     
  2.188000000000000E-002   333.895966256565     
  2.190000000000000E-002   333.930075915221     
  2.192000000000000E-002   333.964115210933     
  2.194000000000000E-002   333.997398727898     
  2.196000000000000E-002   334.029497353604     
  2.198000000000000E-002   334.060163680784     
  2.200000000000000E-002   334.089273143483     
  2.202000000000000E-002   334.116751143536     
  2.204000000000000E-002   334.142530568173     
  2.206000000000000E-002   334.166536594532     
  2.208000000000000E-002   334.188691107803     
  2.210000000000000E-002   334.208928916937     
  2.212000000000000E-002   334.227218407637     
  2.214000000000000E-002   334.243578189644     
  2.216000000000000E-002   334.258079642346     
  2.218000000000000E-002   334.270828185161     
  2.220000000000000E-002   334.281925590172     
  2.222000000000000E-002   334.291428479422     
  2.224000000000000E-002   334.299323664174     
  2.226000000000000E-002   334.305526305853     
  2.228000000000000E-002   334.309878670458     
  2.230000000000000E-002   334.312193155530     
  2.232000000000000E-002   334.312146794711     
  2.234000000000000E-002   334.309988464030     
  2.236000000000000E-002   334.305356641720     
  2.238000000000000E-002   334.298159055036     
  2.240000000000000E-002   334.289041144041     
  2.242000000000000E-002   334.277065587935     
  2.244000000000000E-002   334.262449183783     
  2.246000000000000E-002   334.245228540261     
  2.248000000000000E-002   334.225367942755     
  2.250000000000000E-002   334.202816834414     
  2.252000000000000E-002   334.177598746417     
  2.254000000000000E-002   334.149846941818     
  2.256000000000000E-002   334.119825037752     
  2.258000000000000E-002   334.087975954433     
  2.260000000000000E-002   334.054946566407     
  2.262000000000000E-002   334.021481203340     
  2.264000000000000E-002   333.987807102684     
  2.266000000000000E-002   333.954028632570     
  2.268000000000000E-002   333.920510839581     
  2.270000000000000E-002   333.887780303701     
  2.272000000000000E-002   333.856045434922     
  2.274000000000000E-002   333.825370495569     
  2.276000000000000E-002   333.795816698595     
  2.278000000000000E-002   333.767379229670     
  2.280000000000000E-002   333.739951845994     
  2.282000000000000E-002   333.713379227034     
  2.284000000000000E-002   333.687474846362     
  2.286000000000000E-002   333.662012426568     
  2.288000000000000E-002   333.636712037475     
  2.290000000000000E-002   333.611264508576     
  2.292000000000000E-002   333.585491165730     
  2.294000000000000E-002   333.558946803256     
  2.296000000000000E-002   333.531798839623     
  2.298000000000000E-002   333.504865041717     
  2.300000000000000E-002   333.479072885182     
  2.302000000000000E-002   333.454196776856     
  2.304000000000000E-002   333.430158132119     
  2.306000000000000E-002   333.406855534529     
  2.308000000000000E-002   333.384161841178     
  2.310000000000000E-002   333.361945663606     
  2.312000000000000E-002   333.340097397497     
  2.314000000000000E-002   333.318541949808     
  2.316000000000000E-002   333.297200176790     
  2.318000000000000E-002   333.275973286476     
  2.320000000000000E-002   333.254735446410     
  2.322000000000000E-002   333.233448055946     
  2.324000000000000E-002   333.212126539976     
  2.326000000000000E-002   333.190870415823     
  2.328000000000000E-002   333.169874092310     
  2.330000000000000E-002   333.149298567975     
  2.332000000000000E-002   333.129292082522     
  2.334000000000000E-002   333.109995354273     
  2.336000000000000E-002   333.091559439758     
  2.338000000000000E-002   333.073848435347     
  2.340000000000000E-002   333.056803154218     
  2.342000000000000E-002   333.040992675422     
  2.344000000000000E-002   333.027041721334     
  2.346000000000000E-002   333.014806320919     
  2.348000000000000E-002   333.003832192335     
  2.350000000000000E-002   332.993943694034     
  2.352000000000000E-002   332.985064176456     
  2.354000000000000E-002   332.976923312424     
  2.356000000000000E-002   332.969078703689     
  2.358000000000000E-002   332.961664069213     
  2.360000000000000E-002   332.954537007958     
  2.362000000000000E-002   332.947589457886     
  2.364000000000000E-002   332.940714139489     
  2.366000000000000E-002   332.933981497356     
  2.368000000000000E-002   332.927608600995     
  2.370000000000000E-002   332.921884768337     
  2.372000000000000E-002   332.917226684357     
  2.374000000000000E-002   332.914112560371     
  2.376000000000000E-002   332.912780893473     
  2.378000000000000E-002   332.913364611464     
  2.380000000000000E-002   332.915893063167     
  2.382000000000000E-002   332.920528523816     
  2.384000000000000E-002   332.927332777553     
  2.386000000000000E-002   332.936304329871     
  2.388000000000000E-002   332.947386542157     
  2.390000000000000E-002   332.960497324584     
  2.392000000000000E-002   332.975496688721     
  2.394000000000000E-002   332.992254994017     
  2.396000000000000E-002   333.010607476464     
  2.398000000000000E-002   333.030401259331     
  2.400000000000000E-002   333.051466115376     
  2.402000000000000E-002   333.073606560794     
  2.404000000000000E-002   333.096576330392     
  2.406000000000000E-002   333.120116644327     
  2.408000000000000E-002   333.143947578996     
  2.410000000000000E-002   333.167868507645     
  2.412000000000000E-002   333.191681335263     
  2.414000000000000E-002   333.215273425687     
  2.416000000000000E-002   333.238602702706     
  2.418000000000000E-002   333.261626087519     
  2.420000000000000E-002   333.284318969491     
  2.422000000000000E-002   333.306680110055     
  2.424000000000000E-002   333.328735940960     
  2.426000000000000E-002   333.350534770368     
  2.428000000000000E-002   333.372133502311     
  2.430000000000000E-002   333.393560387359     
  2.432000000000000E-002   333.414782347099     
  2.434000000000000E-002   333.435703881170     
  2.436000000000000E-002   333.456199452023     
  2.438000000000000E-002   333.476150879051     
  2.440000000000000E-002   333.495471744718     
  2.442000000000000E-002   333.514113829586     
  2.444000000000000E-002   333.532052465098     
  2.446000000000000E-002   333.549258312144     
  2.448000000000000E-002   333.565677040889     
  2.450000000000000E-002   333.581240351174     
  2.452000000000000E-002   333.595895840798     
  2.454000000000000E-002   333.609635373360     
  2.456000000000000E-002   333.622500981037     
  2.458000000000000E-002   333.634577975560     
  2.460000000000000E-002   333.645982972819     
  2.462000000000000E-002   333.656838833364     
  2.464000000000000E-002   333.667255661230     
  2.466000000000000E-002   333.677337684961     
  2.468000000000000E-002   333.687205476069     
  2.470000000000000E-002   333.697026356237     
  2.472000000000000E-002   333.706904291151     
  2.474000000000000E-002   333.716969861842     
  2.476000000000000E-002   333.727318940501     
  2.478000000000000E-002   333.738002579636     
  2.480000000000000E-002   333.749058384536     
  2.482000000000000E-002   333.760537087241     
  2.484000000000000E-002   333.772486280645     
  2.486000000000000E-002   333.784891740753     
  2.488000000000000E-002   333.797740679517     
  2.490000000000000E-002   333.810959077127     
  2.492000000000000E-002   333.824434870469     
  2.494000000000000E-002   333.838107711295     
  2.496000000000000E-002   333.851936172217     
  2.498000000000000E-002   333.865892321166     
  2.500000000000000E-002   333.879954582057     
  2.502000000000000E-002   333.894092272807     
  2.504000000000000E-002   333.908204772809     
  2.506000000000000E-002   333.922188716934     
  2.508000000000000E-002   333.935990042965     
  2.510000000000000E-002   333.949562178498     
  2.512000000000000E-002   333.962857277027     
  2.514000000000000E-002   333.975828174952     
  2.516000000000000E-002   333.988443291102     
  2.518000000000000E-002   334.000674312323     
  2.520000000000000E-002   334.012465558652     
  2.522000000000000E-002   334.023717757003     
  2.524000000000000E-002   334.034306557546     
  2.526000000000000E-002   334.044116943927     
  2.528000000000000E-002   334.053035230409     
  2.530000000000000E-002   334.060937626077     
  2.532000000000000E-002   334.067750936729     
  2.534000000000000E-002   334.073536560336     
  2.536000000000000E-002   334.078485267776     
  2.538000000000000E-002   334.082697514979     
  2.540000000000000E-002   334.086171993369     
  2.542000000000000E-002   334.088952909951     
  2.544000000000000E-002   334.091069440491     
  2.546000000000000E-002   334.092550024482     
  2.548000000000000E-002   334.093423711791     
  2.550000000000000E-002   334.093711082660     
  2.552000000000000E-002   334.093421604344     
  2.554000000000000E-002   334.092748888643     
  2.556000000000000E-002   334.091693458273     
  2.558000000000000E-002   334.090295506937     
  2.560000000000000E-002   334.088627124586     
  2.562000000000000E-002   334.086571902588     
  2.564000000000000E-002   334.084096399152     
  2.566000000000000E-002   334.081142767021     
  2.568000000000000E-002   334.077642263898     
  2.570000000000000E-002   334.073602871077     
  2.572000000000000E-002   334.069063443202     
  2.574000000000000E-002   334.064062843596     
  2.576000000000000E-002   334.058595750946     
  2.578000000000000E-002   334.052687540626     
  2.580000000000000E-002   334.046879718708     
  2.582000000000000E-002   334.041527714711     
  2.584000000000000E-002   334.036892039081     
  2.586000000000000E-002   334.033192233421     
  2.588000000000000E-002   334.030766000742     
  2.590000000000000E-002   334.029023667750     
  2.592000000000000E-002   334.029384472764     
  2.594000000000000E-002   334.031714843884     
  2.596000000000000E-002   334.035962432240     
  2.598000000000000E-002   334.042225758519     
  2.600000000000000E-002   334.050463877928     
  2.602000000000000E-002   334.060608300286     
  2.604000000000000E-002   334.072605610058     
  2.606000000000000E-002   334.086466178953     
  2.608000000000000E-002   334.102143143265     
  2.610000000000000E-002   334.119442744775     
  2.612000000000000E-002   334.138226302329     
  2.614000000000000E-002   334.158249295568     
  2.616000000000000E-002   334.179439699218     
  2.618000000000000E-002   334.201767508860     
  2.620000000000000E-002   334.225246605196     
  2.622000000000000E-002   334.249716711936     
  2.624000000000000E-002   334.275000414545     
  2.626000000000000E-002   334.300854804545     
  2.628000000000000E-002   334.327376985564     
  2.630000000000000E-002   334.354216888121     
  2.632000000000000E-002   334.381125249395     
  2.634000000000000E-002   334.407893638025     
  2.636000000000000E-002   334.434507385734     
  2.638000000000000E-002   334.460904076384     
  2.640000000000000E-002   334.487002507946     
  2.642000000000000E-002   334.512702551900     
  2.644000000000000E-002   334.537905925246     
  2.646000000000000E-002   334.562502762894     
  2.648000000000000E-002   334.586361230779     
  2.650000000000000E-002   334.609302850243     
  2.652000000000000E-002   334.631120651702     
  2.654000000000000E-002   334.651582679384     
  2.656000000000000E-002   334.670479066436     
  2.658000000000000E-002   334.687600516029     
  2.660000000000000E-002   334.702793746416     
  2.662000000000000E-002   334.715877653789     
  2.664000000000000E-002   334.726798234252     
  2.666000000000000E-002   334.735387878259     
  2.668000000000000E-002   334.741843640905     
  2.670000000000000E-002   334.745936613636     
  2.672000000000000E-002   334.748396207590     
  2.674000000000000E-002   334.748598687993     
  2.676000000000000E-002   334.747344264643     
  2.678000000000000E-002   334.744602680890     
  2.680000000000000E-002   334.740478665194     
  2.682000000000000E-002   334.735110362761     
  2.684000000000000E-002   334.728634607383     
  2.686000000000000E-002   334.721178306513     
  2.688000000000000E-002   334.712853636729     
  2.690000000000000E-002   334.703755625964     
  2.692000000000000E-002   334.693956586867     
  2.694000000000000E-002   334.683495501580     
  2.696000000000000E-002   334.672391261672     
  2.698000000000000E-002   334.660665429427     
  2.700000000000000E-002   334.648332720719     
  2.702000000000000E-002   334.635372229104     
  2.704000000000000E-002   334.621735905606     
  2.706000000000000E-002   334.607386933135     
  2.708000000000000E-002   334.592324176465     
  2.710000000000000E-002   334.576583151302     
  2.712000000000000E-002   334.560210178830     
  2.714000000000000E-002   334.543235200504     
  2.716000000000000E-002   334.525659638723     
  2.718000000000000E-002   334.507452476986     
  2.720000000000000E-002   334.488546190985     
  2.722000000000000E-002   334.468836716958     
  2.724000000000000E-002   334.448197423669     
  2.726000000000000E-002   334.426505011515     
  2.728000000000000E-002   334.403663911715     
  2.730000000000000E-002   334.379618401193     
  2.732000000000000E-002   334.354348958424     
  2.734000000000000E-002   334.327854817298     
  2.736000000000000E-002   334.300130482759     
  2.738000000000000E-002   334.271149301183     
  2.740000000000000E-002   334.240864372036     
  2.742000000000000E-002   334.209223818554     
  2.744000000000000E-002   334.176186018608     
  2.746000000000000E-002   334.141724662232     
  2.748000000000000E-002   334.105828068483     
  2.750000000000000E-002   334.068502662065     
  2.752000000000000E-002   334.029780566397     
  2.754000000000000E-002   333.989721869390     
  2.756000000000000E-002   333.948411090017     
  2.758000000000000E-002   333.905920051262     
  2.760000000000000E-002   333.862334096877     
  2.762000000000000E-002   333.817855164063     
  2.764000000000000E-002   333.772679507939     
  2.766000000000000E-002   333.727043659609     
  2.768000000000000E-002   333.681135162715     
  2.770000000000000E-002   333.634936309746     
  2.772000000000000E-002   333.588389131517     
  2.774000000000000E-002   333.541394689585     
  2.776000000000000E-002   333.493793209792     
  2.778000000000000E-002   333.445321299175     
  2.780000000000000E-002   333.395702016310     
  2.782000000000000E-002   333.344554318874     
  2.784000000000000E-002   333.291572504092     
  2.786000000000000E-002   333.236620246589     
  2.788000000000000E-002   333.179491148852     
  2.790000000000000E-002   333.119911127193     
  2.792000000000000E-002   333.057568135391     
  2.794000000000000E-002   332.992157452809     
  2.796000000000000E-002   332.923433416692     
  2.798000000000000E-002   332.851212766107     
  2.800000000000000E-002   332.775339830109     
  2.802000000000000E-002   332.695812220953     
  2.804000000000000E-002   332.612910513406     
  2.806000000000000E-002   332.526656801273     
  2.808000000000000E-002   332.437115359600     
  2.810000000000000E-002   332.344442194154     
  2.812000000000000E-002   332.248845963625     
  2.814000000000000E-002   332.150377700808     
  2.816000000000000E-002   332.048893021244     
  2.818000000000000E-002   331.944680289064     
  2.820000000000000E-002   331.837708747582     
  2.822000000000000E-002   331.728201551208     
  2.824000000000000E-002   331.616132797115     
  2.826000000000000E-002   331.501502310943     
  2.828000000000000E-002   331.384156933996     
  2.830000000000000E-002   331.263968986556     
  2.832000000000000E-002   331.140699442971     
  2.834000000000000E-002   331.014099308116     
  2.836000000000000E-002   330.883984359476     
  2.838000000000000E-002   330.749654224241     
  2.840000000000000E-002   330.610975535953     
  2.842000000000000E-002   330.468373561473     
  2.844000000000000E-002   330.322249310623     
  2.846000000000000E-002   330.172816461410     
  2.848000000000000E-002   330.020069575103     
  2.850000000000000E-002   329.863949109055     
  2.852000000000000E-002   329.704527231201     
  2.854000000000000E-002   329.542206052285     
  2.856000000000000E-002   329.377221863725     
  2.858000000000000E-002   329.208952068355     
  2.860000000000000E-002   329.036316090296     
  2.862000000000000E-002   328.858592548335     
  2.864000000000000E-002   328.675762433619     
  2.866000000000000E-002   328.488474634840     
  2.868000000000000E-002   328.297861476669     
  2.870000000000000E-002   328.105397279185     
  2.872000000000000E-002   327.912584307596     
  2.874000000000000E-002   327.720968527393     
  2.876000000000000E-002   327.531485136199     
  2.878000000000000E-002   327.345414871797     
  2.880000000000000E-002   327.164573635303     
  2.882000000000000E-002   326.990564498294     
  2.884000000000000E-002   326.824865422915     
  2.886000000000000E-002   326.668533211883     
  2.888000000000000E-002   326.524545856889     
  2.890000000000000E-002   326.379638082032     
  2.892000000000000E-002   326.217125493693     
  2.894000000000000E-002   326.034977754273     
  2.896000000000000E-002   325.836567296655     
  2.898000000000000E-002   325.625467571311     
  2.900000000000000E-002   325.404611089927     
  2.902000000000000E-002   325.175328325555     
  2.904000000000000E-002   324.937829149667     
  2.906000000000000E-002   324.691572744947     
  2.908000000000000E-002   324.435487589976     
  2.910000000000000E-002   324.168460990193     
  2.912000000000000E-002   323.889671553565     
  2.914000000000000E-002   323.598985850605     
  2.916000000000000E-002   323.296344011289     
  2.918000000000000E-002   322.982012565405     
  2.920000000000000E-002   322.655955516188     
  2.922000000000000E-002   322.318319339006     
  2.924000000000000E-002   321.969434616410     
  2.926000000000000E-002   321.609285060047     
  2.928000000000000E-002   321.238073258240     
  2.930000000000000E-002   320.856491235570     
  2.932000000000000E-002   320.465137354880     
  2.934000000000000E-002   320.064341845549     
  2.936000000000000E-002   319.656474567220     
  2.938000000000000E-002   319.240889126238     
  2.940000000000000E-002   318.817742903728     
  2.942000000000000E-002   318.387066957270     
  2.944000000000000E-002   317.949256538228     
  2.946000000000000E-002   317.504757992035     
  2.948000000000000E-002   317.053856102258     
  2.950000000000000E-002   316.596464264218     
  2.952000000000000E-002   316.132074325562     
  2.954000000000000E-002   315.660093507283     
  2.956000000000000E-002   315.179770234427     
  2.958000000000000E-002   314.690112315024     
  2.960000000000000E-002   314.189845338598     
  2.962000000000000E-002   313.677359279204     
  2.964000000000000E-002   313.150697630252     
  2.966000000000000E-002   312.607746923509     
  2.968000000000000E-002   312.046599527501     
  2.970000000000000E-002   311.465578592747     
  2.972000000000000E-002   310.863267059360     
  2.974000000000000E-002   310.238474195816     
  2.976000000000000E-002   309.590227698031     
  2.978000000000000E-002   308.917798048473     
  2.980000000000000E-002   308.220665435174     
  2.982000000000000E-002   307.498398519958     
  2.984000000000000E-002   306.750512461270     
  2.986000000000000E-002   305.976448678809     
  2.988000000000000E-002   305.175743629762     
  2.990000000000000E-002   304.348055195059     
  2.992000000000000E-002   303.493467043882     
  2.994000000000000E-002   302.612845556878     
  2.996000000000000E-002   301.708198322185     
  2.998000000000000E-002   300.783388112834     
  3.000000000000000E-002   299.847073124362     
  3.002000000000000E-002   298.916411602900     
  3.004000000000000E-002   298.017295408251     
  3.006000000000000E-002   297.188826722528     
  3.008000000000000E-002   296.475124882297     
  3.010000000000000E-002   295.909182732446     
  3.012000000000000E-002   295.497806785513     
  3.014000000000000E-002   295.213477832937     
  3.016000000000000E-002   295.021530579386     
  3.018000000000000E-002   294.893281549792     
  3.020000000000000E-002   294.807747876356     
  3.022000000000000E-002   294.747526076740     
  3.024000000000000E-002   294.705411457719     
  3.026000000000000E-002   294.676448147158     
  3.028000000000000E-002   294.658863856410     
  3.030000000000000E-002   294.653909216423     
  3.032000000000000E-002   294.656505542999     
  3.034000000000000E-002   294.658903876205     
  3.036000000000000E-002   294.651626220950     
  3.038000000000000E-002   294.619784390130     
  3.040000000000000E-002   294.560587541512     
  3.042000000000000E-002   294.473380992187     
  3.044000000000000E-002   294.365508218761     
  3.046000000000000E-002   294.238263192647     
  3.048000000000000E-002   294.091429507928     
  3.050000000000000E-002   293.924960863605     
  3.052000000000000E-002   293.740345689721     
  3.054000000000000E-002   293.541381623685     
  3.056000000000000E-002   293.334259408481     
  3.058000000000000E-002   293.126693544878     
  3.060000000000000E-002   292.924350202905     
  3.062000000000000E-002   292.742914320117     
  3.064000000000000E-002   292.593168754770     
  3.066000000000000E-002   292.470411543109     
  3.068000000000000E-002   292.370445966003     
  3.070000000000000E-002   292.288237370845     
  3.072000000000000E-002   292.216945346417     
  3.074000000000000E-002   292.153062694748     
  3.076000000000000E-002   292.094227779588     
  3.078000000000000E-002   292.038027420715     
  3.080000000000000E-002   291.981791177485     
  3.082000000000000E-002   291.922965328304     
  3.084000000000000E-002   291.853672754739     
  3.086000000000000E-002   291.764428373558     
  3.088000000000000E-002   291.653461454251     
  3.090000000000000E-002   291.517142771803     
  3.092000000000000E-002   291.351607353116     
  3.094000000000000E-002   291.154566916109     
  3.096000000000000E-002   290.924167792778     
  3.098000000000000E-002   290.658210144840     
  3.100000000000000E-002   290.354443803481     
  3.102000000000000E-002   290.010629335691     
  3.104000000000000E-002   289.624592524733     
  3.106000000000000E-002   289.194847973285     
  3.108000000000000E-002   288.719843595909     
  3.110000000000000E-002   288.199150292312     
  3.112000000000000E-002   287.633698211248     
  3.114000000000000E-002   287.031275862097     
  3.116000000000000E-002   286.409321511509     
  3.118000000000000E-002   285.774682404025     
  3.120000000000000E-002   285.127193398178     
  3.122000000000000E-002   284.463768413144     
  3.124000000000000E-002   283.779488224269     
  3.126000000000000E-002   283.069650300940     
  3.128000000000000E-002   282.331801406527     
  3.130000000000000E-002   281.563401377537     
  3.132000000000000E-002   280.760878929239     
  3.134000000000000E-002   279.920000845702     
  3.136000000000001E-002   279.036162278196     
  3.138000000000001E-002   278.104734135174     
  3.140000000000000E-002   277.120551918813     
  3.142000000000000E-002   276.077558999520     
  3.144000000000000E-002   274.969298362895     
  3.146000000000000E-002   273.789372884368     
  3.148000000000000E-002   272.531709947540     
  3.150000000000000E-002   271.190365338031     
  3.152000000000000E-002   269.759226456204     
  3.154000000000001E-002   268.231699488302     
  3.156000000000000E-002   266.599574462299     
  3.158000000000000E-002   264.852356119227     
  3.160000000000000E-002   262.976110761687     
  3.162000000000000E-002   260.949585581244     
  3.164000000000000E-002   258.733055822027     
  3.166000000000000E-002   256.347982521397     
  3.168000000000000E-002   253.974186240207     
  3.170000000000001E-002   251.905584860331     
  3.172000000000001E-002   250.278795549172     
  3.174000000000000E-002   249.134639761920     
  3.176000000000000E-002   248.418510528543     
  3.178000000000000E-002   248.014794780916     
  3.180000000000000E-002   247.839786147363     
  3.182000000000000E-002   247.829579400335     
  3.184000000000000E-002   247.937802120473     
  3.186000000000000E-002   248.202527636369     
  3.188000000000001E-002   248.663930935020     
  3.190000000000000E-002   249.281351786568     
  3.192000000000000E-002   249.855215715675     
  3.194000000000000E-002   250.238577976528     
  3.196000000000000E-002   250.419115228287     
  3.198000000000000E-002   250.449909308968     
  3.200000000000000E-002   250.387619329773     
  3.202000000000000E-002   250.177228223389     
  3.204000000000001E-002   249.701369864497     
  3.206000000000001E-002   248.821971352584     
  3.208000000000000E-002   247.418562576051     
  3.210000000000000E-002   245.405328500157     
  3.212000000000000E-002   242.745080373554     
  3.214000000000000E-002   239.462187126199     
  3.216000000000000E-002   235.650192327481     
  3.218000000000000E-002   231.431384496088     
  3.220000000000000E-002   227.080290623667     
  3.222000000000001E-002   222.858785950036     
  3.224000000000000E-002   218.836055569911     
  3.226000000000000E-002   214.991029992803     
  3.228000000000000E-002   211.261087990579     
  3.230000000000000E-002   207.574636419889     
  3.232000000000000E-002   203.890278248762     
  3.234000000000000E-002   200.188082131052     
  3.236000000000000E-002   196.465253578884     
  3.238000000000001E-002   192.731711995036     
  3.240000000000001E-002   189.042846237587     
  3.242000000000000E-002   185.462534979395     
  3.244000000000000E-002   182.067169782592     
  3.246000000000000E-002   178.959178850666     
  3.248000000000000E-002   176.216042984902     
  3.250000000000000E-002   173.857339335989     
  3.252000000000000E-002   171.874843048430     
  3.254000000000000E-002   170.259571940717     
  3.256000000000001E-002   169.010347759402     
  3.258000000000000E-002   168.100673345052     
  3.260000000000000E-002   167.525251021549     
  3.262000000000000E-002   167.286254271502     
  3.264000000000000E-002   167.320948495413     
  3.266000000000000E-002   167.712991202113     
  3.268000000000000E-002   168.440533763286     
  3.270000000000000E-002   169.460657557242     
  3.272000000000001E-002   170.738547066672     
  3.274000000000001E-002   172.255787056346     
  3.276000000000000E-002   173.998374090116     
  3.278000000000000E-002   175.950603330251     
  3.280000000000000E-002   178.091176955746     
  3.282000000000000E-002   180.391612598373     
  3.284000000000000E-002   182.822508219128     
  3.286000000000000E-002   185.354700842780     
  3.288000000000000E-002   187.955379305124     
  3.290000000000001E-002   190.598961096398     
  3.292000000000000E-002   193.279608854554     
  3.294000000000000E-002   195.992412777225     
  3.296000000000000E-002   198.729528261689     
  3.298000000000000E-002   201.480168760242     
  3.300000000000000E-002   204.231902463753     
  3.302000000000000E-002   206.978288194036     
  3.304000000000000E-002   209.718305364169     
  3.306000000000001E-002   212.453269651710     
  3.308000000000001E-002   215.185003962315     
  3.310000000000000E-002   217.915198879724     
  3.312000000000000E-002   220.647273710291     
  3.314000000000000E-002   223.386191566458     
  3.316000000000000E-002   226.140447732088     
  3.318000000000000E-002   228.921138952297     
  3.320000000000000E-002   231.736372706145     
  3.322000000000000E-002   234.594567346012     
  3.324000000000001E-002   237.506561092310     
  3.326000000000000E-002   240.486102179628     
  3.328000000000000E-002   243.549842479634     
  3.330000000000000E-002   246.716980548568     
  3.332000000000000E-002   250.000520553107     
  3.334000000000000E-002   253.385679022131     
  3.336000000000000E-002   256.881641327541     
  3.338000000000000E-002   260.580309161165     
  3.340000000000001E-002   264.546935564809     
  3.342000000000001E-002   268.822383652033     
  3.344000000000000E-002   273.245981838661     
  3.346000000000000E-002   277.299468509447     
  3.348000000000000E-002   280.777409545956     
  3.350000000000000E-002   283.687965142802     
  3.352000000000000E-002   286.084986775475     
  3.354000000000000E-002   288.035511662262     
  3.356000000000000E-002   289.623525458339     
  3.358000000000001E-002   290.924276823345     
  3.360000000000000E-002   291.997132163541     
  3.362000000000000E-002   292.800679938146     
  3.364000000000000E-002   293.308168763913     
  3.366000000000000E-002   293.544605962468     
  3.368000000000000E-002   293.578032099658     
  3.370000000000000E-002   293.474770358068     
  3.372000000000000E-002   293.264574041858     
  3.374000000000001E-002   293.107825719011     
  3.376000000000001E-002   293.082512867875     
  3.378000000000000E-002   293.184762152358     
  3.380000000000000E-002   293.467851009653     
  3.382000000000000E-002   293.899766115966     
  3.384000000000000E-002   294.404526634100     
  3.386000000000000E-002   294.990466682737     
  3.388000000000000E-002   295.688419241149     
  3.390000000000000E-002   296.523263726874     
  3.392000000000001E-002   297.511312649713     
  3.394000000000000E-002   298.653311181435     
  3.396000000000000E-002   299.940352144373     
  3.398000000000000E-002   301.348565044390     
  3.400000000000000E-002   302.860663167165     
  3.402000000000000E-002   304.343872023601     
  3.404000000000000E-002   305.658090233120     
  3.406000000000000E-002   306.839710681151     
  3.408000000000001E-002   307.920503273246     
  3.410000000000001E-002   308.922711666685     
  3.412000000000000E-002   309.861915145865     
  3.414000000000000E-002   310.748586604430     
  3.416000000000000E-002   311.589649766769     
  3.418000000000000E-002   312.389698859086     
  3.420000000000000E-002   313.152031094017     
  3.422000000000000E-002   313.879481795394     
  3.424000000000000E-002   314.574966817662     
  3.426000000000001E-002   315.241338520380     
  3.428000000000000E-002   315.881169795585     
  3.430000000000000E-002   316.496790692465     
  3.432000000000000E-002   317.090160361733     
  3.434000000000000E-002   317.662759402834     
  3.436000000000000E-002   318.215162033160     
  3.438000000000000E-002   318.746853743877     
  3.440000000000000E-002   319.257093322905     
  3.442000000000001E-002   319.745823869824     
  3.444000000000001E-002   320.213789890945     
  3.446000000000000E-002   320.662236321672     
  3.448000000000000E-002   321.092741281328     
  3.450000000000000E-002   321.507087342587     
  3.452000000000000E-002   321.906892229620     
  3.454000000000000E-002   322.293355151769     
  3.456000000000000E-002   322.667243435081     
  3.458000000000000E-002   323.028910175077     
  3.460000000000001E-002   323.378267881118     
  3.462000000000000E-002   323.714860320383     
  3.464000000000000E-002   324.038030454487     
  3.466000000000000E-002   324.347246750330     
  3.468000000000000E-002   324.642387414044     
  3.470000000000000E-002   324.923989962853     
  3.472000000000000E-002   325.193432890288     
  3.474000000000000E-002   325.452585129344     
  3.476000000000001E-002   325.703665890287     
  3.478000000000001E-002   325.949107683079     
  3.480000000000000E-002   326.190997057744     
  3.482000000000000E-002   326.431488066372     
  3.484000000000000E-002   326.672283179180     
  3.486000000000000E-002   326.914638126869     
  3.488000000000000E-002   327.157251887460     
  3.490000000000000E-002   327.392480162110     
  3.492000000000000E-002   327.614128736283     
  3.494000000000001E-002   327.818323750490     
  3.496000000000000E-002   328.004039756208     
  3.498000000000000E-002   328.171799123194     
  3.500000000000000E-002   328.322677822701     
  3.502000000000000E-002   328.458782159894     
  3.504000000000000E-002   328.583227533226     
  3.506000000000000E-002   328.699475578730     
  3.508000000000000E-002   328.810794882743     
  3.510000000000001E-002   328.919659584817     
  3.512000000000001E-002   329.027918640211     
  3.514000000000000E-002   329.136661691407     
  3.516000000000000E-002   329.247018291567     
  3.518000000000000E-002   329.360025694092     
  3.520000000000000E-002   329.475931915321     
  3.522000000000000E-002   329.593837126782     
  3.524000000000000E-002   329.708662799846     
  3.526000000000000E-002   329.816605461436     
  3.528000000000001E-002   329.916436957113     
  3.530000000000000E-002   330.008113049404     
  3.532000000000000E-002   330.092267480950     
  3.534000000000000E-002   330.170003104149     
  3.536000000000000E-002   330.242975851278     
  3.538000000000000E-002   330.312748297562     
  3.540000000000000E-002   330.380875015540     
  3.542000000000000E-002   330.448946646742     
  3.544000000000001E-002   330.518086126186     
  3.546000000000001E-002   330.589340152556     
  3.548000000000000E-002   330.663525039942     
  3.550000000000000E-002   330.741547604726     
  3.552000000000000E-002   330.824469177910     
  3.554000000000000E-002   330.913560699845     
  3.556000000000000E-002   331.010342197227     
  3.558000000000000E-002   331.116569868190     
  3.560000000000000E-002   331.234214544976     
  3.562000000000001E-002   331.365463449276     
  3.564000000000001E-002   331.512749441245     
  3.566000000000000E-002   331.678807619747     
  3.568000000000000E-002   331.866684962429     
  3.570000000000000E-002   332.079656089146     
  3.572000000000000E-002   332.321264235670     
  3.574000000000000E-002   332.595414706828     
  3.576000000000000E-002   332.906291263078     
  3.578000000000001E-002   333.258150832177     
  3.580000000000001E-002   333.655149322094     
  3.582000000000000E-002   334.100971703719     
  3.584000000000000E-002   334.597831538379     
  3.586000000000000E-002   335.147899067264     
  3.588000000000000E-002   335.749317689346     
  3.590000000000000E-002   336.373625025591     
  3.592000000000000E-002   336.927563933859     
  3.594000000000000E-002   337.399711906268     
  3.596000000000001E-002   337.792167147358     
  3.598000000000001E-002   338.108841671222     
  3.600000000000000E-002   338.357607583927     
  3.602000000000000E-002   338.548468348843     
  3.604000000000000E-002   338.691778319519     
  3.606000000000000E-002   338.794780288512     
  3.608000000000000E-002   338.865561097338     
  3.610000000000000E-002   338.900482391489     
  3.612000000000001E-002   338.895408005949     
  3.614000000000001E-002   338.850409343657     
  3.616000000000000E-002   338.764542575935     
  3.618000000000000E-002   338.646662791594     
  3.620000000000000E-002   338.509138184677     
  3.622000000000000E-002   338.363762674867     
  3.624000000000000E-002   338.217372016640     
  3.626000000000000E-002   338.072936111837     
  3.628000000000000E-002   337.931188797243     
  3.630000000000001E-002   337.792303894089     
  3.632000000000001E-002   337.656422545160     
  3.634000000000000E-002   337.523694796383     
  3.636000000000000E-002   337.393749470868     
  3.638000000000000E-002   337.266590462278     
  3.640000000000000E-002   337.142608695763     
  3.642000000000000E-002   337.020650369689     
  3.644000000000000E-002   336.899361828622     
  3.646000000000001E-002   336.778793928340     
  3.648000000000001E-002   336.659112604277     
  3.650000000000000E-002   336.540187137621     
  3.652000000000000E-002   336.421847370085     
  3.654000000000000E-002   336.304197733680     
  3.656000000000000E-002   336.187645435623     
  3.658000000000000E-002   336.072595171116     
  3.660000000000000E-002   335.959102252391     
  3.662000000000000E-002   335.846838020525     
  3.664000000000001E-002   335.735406167874     
  3.666000000000001E-002   335.624683834950     
  3.668000000000000E-002   335.514943089364     
  3.670000000000000E-002   335.406713424040     
  3.672000000000000E-002   335.300587624121     
  3.674000000000000E-002   335.196992803380     
  3.676000000000000E-002   335.096037708396     
  3.678000000000000E-002   334.997576113250     
  3.680000000000001E-002   334.901229009697     
  3.682000000000001E-002   334.806684121850     
  3.684000000000000E-002   334.713801355460     
  3.686000000000000E-002   334.622628138108     
  3.688000000000000E-002   334.533319411699     
  3.690000000000000E-002   334.446036007588     
  3.692000000000000E-002   334.360838359111     
  3.694000000000000E-002   334.277551325280     
  3.696000000000000E-002   334.196247663394     
  3.698000000000001E-002   334.117357760625     
  3.700000000000001E-002   334.040978415543     
  3.702000000000000E-002   333.966869142569     
  3.704000000000000E-002   333.894663939850     
  3.706000000000000E-002   333.823432547182     
  3.708000000000000E-002   333.752722921245     
  3.710000000000000E-002   333.682310207971     
  3.712000000000000E-002   333.612355486138     
  3.714000000000001E-002   333.542335144428     
  3.716000000000001E-002   333.472090327159     
  3.718000000000000E-002   333.401615726821     
  3.720000000000000E-002   333.330668231322     
  3.722000000000000E-002   333.258907878141     
  3.724000000000000E-002   333.186033765830     
  3.726000000000000E-002   333.111818761408     
  3.728000000000000E-002   333.036130996455     
  3.730000000000000E-002   332.958938490024     
  3.732000000000001E-002   332.880307165498     
  3.734000000000001E-002   332.800414884826     
  3.736000000000000E-002   332.719511565555     
  3.738000000000000E-002   332.637791312194     
  3.740000000000000E-002   332.555567252748     
  3.742000000000000E-002   332.473617933589     
  3.744000000000000E-002   332.392398924243     
  3.746000000000000E-002   332.312040802403     
  3.748000000000001E-002   332.232524733246     
  3.750000000000001E-002   332.153911975618     
  3.752000000000000E-002   332.075778474784     
  3.754000000000000E-002   331.997629640770     
  3.756000000000000E-002   331.925559287991     
  3.758000000000000E-002   331.863624252993     
  3.760000000000000E-002   331.809823796115     
  3.762000000000000E-002   331.762087947205     
  3.764000000000000E-002   331.718746591813     
  3.766000000000001E-002   331.679080094384     
  3.768000000000001E-002   331.643150034401     
  3.770000000000000E-002   331.610927372336     
  3.772000000000000E-002   331.585363814352     
  3.774000000000000E-002   331.568915297942     
  3.776000000000000E-002   331.559115992695     
  3.778000000000000E-002   331.538278402087     
  3.780000000000000E-002   331.468402954498     
  3.782000000000001E-002   331.277630991012     
  3.784000000000001E-002   330.795718986143     
  3.786000000000000E-002   329.567700492444     
  3.788000000000000E-002   326.482807166869     
  3.790000000000000E-002   319.800596203300     
  3.792000000000000E-002   313.228219739161     
  3.794000000000000E-002   309.504152971872     
  3.796000000000000E-002   307.729486350610     
  3.798000000000000E-002   307.019992520501     
  3.800000000000001E-002   306.804395441256     
  3.802000000000001E-002   306.877542319808     
  3.804000000000000E-002   307.073744852255     
  3.806000000000000E-002   307.344054485720     
  3.808000000000000E-002   307.664808736520     
  3.810000000000000E-002   308.030150416105     
  3.812000000000000E-002   308.439229245638     
  3.814000000000000E-002   308.890038976254     
  3.816000000000001E-002   309.349361428058     
  3.818000000000001E-002   309.754038629847     
  3.820000000000000E-002   310.115143057920     
  3.822000000000000E-002   310.416034498598     
  3.824000000000000E-002   310.690885104815     
  3.826000000000000E-002   310.935964876094     
  3.828000000000000E-002   311.157409637385     
  3.830000000000000E-002   311.359846545426     
  3.832000000000000E-002   311.544397371520     
  3.834000000000001E-002   311.707898999988     
  3.836000000000001E-002   311.848659668226     
  3.838000000000000E-002   311.959296779070     
  3.840000000000000E-002   312.032543203027     
  3.842000000000000E-002   312.068786413489     
  3.844000000000000E-002   312.060394549923     
  3.846000000000000E-002   312.022853861750     
  3.848000000000000E-002   311.956300078380     
  3.850000000000001E-002   311.864058149278     
  3.852000000000001E-002   311.749233964152     
  3.854000000000000E-002   311.608276865931     
  3.856000000000000E-002   311.426422681549     
  3.858000000000000E-002   311.205132035037     
  3.860000000000000E-002   310.959527916032     
  3.862000000000000E-002   310.698981242292     
  3.864000000000000E-002   310.423013978265     
  3.866000000000000E-002   310.140032526754     
  3.868000000000001E-002   309.869494842843     
  3.870000000000001E-002   309.622485725570     
  3.872000000000000E-002   309.396368659064     
  3.874000000000000E-002   309.192587632759     
  3.876000000000000E-002   309.009491993352     
  3.878000000000000E-002   308.854140625764     
  3.880000000000000E-002   308.719951311711     
  3.882000000000000E-002   308.596756210260     
  3.884000000000001E-002   308.471733929417     
  3.886000000000001E-002   308.338130842887     
  3.888000000000000E-002   308.191457933713     
  3.890000000000000E-002   308.034827298885     
  3.892000000000000E-002   307.866319557414     
  3.894000000000000E-002   307.672669230664     
  3.896000000000000E-002   307.440458211550     
  3.898000000000000E-002   307.181545986048     
  3.900000000000000E-002   306.925903926210     
  3.902000000000001E-002   306.681559554699     
  3.904000000000001E-002   306.446508308286     
  3.906000000000000E-002   306.223507107063     
  3.908000000000000E-002   306.019462938437     
  3.910000000000000E-002   305.841215424107     
  3.912000000000000E-002   305.690966774602     
  3.914000000000000E-002   305.560815901702     
  3.916000000000000E-002   305.453833984353     
  3.918000000000001E-002   305.372394702018     
  3.920000000000001E-002   305.316230013220     
  3.922000000000000E-002   305.283140320988     
  3.924000000000000E-002   305.269656105992     
  3.926000000000000E-002   305.273731939893     
  3.928000000000000E-002   305.307202251582     
  3.930000000000000E-002   305.382428962484     
  3.932000000000000E-002   305.509146194381     
  3.934000000000000E-002   305.698166578125     
  3.936000000000001E-002   305.955634921724     
  3.938000000000001E-002   306.217510829054     
  3.940000000000000E-002   306.424879695698     
  3.942000000000000E-002   306.566684325074     
  3.944000000000000E-002   306.641909463939     
  3.946000000000000E-002   306.656832630066     
  3.948000000000000E-002   306.625852452470     
  3.950000000000000E-002   306.569503072859     
  3.952000000000001E-002   306.479108906934     
  3.954000000000001E-002   306.356735810142     
  3.956000000000000E-002   306.199020815655     
  3.958000000000000E-002   306.052675880501     
  3.960000000000000E-002   305.932329919423     
  3.962000000000000E-002   305.844442604040     
  3.964000000000000E-002   305.775976014948     
  3.966000000000000E-002   305.744397245374     
  3.968000000000000E-002   305.732782172906     
  3.970000000000001E-002   305.724199648488     
  3.972000000000001E-002   305.697215849922     
  3.974000000000000E-002   305.645111115433     
  3.976000000000000E-002   305.566199340147     
  3.978000000000000E-002   305.468302220360     
  3.980000000000000E-002   305.360761245981     
  3.982000000000000E-002   305.262957579924     
  3.984000000000000E-002   305.181785061020     
  3.986000000000001E-002   305.114692390222     
  3.988000000000001E-002   305.058226582893     
  3.990000000000000E-002   305.005687552568     
  3.992000000000000E-002   304.956091722441     
  3.994000000000000E-002   304.907143013425     
  3.996000000000000E-002   304.866415221130     
  3.998000000000000E-002   304.819105701549     
  4.000000000000000E-002 -4.742372028103742E-009
