  0.000000000000000E+000   2.61519000003575     
  2.000000000000000E-005   2.54794846627444     
  4.000000000000000E-005   2.54271012183666     
  6.000000000000001E-005   2.54121930459290     
  8.000000000000001E-005   2.53974170527469     
  1.000000000000000E-004   2.53827338665247     
  1.200000000000000E-004   2.53681397800450     
  1.400000000000000E-004   2.53536315244028     
  1.600000000000000E-004   2.53392063667499     
  1.800000000000000E-004   2.53248623219883     
  2.000000000000000E-004   2.53105979490022     
  2.200000000000000E-004   2.52964119815049     
  2.400000000000000E-004   2.52823033806211     
  2.600000000000000E-004   2.52682717254284     
  2.800000000000000E-004   2.52543172518518     
  3.000000000000000E-004   2.52404405277434     
  3.200000000000000E-004   2.52266419982041     
  3.400000000000000E-004   2.52129221757008     
  3.600000000000000E-004   2.51992818673188     
  3.800000000000000E-004   2.51857223924590     
  4.000000000000000E-004   2.51722446461218     
  4.200000000000000E-004   2.51588487218317     
  4.400000000000000E-004   2.51455338162380     
  4.600000000000000E-004   2.51322981824889     
  4.800000000000001E-004   2.51191392413925     
  5.000000000000000E-004   2.51060536353619     
  5.200000000000001E-004   2.50930372537700     
  5.400000000000000E-004   2.50800853713434     
  5.600000000000001E-004   2.50671927654808     
  5.800000000000000E-004   2.50543541098973     
  6.000000000000001E-004   2.50415640498510     
  6.200000000000000E-004   2.50288175902570     
  6.400000000000001E-004   2.50161097023272     
  6.600000000000001E-004   2.50034361747631     
  6.800000000000000E-004   2.49907936454393     
  7.000000000000001E-004   2.49781797389907     
  7.200000000000000E-004   2.49655926839599     
  7.400000000000001E-004   2.49530310217205     
  7.600000000000000E-004   2.49404935574682     
  7.800000000000001E-004   2.49279788983769     
  8.000000000000000E-004   2.49154861669677     
  8.200000000000001E-004   2.49030140366723     
  8.400000000000000E-004   2.48905617292590     
  8.600000000000001E-004   2.48781277545423     
  8.800000000000000E-004   2.48657103636659     
  9.000000000000001E-004   2.48533070377142     
  9.200000000000000E-004   2.48409150555323     
  9.400000000000001E-004   2.48285302753992     
  9.600000000000001E-004   2.48161491152884     
  9.800000000000002E-004   2.48037723971284     
  1.000000000000000E-003   2.47914085681876     
  1.020000000000000E-003   2.47790614882846     
  1.040000000000000E-003   2.47667323451919     
  1.060000000000000E-003   2.47544191478421     
  1.080000000000000E-003   2.47421172460410     
  1.100000000000000E-003   2.47298145907625     
  1.120000000000000E-003   2.47175022370258     
  1.140000000000000E-003   2.47051641543465     
  1.160000000000000E-003   2.46927851864170     
  1.180000000000000E-003   2.46803503734805     
  1.200000000000000E-003   2.46678432304355     
  1.220000000000000E-003   2.46552482586267     
  1.240000000000000E-003   2.46425534716062     
  1.260000000000000E-003   2.46297524628032     
  1.280000000000000E-003   2.46168457461118     
  1.300000000000000E-003   2.46038378886889     
  1.320000000000000E-003   2.45907309549149     
  1.340000000000000E-003   2.45775212718496     
  1.360000000000000E-003   2.45642042498678     
  1.380000000000000E-003   2.45507779598493     
  1.400000000000000E-003   2.45372414361426     
  1.420000000000000E-003   2.45235886208488     
  1.440000000000000E-003   2.45097848718450     
  1.460000000000000E-003   2.44957730038206     
  1.480000000000000E-003   2.44816604930182     
  1.500000000000000E-003   2.44674580548706     
  1.520000000000000E-003   2.44531128152020     
  1.540000000000000E-003   2.44386306178526     
  1.560000000000000E-003   2.44240658767185     
  1.580000000000000E-003   2.44094013102905     
  1.600000000000000E-003   2.43946219964026     
  1.620000000000000E-003   2.43797216793118     
  1.640000000000000E-003   2.43647006505928     
  1.660000000000000E-003   2.43495618743680     
  1.680000000000000E-003   2.43343084447221     
  1.700000000000000E-003   2.43189430440738     
  1.720000000000000E-003   2.43034686379815     
  1.740000000000000E-003   2.42878895956924     
  1.760000000000000E-003   2.42722122565395     
  1.780000000000000E-003   2.42564439175771     
  1.800000000000000E-003   2.42405904658318     
  1.820000000000000E-003   2.42246564657014     
  1.840000000000000E-003   2.42087180550437     
  1.860000000000000E-003   2.41928733957479     
  1.880000000000000E-003   2.41771515254903     
  1.900000000000000E-003   2.41615540916963     
  1.920000000000000E-003   2.41460789739210     
  1.940000000000000E-003   2.41307215937691     
  1.960000000000000E-003   2.41154757555808     
  1.980000000000000E-003   2.41003346463698     
  2.000000000000000E-003   2.40852918154154     
  2.020000000000000E-003   2.40703416890727     
  2.040000000000000E-003   2.40554796533685     
  2.060000000000000E-003   2.40407018931508     
  2.080000000000000E-003   2.40260051247815     
  2.100000000000000E-003   2.40113862893270     
  2.120000000000000E-003   2.39968422481411     
  2.140000000000000E-003   2.39823696090045     
  2.160000000000000E-003   2.39679647530435     
  2.180000000000000E-003   2.39536239889155     
  2.200000000000000E-003   2.39393437365026     
  2.220000000000000E-003   2.39251206700295     
  2.240000000000000E-003   2.39109520143851     
  2.260000000000000E-003   2.38968355175932     
  2.280000000000000E-003   2.38827694016652     
  2.300000000000000E-003   2.38687512820175     
  2.320000000000000E-003   2.38547780262265     
  2.340000000000000E-003   2.38408461322674     
  2.360000000000000E-003   2.38269517919428     
  2.380000000000000E-003   2.38130907442675     
  2.400000000000000E-003   2.37992581754868     
  2.420000000000000E-003   2.37854490266429     
  2.440000000000000E-003   2.37716584726222     
  2.460000000000000E-003   2.37578831683359     
  2.480000000000000E-003   2.37441199108256     
  2.500000000000000E-003   2.37303656008010     
  2.520000000000000E-003   2.37166175965483     
  2.540000000000000E-003   2.37028734412374     
  2.560000000000000E-003   2.36891311867250     
  2.580000000000000E-003   2.36753896223431     
  2.600000000000000E-003   2.36616483167155     
  2.620000000000000E-003   2.36479074076928     
  2.640000000000000E-003   2.36341678365071     
  2.660000000000000E-003   2.36204320199090     
  2.680000000000000E-003   2.36067030680251     
  2.700000000000000E-003   2.35929864119432     
  2.720000000000000E-003   2.35792904123862     
  2.740000000000000E-003   2.35656270176022     
  2.760000000000000E-003   2.35520113321124     
  2.780000000000000E-003   2.35384606537359     
  2.800000000000000E-003   2.35249931186275     
  2.820000000000000E-003   2.35116283614887     
  2.840000000000000E-003   2.34983815131897     
  2.860000000000000E-003   2.34852631013669     
  2.880000000000000E-003   2.34722792786101     
  2.900000000000000E-003   2.34594336023247     
  2.920000000000000E-003   2.34467285910688     
  2.940000000000000E-003   2.34341657535851     
  2.960000000000000E-003   2.34217460349173     
  2.980000000000000E-003   2.34094706185837     
  3.000000000000000E-003   2.33973407602030     
  3.020000000000000E-003   2.33853582702363     
  3.040000000000000E-003   2.33735259427593     
  3.060000000000000E-003   2.33618402608609     
  3.080000000000000E-003   2.33502901409945     
  3.100000000000000E-003   2.33388509415590     
  3.120000000000000E-003   2.33274935049904     
  3.140000000000000E-003   2.33162100274422     
  3.160000000000000E-003   2.33049953501597     
  3.180000000000000E-003   2.32938309788458     
  3.200000000000000E-003   2.32824401954368     
  3.220000000000000E-003   2.32700108654002     
  3.240000000000000E-003   2.32595471383591     
  3.260000000000000E-003   2.32573055681246     
  3.280000000000000E-003   2.33005044554580     
  3.300000000000000E-003   2.36882323611934     
  3.320000000000000E-003   2.50025599627039     
  3.340000000000000E-003   2.59105528004629     
  3.360000000000000E-003   2.61603982091635     
  3.380000000000000E-003   2.61971999943571     
  3.400000000000000E-003   2.61831503277092     
  3.420000000000000E-003   2.61409727450208     
  3.440000000000000E-003   2.61079540560264     
  3.460000000000000E-003   2.60803756293023     
  3.480000000000000E-003   2.60541264285284     
  3.500000000000000E-003   2.60276146004487     
  3.520000000000000E-003   2.60015716594265     
  3.540000000000000E-003   2.59765411175815     
  3.560000000000000E-003   2.59522200463206     
  3.580000000000000E-003   2.59285824953124     
  3.600000000000000E-003   2.59049912465328     
  3.620000000000000E-003   2.58811884232586     
  3.640000000000000E-003   2.58578723578248     
  3.660000000000000E-003   2.58346398531587     
  3.680000000000000E-003   2.58115846648809     
  3.700000000000000E-003   2.57887498642536     
  3.720000000000000E-003   2.57660520156778     
  3.740000000000000E-003   2.57438354460743     
  3.760000000000000E-003   2.57225235369840     
  3.780000000000000E-003   2.57024755541902     
  3.800000000000000E-003   2.56837367044820     
  3.820000000000000E-003   2.56666727263565     
  3.840000000000001E-003   2.56519431830974     
  3.860000000000000E-003   2.56405041208596     
  3.880000000000000E-003   2.56328511445986     
  3.900000000000000E-003   2.56287490852108     
  3.920000000000001E-003   2.56272843043520     
  3.940000000000000E-003   2.56306266579459     
  3.960000000000000E-003   2.56457391605551     
  3.980000000000000E-003   2.56850429447576     
  4.000000000000000E-003   2.57666924511267     
  4.020000000000000E-003   2.59029272830470     
  4.040000000000000E-003   2.60283756343987     
  4.060000000000000E-003   2.61089463655348     
  4.080000000000000E-003   2.61546203940323     
  4.100000000000000E-003   2.61781224758523     
  4.120000000000000E-003   2.61898685109331     
  4.140000000000000E-003   2.61965121015013     
  4.160000000000001E-003   2.62017873181440     
  4.180000000000001E-003   2.62077336128731     
  4.200000000000001E-003   2.62186274391136     
  4.220000000000001E-003   2.62415337813586     
  4.240000000000001E-003   2.62873046203437     
  4.260000000000001E-003   2.63703186241809     
  4.280000000000000E-003   2.65049877592890     
  4.300000000000000E-003   2.66739661737500     
  4.320000000000000E-003   2.68097669184669     
  4.340000000000000E-003   2.69039219997143     
  4.360000000000000E-003   2.69677546058037     
  4.380000000000000E-003   2.70108841680260     
  4.400000000000000E-003   2.70401297929437     
  4.420000000000000E-003   2.70598993289040     
  4.440000000000000E-003   2.70728784223562     
  4.460000000000000E-003   2.70807458179113     
  4.480000000000000E-003   2.70845671989479     
  4.500000000000001E-003   2.70849875932802     
  4.520000000000001E-003   2.70812244279226     
  4.540000000000001E-003   2.70720417329877     
  4.560000000000001E-003   2.70591762581893     
  4.580000000000001E-003   2.70442396402572     
  4.600000000000001E-003   2.70280554061186     
  4.620000000000000E-003   2.70108767405583     
  4.640000000000000E-003   2.69926884587533     
  4.660000000000000E-003   2.69736238758039     
  4.680000000000000E-003   2.69539438227954     
  4.700000000000000E-003   2.69338689847819     
  4.720000000000000E-003   2.69135132423894     
  4.740000000000000E-003   2.68929058135810     
  4.760000000000000E-003   2.68720498251697     
  4.780000000000000E-003   2.68509487288861     
  4.800000000000000E-003   2.68296112958911     
  4.820000000000000E-003   2.68080456786777     
  4.840000000000001E-003   2.67862666257700     
  4.860000000000001E-003   2.67642886157341     
  4.880000000000001E-003   2.67421182599340     
  4.900000000000001E-003   2.67197767712759     
  4.920000000000001E-003   2.66973523421578     
  4.940000000000001E-003   2.66748781251144     
  4.960000000000000E-003   2.66523786795314     
  4.980000000000000E-003   2.66299021049474     
  5.000000000000000E-003   2.66074815540496     
  5.020000000000000E-003   2.65851339860172     
  5.040000000000000E-003   2.65628804965458     
  5.060000000000000E-003   2.65407451973510     
  5.080000000000000E-003   2.65187554413281     
  5.100000000000000E-003   2.64969324716161     
  5.120000000000000E-003   2.64752898543879     
  5.140000000000000E-003   2.64538138036506     
  5.160000000000001E-003   2.64324319498506     
  5.180000000000001E-003   2.64110499723541     
  5.200000000000001E-003   2.63896458261361     
  5.220000000000001E-003   2.63682279798082     
  5.240000000000001E-003   2.63468400533685     
  5.260000000000001E-003   2.63255878348035     
  5.280000000000001E-003   2.63045570634592     
  5.300000000000000E-003   2.62838115636131     
  5.320000000000000E-003   2.62633918723435     
  5.340000000000000E-003   2.62433044033980     
  5.360000000000000E-003   2.62235166344988     
  5.380000000000000E-003   2.62040102542287     
  5.400000000000000E-003   2.61846798417314     
  5.420000000000000E-003   2.61653778414744     
  5.440000000000000E-003   2.61462834030084     
  5.460000000000000E-003   2.61276488074116     
  5.480000000000000E-003   2.61100398033462     
  5.500000000000001E-003   2.60939410664926     
  5.520000000000001E-003   2.60799568943820     
  5.540000000000001E-003   2.60683898282763     
  5.560000000000001E-003   2.60602677030794     
  5.580000000000001E-003   2.60559454638725     
  5.600000000000001E-003   2.60547401177590     
  5.620000000000001E-003   2.60572394657499     
  5.640000000000000E-003   2.60652740639889     
  5.660000000000000E-003   2.60822189069894     
  5.680000000000000E-003   2.61118648448071     
  5.700000000000000E-003   2.61580756914700     
  5.720000000000000E-003   2.62179420740011     
  5.740000000000000E-003   2.62693754987751     
  5.760000000000000E-003   2.63054351868696     
  5.780000000000000E-003   2.63288289450651     
  5.800000000000000E-003   2.63428692160418     
  5.820000000000001E-003   2.63505697539053     
  5.840000000000001E-003   2.63542143681194     
  5.860000000000001E-003   2.63550551480882     
  5.880000000000001E-003   2.63521110876610     
  5.900000000000001E-003   2.63440382417655     
  5.920000000000001E-003   2.63328753438278     
  5.940000000000001E-003   2.63209100054322     
  5.960000000000001E-003   2.63092476963153     
  5.980000000000000E-003   2.62980471909597     
  6.000000000000000E-003   2.62873332115660     
  6.020000000000000E-003   2.62771310600203     
  6.040000000000000E-003   2.62674323593791     
  6.060000000000000E-003   2.62582167210279     
  6.080000000000000E-003   2.62494781868417     
  6.100000000000000E-003   2.62412606737169     
  6.120000000000000E-003   2.62336557747132     
  6.140000000000000E-003   2.62268429960447     
  6.160000000000001E-003   2.62209978347686     
  6.180000000000001E-003   2.62163740828393     
  6.200000000000001E-003   2.62129988222213     
  6.220000000000001E-003   2.62109107584126     
  6.240000000000001E-003   2.62097633553428     
  6.260000000000001E-003   2.62096736820380     
  6.280000000000001E-003   2.62102648834196     
  6.300000000000001E-003   2.62116372071218     
  6.320000000000000E-003   2.62140417531920     
  6.340000000000000E-003   2.62175887092303     
  6.360000000000000E-003   2.62225908493989     
  6.380000000000000E-003   2.62275305510355     
  6.400000000000000E-003   2.62305038639724     
  6.420000000000000E-003   2.62312377612415     
  6.440000000000000E-003   2.62305417424488     
  6.460000000000000E-003   2.62289789363459     
  6.480000000000001E-003   2.62260136722774     
  6.500000000000001E-003   2.62216736024999     
  6.520000000000001E-003   2.62155049003739     
  6.540000000000001E-003   2.62068481526108     
  6.560000000000001E-003   2.61952309234751     
  6.580000000000001E-003   2.61806742545887     
  6.600000000000001E-003   2.61635935228297     
  6.620000000000001E-003   2.61442756542140     
  6.640000000000001E-003   2.61230942398879     
  6.660000000000000E-003   2.61003220335934     
  6.680000000000000E-003   2.60763753995095     
  6.700000000000000E-003   2.60516093536573     
  6.720000000000000E-003   2.60262925209881     
  6.740000000000000E-003   2.60006326772060     
  6.760000000000000E-003   2.59746890521489     
  6.780000000000000E-003   2.59485789309449     
  6.800000000000000E-003   2.59223115142522     
  6.820000000000001E-003   2.58959274090110     
  6.840000000000001E-003   2.58696718126889     
  6.860000000000001E-003   2.58435668913835     
  6.880000000000001E-003   2.58176541393122     
  6.900000000000001E-003   2.57919842325314     
  6.920000000000001E-003   2.57666485746551     
  6.940000000000001E-003   2.57418401201850     
  6.960000000000001E-003   2.57179275294658     
  6.980000000000001E-003   2.56954877347633     
  7.000000000000000E-003   2.56752834750370     
  7.020000000000000E-003   2.56580589543489     
  7.040000000000000E-003   2.56440493124738     
  7.060000000000000E-003   2.56338874760620     
  7.080000000000000E-003   2.56292237214230     
  7.100000000000000E-003   2.56307239731887     
  7.120000000000000E-003   2.56381168452223     
  7.140000000000001E-003   2.56551116722500     
  7.160000000000001E-003   2.56851681009443     
  7.180000000000001E-003   2.57321559459566     
  7.200000000000001E-003   2.58001274968865     
  7.220000000000001E-003   2.58894565165425     
  7.240000000000001E-003   2.59746107257498     
  7.260000000000001E-003   2.60417599729836     
  7.280000000000001E-003   2.60920791084929     
  7.300000000000001E-003   2.61281713621072     
  7.320000000000001E-003   2.61527389959067     
  7.340000000000000E-003   2.61683285787964     
  7.360000000000000E-003   2.61771172357186     
  7.380000000000000E-003   2.61807696029089     
  7.400000000000000E-003   2.61801650203310     
  7.420000000000000E-003   2.61765874263417     
  7.440000000000000E-003   2.61701308338505     
  7.460000000000000E-003   2.61607603424757     
  7.480000000000001E-003   2.61499239711888     
  7.500000000000001E-003   2.61388162013127     
  7.520000000000001E-003   2.61280711075595     
  7.540000000000001E-003   2.61178938724125     
  7.560000000000001E-003   2.61083401078974     
  7.580000000000001E-003   2.60994731631447     
  7.600000000000001E-003   2.60913093795206     
  7.620000000000001E-003   2.60837063809178     
  7.640000000000001E-003   2.60764233961135     
  7.660000000000001E-003   2.60694296246382     
  7.680000000000001E-003   2.60628172952554     
  7.700000000000000E-003   2.60568623018480     
  7.720000000000000E-003   2.60518085105949     
  7.740000000000000E-003   2.60478843861059     
  7.760000000000000E-003   2.60451544051535     
  7.780000000000000E-003   2.60432955296943     
  7.800000000000001E-003   2.60425068122658     
  7.820000000000001E-003   2.60425703713224     
  7.840000000000001E-003   2.60432902334858     
  7.860000000000001E-003   2.60450767264205     
  7.880000000000000E-003   2.60479078553743     
  7.900000000000001E-003   2.60516871108997     
  7.920000000000000E-003   2.60564649443466     
  7.940000000000001E-003   2.60622981442839     
  7.960000000000000E-003   2.60693189174212     
  7.980000000000001E-003   2.60776112173655     
  8.000000000000000E-003   2.60857814225537     
  8.020000000000001E-003   2.60929148269558     
  8.040000000000000E-003   2.60988152770687     
  8.060000000000001E-003   2.61034384787972     
  8.080000000000000E-003   2.61069510084297     
  8.100000000000001E-003   2.61095460372037     
  8.120000000000000E-003   2.61114513398739     
  8.140000000000001E-003   2.61128100717704     
  8.160000000000001E-003   2.61136360931263     
  8.180000000000002E-003   2.61137837390779     
  8.200000000000001E-003   2.61130756909424     
  8.220000000000000E-003   2.61114933888141     
  8.240000000000001E-003   2.61095952989575     
  8.260000000000000E-003   2.61076614963705     
  8.280000000000001E-003   2.61059278477865     
  8.300000000000000E-003   2.61045375318748     
  8.320000000000001E-003   2.61038564781258     
  8.340000000000000E-003   2.61042571486729     
  8.360000000000001E-003   2.61057702656248     
  8.380000000000000E-003   2.61087771783248     
  8.400000000000001E-003   2.61128084159746     
  8.420000000000000E-003   2.61170202119678     
  8.440000000000001E-003   2.61214129567455     
  8.460000000000001E-003   2.61261185246350     
  8.480000000000001E-003   2.61312840489156     
  8.500000000000001E-003   2.61370007312102     
  8.520000000000002E-003   2.61434402057373     
  8.540000000000001E-003   2.61513330676831     
  8.560000000000000E-003   2.61608562743575     
  8.580000000000001E-003   2.61722394726094     
  8.600000000000000E-003   2.61860052919581     
  8.620000000000001E-003   2.62027900684066     
  8.640000000000000E-003   2.62234437865533     
  8.660000000000001E-003   2.62492168517047     
  8.680000000000000E-003   2.62799262349945     
  8.700000000000001E-003   2.63085786850344     
  8.720000000000000E-003   2.63315626598528     
  8.740000000000001E-003   2.63496851497907     
  8.760000000000000E-003   2.63638487483000     
  8.780000000000001E-003   2.63748448758373     
  8.800000000000001E-003   2.63832124436848     
  8.820000000000001E-003   2.63893472168084     
  8.840000000000001E-003   2.63935718710840     
  8.860000000000002E-003   2.63960192995061     
  8.880000000000001E-003   2.63968811769054     
  8.900000000000000E-003   2.63963707350471     
  8.920000000000001E-003   2.63947111131417     
  8.940000000000000E-003   2.63919830728676     
  8.960000000000001E-003   2.63882802247473     
  8.980000000000000E-003   2.63836989133869     
  9.000000000000001E-003   2.63783989169707     
  9.020000000000000E-003   2.63725323302721     
  9.040000000000001E-003   2.63662001747292     
  9.060000000000000E-003   2.63593729194803     
  9.080000000000001E-003   2.63520223339657     
  9.100000000000000E-003   2.63441751716467     
  9.120000000000001E-003   2.63358393326579     
  9.140000000000001E-003   2.63270222630105     
  9.160000000000001E-003   2.63177306541462     
  9.180000000000001E-003   2.63080305794377     
  9.200000000000002E-003   2.62979851681586     
  9.220000000000001E-003   2.62876866621663     
  9.240000000000000E-003   2.62772380208485     
  9.260000000000001E-003   2.62667239621013     
  9.280000000000000E-003   2.62562617272366     
  9.300000000000001E-003   2.62458582028966     
  9.320000000000000E-003   2.62355275947764     
  9.340000000000001E-003   2.62252171365371     
  9.360000000000000E-003   2.62149402832076     
  9.380000000000001E-003   2.62046126154412     
  9.400000000000000E-003   2.61942214396010     
  9.420000000000001E-003   2.61837536507627     
  9.440000000000000E-003   2.61732474052616     
  9.460000000000001E-003   2.61627317695575     
  9.480000000000001E-003   2.61523837411489     
  9.500000000000001E-003   2.61423179921685     
  9.520000000000001E-003   2.61325998698160     
  9.540000000000002E-003   2.61232838695713     
  9.560000000000001E-003   2.61144207109671     
  9.580000000000000E-003   2.61060398904304     
  9.600000000000001E-003   2.60981117309113     
  9.620000000000000E-003   2.60905857107433     
  9.640000000000001E-003   2.60834209653397     
  9.660000000000000E-003   2.60765885061954     
  9.680000000000001E-003   2.60700863916318     
  9.700000000000000E-003   2.60637362260672     
  9.720000000000001E-003   2.60575471817883     
  9.740000000000000E-003   2.60515315530396     
  9.760000000000001E-003   2.60457051862849     
  9.780000000000000E-003   2.60400770469703     
  9.800000000000001E-003   2.60346381980106     
  9.820000000000001E-003   2.60293792127388     
  9.840000000000002E-003   2.60243170706069     
  9.860000000000001E-003   2.60195020906341     
  9.880000000000002E-003   2.60150159306189     
  9.900000000000001E-003   2.60109593187686     
  9.920000000000000E-003   2.60073933586822     
  9.940000000000001E-003   2.60043709429085     
  9.960000000000000E-003   2.60018341775086     
  9.980000000000001E-003   2.59998720544711     
  1.000000000000000E-002   2.59984810244787     
  1.002000000000000E-002   2.59975286372466     
  1.004000000000000E-002   2.59967918081788     
  1.006000000000000E-002   2.59960053997716     
  1.008000000000000E-002   2.59950140225742     
  1.010000000000000E-002   2.59937609620313     
  1.012000000000000E-002   2.59922399521509     
  1.014000000000000E-002   2.59904632341601     
  1.016000000000000E-002   2.59884516417036     
  1.018000000000000E-002   2.59862898306123     
  1.020000000000000E-002   2.59836560054715     
  1.022000000000000E-002   2.59804327670674     
  1.024000000000000E-002   2.59772009077701     
  1.026000000000000E-002   2.59741206425605     
  1.028000000000000E-002   2.59711620336669     
  1.030000000000000E-002   2.59683055445976     
  1.032000000000000E-002   2.59655387808573     
  1.034000000000000E-002   2.59628996205683     
  1.036000000000000E-002   2.59604191293664     
  1.038000000000000E-002   2.59580523076347     
  1.040000000000000E-002   2.59557506328802     
  1.042000000000000E-002   2.59534670495592     
  1.044000000000000E-002   2.59511457428562     
  1.046000000000000E-002   2.59487361153717     
  1.048000000000000E-002   2.59462224319474     
  1.050000000000000E-002   2.59435982570436     
  1.052000000000000E-002   2.59408698932456     
  1.054000000000000E-002   2.59380605476296     
  1.056000000000000E-002   2.59352039568037     
  1.058000000000000E-002   2.59323316450461     
  1.060000000000000E-002   2.59294602114017     
  1.062000000000000E-002   2.59266034566434     
  1.064000000000000E-002   2.59237454471496     
  1.066000000000000E-002   2.59208304032898     
  1.068000000000000E-002   2.59177849487346     
  1.070000000000000E-002   2.59145203649308     
  1.072000000000000E-002   2.59109452893493     
  1.074000000000000E-002   2.59069689748614     
  1.076000000000000E-002   2.59025180024816     
  1.078000000000000E-002   2.58975268342439     
  1.080000000000000E-002   2.58919461645366     
  1.082000000000000E-002   2.58857245668912     
  1.084000000000000E-002   2.58788536776156     
  1.086000000000000E-002   2.58713438393947     
  1.088000000000000E-002   2.58632508295675     
  1.090000000000000E-002   2.58546224248782     
  1.092000000000000E-002   2.58455010956635     
  1.094000000000000E-002   2.58359430534807     
  1.096000000000000E-002   2.58260352412546     
  1.098000000000000E-002   2.58158594984399     
  1.100000000000000E-002   2.58054878000434     
  1.102000000000000E-002   2.57949721101392     
  1.104000000000000E-002   2.57844357965305     
  1.106000000000000E-002   2.57740699495826     
  1.108000000000000E-002   2.57640057735227     
  1.110000000000000E-002   2.57543570014262     
  1.112000000000000E-002   2.57452010163526     
  1.114000000000000E-002   2.57365858908237     
  1.116000000000000E-002   2.57285408827029     
  1.118000000000000E-002   2.57210851293820     
  1.120000000000000E-002   2.57142338140502     
  1.122000000000000E-002   2.57080008481302     
  1.124000000000000E-002   2.57023979250771     
  1.126000000000000E-002   2.56974341713184     
  1.128000000000000E-002   2.56931162666640     
  1.130000000000000E-002   2.56894482598113     
  1.132000000000000E-002   2.56864296810739     
  1.134000000000000E-002   2.56840558274965     
  1.136000000000000E-002   2.56823338741022     
  1.138000000000000E-002   2.56812673667043     
  1.140000000000000E-002   2.56808724128138     
  1.142000000000000E-002   2.56810069540999     
  1.144000000000000E-002   2.56813974333771     
  1.146000000000000E-002   2.56820867310901     
  1.148000000000000E-002   2.56830674141166     
  1.150000000000000E-002   2.56843172010037     
  1.152000000000000E-002   2.56857855972002     
  1.154000000000000E-002   2.56874286937231     
  1.156000000000000E-002   2.56892014840016     
  1.158000000000000E-002   2.56910980044792     
  1.160000000000000E-002   2.56931762645831     
  1.162000000000000E-002   2.56955941944975     
  1.164000000000000E-002   2.56985450750211     
  1.166000000000000E-002   2.57021781827801     
  1.168000000000000E-002   2.57066415579455     
  1.170000000000000E-002   2.57120610112255     
  1.172000000000000E-002   2.57185491577254     
  1.174000000000000E-002   2.57262032271374     
  1.176000000000000E-002   2.57351100775568     
  1.178000000000000E-002   2.57453707345054     
  1.180000000000000E-002   2.57570934561878     
  1.182000000000000E-002   2.57704110057628     
  1.184000000000000E-002   2.57854783672210     
  1.186000000000000E-002   2.58025072435165     
  1.188000000000000E-002   2.58217919561716     
  1.190000000000000E-002   2.58437173294406     
  1.192000000000000E-002   2.58687635027093     
  1.194000000000000E-002   2.58975515169694     
  1.196000000000000E-002   2.59308577079842     
  1.198000000000000E-002   2.59696462027713     
  1.200000000000000E-002   2.60128065251013     
  1.202000000000000E-002   2.60548099199018     
  1.204000000000000E-002   2.60929131284106     
  1.206000000000000E-002   2.61264206958256     
  1.208000000000000E-002   2.61551692674217     
  1.210000000000000E-002   2.61792663927997     
  1.212000000000000E-002   2.61990225603194     
  1.214000000000000E-002   2.62148773587748     
  1.216000000000000E-002   2.62273396612908     
  1.218000000000000E-002   2.62369350739223     
  1.220000000000000E-002   2.62441565410604     
  1.222000000000000E-002   2.62494280486990     
  1.224000000000000E-002   2.62530923499212     
  1.226000000000000E-002   2.62554261991199     
  1.228000000000000E-002   2.62566621269668     
  1.230000000000000E-002   2.62570287216848     
  1.232000000000000E-002   2.62567587541156     
  1.234000000000000E-002   2.62560027654415     
  1.236000000000000E-002   2.62546328967661     
  1.238000000000000E-002   2.62524633341082     
  1.240000000000000E-002   2.62496715964287     
  1.242000000000000E-002   2.62463636117293     
  1.244000000000000E-002   2.62426571502256     
  1.246000000000000E-002   2.62386135991882     
  1.248000000000000E-002   2.62342897281383     
  1.250000000000000E-002   2.62297199923502     
  1.252000000000000E-002   2.62249161790346     
  1.254000000000000E-002   2.62198777174876     
  1.256000000000000E-002   2.62145934051427     
  1.258000000000000E-002   2.62090484014336     
  1.260000000000000E-002   2.62032264629360     
  1.262000000000000E-002   2.61971068931129     
  1.264000000000000E-002   2.61906656620516     
  1.266000000000000E-002   2.61838844107309     
  1.268000000000000E-002   2.61767568680187     
  1.270000000000000E-002   2.61692900090555     
  1.272000000000000E-002   2.61615074279562     
  1.274000000000000E-002   2.61534536134046     
  1.276000000000000E-002   2.61451917575848     
  1.278000000000000E-002   2.61367995525643     
  1.280000000000000E-002   2.61283503797003     
  1.282000000000000E-002   2.61199102340884     
  1.284000000000000E-002   2.61115232832202     
  1.286000000000000E-002   2.61032302534881     
  1.288000000000000E-002   2.60950923383674     
  1.290000000000000E-002   2.60872084727938     
  1.292000000000000E-002   2.60796138941216     
  1.294000000000000E-002   2.60723775327041     
  1.296000000000000E-002   2.60655707933298     
  1.298000000000000E-002   2.60592414325864     
  1.300000000000000E-002   2.60533966311881     
  1.302000000000000E-002   2.60480361178016     
  1.304000000000000E-002   2.60431499952995     
  1.306000000000000E-002   2.60387106374104     
  1.308000000000000E-002   2.60346854175056     
  1.310000000000000E-002   2.60310312011300     
  1.312000000000000E-002   2.60277028240355     
  1.314000000000000E-002   2.60246598839496     
  1.316000000000000E-002   2.60218773425062     
  1.318000000000000E-002   2.60193414146719     
  1.320000000000000E-002   2.60170573686099     
  1.322000000000000E-002   2.60150457432416     
  1.324000000000000E-002   2.60133485486075     
  1.326000000000000E-002   2.60120315723569     
  1.328000000000000E-002   2.60112042450788     
  1.330000000000000E-002   2.60108937030038     
  1.332000000000000E-002   2.60111753187076     
  1.334000000000000E-002   2.60120491630454     
  1.336000000000000E-002   2.60135779146698     
  1.338000000000000E-002   2.60158158895196     
  1.340000000000000E-002   2.60187849002129     
  1.342000000000000E-002   2.60224612785474     
  1.344000000000000E-002   2.60268126331161     
  1.346000000000000E-002   2.60318226274655     
  1.348000000000000E-002   2.60374974556961     
  1.350000000000000E-002   2.60439115709284     
  1.352000000000000E-002   2.60511449624310     
  1.354000000000000E-002   2.60592814313455     
  1.356000000000000E-002   2.60683525870111     
  1.358000000000000E-002   2.60783838419769     
  1.360000000000000E-002   2.60894261043290     
  1.362000000000000E-002   2.61015158331083     
  1.364000000000000E-002   2.61146824204339     
  1.366000000000000E-002   2.61289988798801     
  1.368000000000000E-002   2.61445907580376     
  1.370000000000000E-002   2.61616299156820     
  1.372000000000000E-002   2.61803011503331     
  1.374000000000000E-002   2.62009075695350     
  1.376000000000000E-002   2.62224130859952     
  1.378000000000000E-002   2.62430302998912     
  1.380000000000000E-002   2.62623557787312     
  1.382000000000000E-002   2.62804255444031     
  1.384000000000000E-002   2.62973648645937     
  1.386000000000000E-002   2.63132487378805     
  1.388000000000000E-002   2.63281142708160     
  1.390000000000000E-002   2.63419868308929     
  1.392000000000000E-002   2.63549192049734     
  1.394000000000000E-002   2.63670131398978     
  1.396000000000000E-002   2.63783947860190     
  1.398000000000000E-002   2.63891953996929     
  1.400000000000000E-002   2.63995210414188     
  1.402000000000000E-002   2.64094588923423     
  1.404000000000000E-002   2.64190841530784     
  1.406000000000000E-002   2.64284221959763     
  1.408000000000000E-002   2.64374710588578     
  1.410000000000000E-002   2.64463590599592     
  1.412000000000000E-002   2.64549234349719     
  1.414000000000000E-002   2.64629548920543     
  1.416000000000000E-002   2.64703945555766     
  1.418000000000000E-002   2.64772853929247     
  1.420000000000000E-002   2.64836811428355     
  1.422000000000000E-002   2.64896149820319     
  1.424000000000000E-002   2.64950878836958     
  1.426000000000000E-002   2.65000787664602     
  1.428000000000000E-002   2.65045098475574     
  1.430000000000000E-002   2.65082078376130     
  1.432000000000000E-002   2.65109114382279     
  1.434000000000000E-002   2.65127638649532     
  1.436000000000000E-002   2.65129977120335     
  1.438000000000000E-002   2.65121353802784     
  1.440000000000000E-002   2.65100420821303     
  1.442000000000000E-002   2.65067326509025     
  1.444000000000000E-002   2.65024766802979     
  1.446000000000000E-002   2.64973304412950     
  1.448000000000000E-002   2.64918680571360     
  1.450000000000000E-002   2.64863270663657     
  1.452000000000000E-002   2.64806654724603     
  1.454000000000000E-002   2.64748916194071     
  1.456000000000000E-002   2.64690178714853     
  1.458000000000000E-002   2.64630406045505     
  1.460000000000000E-002   2.64569736207452     
  1.462000000000000E-002   2.64508226551133     
  1.464000000000000E-002   2.64445931220100     
  1.466000000000000E-002   2.64382888012674     
  1.468000000000000E-002   2.64319032201426     
  1.470000000000000E-002   2.64254379507728     
  1.472000000000000E-002   2.64190016733826     
  1.474000000000000E-002   2.64126622614931     
  1.476000000000000E-002   2.64063826730215     
  1.478000000000000E-002   2.64001440535025     
  1.480000000000000E-002   2.63939158894077     
  1.482000000000000E-002   2.63876422091610     
  1.484000000000000E-002   2.63812701332147     
  1.486000000000000E-002   2.63746519739157     
  1.488000000000000E-002   2.63675715102693     
  1.490000000000000E-002   2.63598777985015     
  1.492000000000000E-002   2.63514985824526     
  1.494000000000000E-002   2.63424153931865     
  1.496000000000000E-002   2.63326894667631     
  1.498000000000000E-002   2.63224158904946     
  1.500000000000000E-002   2.63116775857826     
  1.502000000000000E-002   2.63005510057521     
  1.504000000000000E-002   2.62891117597579     
  1.506000000000000E-002   2.62774347801253     
  1.508000000000000E-002   2.62655660094199     
  1.510000000000000E-002   2.62535262988981     
  1.512000000000000E-002   2.62413079307020     
  1.514000000000000E-002   2.62290251326099     
  1.516000000000000E-002   2.62169299107010     
  1.518000000000000E-002   2.62051520270840     
  1.520000000000000E-002   2.61938294730159     
  1.522000000000000E-002   2.61830555346718     
  1.524000000000000E-002   2.61728818812724     
  1.526000000000000E-002   2.61633205168796     
  1.528000000000000E-002   2.61543717257233     
  1.530000000000000E-002   2.61460293144639     
  1.532000000000000E-002   2.61382718068801     
  1.534000000000000E-002   2.61310868559374     
  1.536000000000000E-002   2.61243981306019     
  1.538000000000000E-002   2.61182351505210     
  1.540000000000000E-002   2.61125378073758     
  1.542000000000000E-002   2.61073937663918     
  1.544000000000000E-002   2.61028370116377     
  1.546000000000000E-002   2.60988128217669     
  1.548000000000000E-002   2.60952223919863     
  1.550000000000000E-002   2.60919519476522     
  1.552000000000000E-002   2.60888905126136     
  1.554000000000000E-002   2.60859476826260     
  1.556000000000000E-002   2.60830377935446     
  1.558000000000000E-002   2.60801153811193     
  1.560000000000000E-002   2.60771619632864     
  1.562000000000000E-002   2.60741757914743     
  1.564000000000000E-002   2.60712002442723     
  1.566000000000000E-002   2.60683356862228     
  1.568000000000000E-002   2.60656704966280     
  1.570000000000000E-002   2.60632670921692     
  1.572000000000000E-002   2.60612191030592     
  1.574000000000000E-002   2.60596148883496     
  1.576000000000000E-002   2.60585476550980     
  1.578000000000000E-002   2.60581334087063     
  1.580000000000000E-002   2.60584781797434     
  1.582000000000000E-002   2.60595093217517     
  1.584000000000000E-002   2.60612842909619     
  1.586000000000000E-002   2.60638970589497     
  1.588000000000000E-002   2.60673573415299     
  1.590000000000000E-002   2.60716808795198     
  1.592000000000000E-002   2.60768950614166     
  1.594000000000000E-002   2.60830407451036     
  1.596000000000000E-002   2.60901275245619     
  1.598000000000000E-002   2.60981314364947     
  1.600000000000000E-002   2.61070056697773     
  1.602000000000000E-002   2.61167130846742     
  1.604000000000000E-002   2.61272283949316     
  1.606000000000000E-002   2.61385093398207     
  1.608000000000000E-002   2.61506469221864     
  1.610000000000000E-002   2.61634827818420     
  1.612000000000000E-002   2.61767097395598     
  1.614000000000000E-002   2.61897894886237     
  1.616000000000000E-002   2.62023685513832     
  1.618000000000000E-002   2.62143472009738     
  1.620000000000000E-002   2.62256948129505     
  1.622000000000000E-002   2.62363870217914     
  1.624000000000000E-002   2.62464462573789     
  1.626000000000000E-002   2.62558970877168     
  1.628000000000000E-002   2.62647393895476     
  1.630000000000000E-002   2.62729556131582     
  1.632000000000000E-002   2.62805407715584     
  1.634000000000000E-002   2.62875029733689     
  1.636000000000000E-002   2.62938530296886     
  1.638000000000000E-002   2.62995948337791     
  1.640000000000000E-002   2.63047284700742     
  1.642000000000000E-002   2.63092616042897     
  1.644000000000000E-002   2.63132139225785     
  1.646000000000000E-002   2.63166196332248     
  1.648000000000000E-002   2.63195229020845     
  1.650000000000000E-002   2.63219913458405     
  1.652000000000000E-002   2.63240603665432     
  1.654000000000000E-002   2.63258019855055     
  1.656000000000000E-002   2.63272755180386     
  1.658000000000000E-002   2.63285507642677     
  1.660000000000000E-002   2.63296547963964     
  1.662000000000000E-002   2.63306512873332     
  1.664000000000000E-002   2.63316151616836     
  1.666000000000000E-002   2.63325376598468     
  1.668000000000000E-002   2.63334380853976     
  1.670000000000000E-002   2.63343253742366     
  1.672000000000000E-002   2.63352295526384     
  1.674000000000000E-002   2.63361911930866     
  1.676000000000000E-002   2.63371949472982     
  1.678000000000000E-002   2.63381290285669     
  1.680000000000000E-002   2.63388488320754     
  1.682000000000000E-002   2.63393683671361     
  1.684000000000000E-002   2.63397473508113     
  1.686000000000000E-002   2.63400082381063     
  1.688000000000000E-002   2.63401187999209     
  1.690000000000000E-002   2.63400593929013     
  1.692000000000000E-002   2.63398613312215     
  1.694000000000000E-002   2.63394829387809     
  1.696000000000000E-002   2.63389323358486     
  1.698000000000000E-002   2.63382198535295     
  1.700000000000000E-002   2.63373281680177     
  1.702000000000000E-002   2.63362349422127     
  1.704000000000000E-002   2.63349244318279     
  1.706000000000000E-002   2.63333628513715     
  1.708000000000000E-002   2.63315207232349     
  1.710000000000000E-002   2.63293847126589     
  1.712000000000000E-002   2.63269211456000     
  1.714000000000000E-002   2.63241279989689     
  1.716000000000000E-002   2.63210028160657     
  1.718000000000000E-002   2.63175491984213     
  1.720000000000000E-002   2.63137690794820     
  1.722000000000000E-002   2.63096612976565     
  1.724000000000000E-002   2.63052339823857     
  1.726000000000000E-002   2.63005034201566     
  1.728000000000000E-002   2.62954934941319     
  1.730000000000000E-002   2.62902312685216     
  1.732000000000000E-002   2.62847505049083     
  1.734000000000000E-002   2.62790937410667     
  1.736000000000000E-002   2.62733087654140     
  1.738000000000000E-002   2.62674380139108     
  1.740000000000000E-002   2.62615173651817     
  1.742000000000000E-002   2.62555765755991     
  1.744000000000000E-002   2.62496373932597     
  1.746000000000000E-002   2.62437235791189     
  1.748000000000000E-002   2.62378528970098     
  1.750000000000000E-002   2.62320429679103     
  1.752000000000000E-002   2.62263182656436     
  1.754000000000000E-002   2.62206800847086     
  1.756000000000000E-002   2.62151463547763     
  1.758000000000000E-002   2.62097372823967     
  1.760000000000000E-002   2.62044731714599     
  1.762000000000000E-002   2.61993693885816     
  1.764000000000000E-002   2.61944333726572     
  1.766000000000000E-002   2.61896652554838     
  1.768000000000000E-002   2.61850628726864     
  1.770000000000000E-002   2.61806218221883     
  1.772000000000000E-002   2.61763358768167     
  1.774000000000000E-002   2.61722004693406     
  1.776000000000000E-002   2.61682115837343     
  1.778000000000000E-002   2.61643612457995     
  1.780000000000000E-002   2.61606378449644     
  1.782000000000000E-002   2.61570294375043     
  1.784000000000000E-002   2.61535253604005     
  1.786000000000000E-002   2.61501221255737     
  1.788000000000000E-002   2.61468220327759     
  1.790000000000000E-002   2.61436334876010     
  1.792000000000000E-002   2.61405677209296     
  1.794000000000000E-002   2.61376352472587     
  1.796000000000000E-002   2.61348446624613     
  1.798000000000000E-002   2.61322014385725     
  1.800000000000000E-002   2.61297090132103     
  1.802000000000000E-002   2.61273710888265     
  1.804000000000000E-002   2.61251916456430     
  1.806000000000000E-002   2.61231753308509     
  1.808000000000000E-002   2.61213305228337     
  1.810000000000000E-002   2.61196697985525     
  1.812000000000000E-002   2.61181940989729     
  1.814000000000000E-002   2.61169377162095     
  1.816000000000000E-002   2.61159012353281     
  1.818000000000000E-002   2.61150976882122     
  1.820000000000000E-002   2.61145332504383     
  1.822000000000000E-002   2.61142072698595     
  1.824000000000000E-002   2.61141304057943     
  1.826000000000000E-002   2.61142722449074     
  1.828000000000000E-002   2.61146177579980     
  1.830000000000000E-002   2.61151457576129     
  1.832000000000000E-002   2.61158233324848     
  1.834000000000000E-002   2.61165848308497     
  1.836000000000000E-002   2.61173738229998     
  1.838000000000000E-002   2.61181542953016     
  1.840000000000000E-002   2.61188908973079     
  1.842000000000000E-002   2.61195358019407     
  1.844000000000000E-002   2.61200350774563     
  1.846000000000000E-002   2.61204124826744     
  1.848000000000000E-002   2.61205751017042     
  1.850000000000000E-002   2.61205506486645     
  1.852000000000000E-002   2.61203290115216     
  1.854000000000000E-002   2.61199416970540     
  1.856000000000000E-002   2.61194136444545     
  1.858000000000000E-002   2.61187668048611     
  1.860000000000000E-002   2.61180374912737     
  1.862000000000000E-002   2.61172561388114     
  1.864000000000000E-002   2.61164536923576     
  1.866000000000000E-002   2.61156591314584     
  1.868000000000000E-002   2.61148964646404     
  1.870000000000000E-002   2.61141951474287     
  1.872000000000000E-002   2.61135806666538     
  1.874000000000000E-002   2.61130876483430     
  1.876000000000000E-002   2.61127466135076     
  1.878000000000000E-002   2.61125843990374     
  1.880000000000000E-002   2.61126841408715     
  1.882000000000000E-002   2.61130705468455     
  1.884000000000000E-002   2.61138319977503     
  1.886000000000000E-002   2.61150981572008     
  1.888000000000000E-002   2.61168990148200     
  1.890000000000000E-002   2.61192472020737     
  1.892000000000000E-002   2.61221769541789     
  1.894000000000000E-002   2.61256455397803     
  1.896000000000000E-002   2.61295828492975     
  1.898000000000000E-002   2.61338609823472     
  1.900000000000000E-002   2.61384144001253     
  1.902000000000000E-002   2.61432059350391     
  1.904000000000000E-002   2.61482121315956     
  1.906000000000000E-002   2.61533587521337     
  1.908000000000000E-002   2.61586258197489     
  1.910000000000000E-002   2.61639971625638     
  1.912000000000000E-002   2.61694306081102     
  1.914000000000000E-002   2.61748729426671     
  1.916000000000000E-002   2.61802407039927     
  1.918000000000000E-002   2.61854965448269     
  1.920000000000000E-002   2.61905738984752     
  1.922000000000000E-002   2.61954035962997     
  1.924000000000000E-002   2.61999366503868     
  1.926000000000000E-002   2.62040981592836     
  1.928000000000000E-002   2.62079174404319     
  1.930000000000000E-002   2.62113745427802     
  1.932000000000000E-002   2.62144011467804     
  1.934000000000000E-002   2.62168485261340     
  1.936000000000000E-002   2.62186757531403     
  1.938000000000000E-002   2.62199805528834     
  1.940000000000000E-002   2.62208752661530     
  1.942000000000000E-002   2.62213607179038     
  1.944000000000000E-002   2.62214978744341     
  1.946000000000000E-002   2.62213578785763     
  1.948000000000000E-002   2.62209430795845     
  1.950000000000000E-002   2.62202250081572     
  1.952000000000000E-002   2.62192640381353     
  1.954000000000000E-002   2.62181134650728     
  1.956000000000000E-002   2.62168108289928     
  1.958000000000000E-002   2.62153818820172     
  1.960000000000000E-002   2.62138531733337     
  1.962000000000000E-002   2.62122522128499     
  1.964000000000000E-002   2.62105999003905     
  1.966000000000000E-002   2.62089109048727     
  1.968000000000000E-002   2.62071977077280     
  1.970000000000000E-002   2.62054671877656     
  1.972000000000000E-002   2.62037209673123     
  1.974000000000000E-002   2.62019594924549     
  1.976000000000000E-002   2.62001844722557     
  1.978000000000000E-002   2.61983978272013     
  1.980000000000000E-002   2.61965998001000     
  1.982000000000000E-002   2.61947892425919     
  1.984000000000000E-002   2.61929654375670     
  1.986000000000000E-002   2.61911291651260     
  1.988000000000000E-002   2.61892833284423     
  1.990000000000000E-002   2.61874303618401     
  1.992000000000000E-002   2.61855706529014     
  1.994000000000000E-002   2.61836970400478     
  1.996000000000000E-002   2.61817952897960     
  1.998000000000000E-002   2.61798437674028     
  2.000000000000000E-002   2.61778130353411     
  2.002000000000000E-002   2.61756772356177     
  2.004000000000000E-002   2.61734195526462     
  2.006000000000000E-002   2.61710240304652     
  2.008000000000000E-002   2.61684794430162     
  2.010000000000000E-002   2.61657789270451     
  2.012000000000000E-002   2.61629185994354     
  2.014000000000000E-002   2.61598980095711     
  2.016000000000000E-002   2.61567210227003     
  2.018000000000000E-002   2.61533959138937     
  2.020000000000000E-002   2.61499350989225     
  2.022000000000000E-002   2.61463542111082     
  2.024000000000000E-002   2.61426681941603     
  2.026000000000000E-002   2.61389028466955     
  2.028000000000000E-002   2.61351024439898     
  2.030000000000000E-002   2.61313073240803     
  2.032000000000000E-002   2.61275526093064     
  2.034000000000000E-002   2.61238530721603     
  2.036000000000000E-002   2.61202169354214     
  2.038000000000000E-002   2.61166683695159     
  2.040000000000000E-002   2.61132160178845     
  2.042000000000000E-002   2.61098925394732     
  2.044000000000000E-002   2.61067050315637     
  2.046000000000000E-002   2.61036297651337     
  2.048000000000000E-002   2.61007458328965     
  2.050000000000000E-002   2.60980773189937     
  2.052000000000000E-002   2.60956336622061     
  2.054000000000000E-002   2.60934401016874     
  2.056000000000000E-002   2.60915149681463     
  2.058000000000000E-002   2.60898718677664     
  2.060000000000000E-002   2.60885165204105     
  2.062000000000000E-002   2.60874455673405     
  2.064000000000000E-002   2.60866542030217     
  2.066000000000000E-002   2.60861563954456     
  2.068000000000000E-002   2.60859907400284     
  2.070000000000000E-002   2.60860761425219     
  2.072000000000000E-002   2.60863761979090     
  2.074000000000000E-002   2.60868992558308     
  2.076000000000000E-002   2.60876197587186     
  2.078000000000000E-002   2.60884829810915     
  2.080000000000000E-002   2.60894141930243     
  2.082000000000000E-002   2.60903545622677     
  2.084000000000000E-002   2.60912970064112     
  2.086000000000000E-002   2.60922405541149     
  2.088000000000000E-002   2.60931704452788     
  2.090000000000000E-002   2.60940778986874     
  2.092000000000000E-002   2.60949552100354     
  2.094000000000000E-002   2.60957985113757     
  2.096000000000000E-002   2.60966057572500     
  2.098000000000000E-002   2.60973780819881     
  2.100000000000000E-002   2.60981214328366     
  2.102000000000000E-002   2.60988451780833     
  2.104000000000000E-002   2.60995597675108     
  2.106000000000000E-002   2.61002741826021     
  2.108000000000000E-002   2.61009936092775     
  2.110000000000000E-002   2.61017243771810     
  2.112000000000000E-002   2.61024713372786     
  2.114000000000000E-002   2.61032358454361     
  2.116000000000000E-002   2.61040082956360     
  2.118000000000000E-002   2.61047741334447     
  2.120000000000000E-002   2.61055364293078     
  2.122000000000000E-002   2.61063088379097     
  2.124000000000000E-002   2.61071252557537     
  2.126000000000000E-002   2.61080125910738     
  2.128000000000000E-002   2.61089602896837     
  2.130000000000000E-002   2.61099692344072     
  2.132000000000000E-002   2.61110400842669     
  2.134000000000000E-002   2.61121676066801     
  2.136000000000000E-002   2.61133378351167     
  2.138000000000000E-002   2.61145342002038     
  2.140000000000000E-002   2.61157413646345     
  2.142000000000000E-002   2.61169416869001     
  2.144000000000000E-002   2.61181166087522     
  2.146000000000000E-002   2.61192574865015     
  2.148000000000000E-002   2.61203671743980     
  2.150000000000000E-002   2.61214553408950     
  2.152000000000000E-002   2.61225277732149     
  2.154000000000000E-002   2.61236002650564     
  2.156000000000000E-002   2.61246816928305     
  2.158000000000000E-002   2.61257784482896     
  2.160000000000000E-002   2.61268996427450     
  2.162000000000000E-002   2.61280604979691     
  2.164000000000000E-002   2.61292795198257     
  2.166000000000000E-002   2.61305693523009     
  2.168000000000000E-002   2.61319271672195     
  2.170000000000000E-002   2.61333417845737     
  2.172000000000000E-002   2.61346973752789     
  2.174000000000000E-002   2.61359946942008     
  2.176000000000000E-002   2.61371724861578     
  2.178000000000000E-002   2.61375597872581     
  2.180000000000000E-002   2.61373947943613     
  2.182000000000000E-002   2.61367797143208     
  2.184000000000000E-002   2.61355273621638     
  2.186000000000000E-002   2.61334928217312     
  2.188000000000000E-002   2.61305929175554     
  2.190000000000000E-002   2.61268068307964     
  2.192000000000000E-002   2.61221353406865     
  2.194000000000000E-002   2.61166474038574     
  2.196000000000000E-002   2.61106049586884     
  2.198000000000000E-002   2.61056609656377     
  2.200000000000000E-002   2.61019403236661     
  2.202000000000000E-002   2.60992721268487     
  2.204000000000000E-002   2.60979475556440     
  2.206000000000000E-002   2.60976101510809     
  2.208000000000000E-002   2.60977478482265     
  2.210000000000000E-002   2.60985473679280     
  2.212000000000000E-002   2.61005846329547     
  2.214000000000000E-002   2.61044304816787     
  2.216000000000000E-002   2.61106148504514     
  2.218000000000000E-002   2.61196542020600     
  2.220000000000000E-002   2.61320961321666     
  2.222000000000000E-002   2.61486058655558     
  2.224000000000000E-002   2.61699343010131     
  2.226000000000000E-002   2.61969464334820     
  2.228000000000000E-002   2.62305533833898     
  2.230000000000000E-002   2.62717124479445     
  2.232000000000000E-002   2.63213731292895     
  2.234000000000000E-002   2.63804122192834     
  2.236000000000000E-002   2.64496722925586     
  2.238000000000000E-002   2.65296930515214     
  2.240000000000000E-002   2.66204992013684     
  2.242000000000000E-002   2.67205806212575     
  2.244000000000000E-002   2.68110525378808     
  2.246000000000000E-002   2.68855828457210     
  2.248000000000000E-002   2.69452391011986     
  2.250000000000000E-002   2.69921103894028     
  2.252000000000000E-002   2.70281216538973     
  2.254000000000000E-002   2.70548517194818     
  2.256000000000000E-002   2.70739139545023     
  2.258000000000000E-002   2.70871411023997     
  2.260000000000000E-002   2.70962834267210     
  2.262000000000000E-002   2.71024607126245     
  2.264000000000000E-002   2.71061835969832     
  2.266000000000000E-002   2.71078223252511     
  2.268000000000000E-002   2.71081214776444     
  2.270000000000000E-002   2.71079372439530     
  2.272000000000000E-002   2.71071871640256     
  2.274000000000000E-002   2.71055440266541     
  2.276000000000000E-002   2.71027245486947     
  2.278000000000000E-002   2.70985221443913     
  2.280000000000000E-002   2.70928648941170     
  2.282000000000000E-002   2.70858490070787     
  2.284000000000000E-002   2.70777136399092     
  2.286000000000000E-002   2.70687730360186     
  2.288000000000000E-002   2.70593358482258     
  2.290000000000000E-002   2.70496031364161     
  2.292000000000000E-002   2.70398100675535     
  2.294000000000000E-002   2.70299757589066     
  2.296000000000000E-002   2.70199827555725     
  2.298000000000000E-002   2.70095936717121     
  2.300000000000000E-002   2.69984816698472     
  2.302000000000000E-002   2.69862898262423     
  2.304000000000000E-002   2.69726951410937     
  2.306000000000000E-002   2.69574529853538     
  2.308000000000000E-002   2.69404323217020     
  2.310000000000000E-002   2.69216200807683     
  2.312000000000000E-002   2.69020819902838     
  2.314000000000000E-002   2.68850295035714     
  2.316000000000000E-002   2.68705577112076     
  2.318000000000000E-002   2.68583192180205     
  2.320000000000000E-002   2.68479674605641     
  2.322000000000000E-002   2.68391475786485     
  2.324000000000000E-002   2.68314925445166     
  2.326000000000000E-002   2.68246698709195     
  2.328000000000000E-002   2.68184233669341     
  2.330000000000000E-002   2.68125841198668     
  2.332000000000000E-002   2.68070461154293     
  2.334000000000000E-002   2.68017121174157     
  2.336000000000000E-002   2.67964439440495     
  2.338000000000000E-002   2.67911611082004     
  2.340000000000000E-002   2.67857943081330     
  2.342000000000000E-002   2.67802235180171     
  2.344000000000000E-002   2.67742874544816     
  2.346000000000000E-002   2.67678076744966     
  2.348000000000000E-002   2.67606156773079     
  2.350000000000000E-002   2.67525715371042     
  2.352000000000000E-002   2.67435715552068     
  2.354000000000000E-002   2.67335495683151     
  2.356000000000000E-002   2.67224747816527     
  2.358000000000000E-002   2.67103669937968     
  2.360000000000000E-002   2.66972828912849     
  2.362000000000000E-002   2.66833020437450     
  2.364000000000000E-002   2.66685276479618     
  2.366000000000000E-002   2.66530788202380     
  2.368000000000000E-002   2.66370794721469     
  2.370000000000000E-002   2.66206476378804     
  2.372000000000000E-002   2.66038874528952     
  2.374000000000000E-002   2.65868829316681     
  2.376000000000000E-002   2.65696932323755     
  2.378000000000000E-002   2.65523490180045     
  2.380000000000000E-002   2.65348573297238     
  2.382000000000000E-002   2.65172062746041     
  2.384000000000000E-002   2.64993647348138     
  2.386000000000000E-002   2.64812854133285     
  2.388000000000000E-002   2.64629124297577     
  2.390000000000000E-002   2.64441688238311     
  2.392000000000000E-002   2.64249451060795     
  2.394000000000000E-002   2.64050957849000     
  2.396000000000000E-002   2.63844154549261     
  2.398000000000000E-002   2.63626295652238     
  2.400000000000000E-002   2.63393802070901     
  2.402000000000000E-002   2.63142196369027     
  2.404000000000000E-002   2.62866003513045     
  2.406000000000000E-002   2.62558530637902     
  2.408000000000000E-002   2.62211635433149     
  2.410000000000000E-002   2.61815468677179     
  2.412000000000000E-002   2.61358282333186     
  2.414000000000000E-002   2.60826295121559     
  2.416000000000000E-002   2.60203509916189     
  2.418000000000000E-002   2.59471697194691     
  2.420000000000000E-002   2.58610637220007     
  2.422000000000000E-002   2.57598786775513     
  2.424000000000000E-002   2.56414655531546     
  2.426000000000000E-002   2.55039120740514     
  2.428000000000000E-002   2.53459499337509     
  2.430000000000000E-002   2.51690531300376     
  2.432000000000000E-002   2.50052433650851     
  2.434000000000000E-002   2.48711165171301     
  2.436000000000000E-002   2.47574187224681     
  2.438000000000000E-002   2.46548851270602     
  2.440000000000000E-002   2.45560181199871     
  2.442000000000000E-002   2.44569293786108     
  2.444000000000000E-002   2.43540464405382     
  2.446000000000000E-002   2.42403878772034     
  2.448000000000000E-002   2.41056166856423     
  2.450000000000000E-002   2.39349238515627     
  2.452000000000000E-002   2.37084979560270     
  2.454000000000000E-002   2.34016413101496     
  2.456000000000000E-002   2.29851409877986     
  2.458000000000000E-002   2.24263189524625     
  2.460000000000000E-002   2.16907330029209     
  2.462000000000000E-002   2.07444246665180     
  2.464000000000000E-002   1.95565433054052     
  2.466000000000000E-002   1.81019389598935     
  2.468000000000000E-002   1.63651419783132     
  2.470000000000000E-002   1.44296201190247     
  2.472000000000000E-002   1.28030455943387     
  2.474000000000000E-002   1.16001897057107     
  2.476000000000000E-002   1.07514047449086     
  2.478000000000000E-002   1.01784866638014     
  2.480000000000000E-002  0.980229625393860     
  2.482000000000000E-002  0.955256637133677     
  2.484000000000000E-002  0.937344419756943     
  2.486000000000000E-002  0.922561535205824     
  2.488000000000000E-002  0.908603695020825     
  2.490000000000000E-002  0.894250164892331     
  2.492000000000000E-002  0.878176484668919     
  2.494000000000000E-002  0.858396870755722     
  2.496000000000000E-002  0.832510625045427     
  2.498000000000000E-002  0.798257631837550     
  2.500000000000000E-002  0.753972182788356     
  2.502000000000000E-002  0.699183121919433     
  2.504000000000000E-002  0.644943232602076     
  2.506000000000000E-002  0.604129054775906     
  2.508000000000000E-002  0.574832512290719     
  2.510000000000000E-002  0.554519286294617     
  2.512000000000000E-002  0.540788393230170     
  2.514000000000000E-002  0.531465623164905     
  2.516000000000000E-002  0.524658181731585     
  2.518000000000000E-002  0.518926445749840     
  2.520000000000000E-002  0.513386519602208     
  2.522000000000000E-002  0.507595038776153     
  2.524000000000000E-002  0.500901488075199     
  2.526000000000000E-002  0.492486202098827     
  2.528000000000000E-002  0.481798317782772     
  2.530000000000000E-002  0.471146645529333     
  2.532000000000000E-002  0.464244204731686     
  2.534000000000000E-002  0.460657118438556     
  2.536000000000000E-002  0.459340918624974     
  2.538000000000000E-002  0.459158770842299     
  2.540000000000000E-002  0.459808965788037     
  2.542000000000000E-002  0.461672182978576     
  2.544000000000000E-002  0.464655161323285     
  2.546000000000000E-002  0.467010145730807     
  2.548000000000000E-002  0.468223811384675     
  2.550000000000000E-002  0.468900422983083     
  2.552000000000000E-002  0.469478437730928     
  2.554000000000000E-002  0.470232790902991     
  2.556000000000000E-002  0.471457917482536     
  2.558000000000000E-002  0.473332768304155     
  2.560000000000000E-002  0.475474801345677     
  2.562000000000000E-002  0.477235584565446     
  2.564000000000000E-002  0.478082361743095     
  2.566000000000000E-002  0.477964318102101     
  2.568000000000000E-002  0.476481037668785     
  2.570000000000000E-002  0.473452914476264     
  2.572000000000000E-002  0.469357692511936     
  2.574000000000000E-002  0.464863793059460     
  2.576000000000000E-002  0.460642867809597     
  2.578000000000000E-002  0.456898773203231     
  2.580000000000000E-002  0.453649776306807     
  2.582000000000000E-002  0.450839076783572     
  2.584000000000000E-002  0.448323302036168     
  2.586000000000000E-002  0.445943800427249     
  2.588000000000000E-002  0.443586302589145     
  2.590000000000000E-002  0.441181113106978     
  2.592000000000000E-002  0.438646704658592     
  2.594000000000000E-002  0.435853990626610     
  2.596000000000000E-002  0.432626305716940     
  2.598000000000000E-002  0.428755596983635     
  2.600000000000000E-002  0.424027303828619     
  2.602000000000000E-002  0.419133786060669     
  2.604000000000000E-002  0.415754608825263     
  2.606000000000000E-002  0.414022900382517     
  2.608000000000000E-002  0.413524866598420     
  2.610000000000000E-002  0.413603103535624     
  2.612000000000000E-002  0.414220190495492     
  2.614000000000000E-002  0.415895708620252     
  2.616000000000000E-002  0.419232595844236     
  2.618000000000000E-002  0.424942098157597     
  2.620000000000000E-002  0.433878447020011     
  2.622000000000000E-002  0.447078725850249     
  2.624000000000000E-002  0.465805795033309     
  2.626000000000000E-002  0.491626463023229     
  2.628000000000000E-002  0.526514554109061     
  2.630000000000000E-002  0.572985352941459     
  2.632000000000000E-002  0.634219711212850     
  2.634000000000000E-002  0.714233930713571     
  2.636000000000000E-002  0.817824374873125     
  2.638000000000000E-002  0.932601385030329     
  2.640000000000000E-002   1.00602605639281     
  2.642000000000000E-002   1.03869557812974     
  2.644000000000000E-002   1.04547056178995     
  2.646000000000000E-002   1.04064122423126     
  2.648000000000000E-002   1.01969235125319     
  2.650000000000000E-002  0.972991851918800     
  2.652000000000000E-002  0.895843212004590     
  2.654000000000000E-002  0.797437655243138     
  2.656000000000000E-002  0.724068317940388     
  2.658000000000000E-002  0.682523963985227     
  2.660000000000000E-002  0.661314383899235     
  2.662000000000000E-002  0.653098953004658     
  2.664000000000000E-002  0.653052576896650     
  2.666000000000000E-002  0.657761282925717     
  2.668000000000000E-002  0.669749567957085     
  2.670000000000000E-002  0.690853008178874     
  2.672000000000000E-002  0.721611865705375     
  2.674000000000000E-002  0.761162162783169     
  2.676000000000000E-002  0.807300572062993     
  2.678000000000000E-002  0.856144293666965     
  2.680000000000000E-002  0.900670606318912     
  2.682000000000000E-002  0.942108168041079     
  2.684000000000000E-002  0.982376875015053     
  2.686000000000000E-002   1.02250884472702     
  2.688000000000000E-002   1.06305463226747     
  2.690000000000000E-002   1.10499130494957     
  2.692000000000000E-002   1.14965925685685     
  2.694000000000000E-002   1.19864992578346     
  2.696000000000000E-002   1.25366761178586     
  2.698000000000000E-002   1.31636549717248     
  2.700000000000000E-002   1.38817278480462     
  2.702000000000000E-002   1.47013045255202     
  2.704000000000000E-002   1.56295823306971     
  2.706000000000000E-002   1.66640718015686     
  2.708000000000000E-002   1.77936765140654     
  2.710000000000000E-002   1.88907046197099     
  2.712000000000000E-002   1.98426671521905     
  2.714000000000000E-002   2.06635348843964     
  2.716000000000000E-002   2.13715446618751     
  2.718000000000000E-002   2.19845093395947     
  2.720000000000000E-002   2.25177085916106     
  2.722000000000000E-002   2.29833145923752     
  2.724000000000000E-002   2.33906373031619     
  2.726000000000000E-002   2.37463720219990     
  2.728000000000000E-002   2.40553705473931     
  2.730000000000000E-002   2.43216610256549     
  2.732000000000000E-002   2.45491442550974     
  2.734000000000000E-002   2.47411241729559     
  2.736000000000000E-002   2.49009793870670     
  2.738000000000000E-002   2.50333892426994     
  2.740000000000000E-002   2.51422150835328     
  2.742000000000000E-002   2.52327446638910     
  2.744000000000000E-002   2.53102372605760     
  2.746000000000000E-002   2.53771609374650     
  2.748000000000000E-002   2.54339548281344     
  2.750000000000000E-002   2.54808434936840     
  2.752000000000000E-002   2.55187571211184     
  2.754000000000000E-002   2.55485575556935     
  2.756000000000000E-002   2.55708627218778     
  2.758000000000000E-002   2.55858502423670     
  2.760000000000000E-002   2.55934801763283     
  2.762000000000000E-002   2.55958754924112     
  2.764000000000000E-002   2.55958723581573     
  2.766000000000000E-002   2.55944692859496     
  2.768000000000000E-002   2.55905506988826     
  2.770000000000000E-002   2.55831728511900     
  2.772000000000000E-002   2.55716349746732     
  2.774000000000000E-002   2.55553060542119     
  2.776000000000000E-002   2.55334672636001     
  2.778000000000000E-002   2.55055791690366     
  2.780000000000000E-002   2.54796788781841     
  2.782000000000000E-002   2.54639415466546     
  2.784000000000000E-002   2.54566373457581     
  2.786000000000000E-002   2.54549824730516     
  2.788000000000000E-002   2.54565220838690     
  2.790000000000000E-002   2.54636200491404     
  2.792000000000000E-002   2.54796670000165     
  2.794000000000000E-002   2.55081352612344     
  2.796000000000000E-002   2.55520349846178     
  2.798000000000000E-002   2.56140880062768     
  2.800000000000000E-002   2.56968155180742     
  2.802000000000000E-002   2.58023047955383     
  2.804000000000000E-002   2.59316470871517     
  2.806000000000000E-002   2.60841724324020     
  2.808000000000000E-002   2.62455101663206     
  2.810000000000000E-002   2.63774290384943     
  2.812000000000000E-002   2.64802410091432     
  2.814000000000000E-002   2.65589782467212     
  2.816000000000000E-002   2.66186933514093     
  2.818000000000000E-002   2.66635099805627     
  2.820000000000000E-002   2.66962630432121     
  2.822000000000000E-002   2.67192119088718     
  2.824000000000000E-002   2.67345479459433     
  2.826000000000000E-002   2.67442990449889     
  2.828000000000000E-002   2.67501688091175     
  2.830000000000000E-002   2.67533894003420     
  2.832000000000000E-002   2.67546873460379     
  2.834000000000000E-002   2.67545676374426     
  2.836000000000000E-002   2.67527053465904     
  2.838000000000000E-002   2.67485343088933     
  2.840000000000000E-002   2.67425674488108     
  2.842000000000000E-002   2.67356230898410     
  2.844000000000000E-002   2.67286687201964     
  2.846000000000000E-002   2.67221930905295     
  2.848000000000000E-002   2.67160248794743     
  2.850000000000000E-002   2.67101787172596     
  2.852000000000000E-002   2.67048287918548     
  2.854000000000000E-002   2.66999937403047     
  2.856000000000000E-002   2.66954458234274     
  2.858000000000000E-002   2.66908929633522     
  2.860000000000000E-002   2.66862326655966     
  2.862000000000000E-002   2.66813839273824     
  2.864000000000000E-002   2.66762547213734     
  2.866000000000000E-002   2.66707165410919     
  2.868000000000000E-002   2.66646023062853     
  2.870000000000000E-002   2.66576749837035     
  2.872000000000000E-002   2.66495611891198     
  2.874000000000000E-002   2.66397075415861     
  2.876000000000000E-002   2.66274166094875     
  2.878000000000000E-002   2.66119439991712     
  2.880000000000000E-002   2.65925895161545     
  2.882000000000000E-002   2.65687228287484     
  2.884000000000000E-002   2.65397542323465     
  2.886000000000000E-002   2.65050667598579     
  2.888000000000000E-002   2.64639807390277     
  2.890000000000000E-002   2.64159123180283     
  2.892000000000000E-002   2.63604254189059     
  2.894000000000000E-002   2.62971410847837     
  2.896000000000000E-002   2.62262991719888     
  2.898000000000000E-002   2.61520403629483     
  2.900000000000000E-002   2.60884078884278     
  2.902000000000000E-002   2.60365833511100     
  2.904000000000000E-002   2.59957909019045     
  2.906000000000000E-002   2.59647927511687     
  2.908000000000000E-002   2.59418449812510     
  2.910000000000000E-002   2.59250615092204     
  2.912000000000000E-002   2.59130788192271     
  2.914000000000000E-002   2.59048762989236     
  2.916000000000000E-002   2.58995325303326     
  2.918000000000000E-002   2.58970013085624     
  2.920000000000000E-002   2.58956740815846     
  2.922000000000000E-002   2.58950697362555     
  2.924000000000000E-002   2.58953426011626     
  2.926000000000000E-002   2.58960197717425     
  2.928000000000000E-002   2.58971648154837     
  2.930000000000000E-002   2.58988558538998     
  2.932000000000000E-002   2.59011876470863     
  2.934000000000000E-002   2.59040530668195     
  2.936000000000000E-002   2.59074280031266     
  2.938000000000000E-002   2.59112137240579     
  2.940000000000000E-002   2.59152452612578     
  2.942000000000000E-002   2.59191882128107     
  2.944000000000000E-002   2.59229285974054     
  2.946000000000000E-002   2.59265052181219     
  2.948000000000000E-002   2.59299487009801     
  2.950000000000000E-002   2.59332533930422     
  2.952000000000000E-002   2.59364208256807     
  2.954000000000000E-002   2.59395045320756     
  2.956000000000000E-002   2.59425974691653     
  2.958000000000000E-002   2.59458633214763     
  2.960000000000000E-002   2.59493453128882     
  2.962000000000000E-002   2.59529758391251     
  2.964000000000000E-002   2.59567004062815     
  2.966000000000000E-002   2.59604868311478     
  2.968000000000000E-002   2.59643681230414     
  2.970000000000000E-002   2.59684066269312     
  2.972000000000000E-002   2.59725955149468     
  2.974000000000000E-002   2.59768201098618     
  2.976000000000000E-002   2.59809484932705     
  2.978000000000000E-002   2.59850323631520     
  2.980000000000000E-002   2.59891203110974     
  2.982000000000000E-002   2.59932580966496     
  2.984000000000000E-002   2.59974639290879     
  2.986000000000000E-002   2.60017237624662     
  2.988000000000000E-002   2.60060443172879     
  2.990000000000000E-002   2.60104730746775     
  2.992000000000000E-002   2.60149878496556     
  2.994000000000000E-002   2.60190830763846     
  2.996000000000000E-002   2.60231852183570     
  2.998000000000000E-002   2.60267833911302     
  3.000000000000000E-002   2.60302068808596     
  3.002000000000000E-002   2.60334012542216     
  3.004000000000000E-002   2.60363271228812     
  3.006000000000000E-002   2.60389979953629     
  3.008000000000000E-002   2.60414282821206     
  3.010000000000000E-002   2.60436522768026     
  3.012000000000000E-002   2.60458235644806     
  3.014000000000000E-002   2.60481165840609     
  3.016000000000000E-002   2.60506570374059     
  3.018000000000000E-002   2.60534795026875     
  3.020000000000000E-002   2.60565733279069     
  3.022000000000000E-002   2.60599059323053     
  3.024000000000000E-002   2.60634403187442     
  3.026000000000000E-002   2.60671516507290     
  3.028000000000000E-002   2.60710888293856     
  3.030000000000000E-002   2.60753767318116     
  3.032000000000000E-002   2.60801073859317     
  3.034000000000000E-002   2.60852737957427     
  3.036000000000000E-002   2.60908084928362     
  3.038000000000000E-002   2.60966396206675     
  3.040000000000000E-002   2.61027100615006     
  3.042000000000000E-002   2.61089695864546     
  3.044000000000000E-002   2.61153731303338     
  3.046000000000000E-002   2.61218905020967     
  3.048000000000000E-002   2.61284979018647     
  3.050000000000000E-002   2.61351485029452     
  3.052000000000000E-002   2.61417838506191     
  3.054000000000000E-002   2.61483549661446     
  3.056000000000000E-002   2.61547853905891     
  3.058000000000000E-002   2.61610331209536     
  3.060000000000000E-002   2.61670918807170     
  3.062000000000000E-002   2.61729315116667     
  3.064000000000000E-002   2.61785183424286     
  3.066000000000000E-002   2.61838424064292     
  3.068000000000000E-002   2.61888693733522     
  3.070000000000000E-002   2.61935979809074     
  3.072000000000000E-002   2.61980239907386     
  3.074000000000000E-002   2.62021090461367     
  3.076000000000000E-002   2.62058716220316     
  3.078000000000000E-002   2.62092525049289     
  3.080000000000000E-002   2.62121897439739     
  3.082000000000000E-002   2.62147030721235     
  3.084000000000000E-002   2.62168390872483     
  3.086000000000000E-002   2.62185755223999     
  3.088000000000000E-002   2.62199362425651     
  3.090000000000000E-002   2.62208879109612     
  3.092000000000000E-002   2.62215656122028     
  3.094000000000000E-002   2.62219277563109     
  3.096000000000000E-002   2.62219241439504     
  3.098000000000000E-002   2.62217896442399     
  3.100000000000000E-002   2.62215077553007     
  3.102000000000000E-002   2.62210745289021     
  3.104000000000000E-002   2.62205610570063     
  3.106000000000000E-002   2.62199973809666     
  3.108000000000000E-002   2.62193689620420     
  3.110000000000000E-002   2.62187032470482     
  3.112000000000000E-002   2.62180336523470     
  3.114000000000000E-002   2.62173345244724     
  3.116000000000000E-002   2.62168221120411     
  3.118000000000000E-002   2.62162975396459     
  3.120000000000000E-002   2.62156549184721     
  3.122000000000000E-002   2.62149303427033     
  3.124000000000000E-002   2.62140348371930     
  3.126000000000000E-002   2.62128124195704     
  3.128000000000000E-002   2.62111303857676     
  3.130000000000000E-002   2.62087649531983     
  3.132000000000000E-002   2.62055467692616     
  3.134000000000000E-002   2.62012819984962     
  3.136000000000001E-002   2.61957707131044     
  3.138000000000001E-002   2.61888024694173     
  3.140000000000000E-002   2.61801550429859     
  3.142000000000000E-002   2.61695848537259     
  3.144000000000000E-002   2.61568347483800     
  3.146000000000000E-002   2.61416555887094     
  3.148000000000000E-002   2.61238211787515     
  3.150000000000000E-002   2.61031343020378     
  3.152000000000000E-002   2.60794426253482     
  3.154000000000001E-002   2.60526559107526     
  3.156000000000000E-002   2.60227816748312     
  3.158000000000000E-002   2.59898295300046     
  3.160000000000000E-002   2.59541201364467     
  3.162000000000000E-002   2.59191715464071     
  3.164000000000000E-002   2.58886474929715     
  3.166000000000000E-002   2.58626920933335     
  3.168000000000000E-002   2.58412917719840     
  3.170000000000001E-002   2.58241259474314     
  3.172000000000001E-002   2.58107389487965     
  3.174000000000000E-002   2.58004089962351     
  3.176000000000000E-002   2.57925499132522     
  3.178000000000000E-002   2.57866093854992     
  3.180000000000000E-002   2.57827824095513     
  3.182000000000000E-002   2.57807461298742     
  3.184000000000000E-002   2.57801807806530     
  3.186000000000000E-002   2.57802805307442     
  3.188000000000001E-002   2.57811044143703     
  3.190000000000000E-002   2.57833892429567     
  3.192000000000000E-002   2.57876787925311     
  3.194000000000000E-002   2.57942216681131     
  3.196000000000000E-002   2.58029550450655     
  3.198000000000000E-002   2.58136430167916     
  3.200000000000000E-002   2.58260670445694     
  3.202000000000000E-002   2.58400187628344     
  3.204000000000001E-002   2.58552189490119     
  3.206000000000001E-002   2.58711649655503     
  3.208000000000000E-002   2.58861114056873     
  3.210000000000000E-002   2.58998363169519     
  3.212000000000000E-002   2.59126186924786     
  3.214000000000000E-002   2.59247038504848     
  3.216000000000000E-002   2.59362956582056     
  3.218000000000000E-002   2.59475490732060     
  3.220000000000000E-002   2.59584794764765     
  3.222000000000001E-002   2.59689148926190     
  3.224000000000000E-002   2.59786672250864     
  3.226000000000000E-002   2.59877038230760     
  3.228000000000000E-002   2.59960003917017     
  3.230000000000000E-002   2.60035400446789     
  3.232000000000000E-002   2.60103872546115     
  3.234000000000000E-002   2.60167425089412     
  3.236000000000000E-002   2.60226901256511     
  3.238000000000001E-002   2.60282017274823     
  3.240000000000001E-002   2.60332795245488     
  3.242000000000000E-002   2.60379376914555     
  3.244000000000000E-002   2.60421976537600     
  3.246000000000000E-002   2.60460814278021     
  3.248000000000000E-002   2.60496094898874     
  3.250000000000000E-002   2.60528106665413     
  3.252000000000000E-002   2.60557833777188     
  3.254000000000000E-002   2.60586962808312     
  3.256000000000001E-002   2.60616427637055     
  3.258000000000000E-002   2.60647163316232     
  3.260000000000000E-002   2.60680141727792     
  3.262000000000000E-002   2.60716101598941     
  3.264000000000000E-002   2.60755242035550     
  3.266000000000000E-002   2.60797020061248     
  3.268000000000000E-002   2.60841038169703     
  3.270000000000000E-002   2.60888351354941     
  3.272000000000001E-002   2.60940102657575     
  3.274000000000001E-002   2.60995770868987     
  3.276000000000000E-002   2.61054232288023     
  3.278000000000000E-002   2.61114833632339     
  3.280000000000000E-002   2.61177518472367     
  3.282000000000000E-002   2.61242496602189     
  3.284000000000000E-002   2.61309930195445     
  3.286000000000000E-002   2.61379795975570     
  3.288000000000000E-002   2.61451900403744     
  3.290000000000001E-002   2.61525956401595     
  3.292000000000000E-002   2.61601637948551     
  3.294000000000000E-002   2.61678492765893     
  3.296000000000000E-002   2.61756482728398     
  3.298000000000000E-002   2.61835361341229     
  3.300000000000000E-002   2.61914509457216     
  3.302000000000000E-002   2.61993382917663     
  3.304000000000000E-002   2.62071522993202     
  3.306000000000001E-002   2.62148726150169     
  3.308000000000001E-002   2.62224468105087     
  3.310000000000000E-002   2.62297343514630     
  3.312000000000000E-002   2.62366104417611     
  3.314000000000000E-002   2.62429903776789     
  3.316000000000000E-002   2.62488680390867     
  3.318000000000000E-002   2.62542360973790     
  3.320000000000000E-002   2.62590050309207     
  3.322000000000000E-002   2.62631363551869     
  3.324000000000001E-002   2.62666416898609     
  3.326000000000000E-002   2.62695375613380     
  3.328000000000000E-002   2.62718737046631     
  3.330000000000000E-002   2.62737157622196     
  3.332000000000000E-002   2.62750761591915     
  3.334000000000000E-002   2.62759220254639     
  3.336000000000000E-002   2.62762406893368     
  3.338000000000000E-002   2.62759376936134     
  3.340000000000001E-002   2.62748844728816     
  3.342000000000001E-002   2.62732484820888     
  3.344000000000000E-002   2.62709522065737     
  3.346000000000000E-002   2.62680502947336     
  3.348000000000000E-002   2.62646936978149     
  3.350000000000000E-002   2.62607120964679     
  3.352000000000000E-002   2.62560179199748     
  3.354000000000000E-002   2.62509068488298     
  3.356000000000000E-002   2.62453618365876     
  3.358000000000001E-002   2.62394894558720     
  3.360000000000000E-002   2.62333289811075     
  3.362000000000000E-002   2.62268780002844     
  3.364000000000000E-002   2.62201185248396     
  3.366000000000000E-002   2.62130453499161     
  3.368000000000000E-002   2.62056769413620     
  3.370000000000000E-002   2.61980776973215     
  3.372000000000000E-002   2.61903792284988     
  3.374000000000001E-002   2.61825991895523     
  3.376000000000001E-002   2.61748061576612     
  3.378000000000000E-002   2.61670919407237     
  3.380000000000000E-002   2.61594493897422     
  3.382000000000000E-002   2.61518440067974     
  3.384000000000000E-002   2.61442499990297     
  3.386000000000000E-002   2.61366651131287     
  3.388000000000000E-002   2.61290757631165     
  3.390000000000000E-002   2.61214850758816     
  3.392000000000001E-002   2.61139794936824     
  3.394000000000000E-002   2.61064796886674     
  3.396000000000000E-002   2.60989782310555     
  3.398000000000000E-002   2.60914825238648     
  3.400000000000000E-002   2.60840121684782     
  3.402000000000000E-002   2.60768779362926     
  3.404000000000000E-002   2.60706313470852     
  3.406000000000000E-002   2.60653999204841     
  3.408000000000001E-002   2.60610477223252     
  3.410000000000001E-002   2.60575158764913     
  3.412000000000000E-002   2.60547545112567     
  3.414000000000000E-002   2.60527505946967     
  3.416000000000000E-002   2.60515218464216     
  3.418000000000000E-002   2.60510448798336     
  3.420000000000000E-002   2.60512223276509     
  3.422000000000000E-002   2.60521316808213     
  3.424000000000000E-002   2.60536770546573     
  3.426000000000001E-002   2.60557039608805     
  3.428000000000000E-002   2.60581114518557     
  3.430000000000000E-002   2.60607532437597     
  3.432000000000000E-002   2.60635265085435     
  3.434000000000000E-002   2.60663120945494     
  3.436000000000000E-002   2.60690689011518     
  3.438000000000000E-002   2.60719060629006     
  3.440000000000000E-002   2.60749240767414     
  3.442000000000001E-002   2.60780767654491     
  3.444000000000001E-002   2.60812949956872     
  3.446000000000000E-002   2.60845586032115     
  3.448000000000000E-002   2.60878663835986     
  3.450000000000000E-002   2.60912269055546     
  3.452000000000000E-002   2.60945328744126     
  3.454000000000000E-002   2.60972174359723     
  3.456000000000000E-002   2.60991887680570     
  3.458000000000000E-002   2.61004953674932     
  3.460000000000001E-002   2.61005277558666     
  3.462000000000000E-002   2.60999835007551     
  3.464000000000000E-002   2.60988614598024     
  3.466000000000000E-002   2.60969336676483     
  3.468000000000000E-002   2.60941046029754     
  3.470000000000000E-002   2.60909285800172     
  3.472000000000000E-002   2.60872479067927     
  3.474000000000000E-002   2.60830525952435     
  3.476000000000001E-002   2.60781084111972     
  3.478000000000001E-002   2.60721536504585     
  3.480000000000000E-002   2.60650169053755     
  3.482000000000000E-002   2.60566455547633     
  3.484000000000000E-002   2.60470566553079     
  3.486000000000000E-002   2.60362346125425     
  3.488000000000000E-002   2.60250950841326     
  3.490000000000000E-002   2.60164270408087     
  3.492000000000000E-002   2.60100869675331     
  3.494000000000001E-002   2.60056400971312     
  3.496000000000000E-002   2.60027880562590     
  3.498000000000000E-002   2.60009106324169     
  3.500000000000000E-002   2.60006131476323     
  3.502000000000000E-002   2.60009204730435     
  3.504000000000000E-002   2.60019328272989     
  3.506000000000000E-002   2.60037275115620     
  3.508000000000000E-002   2.60062093412502     
  3.510000000000001E-002   2.60094436424598     
  3.512000000000001E-002   2.60131639905875     
  3.514000000000000E-002   2.60167379321784     
  3.516000000000000E-002   2.60205665935335     
  3.518000000000000E-002   2.60247337259782     
  3.520000000000000E-002   2.60289592471742     
  3.522000000000000E-002   2.60332282429202     
  3.524000000000000E-002   2.60374070336963     
  3.526000000000000E-002   2.60409721177858     
  3.528000000000001E-002   2.60437894865587     
  3.530000000000000E-002   2.60458464266985     
  3.532000000000000E-002   2.60472066951051     
  3.534000000000000E-002   2.60480072134673     
  3.536000000000000E-002   2.60483897565317     
  3.538000000000000E-002   2.60484937315723     
  3.540000000000000E-002   2.60484551432396     
  3.542000000000000E-002   2.60484125405262     
  3.544000000000001E-002   2.60485291552528     
  3.546000000000001E-002   2.60489893438847     
  3.548000000000000E-002   2.60498448936920     
  3.550000000000000E-002   2.60510830767268     
  3.552000000000000E-002   2.60527285659303     
  3.554000000000000E-002   2.60548123232383     
  3.556000000000000E-002   2.60573091557828     
  3.558000000000000E-002   2.60602044408117     
  3.560000000000000E-002   2.60636056378572     
  3.562000000000001E-002   2.60676463388833     
  3.564000000000001E-002   2.60722949783118     
  3.566000000000000E-002   2.60774405574039     
  3.568000000000000E-002   2.60829246700822     
  3.570000000000000E-002   2.60885572478332     
  3.572000000000000E-002   2.60943486458489     
  3.574000000000000E-002   2.61003105932840     
  3.576000000000000E-002   2.61064494416963     
  3.578000000000001E-002   2.61127598656550     
  3.580000000000001E-002   2.61192243543219     
  3.582000000000000E-002   2.61258146511338     
  3.584000000000000E-002   2.61324946821905     
  3.586000000000000E-002   2.61391884615114     
  3.588000000000000E-002   2.61456785555103     
  3.590000000000000E-002   2.61518784012743     
  3.592000000000000E-002   2.61577840957324     
  3.594000000000000E-002   2.61633813195790     
  3.596000000000001E-002   2.61686561906825     
  3.598000000000001E-002   2.61736076584357     
  3.600000000000000E-002   2.61782168118459     
  3.602000000000000E-002   2.61824448702266     
  3.604000000000000E-002   2.61862816555207     
  3.606000000000000E-002   2.61897908875630     
  3.608000000000000E-002   2.61929245013200     
  3.610000000000000E-002   2.61956809643952     
  3.612000000000001E-002   2.61981069123389     
  3.614000000000001E-002   2.62002314432272     
  3.616000000000000E-002   2.62020479790767     
  3.618000000000000E-002   2.62035100044474     
  3.620000000000000E-002   2.62045220225242     
  3.622000000000000E-002   2.62051055336032     
  3.624000000000000E-002   2.62054284144068     
  3.626000000000000E-002   2.62056065780153     
  3.628000000000000E-002   2.62059417418582     
  3.630000000000001E-002   2.62065259303112     
  3.632000000000001E-002   2.62072159086997     
  3.634000000000000E-002   2.62079914381353     
  3.636000000000000E-002   2.62089646230841     
  3.638000000000000E-002   2.62102690328149     
  3.640000000000000E-002   2.62119880153855     
  3.642000000000000E-002   2.62141111873231     
  3.644000000000000E-002   2.62164898719201     
  3.646000000000001E-002   2.62191020342166     
  3.648000000000001E-002   2.62220785740205     
  3.650000000000000E-002   2.62255391274404     
  3.652000000000000E-002   2.62296040317808     
  3.654000000000000E-002   2.62343480543513     
  3.656000000000000E-002   2.62398155561224     
  3.658000000000000E-002   2.62460263386376     
  3.660000000000000E-002   2.62529918314501     
  3.662000000000000E-002   2.62607007335328     
  3.664000000000001E-002   2.62691225832197     
  3.666000000000001E-002   2.62782120997439     
  3.668000000000000E-002   2.62879064458820     
  3.670000000000000E-002   2.62981413477515     
  3.672000000000000E-002   2.63088449668761     
  3.674000000000000E-002   2.63199394933079     
  3.676000000000000E-002   2.63313471855932     
  3.678000000000000E-002   2.63429852704210     
  3.680000000000001E-002   2.63547987653563     
  3.682000000000001E-002   2.63666847599210     
  3.684000000000000E-002   2.63784743616220     
  3.686000000000000E-002   2.63900835234445     
  3.688000000000000E-002   2.64014938294754     
  3.690000000000000E-002   2.64127293442722     
  3.692000000000000E-002   2.64238272542217     
  3.694000000000000E-002   2.64348144675223     
  3.696000000000000E-002   2.64456952968928     
  3.698000000000001E-002   2.64564705365737     
  3.700000000000001E-002   2.64671330769897     
  3.702000000000000E-002   2.64776619814436     
  3.704000000000000E-002   2.64880058673724     
  3.706000000000000E-002   2.64980921370679     
  3.708000000000000E-002   2.65078337490945     
  3.710000000000000E-002   2.65171659424284     
  3.712000000000000E-002   2.65260541911398     
  3.714000000000001E-002   2.65344742087600     
  3.716000000000001E-002   2.65424212026493     
  3.718000000000000E-002   2.65499240982950     
  3.720000000000000E-002   2.65570331055244     
  3.722000000000000E-002   2.65637620123358     
  3.724000000000000E-002   2.65701197639230     
  3.726000000000000E-002   2.65760094203524     
  3.728000000000000E-002   2.65813926895693     
  3.730000000000000E-002   2.65863559793040     
  3.732000000000001E-002   2.65907173820293     
  3.734000000000001E-002   2.65942406349452     
  3.736000000000000E-002   2.65967165496581     
  3.738000000000000E-002   2.65979489297936     
  3.740000000000000E-002   2.65979316575862     
  3.742000000000000E-002   2.65964756852250     
  3.744000000000000E-002   2.65934352009252     
  3.746000000000000E-002   2.65889730750577     
  3.748000000000001E-002   2.65827109007367     
  3.750000000000001E-002   2.65742152252329     
  3.752000000000000E-002   2.65630017038104     
  3.754000000000000E-002   2.65484864482172     
  3.756000000000000E-002   2.65300680717992     
  3.758000000000000E-002   2.65072027473288     
  3.760000000000000E-002   2.64794386726398     
  3.762000000000000E-002   2.64464239964486     
  3.764000000000000E-002   2.64078457313890     
  3.766000000000001E-002   2.63643072700351     
  3.768000000000001E-002   2.63217630324083     
  3.770000000000000E-002   2.62847447746785     
  3.772000000000000E-002   2.62529276932547     
  3.774000000000000E-002   2.62258302417251     
  3.776000000000000E-002   2.62028679030054     
  3.778000000000000E-002   2.61833775488125     
  3.780000000000000E-002   2.61666959632412     
  3.782000000000001E-002   2.61522399025746     
  3.784000000000001E-002   2.61395389960832     
  3.786000000000000E-002   2.61281782418757     
  3.788000000000000E-002   2.61176075593570     
  3.790000000000000E-002   2.61072458209176     
  3.792000000000000E-002   2.60967479258904     
  3.794000000000000E-002   2.60857530049720     
  3.796000000000000E-002   2.60737943036474     
  3.798000000000000E-002   2.60607665909807     
  3.800000000000001E-002   2.60472325875947     
  3.802000000000001E-002   2.60335595894346     
  3.804000000000000E-002   2.60191666130698     
  3.806000000000000E-002   2.60037974866162     
  3.808000000000000E-002   2.59876067119916     
  3.810000000000000E-002   2.59718425416533     
  3.812000000000000E-002   2.59570841757903     
  3.814000000000000E-002   2.59437586405027     
  3.816000000000001E-002   2.59317293490692     
  3.818000000000001E-002   2.59210997238405     
  3.820000000000000E-002   2.59119009242014     
  3.822000000000000E-002   2.59042016876815     
  3.824000000000000E-002   2.58980958922694     
  3.826000000000000E-002   2.58935334058384     
  3.828000000000000E-002   2.58904252053331     
  3.830000000000000E-002   2.58886488441823     
  3.832000000000000E-002   2.58878937843488     
  3.834000000000001E-002   2.58878871367401     
  3.836000000000001E-002   2.58888233048394     
  3.838000000000000E-002   2.58907705354506     
  3.840000000000000E-002   2.58933539851715     
  3.842000000000000E-002   2.58965806646881     
  3.844000000000000E-002   2.59004959910494     
  3.846000000000000E-002   2.59051202739661     
  3.848000000000000E-002   2.59103246650430     
  3.850000000000001E-002   2.59160340713887     
  3.852000000000001E-002   2.59222490916808     
  3.854000000000000E-002   2.59289004945578     
  3.856000000000000E-002   2.59359243645830     
  3.858000000000000E-002   2.59433096853804     
  3.860000000000000E-002   2.59510831075722     
  3.862000000000000E-002   2.59592753795528     
  3.864000000000000E-002   2.59679026320672     
  3.866000000000000E-002   2.59769694318865     
  3.868000000000001E-002   2.59864764285223     
  3.870000000000001E-002   2.59964236029926     
  3.872000000000000E-002   2.60068098726186     
  3.874000000000000E-002   2.60176342348556     
  3.876000000000000E-002   2.60288952894765     
  3.878000000000000E-002   2.60405944216374     
  3.880000000000000E-002   2.60527437983238     
  3.882000000000000E-002   2.60653394790772     
  3.884000000000001E-002   2.60783844830021     
  3.886000000000001E-002   2.60919065587127     
  3.888000000000000E-002   2.61059382871382     
  3.890000000000000E-002   2.61205122019280     
  3.892000000000000E-002   2.61356525647354     
  3.894000000000000E-002   2.61513726361108     
  3.896000000000000E-002   2.61676736240608     
  3.898000000000000E-002   2.61845476640105     
  3.900000000000000E-002   2.62019774616425     
  3.902000000000001E-002   2.62199394304232     
  3.904000000000001E-002   2.62384011000338     
  3.906000000000000E-002   2.62573289054191     
  3.908000000000000E-002   2.62766987581511     
  3.910000000000000E-002   2.62965278118819     
  3.912000000000000E-002   2.63168551478712     
  3.914000000000000E-002   2.63370093728079     
  3.916000000000000E-002   2.63562784410832     
  3.918000000000001E-002   2.63740586277674     
  3.920000000000001E-002   2.63899588287737     
  3.922000000000000E-002   2.64037260225185     
  3.924000000000000E-002   2.64152546059519     
  3.926000000000000E-002   2.64245102200685     
  3.928000000000000E-002   2.64315577862811     
  3.930000000000000E-002   2.64365437668573     
  3.932000000000000E-002   2.64398439051183     
  3.934000000000000E-002   2.64420610256781     
  3.936000000000001E-002   2.64433629727121     
  3.938000000000001E-002   2.64435878513051     
  3.940000000000000E-002   2.64427851080110     
  3.942000000000000E-002   2.64399656393035     
  3.944000000000000E-002   2.64342235886873     
  3.946000000000000E-002   2.64247015194455     
  3.948000000000000E-002   2.64106183243053     
  3.950000000000000E-002   2.63913676068314     
  3.952000000000001E-002   2.63665518305085     
  3.954000000000001E-002   2.63363787482014     
  3.956000000000000E-002   2.63042289232657     
  3.958000000000000E-002   2.62771116010610     
  3.960000000000000E-002   2.62547401224051     
  3.962000000000000E-002   2.62366674958855     
  3.964000000000000E-002   2.62229116164671     
  3.966000000000000E-002   2.62131175490118     
  3.968000000000000E-002   2.62059700942555     
  3.970000000000001E-002   2.61992694727241     
  3.972000000000001E-002   2.61905890614031     
  3.974000000000000E-002   2.61753171784759     
  3.976000000000000E-002   2.61286819131078     
  3.978000000000000E-002   2.59605609783535     
  3.980000000000000E-002   2.53514591003296     
  3.982000000000000E-002   2.33210802143602     
  3.984000000000000E-002   1.81935561981252     
  3.986000000000001E-002   1.30877021831068     
  3.988000000000001E-002   1.18437507265568     
  3.990000000000000E-002   1.16571091960240     
  3.992000000000000E-002   1.16333500497194     
  3.994000000000000E-002   1.16304126355890     
  3.996000000000000E-002   1.16300508463067     
  3.998000000000000E-002   1.16300057371130     
  4.000000000000000E-002   1.16299860394384     
