  0.000000000000000E+000   443.669005160825     
  2.000000000000000E-005   997.660142468328     
  4.000000000000000E-005   997.660142468328     
  6.000000000000001E-005   997.660142468329     
  8.000000000000001E-005   997.660142468329     
  1.000000000000000E-004   997.660142468329     
  1.200000000000000E-004   997.660142468329     
  1.400000000000000E-004   997.660142468329     
  1.600000000000000E-004   997.660142468328     
  1.800000000000000E-004   997.660142468328     
  2.000000000000000E-004   997.660142468328     
  2.200000000000000E-004   997.660142468332     
  2.400000000000000E-004   997.660142468335     
  2.600000000000000E-004   997.660142468338     
  2.800000000000000E-004   997.660142468339     
  3.000000000000000E-004   997.660142468340     
  3.200000000000000E-004   997.660142468341     
  3.400000000000000E-004   997.660142468342     
  3.600000000000000E-004   997.660142468343     
  3.800000000000000E-004   997.660142468345     
  4.000000000000000E-004   997.660142468347     
  4.200000000000000E-004   997.660142468350     
  4.400000000000000E-004   997.660142468352     
  4.600000000000000E-004   997.660142468353     
  4.800000000000001E-004   997.660142468353     
  5.000000000000000E-004   997.660142468354     
  5.200000000000001E-004   997.660142468355     
  5.400000000000000E-004   997.660142468356     
  5.600000000000001E-004   997.660142468357     
  5.800000000000000E-004   997.660142468358     
  6.000000000000001E-004   997.660142468359     
  6.200000000000000E-004   997.660142468359     
  6.400000000000001E-004   997.660142468359     
  6.600000000000001E-004   997.660142468361     
  6.800000000000000E-004   997.660142468363     
  7.000000000000001E-004   997.660142468365     
  7.200000000000000E-004   997.660142468365     
  7.400000000000001E-004   997.660142468366     
  7.600000000000000E-004   997.660142468366     
  7.800000000000001E-004   997.660142468366     
  8.000000000000000E-004   997.660142468366     
  8.200000000000001E-004   997.660142468365     
  8.400000000000000E-004   997.660142468363     
  8.600000000000001E-004   997.660142468362     
  8.800000000000000E-004   997.660142468360     
  9.000000000000001E-004   997.660142468360     
  9.200000000000000E-004   997.660142468359     
  9.400000000000001E-004   997.660142468359     
  9.600000000000001E-004   997.660142468358     
  9.800000000000002E-004   997.660142468358     
  1.000000000000000E-003   997.660142468357     
  1.020000000000000E-003   997.660142468357     
  1.040000000000000E-003   997.660142468355     
  1.060000000000000E-003   997.660142468354     
  1.080000000000000E-003   997.660142468352     
  1.100000000000000E-003   997.660142468351     
  1.120000000000000E-003   997.660142468351     
  1.140000000000000E-003   997.660142468349     
  1.160000000000000E-003   997.660142468348     
  1.180000000000000E-003   997.660142468348     
  1.200000000000000E-003   997.660142468347     
  1.220000000000000E-003   997.660142468347     
  1.240000000000000E-003   997.660142468346     
  1.260000000000000E-003   997.660142468347     
  1.280000000000000E-003   997.660142468348     
  1.300000000000000E-003   997.660142468349     
  1.320000000000000E-003   997.660142468350     
  1.340000000000000E-003   997.660142468350     
  1.360000000000000E-003   997.660142468349     
  1.380000000000000E-003   997.660142468348     
  1.400000000000000E-003   997.660142468347     
  1.420000000000000E-003   997.660142468347     
  1.440000000000000E-003   997.660142468347     
  1.460000000000000E-003   997.660142468347     
  1.480000000000000E-003   997.660142468340     
  1.500000000000000E-003   997.660142468320     
  1.520000000000000E-003   997.660142468261     
  1.540000000000000E-003   997.660142468084     
  1.560000000000000E-003   997.660142467546     
  1.580000000000000E-003   997.660142465915     
  1.600000000000000E-003   997.660142461049     
  1.620000000000000E-003   997.660142446790     
  1.640000000000000E-003   997.660142405787     
  1.660000000000000E-003   997.660142290188     
  1.680000000000000E-003   997.660141970758     
  1.700000000000000E-003   997.660141106084     
  1.720000000000000E-003   997.660138814340     
  1.740000000000000E-003   997.660132870431     
  1.760000000000000E-003   997.660117793710     
  1.780000000000000E-003   997.660080418403     
  1.800000000000000E-003   997.659989929543     
  1.820000000000000E-003   997.659776133852     
  1.840000000000000E-003   997.659283612744     
  1.860000000000000E-003   997.658178353768     
  1.880000000000000E-003   997.655764757004     
  1.900000000000000E-003   997.650641743515     
  1.920000000000000E-003   997.640085996409     
  1.940000000000000E-003   997.619002820250     
  1.960000000000000E-003   997.578247558360     
  1.980000000000000E-003   997.502128993959     
  2.000000000000000E-003   997.365016368483     
  2.020000000000000E-003   997.127237843753     
  2.040000000000000E-003   996.730860222423     
  2.060000000000000E-003   996.096042623049     
  2.080000000000000E-003   995.117553805453     
  2.100000000000000E-003   993.925233044415     
  2.120000000000000E-003   992.963724522299     
  2.140000000000000E-003   992.305438331740     
  2.160000000000000E-003   991.937266434746     
  2.180000000000000E-003   991.795425136144     
  2.200000000000000E-003   991.783015580562     
  2.220000000000000E-003   991.940491044628     
  2.240000000000000E-003   992.485306797768     
  2.260000000000000E-003   993.565474531677     
  2.280000000000000E-003   994.698051814454     
  2.300000000000000E-003   995.541954673423     
  2.320000000000000E-003   996.150135632236     
  2.340000000000000E-003   996.583519205292     
  2.360000000000000E-003   996.893377190148     
  2.380000000000000E-003   997.116211687773     
  2.400000000000000E-003   997.270967287346     
  2.420000000000000E-003   997.370071880452     
  2.440000000000000E-003   997.419621997926     
  2.460000000000000E-003   997.431997533842     
  2.480000000000000E-003   997.426034771003     
  2.500000000000000E-003   997.396714454834     
  2.520000000000000E-003   997.338377692561     
  2.540000000000000E-003   997.246911553438     
  2.560000000000000E-003   997.116275470129     
  2.580000000000000E-003   996.938486830703     
  2.600000000000000E-003   996.722144714697     
  2.620000000000000E-003   996.528680051862     
  2.640000000000000E-003   996.377814967216     
  2.660000000000000E-003   996.274396653410     
  2.680000000000000E-003   996.217086612295     
  2.700000000000000E-003   996.197437324973     
  2.720000000000000E-003   996.202168102505     
  2.740000000000000E-003   996.229891634279     
  2.760000000000000E-003   996.283743931447     
  2.780000000000000E-003   996.362276967122     
  2.800000000000000E-003   996.460241495423     
  2.820000000000000E-003   996.561800003174     
  2.840000000000000E-003   996.653482959414     
  2.860000000000000E-003   996.731959931271     
  2.880000000000000E-003   996.796780996083     
  2.900000000000000E-003   996.850212666758     
  2.920000000000000E-003   996.895050667803     
  2.940000000000000E-003   996.933319645891     
  2.960000000000000E-003   996.966242758241     
  2.980000000000000E-003   996.994715649564     
  3.000000000000000E-003   997.019564165505     
  3.020000000000000E-003   997.041463367217     
  3.040000000000000E-003   997.060852675693     
  3.060000000000000E-003   997.078039312773     
  3.080000000000000E-003   997.093348943638     
  3.100000000000000E-003   997.107137575949     
  3.120000000000000E-003   997.119704538890     
  3.140000000000000E-003   997.131224213879     
  3.160000000000000E-003   997.141779231723     
  3.180000000000000E-003   997.151419300335     
  3.200000000000000E-003   997.160275213235     
  3.220000000000000E-003   997.168587112237     
  3.240000000000000E-003   997.176630047760     
  3.260000000000000E-003   997.184677388777     
  3.280000000000000E-003   997.193149375160     
  3.300000000000000E-003   997.201963205893     
  3.320000000000000E-003   997.209709262105     
  3.340000000000000E-003   997.215523270993     
  3.360000000000000E-003   997.218936375445     
  3.380000000000000E-003   997.219558908834     
  3.400000000000000E-003   997.216373733528     
  3.420000000000000E-003   997.205254708981     
  3.440000000000000E-003   997.179955568595     
  3.460000000000000E-003   997.130101159315     
  3.480000000000000E-003   997.039328992694     
  3.500000000000000E-003   996.883030884105     
  3.520000000000000E-003   996.626439879957     
  3.540000000000000E-003   996.223994026496     
  3.560000000000000E-003   995.620713524283     
  3.580000000000000E-003   994.756158528643     
  3.600000000000000E-003   993.570934350706     
  3.620000000000000E-003   992.014984670082     
  3.640000000000000E-003   990.056066878267     
  3.660000000000000E-003   987.686091605740     
  3.680000000000000E-003   984.923030614443     
  3.700000000000000E-003   981.807297928554     
  3.720000000000000E-003   978.393427384256     
  3.740000000000000E-003   974.739463125794     
  3.760000000000000E-003   970.897469538995     
  3.780000000000000E-003   966.891501317244     
  3.800000000000000E-003   962.776447276058     
  3.820000000000000E-003   958.761441704630     
  3.840000000000001E-003   954.923848737133     
  3.860000000000000E-003   951.296149377293     
  3.880000000000000E-003   947.887181894379     
  3.900000000000000E-003   944.683879438559     
  3.920000000000001E-003   941.656250077305     
  3.940000000000000E-003   938.760147702464     
  3.960000000000000E-003   935.949549121210     
  3.980000000000000E-003   933.178865724168     
  4.000000000000000E-003   930.421329041723     
  4.020000000000000E-003   927.639356432833     
  4.040000000000000E-003   924.739493883508     
  4.060000000000000E-003   921.588848953639     
  4.080000000000000E-003   918.089926973533     
  4.100000000000000E-003   914.252835960607     
  4.120000000000000E-003   910.195088461026     
  4.140000000000000E-003   906.112349823669     
  4.160000000000001E-003   902.087130125531     
  4.180000000000001E-003   898.100838350774     
  4.200000000000001E-003   894.154117660511     
  4.220000000000001E-003   890.251143581740     
  4.240000000000001E-003   886.395758532608     
  4.260000000000001E-003   882.591588294433     
  4.280000000000000E-003   878.841993933861     
  4.300000000000000E-003   875.149258222621     
  4.320000000000000E-003   871.513983250658     
  4.340000000000000E-003   867.935200764313     
  4.360000000000000E-003   864.410952011320     
  4.380000000000000E-003   860.938943799911     
  4.400000000000000E-003   857.517080383128     
  4.420000000000000E-003   854.143830099329     
  4.440000000000000E-003   850.818490352344     
  4.460000000000000E-003   847.541465107302     
  4.480000000000000E-003   844.314661238329     
  4.500000000000001E-003   841.141844587218     
  4.520000000000001E-003   838.028457689652     
  4.540000000000001E-003   834.980741555075     
  4.560000000000001E-003   832.004807010083     
  4.580000000000001E-003   829.106324349611     
  4.600000000000001E-003   826.290815452223     
  4.620000000000000E-003   823.563639155815     
  4.640000000000000E-003   820.930992889216     
  4.660000000000000E-003   818.399723470254     
  4.680000000000000E-003   815.978526628893     
  4.700000000000000E-003   813.676430716295     
  4.720000000000000E-003   811.503389972436     
  4.740000000000000E-003   809.467803359313     
  4.760000000000000E-003   807.580017897403     
  4.780000000000000E-003   805.847882338870     
  4.800000000000000E-003   804.281758770997     
  4.820000000000000E-003   802.882290420291     
  4.840000000000001E-003   801.653905298174     
  4.860000000000001E-003   800.589784110760     
  4.880000000000001E-003   799.699724169890     
  4.900000000000001E-003   798.982063899606     
  4.920000000000001E-003   798.459316881870     
  4.940000000000001E-003   798.104965850463     
  4.960000000000000E-003   797.916233830521     
  4.980000000000000E-003   797.911830160718     
  5.000000000000000E-003   798.045313826263     
  5.020000000000000E-003   798.326343448880     
  5.040000000000000E-003   798.628261728890     
  5.060000000000000E-003   798.849730193017     
  5.080000000000000E-003   798.956491572102     
  5.100000000000000E-003   798.991299966771     
  5.120000000000000E-003   799.003689787930     
  5.140000000000000E-003   799.103637488517     
  5.160000000000001E-003   799.372289172590     
  5.180000000000001E-003   799.890967840903     
  5.200000000000001E-003   800.711062230028     
  5.220000000000001E-003   801.753836095316     
  5.240000000000001E-003   802.652494622377     
  5.260000000000001E-003   803.375511054490     
  5.280000000000001E-003   804.001455036770     
  5.300000000000000E-003   804.591019230958     
  5.320000000000000E-003   805.245057088397     
  5.340000000000000E-003   805.943581557650     
  5.360000000000000E-003   806.461839394551     
  5.380000000000000E-003   806.753393551412     
  5.400000000000000E-003   806.864054599281     
  5.420000000000000E-003   806.863004429919     
  5.440000000000000E-003   806.833913731064     
  5.460000000000000E-003   806.878800852673     
  5.480000000000000E-003   807.089096757777     
  5.500000000000001E-003   807.591138359428     
  5.520000000000001E-003   808.438727733247     
  5.540000000000001E-003   809.611298149360     
  5.560000000000001E-003   810.893153801958     
  5.580000000000001E-003   812.060039252820     
  5.600000000000001E-003   813.174073333935     
  5.620000000000001E-003   814.267569413960     
  5.640000000000000E-003   815.383464731336     
  5.660000000000000E-003   816.576057750888     
  5.680000000000000E-003   817.876561516115     
  5.700000000000000E-003   819.260038266358     
  5.720000000000000E-003   820.634873196703     
  5.740000000000000E-003   821.975065925245     
  5.760000000000000E-003   823.275397093984     
  5.780000000000000E-003   824.551994507381     
  5.800000000000000E-003   825.840908811637     
  5.820000000000001E-003   827.200673004588     
  5.840000000000001E-003   828.637888058283     
  5.860000000000001E-003   830.010833195662     
  5.880000000000001E-003   831.314147586422     
  5.900000000000001E-003   832.584135658925     
  5.920000000000001E-003   833.879362529377     
  5.940000000000001E-003   835.314706403898     
  5.960000000000001E-003   837.022885701024     
  5.980000000000000E-003   838.820654953388     
  6.000000000000000E-003   840.404647953569     
  6.020000000000000E-003   841.791907639236     
  6.040000000000000E-003   843.060411316667     
  6.060000000000000E-003   844.262020704623     
  6.080000000000000E-003   845.462823551880     
  6.100000000000000E-003   846.728269420080     
  6.120000000000000E-003   848.153869924750     
  6.140000000000000E-003   849.795910796048     
  6.160000000000001E-003   851.632198618202     
  6.180000000000001E-003   853.628157089783     
  6.200000000000001E-003   855.816232576074     
  6.220000000000001E-003   858.272305490956     
  6.240000000000001E-003   861.037524420699     
  6.260000000000001E-003   864.146748199455     
  6.280000000000001E-003   867.659669044170     
  6.300000000000001E-003   871.694832446225     
  6.320000000000000E-003   876.965747930071     
  6.340000000000000E-003   885.314177176667     
  6.360000000000000E-003   900.468384942849     
  6.380000000000000E-003   916.722613446669     
  6.400000000000000E-003   926.941037005973     
  6.420000000000000E-003   931.946448457852     
  6.440000000000000E-003   933.837324408053     
  6.460000000000000E-003   934.234103774479     
  6.480000000000001E-003   934.144676411776     
  6.500000000000001E-003   933.980816290834     
  6.520000000000001E-003   934.281062505712     
  6.540000000000001E-003   935.477329070027     
  6.560000000000001E-003   937.154863853069     
  6.580000000000001E-003   938.316374878584     
  6.600000000000001E-003   938.079628614529     
  6.620000000000001E-003   936.704709935397     
  6.640000000000001E-003   934.310710610847     
  6.660000000000000E-003   931.371914799211     
  6.680000000000000E-003   928.257684433539     
  6.700000000000000E-003   925.562628070136     
  6.720000000000000E-003   923.282040891106     
  6.740000000000000E-003   921.283043459780     
  6.760000000000000E-003   919.421743485913     
  6.780000000000000E-003   917.593471199434     
  6.800000000000000E-003   915.745856910128     
  6.820000000000001E-003   913.820518648554     
  6.840000000000001E-003   911.765266360822     
  6.860000000000001E-003   909.622443296697     
  6.880000000000001E-003   907.487238798391     
  6.900000000000001E-003   905.349698471809     
  6.920000000000001E-003   903.168380208825     
  6.940000000000001E-003   900.936749422117     
  6.960000000000001E-003   898.623130145254     
  6.980000000000001E-003   896.207451708701     
  7.000000000000000E-003   893.683938952029     
  7.020000000000000E-003   891.027995684614     
  7.040000000000000E-003   888.237214773085     
  7.060000000000000E-003   885.303582212419     
  7.080000000000000E-003   882.244912137950     
  7.100000000000000E-003   879.087972772212     
  7.120000000000000E-003   875.870578802434     
  7.140000000000001E-003   872.645394309171     
  7.160000000000001E-003   869.524148047114     
  7.180000000000001E-003   866.654584547695     
  7.200000000000001E-003   864.768398315913     
  7.220000000000001E-003   864.947524711300     
  7.240000000000001E-003   868.953254199365     
  7.260000000000001E-003   879.517476054615     
  7.280000000000001E-003   901.556979477431     
  7.300000000000001E-003   942.508445928892     
  7.320000000000001E-003   1016.32602818375     
  7.340000000000000E-003   1153.10852338644     
  7.360000000000000E-003   1430.20217064540     
  7.380000000000000E-003   1951.55695084560     
  7.400000000000000E-003   2640.35430766718     
  7.420000000000000E-003   3326.93134985694     
  7.440000000000000E-003   3821.28671748960     
  7.460000000000000E-003   4093.25971753525     
  7.480000000000001E-003   4219.42236279670     
  7.500000000000001E-003   4274.59202939259     
  7.520000000000001E-003   4299.41569433871     
  7.540000000000001E-003   4311.50526931389     
  7.560000000000001E-003   4317.68835323073     
  7.580000000000001E-003   4320.95634405291     
  7.600000000000001E-003   4322.62841664422     
  7.620000000000001E-003   4323.33414797702     
  7.640000000000001E-003   4323.42796293842     
  7.660000000000001E-003   4323.15232991530     
  7.680000000000001E-003   4322.66556447042     
  7.700000000000000E-003   4322.05079268271     
  7.720000000000000E-003   4321.39322591393     
  7.740000000000000E-003   4320.72104187040     
  7.760000000000000E-003   4320.01963052079     
  7.780000000000000E-003   4319.52535053364     
  7.800000000000001E-003   4318.98343634798     
  7.820000000000001E-003   4318.46070339329     
  7.840000000000001E-003   4318.00588742396     
  7.860000000000001E-003   4317.61537349190     
  7.880000000000000E-003   4317.28477695218     
  7.900000000000001E-003   4317.01716767781     
  7.920000000000000E-003   4316.81605708937     
  7.940000000000001E-003   4316.68526593663     
  7.960000000000000E-003   4316.62372362947     
  7.980000000000001E-003   4316.61956263711     
  8.000000000000000E-003   4316.69130321559     
  8.020000000000001E-003   4316.81137686394     
  8.040000000000000E-003   4316.98722404061     
  8.060000000000001E-003   4317.21439492708     
  8.080000000000000E-003   4317.49002920341     
  8.100000000000001E-003   4317.81157094946     
  8.120000000000000E-003   4318.17456714602     
  8.140000000000001E-003   4318.57756212651     
  8.160000000000001E-003   4319.01611208573     
  8.180000000000002E-003   4319.48479154771     
  8.200000000000001E-003   4319.98059264086     
  8.220000000000000E-003   4320.50183577513     
  8.240000000000001E-003   4321.04969295343     
  8.260000000000000E-003   4321.62338263953     
  8.280000000000001E-003   4322.22014810182     
  8.300000000000000E-003   4322.83072207390     
  8.320000000000001E-003   4323.45198837910     
  8.340000000000000E-003   4324.08246259202     
  8.360000000000001E-003   4324.71803035030     
  8.380000000000000E-003   4325.35752193730     
  8.400000000000001E-003   4326.00084735518     
  8.420000000000000E-003   4326.63628457121     
  8.440000000000001E-003   4327.26646093121     
  8.460000000000001E-003   4327.88591425607     
  8.480000000000001E-003   4328.40850354019     
  8.500000000000001E-003   4328.76297555047     
  8.520000000000002E-003   4328.78625036366     
  8.540000000000001E-003   4328.41598393705     
  8.560000000000000E-003   4327.05671975802     
  8.580000000000001E-003   4324.30014549098     
  8.600000000000000E-003   4318.54808377430     
  8.620000000000001E-003   4306.61079031939     
  8.640000000000000E-003   4281.83655275365     
  8.660000000000001E-003   4230.72884876624     
  8.680000000000000E-003   4127.91198890215     
  8.700000000000001E-003   3932.80209405491     
  8.720000000000000E-003   3600.34722474196     
  8.740000000000001E-003   3118.86037052562     
  8.760000000000000E-003   2548.72060276802     
  8.780000000000001E-003   1999.02712826715     
  8.800000000000001E-003   1550.34071559566     
  8.820000000000001E-003   1222.71393208041     
  8.840000000000001E-003   1024.36155452540     
  8.860000000000002E-003   928.811080925352     
  8.880000000000001E-003   878.289548896978     
  8.900000000000000E-003   849.973273652064     
  8.920000000000001E-003   833.533238711676     
  8.940000000000000E-003   823.696884211679     
  8.960000000000001E-003   817.697311202273     
  8.980000000000000E-003   813.952385946505     
  9.000000000000001E-003   811.516140160086     
  9.020000000000000E-003   809.767345970618     
  9.040000000000001E-003   808.362047524681     
  9.060000000000000E-003   807.111451215464     
  9.080000000000001E-003   805.996799680655     
  9.100000000000000E-003   804.903158059055     
  9.120000000000001E-003   803.782576805160     
  9.140000000000001E-003   802.619243750626     
  9.160000000000001E-003   801.420998628128     
  9.180000000000001E-003   800.233645490566     
  9.200000000000002E-003   799.085911141584     
  9.220000000000001E-003   797.945820272829     
  9.240000000000000E-003   796.782164842093     
  9.260000000000001E-003   795.534790416805     
  9.280000000000000E-003   794.107130378084     
  9.300000000000001E-003   792.376733117433     
  9.320000000000000E-003   790.214961763859     
  9.340000000000001E-003   787.511329079121     
  9.360000000000000E-003   784.204490189054     
  9.380000000000001E-003   780.310835442433     
  9.400000000000000E-003   776.396066255029     
  9.420000000000001E-003   773.173174772805     
  9.440000000000000E-003   770.515945305201     
  9.460000000000001E-003   768.297479274774     
  9.480000000000001E-003   766.436825368032     
  9.500000000000001E-003   764.885138687281     
  9.520000000000001E-003   763.602606027097     
  9.540000000000002E-003   762.540179850132     
  9.560000000000001E-003   761.630398745439     
  9.580000000000000E-003   760.801860299687     
  9.600000000000001E-003   759.999329494665     
  9.620000000000000E-003   759.191062579466     
  9.640000000000001E-003   758.343217578612     
  9.660000000000000E-003   757.392206631348     
  9.680000000000001E-003   756.223054934288     
  9.700000000000000E-003   754.665175568114     
  9.720000000000001E-003   752.488204722661     
  9.740000000000000E-003   749.379417274031     
  9.760000000000001E-003   744.959640228266     
  9.780000000000000E-003   738.828026127068     
  9.800000000000001E-003   730.684268454955     
  9.820000000000001E-003   720.471239521676     
  9.840000000000002E-003   709.818049320187     
  9.860000000000001E-003   701.660196202055     
  9.880000000000002E-003   695.757461880887     
  9.900000000000001E-003   691.560313481954     
  9.920000000000000E-003   688.615411907720     
  9.940000000000001E-003   686.550044986149     
  9.960000000000000E-003   685.069749561722     
  9.980000000000001E-003   683.919848003108     
  1.000000000000000E-002   682.910087701487     
  1.002000000000000E-002   681.909570380408     
  1.004000000000000E-002   680.818519528067     
  1.006000000000000E-002   679.245030001647     
  1.008000000000000E-002   676.167272297794     
  1.010000000000000E-002   667.743771866091     
  1.012000000000000E-002   641.632024663649     
  1.014000000000000E-002   564.874244443580     
  1.016000000000000E-002   414.155488874567     
  1.018000000000000E-002   324.205191241497     
  1.020000000000000E-002   304.153346536990     
  1.022000000000000E-002   300.416167170690     
  1.024000000000000E-002   299.744415900908     
  1.026000000000000E-002   299.624093153162     
  1.028000000000000E-002   299.602443274136     
  1.030000000000000E-002   299.598519902716     
  1.032000000000000E-002   299.597802935498     
  1.034000000000000E-002   299.597670714121     
  1.036000000000000E-002   299.597646097946     
  1.038000000000000E-002   299.597641471677     
  1.040000000000000E-002   299.597640594402     
  1.042000000000000E-002   299.597640426679     
  1.044000000000000E-002   299.597640394383     
  1.046000000000000E-002   299.597640388126     
  1.048000000000000E-002   299.597640386908     
  1.050000000000000E-002   299.597640386670     
  1.052000000000000E-002   299.597640386624     
  1.054000000000000E-002   299.597640386615     
  1.056000000000000E-002   299.597640386613     
  1.058000000000000E-002   299.597640386612     
  1.060000000000000E-002   299.597640386612     
  1.062000000000000E-002   299.597640386612     
  1.064000000000000E-002   299.597640386612     
  1.066000000000000E-002   299.597640386612     
  1.068000000000000E-002   299.597640386612     
  1.070000000000000E-002   299.597640386612     
  1.072000000000000E-002   299.597640386612     
  1.074000000000000E-002   299.597640386612     
  1.076000000000000E-002   299.597640386612     
  1.078000000000000E-002   299.597640386612     
  1.080000000000000E-002   299.597640386612     
  1.082000000000000E-002   299.597640386612     
  1.084000000000000E-002   299.597640386612     
  1.086000000000000E-002   299.597640386612     
  1.088000000000000E-002   299.597640386612     
  1.090000000000000E-002   299.597640386612     
  1.092000000000000E-002   299.597640386612     
  1.094000000000000E-002   299.597640386612     
  1.096000000000000E-002   299.597640386612     
  1.098000000000000E-002   299.597640386612     
  1.100000000000000E-002   299.597640386612     
  1.102000000000000E-002   299.597640386612     
  1.104000000000000E-002   299.597640386612     
  1.106000000000000E-002   299.597640386612     
  1.108000000000000E-002   299.597640386612     
  1.110000000000000E-002   299.597640386612     
  1.112000000000000E-002   299.597640386612     
  1.114000000000000E-002   299.597640386612     
  1.116000000000000E-002   299.597640386612     
  1.118000000000000E-002   299.597640386612     
  1.120000000000000E-002   299.597640386612     
  1.122000000000000E-002   299.597640386612     
  1.124000000000000E-002   299.597640386612     
  1.126000000000000E-002   299.597640386612     
  1.128000000000000E-002   299.597640386612     
  1.130000000000000E-002   299.597640386612     
  1.132000000000000E-002   299.597640386612     
  1.134000000000000E-002   299.597640386612     
  1.136000000000000E-002   299.597640386612     
  1.138000000000000E-002   299.597640386612     
  1.140000000000000E-002   299.597640386612     
  1.142000000000000E-002   299.597640386612     
  1.144000000000000E-002   299.597640386612     
  1.146000000000000E-002   299.597640386612     
  1.148000000000000E-002   299.597640386612     
  1.150000000000000E-002   299.597640386612     
  1.152000000000000E-002   299.597640386612     
  1.154000000000000E-002   299.597640386612     
  1.156000000000000E-002   299.597640386612     
  1.158000000000000E-002   299.597640386612     
  1.160000000000000E-002   299.597640386612     
  1.162000000000000E-002   299.597640386612     
  1.164000000000000E-002   299.597640386612     
  1.166000000000000E-002   299.597640386612     
  1.168000000000000E-002   299.597640386612     
  1.170000000000000E-002   299.597640386612     
  1.172000000000000E-002   299.597640386612     
  1.174000000000000E-002   299.597640386612     
  1.176000000000000E-002   299.597640386612     
  1.178000000000000E-002   299.597640386612     
  1.180000000000000E-002   299.597640386612     
  1.182000000000000E-002   299.597640386612     
  1.184000000000000E-002   299.597640386612     
  1.186000000000000E-002   299.597640386612     
  1.188000000000000E-002   299.597640386612     
  1.190000000000000E-002   299.597640386612     
  1.192000000000000E-002   299.597640386612     
  1.194000000000000E-002   299.597640386612     
  1.196000000000000E-002   299.597640386612     
  1.198000000000000E-002   299.597640386612     
  1.200000000000000E-002   299.597640386612     
  1.202000000000000E-002   299.597640386612     
  1.204000000000000E-002   299.597640386612     
  1.206000000000000E-002   299.597640386612     
  1.208000000000000E-002   299.597640386612     
  1.210000000000000E-002   299.597640386612     
  1.212000000000000E-002   299.597640386612     
  1.214000000000000E-002   299.597640386612     
  1.216000000000000E-002   299.597640386612     
  1.218000000000000E-002   299.597640386612     
  1.220000000000000E-002   299.597640386612     
  1.222000000000000E-002   299.597640386612     
  1.224000000000000E-002   299.597640386612     
  1.226000000000000E-002   299.597640386612     
  1.228000000000000E-002   299.597640386612     
  1.230000000000000E-002   299.597640386612     
  1.232000000000000E-002   299.597640386612     
  1.234000000000000E-002   299.597640386612     
  1.236000000000000E-002   299.597640386612     
  1.238000000000000E-002   299.597640386612     
  1.240000000000000E-002   299.597640386612     
  1.242000000000000E-002   299.597640386612     
  1.244000000000000E-002   299.597640386612     
  1.246000000000000E-002   299.597640386612     
  1.248000000000000E-002   299.597640386612     
  1.250000000000000E-002   299.597640386612     
  1.252000000000000E-002   299.597640386612     
  1.254000000000000E-002   299.597640386612     
  1.256000000000000E-002   299.597640386612     
  1.258000000000000E-002   299.597640386612     
  1.260000000000000E-002   299.597640386612     
  1.262000000000000E-002   299.597640386612     
  1.264000000000000E-002   299.597640386612     
  1.266000000000000E-002   299.597640386612     
  1.268000000000000E-002   299.597640386612     
  1.270000000000000E-002   299.597640386612     
  1.272000000000000E-002   299.597640386612     
  1.274000000000000E-002   299.597640386612     
  1.276000000000000E-002   299.597640386612     
  1.278000000000000E-002   299.597640386612     
  1.280000000000000E-002   299.597640386612     
  1.282000000000000E-002   299.597640386612     
  1.284000000000000E-002   299.597640386612     
  1.286000000000000E-002   299.597640386612     
  1.288000000000000E-002   299.597640386612     
  1.290000000000000E-002   299.597640386612     
  1.292000000000000E-002   299.597640386612     
  1.294000000000000E-002   299.597640386612     
  1.296000000000000E-002   299.597640386612     
  1.298000000000000E-002   299.597640386612     
  1.300000000000000E-002   299.597640386612     
  1.302000000000000E-002   299.597640386612     
  1.304000000000000E-002   299.597640386612     
  1.306000000000000E-002   299.597640386612     
  1.308000000000000E-002   299.597640386612     
  1.310000000000000E-002   299.597640386612     
  1.312000000000000E-002   299.597640386612     
  1.314000000000000E-002   299.597640386612     
  1.316000000000000E-002   299.597640386612     
  1.318000000000000E-002   299.597640386612     
  1.320000000000000E-002   299.597640386612     
  1.322000000000000E-002   299.597640386612     
  1.324000000000000E-002   299.597640386612     
  1.326000000000000E-002   299.597640386612     
  1.328000000000000E-002   299.597640386612     
  1.330000000000000E-002   299.597640386612     
  1.332000000000000E-002   299.597640386612     
  1.334000000000000E-002   299.597640386612     
  1.336000000000000E-002   299.597640386612     
  1.338000000000000E-002   299.597640386612     
  1.340000000000000E-002   299.597640386612     
  1.342000000000000E-002   299.597640386612     
  1.344000000000000E-002   299.597640386612     
  1.346000000000000E-002   299.597640386612     
  1.348000000000000E-002   299.597640386612     
  1.350000000000000E-002   299.597640386612     
  1.352000000000000E-002   299.597640386612     
  1.354000000000000E-002   299.597640386612     
  1.356000000000000E-002   299.597640386612     
  1.358000000000000E-002   299.597640386612     
  1.360000000000000E-002   299.597640386612     
  1.362000000000000E-002   299.597640386612     
  1.364000000000000E-002   299.597640386612     
  1.366000000000000E-002   299.597640386612     
  1.368000000000000E-002   299.597640386612     
  1.370000000000000E-002   299.597640386612     
  1.372000000000000E-002   299.597640386612     
  1.374000000000000E-002   299.597640386612     
  1.376000000000000E-002   299.597640386612     
  1.378000000000000E-002   299.597640386612     
  1.380000000000000E-002   299.597640386612     
  1.382000000000000E-002   299.597640386612     
  1.384000000000000E-002   299.597640386612     
  1.386000000000000E-002   299.597640386612     
  1.388000000000000E-002   299.597640386612     
  1.390000000000000E-002   299.597640386612     
  1.392000000000000E-002   299.597640386612     
  1.394000000000000E-002   299.597640386612     
  1.396000000000000E-002   299.597640386612     
  1.398000000000000E-002   299.597640386612     
  1.400000000000000E-002   299.597640386612     
  1.402000000000000E-002   299.597640386612     
  1.404000000000000E-002   299.597640386612     
  1.406000000000000E-002   299.597640386612     
  1.408000000000000E-002   299.597640386612     
  1.410000000000000E-002   299.597640386612     
  1.412000000000000E-002   299.597640386612     
  1.414000000000000E-002   299.597640386612     
  1.416000000000000E-002   299.597640386612     
  1.418000000000000E-002   299.597640386612     
  1.420000000000000E-002   299.597640386612     
  1.422000000000000E-002   299.597640386612     
  1.424000000000000E-002   299.597640386612     
  1.426000000000000E-002   299.597640386612     
  1.428000000000000E-002   299.597640386612     
  1.430000000000000E-002   299.597640386612     
  1.432000000000000E-002   299.597640386612     
  1.434000000000000E-002   299.597640386612     
  1.436000000000000E-002   299.597640386612     
  1.438000000000000E-002   299.597640386612     
  1.440000000000000E-002   299.597640386612     
  1.442000000000000E-002   299.597640386612     
  1.444000000000000E-002   299.597640386612     
  1.446000000000000E-002   299.597640386612     
  1.448000000000000E-002   299.597640386612     
  1.450000000000000E-002   299.597640386612     
  1.452000000000000E-002   299.597640386612     
  1.454000000000000E-002   299.597640386612     
  1.456000000000000E-002   299.597640386612     
  1.458000000000000E-002   299.597640386612     
  1.460000000000000E-002   299.597640386612     
  1.462000000000000E-002   299.597640386612     
  1.464000000000000E-002   299.597640386612     
  1.466000000000000E-002   299.597640386612     
  1.468000000000000E-002   299.597640386612     
  1.470000000000000E-002   299.597640386612     
  1.472000000000000E-002   299.597640386612     
  1.474000000000000E-002   299.597640386612     
  1.476000000000000E-002   299.597640386612     
  1.478000000000000E-002   299.597640386612     
  1.480000000000000E-002   299.597640386612     
  1.482000000000000E-002   299.597640386612     
  1.484000000000000E-002   299.597640386612     
  1.486000000000000E-002   299.597640386612     
  1.488000000000000E-002   299.597640386612     
  1.490000000000000E-002   299.597640386612     
  1.492000000000000E-002   299.597640386612     
  1.494000000000000E-002   299.597640386612     
  1.496000000000000E-002   299.597640386612     
  1.498000000000000E-002   299.597640386612     
  1.500000000000000E-002   299.597640386612     
  1.502000000000000E-002   299.597640386612     
  1.504000000000000E-002   299.597640386612     
  1.506000000000000E-002   299.597640386612     
  1.508000000000000E-002   299.597640386612     
  1.510000000000000E-002   299.597640386612     
  1.512000000000000E-002   299.597640386612     
  1.514000000000000E-002   299.597640386612     
  1.516000000000000E-002   299.597640386612     
  1.518000000000000E-002   299.597640386612     
  1.520000000000000E-002   299.597640386612     
  1.522000000000000E-002   299.597640386612     
  1.524000000000000E-002   299.597640386612     
  1.526000000000000E-002   299.597640386612     
  1.528000000000000E-002   299.597640386612     
  1.530000000000000E-002   299.597640386612     
  1.532000000000000E-002   299.597640386612     
  1.534000000000000E-002   299.597640386612     
  1.536000000000000E-002   299.597640386612     
  1.538000000000000E-002   299.597640386612     
  1.540000000000000E-002   299.597640386612     
  1.542000000000000E-002   299.597640386612     
  1.544000000000000E-002   299.597640386612     
  1.546000000000000E-002   299.597640386612     
  1.548000000000000E-002   299.597640386612     
  1.550000000000000E-002   299.597640386612     
  1.552000000000000E-002   299.597640386612     
  1.554000000000000E-002   299.597640386612     
  1.556000000000000E-002   299.597640386612     
  1.558000000000000E-002   299.597640386612     
  1.560000000000000E-002   299.597640386612     
  1.562000000000000E-002   299.597640386612     
  1.564000000000000E-002   299.597640386612     
  1.566000000000000E-002   299.597640386612     
  1.568000000000000E-002   299.597640386612     
  1.570000000000000E-002   299.597640386612     
  1.572000000000000E-002   299.597640386612     
  1.574000000000000E-002   299.597640386612     
  1.576000000000000E-002   299.597640386612     
  1.578000000000000E-002   299.597640386612     
  1.580000000000000E-002   299.597640386612     
  1.582000000000000E-002   299.597640386612     
  1.584000000000000E-002   299.597640386612     
  1.586000000000000E-002   299.597640386612     
  1.588000000000000E-002   299.597640386612     
  1.590000000000000E-002   299.597640386612     
  1.592000000000000E-002   299.597640386612     
  1.594000000000000E-002   299.597640386612     
  1.596000000000000E-002   299.597640386612     
  1.598000000000000E-002   299.597640386612     
  1.600000000000000E-002   299.597640386612     
  1.602000000000000E-002   299.597640386612     
  1.604000000000000E-002   299.597640386612     
  1.606000000000000E-002   299.597640386612     
  1.608000000000000E-002   299.597640386612     
  1.610000000000000E-002   299.597640386612     
  1.612000000000000E-002   299.597640386612     
  1.614000000000000E-002   299.597640386612     
  1.616000000000000E-002   299.597640386612     
  1.618000000000000E-002   299.597640386612     
  1.620000000000000E-002   299.597640386612     
  1.622000000000000E-002   299.597640386612     
  1.624000000000000E-002   299.597640386612     
  1.626000000000000E-002   299.597640386612     
  1.628000000000000E-002   299.597640386612     
  1.630000000000000E-002   299.597640386612     
  1.632000000000000E-002   299.597640386612     
  1.634000000000000E-002   299.597640386612     
  1.636000000000000E-002   299.597640386612     
  1.638000000000000E-002   299.597640386612     
  1.640000000000000E-002   299.597640386612     
  1.642000000000000E-002   299.597640386612     
  1.644000000000000E-002   299.597640386612     
  1.646000000000000E-002   299.597640386612     
  1.648000000000000E-002   299.597640386612     
  1.650000000000000E-002   299.597640386612     
  1.652000000000000E-002   299.597640386612     
  1.654000000000000E-002   299.597640386612     
  1.656000000000000E-002   299.597640386612     
  1.658000000000000E-002   299.597640386612     
  1.660000000000000E-002   299.597640386612     
  1.662000000000000E-002   299.597640386612     
  1.664000000000000E-002   299.597640386612     
  1.666000000000000E-002   299.597640386612     
  1.668000000000000E-002   299.597640386612     
  1.670000000000000E-002   299.597640386612     
  1.672000000000000E-002   299.597640386612     
  1.674000000000000E-002   299.597640386612     
  1.676000000000000E-002   299.597640386612     
  1.678000000000000E-002   299.597640386612     
  1.680000000000000E-002   299.597640386612     
  1.682000000000000E-002   299.597640386612     
  1.684000000000000E-002   299.597640386612     
  1.686000000000000E-002   299.597640386612     
  1.688000000000000E-002   299.597640386612     
  1.690000000000000E-002   299.597640386612     
  1.692000000000000E-002   299.597640386612     
  1.694000000000000E-002   299.597640386612     
  1.696000000000000E-002   299.597640386612     
  1.698000000000000E-002   299.597640386612     
  1.700000000000000E-002   299.597640386612     
  1.702000000000000E-002   299.597640386612     
  1.704000000000000E-002   299.597640386612     
  1.706000000000000E-002   299.597640386612     
  1.708000000000000E-002   299.597640386612     
  1.710000000000000E-002   299.597640386612     
  1.712000000000000E-002   299.597640386612     
  1.714000000000000E-002   299.597640386612     
  1.716000000000000E-002   299.597640386612     
  1.718000000000000E-002   299.597640386612     
  1.720000000000000E-002   299.597640386612     
  1.722000000000000E-002   299.597640386612     
  1.724000000000000E-002   299.597640386612     
  1.726000000000000E-002   299.597640386612     
  1.728000000000000E-002   299.597640386612     
  1.730000000000000E-002   299.597640386612     
  1.732000000000000E-002   299.597640386612     
  1.734000000000000E-002   299.597640386612     
  1.736000000000000E-002   299.597640386612     
  1.738000000000000E-002   299.597640386612     
  1.740000000000000E-002   299.597640386612     
  1.742000000000000E-002   299.597640386612     
  1.744000000000000E-002   299.597640386612     
  1.746000000000000E-002   299.597640386612     
  1.748000000000000E-002   299.597640386612     
  1.750000000000000E-002   299.597640386612     
  1.752000000000000E-002   299.597640386612     
  1.754000000000000E-002   299.597640386612     
  1.756000000000000E-002   299.597640386612     
  1.758000000000000E-002   299.597640386612     
  1.760000000000000E-002   299.597640386612     
  1.762000000000000E-002   299.597640386612     
  1.764000000000000E-002   299.597640386612     
  1.766000000000000E-002   299.597640386612     
  1.768000000000000E-002   299.597640386612     
  1.770000000000000E-002   299.597640386612     
  1.772000000000000E-002   299.597640386612     
  1.774000000000000E-002   299.597640386612     
  1.776000000000000E-002   299.597640386612     
  1.778000000000000E-002   299.597640386612     
  1.780000000000000E-002   299.597640386612     
  1.782000000000000E-002   299.597640386612     
  1.784000000000000E-002   299.597640386612     
  1.786000000000000E-002   299.597640386612     
  1.788000000000000E-002   299.597640386612     
  1.790000000000000E-002   299.597640386612     
  1.792000000000000E-002   299.597640386612     
  1.794000000000000E-002   299.597640386612     
  1.796000000000000E-002   299.597640386612     
  1.798000000000000E-002   299.597640386612     
  1.800000000000000E-002   299.597640386612     
  1.802000000000000E-002   299.597640386612     
  1.804000000000000E-002   299.597640386612     
  1.806000000000000E-002   299.597640386612     
  1.808000000000000E-002   299.597640386612     
  1.810000000000000E-002   299.597640386612     
  1.812000000000000E-002   299.597640386612     
  1.814000000000000E-002   299.597640386612     
  1.816000000000000E-002   299.597640386612     
  1.818000000000000E-002   299.597640386612     
  1.820000000000000E-002   299.597640386612     
  1.822000000000000E-002   299.597640386612     
  1.824000000000000E-002   299.597640386612     
  1.826000000000000E-002   299.597640386612     
  1.828000000000000E-002   299.597640386612     
  1.830000000000000E-002   299.597640386612     
  1.832000000000000E-002   299.597640386612     
  1.834000000000000E-002   299.597640386612     
  1.836000000000000E-002   299.597640386612     
  1.838000000000000E-002   299.597640386612     
  1.840000000000000E-002   299.597640386612     
  1.842000000000000E-002   299.597640386612     
  1.844000000000000E-002   299.597640386612     
  1.846000000000000E-002   299.597640386612     
  1.848000000000000E-002   299.597640386612     
  1.850000000000000E-002   299.597640386612     
  1.852000000000000E-002   299.597640386612     
  1.854000000000000E-002   299.597640386612     
  1.856000000000000E-002   299.597640386612     
  1.858000000000000E-002   299.597640386612     
  1.860000000000000E-002   299.597640386612     
  1.862000000000000E-002   299.597640386612     
  1.864000000000000E-002   299.597640386612     
  1.866000000000000E-002   299.597640386612     
  1.868000000000000E-002   299.597640386612     
  1.870000000000000E-002   299.597640386612     
  1.872000000000000E-002   299.597640386612     
  1.874000000000000E-002   299.597640386612     
  1.876000000000000E-002   299.597640386612     
  1.878000000000000E-002   299.597640386612     
  1.880000000000000E-002   299.597640386612     
  1.882000000000000E-002   299.597640386612     
  1.884000000000000E-002   299.597640386612     
  1.886000000000000E-002   299.597640386612     
  1.888000000000000E-002   299.597640386612     
  1.890000000000000E-002   299.597640386612     
  1.892000000000000E-002   299.597640386612     
  1.894000000000000E-002   299.597640386612     
  1.896000000000000E-002   299.597640386612     
  1.898000000000000E-002   299.597640386612     
  1.900000000000000E-002   299.597640386612     
  1.902000000000000E-002   299.597640386612     
  1.904000000000000E-002   299.597640386612     
  1.906000000000000E-002   299.597640386612     
  1.908000000000000E-002   299.597640386612     
  1.910000000000000E-002   299.597640386612     
  1.912000000000000E-002   299.597640386612     
  1.914000000000000E-002   299.597640386612     
  1.916000000000000E-002   299.597640386612     
  1.918000000000000E-002   299.597640386612     
  1.920000000000000E-002   299.597640386612     
  1.922000000000000E-002   299.597640386612     
  1.924000000000000E-002   299.597640386612     
  1.926000000000000E-002   299.597640386612     
  1.928000000000000E-002   299.597640386612     
  1.930000000000000E-002   299.597640386612     
  1.932000000000000E-002   299.597640386612     
  1.934000000000000E-002   299.597640386612     
  1.936000000000000E-002   299.597640386612     
  1.938000000000000E-002   299.597640386612     
  1.940000000000000E-002   299.597640386612     
  1.942000000000000E-002   299.597640386612     
  1.944000000000000E-002   299.597640386612     
  1.946000000000000E-002   299.597640386612     
  1.948000000000000E-002   299.597640386612     
  1.950000000000000E-002   299.597640386612     
  1.952000000000000E-002   299.597640386612     
  1.954000000000000E-002   299.597640386612     
  1.956000000000000E-002   299.597640386612     
  1.958000000000000E-002   299.597640386612     
  1.960000000000000E-002   299.597640386612     
  1.962000000000000E-002   299.597640386612     
  1.964000000000000E-002   299.597640386612     
  1.966000000000000E-002   299.597640386612     
  1.968000000000000E-002   299.597640386612     
  1.970000000000000E-002   299.597640386612     
  1.972000000000000E-002   299.597640386612     
  1.974000000000000E-002   299.597640386612     
  1.976000000000000E-002   299.597640386612     
  1.978000000000000E-002   299.597640386612     
  1.980000000000000E-002   299.597640386612     
  1.982000000000000E-002   299.597640386612     
  1.984000000000000E-002   299.597640386612     
  1.986000000000000E-002   299.597640386612     
  1.988000000000000E-002   299.597640386612     
  1.990000000000000E-002   299.597640386612     
  1.992000000000000E-002   299.597640386612     
  1.994000000000000E-002   299.597640386612     
  1.996000000000000E-002   299.597640386612     
  1.998000000000000E-002   299.597640386612     
  2.000000000000000E-002   299.597640386612     
  2.002000000000000E-002   299.597640386612     
  2.004000000000000E-002   299.597640386612     
  2.006000000000000E-002   299.597640386612     
  2.008000000000000E-002   299.597640386612     
  2.010000000000000E-002   299.597640386612     
  2.012000000000000E-002   299.597640386612     
  2.014000000000000E-002   299.597640386612     
  2.016000000000000E-002   299.597640386612     
  2.018000000000000E-002   299.597640386612     
  2.020000000000000E-002   299.597640386612     
  2.022000000000000E-002   299.597640386612     
  2.024000000000000E-002   299.597640386612     
  2.026000000000000E-002   299.597640386612     
  2.028000000000000E-002   299.597640386612     
  2.030000000000000E-002   299.597640386612     
  2.032000000000000E-002   299.597640386612     
  2.034000000000000E-002   299.597640386612     
  2.036000000000000E-002   299.597640386612     
  2.038000000000000E-002   299.597640386612     
  2.040000000000000E-002   299.597640386612     
  2.042000000000000E-002   299.597640386612     
  2.044000000000000E-002   299.597640386612     
  2.046000000000000E-002   299.597640386612     
  2.048000000000000E-002   299.597640386612     
  2.050000000000000E-002   299.597640386612     
  2.052000000000000E-002   299.597640386612     
  2.054000000000000E-002   299.597640386612     
  2.056000000000000E-002   299.597640386612     
  2.058000000000000E-002   299.597640386612     
  2.060000000000000E-002   299.597640386612     
  2.062000000000000E-002   299.597640386612     
  2.064000000000000E-002   299.597640386612     
  2.066000000000000E-002   299.597640386612     
  2.068000000000000E-002   299.597640386612     
  2.070000000000000E-002   299.597640386612     
  2.072000000000000E-002   299.597640386612     
  2.074000000000000E-002   299.597640386612     
  2.076000000000000E-002   299.597640386612     
  2.078000000000000E-002   299.597640386612     
  2.080000000000000E-002   299.597640386612     
  2.082000000000000E-002   299.597640386612     
  2.084000000000000E-002   299.597640386612     
  2.086000000000000E-002   299.597640386612     
  2.088000000000000E-002   299.597640386612     
  2.090000000000000E-002   299.597640386612     
  2.092000000000000E-002   299.597640386612     
  2.094000000000000E-002   299.597640386612     
  2.096000000000000E-002   299.597640386612     
  2.098000000000000E-002   299.597640386612     
  2.100000000000000E-002   299.597640386612     
  2.102000000000000E-002   299.597640386612     
  2.104000000000000E-002   299.597640386612     
  2.106000000000000E-002   299.597640386612     
  2.108000000000000E-002   299.597640386612     
  2.110000000000000E-002   299.597640386612     
  2.112000000000000E-002   299.597640386612     
  2.114000000000000E-002   299.597640386612     
  2.116000000000000E-002   299.597640386612     
  2.118000000000000E-002   299.597640386612     
  2.120000000000000E-002   299.597640386612     
  2.122000000000000E-002   299.597640386612     
  2.124000000000000E-002   299.597640386612     
  2.126000000000000E-002   299.597640386612     
  2.128000000000000E-002   299.597640386612     
  2.130000000000000E-002   299.597640386612     
  2.132000000000000E-002   299.597640386612     
  2.134000000000000E-002   299.597640386612     
  2.136000000000000E-002   299.597640386612     
  2.138000000000000E-002   299.597640386612     
  2.140000000000000E-002   299.597640386612     
  2.142000000000000E-002   299.597640386612     
  2.144000000000000E-002   299.597640386612     
  2.146000000000000E-002   299.597640386612     
  2.148000000000000E-002   299.597640386612     
  2.150000000000000E-002   299.597640386612     
  2.152000000000000E-002   299.597640386612     
  2.154000000000000E-002   299.597640386612     
  2.156000000000000E-002   299.597640386612     
  2.158000000000000E-002   299.597640386612     
  2.160000000000000E-002   299.597640386612     
  2.162000000000000E-002   299.597640386612     
  2.164000000000000E-002   299.597640386612     
  2.166000000000000E-002   299.597640386612     
  2.168000000000000E-002   299.597640386612     
  2.170000000000000E-002   299.597640386612     
  2.172000000000000E-002   299.597640386612     
  2.174000000000000E-002   299.597640386612     
  2.176000000000000E-002   299.597640386612     
  2.178000000000000E-002   299.597640386612     
  2.180000000000000E-002   299.597640386612     
  2.182000000000000E-002   299.597640386612     
  2.184000000000000E-002   299.597640386612     
  2.186000000000000E-002   299.597640386612     
  2.188000000000000E-002   299.597640386612     
  2.190000000000000E-002   299.597640386612     
  2.192000000000000E-002   299.597640386612     
  2.194000000000000E-002   299.597640386612     
  2.196000000000000E-002   299.597640386612     
  2.198000000000000E-002   299.597640386612     
  2.200000000000000E-002   299.597640386612     
  2.202000000000000E-002   299.597640386612     
  2.204000000000000E-002   299.597640386612     
  2.206000000000000E-002   299.597640386612     
  2.208000000000000E-002   299.597640386612     
  2.210000000000000E-002   299.597640386612     
  2.212000000000000E-002   299.597640386612     
  2.214000000000000E-002   299.597640386612     
  2.216000000000000E-002   299.597640386612     
  2.218000000000000E-002   299.597640386612     
  2.220000000000000E-002   299.597640386612     
  2.222000000000000E-002   299.597640386612     
  2.224000000000000E-002   299.597640386612     
  2.226000000000000E-002   299.597640386612     
  2.228000000000000E-002   299.597640386612     
  2.230000000000000E-002   299.597640386612     
  2.232000000000000E-002   299.597640386612     
  2.234000000000000E-002   299.597640386612     
  2.236000000000000E-002   299.597640386612     
  2.238000000000000E-002   299.597640386612     
  2.240000000000000E-002   299.597640386612     
  2.242000000000000E-002   299.597640386612     
  2.244000000000000E-002   299.597640386612     
  2.246000000000000E-002   299.597640386612     
  2.248000000000000E-002   299.597640386612     
  2.250000000000000E-002   299.597640386612     
  2.252000000000000E-002   299.597640386612     
  2.254000000000000E-002   299.597640386612     
  2.256000000000000E-002   299.597640386612     
  2.258000000000000E-002   299.597640386612     
  2.260000000000000E-002   299.597640386612     
  2.262000000000000E-002   299.597640386612     
  2.264000000000000E-002   299.597640386612     
  2.266000000000000E-002   299.597640386612     
  2.268000000000000E-002   299.597640386612     
  2.270000000000000E-002   299.597640386612     
  2.272000000000000E-002   299.597640386612     
  2.274000000000000E-002   299.597640386612     
  2.276000000000000E-002   299.597640386612     
  2.278000000000000E-002   299.597640386612     
  2.280000000000000E-002   299.597640386612     
  2.282000000000000E-002   299.597640386612     
  2.284000000000000E-002   299.597640386612     
  2.286000000000000E-002   299.597640386612     
  2.288000000000000E-002   299.597640386612     
  2.290000000000000E-002   299.597640386612     
  2.292000000000000E-002   299.597640386612     
  2.294000000000000E-002   299.597640386612     
  2.296000000000000E-002   299.597640386612     
  2.298000000000000E-002   299.597640386612     
  2.300000000000000E-002   299.597640386612     
  2.302000000000000E-002   299.597640386612     
  2.304000000000000E-002   299.597640386612     
  2.306000000000000E-002   299.597640386612     
  2.308000000000000E-002   299.597640386612     
  2.310000000000000E-002   299.597640386612     
  2.312000000000000E-002   299.597640386612     
  2.314000000000000E-002   299.597640386612     
  2.316000000000000E-002   299.597640386612     
  2.318000000000000E-002   299.597640386612     
  2.320000000000000E-002   299.597640386612     
  2.322000000000000E-002   299.597640386612     
  2.324000000000000E-002   299.597640386612     
  2.326000000000000E-002   299.597640386612     
  2.328000000000000E-002   299.597640386612     
  2.330000000000000E-002   299.597640386612     
  2.332000000000000E-002   299.597640386612     
  2.334000000000000E-002   299.597640386612     
  2.336000000000000E-002   299.597640386612     
  2.338000000000000E-002   299.597640386612     
  2.340000000000000E-002   299.597640386612     
  2.342000000000000E-002   299.597640386612     
  2.344000000000000E-002   299.597640386612     
  2.346000000000000E-002   299.597640386612     
  2.348000000000000E-002   299.597640386612     
  2.350000000000000E-002   299.597640386612     
  2.352000000000000E-002   299.597640386612     
  2.354000000000000E-002   299.597640386612     
  2.356000000000000E-002   299.597640386612     
  2.358000000000000E-002   299.597640386612     
  2.360000000000000E-002   299.597640386612     
  2.362000000000000E-002   299.597640386612     
  2.364000000000000E-002   299.597640386612     
  2.366000000000000E-002   299.597640386612     
  2.368000000000000E-002   299.597640386612     
  2.370000000000000E-002   299.597640386612     
  2.372000000000000E-002   299.597640386612     
  2.374000000000000E-002   299.597640386612     
  2.376000000000000E-002   299.597640386612     
  2.378000000000000E-002   299.597640386612     
  2.380000000000000E-002   299.597640386612     
  2.382000000000000E-002   299.597640386612     
  2.384000000000000E-002   299.597640386612     
  2.386000000000000E-002   299.597640386612     
  2.388000000000000E-002   299.597640386612     
  2.390000000000000E-002   299.597640386612     
  2.392000000000000E-002   299.597640386612     
  2.394000000000000E-002   299.597640386612     
  2.396000000000000E-002   299.597640386612     
  2.398000000000000E-002   299.597640386612     
  2.400000000000000E-002   299.597640386612     
  2.402000000000000E-002   299.597640386612     
  2.404000000000000E-002   299.597640386612     
  2.406000000000000E-002   299.597640386612     
  2.408000000000000E-002   299.597640386612     
  2.410000000000000E-002   299.597640386612     
  2.412000000000000E-002   299.597640386612     
  2.414000000000000E-002   299.597640386612     
  2.416000000000000E-002   299.597640386612     
  2.418000000000000E-002   299.597640386612     
  2.420000000000000E-002   299.597640386612     
  2.422000000000000E-002   299.597640386612     
  2.424000000000000E-002   299.597640386612     
  2.426000000000000E-002   299.597640386612     
  2.428000000000000E-002   299.597640386612     
  2.430000000000000E-002   299.597640386612     
  2.432000000000000E-002   299.597640386612     
  2.434000000000000E-002   299.597640386612     
  2.436000000000000E-002   299.597640386612     
  2.438000000000000E-002   299.597640386612     
  2.440000000000000E-002   299.597640386612     
  2.442000000000000E-002   299.597640386612     
  2.444000000000000E-002   299.597640386612     
  2.446000000000000E-002   299.597640386612     
  2.448000000000000E-002   299.597640386612     
  2.450000000000000E-002   299.597640386612     
  2.452000000000000E-002   299.597640386612     
  2.454000000000000E-002   299.597640386612     
  2.456000000000000E-002   299.597640386612     
  2.458000000000000E-002   299.597640386612     
  2.460000000000000E-002   299.597640386612     
  2.462000000000000E-002   299.597640386612     
  2.464000000000000E-002   299.597640386612     
  2.466000000000000E-002   299.597640386612     
  2.468000000000000E-002   299.597640386612     
  2.470000000000000E-002   299.597640386612     
  2.472000000000000E-002   299.597640386612     
  2.474000000000000E-002   299.597640386612     
  2.476000000000000E-002   299.597640386612     
  2.478000000000000E-002   299.597640386612     
  2.480000000000000E-002   299.597640386612     
  2.482000000000000E-002   299.597640386612     
  2.484000000000000E-002   299.597640386612     
  2.486000000000000E-002   299.597640386612     
  2.488000000000000E-002   299.597640386612     
  2.490000000000000E-002   299.597640386612     
  2.492000000000000E-002   299.597640386612     
  2.494000000000000E-002   299.597640386612     
  2.496000000000000E-002   299.597640386612     
  2.498000000000000E-002   299.597640386612     
  2.500000000000000E-002   299.597640386612     
  2.502000000000000E-002   299.597640386612     
  2.504000000000000E-002   299.597640386612     
  2.506000000000000E-002   299.597640386612     
  2.508000000000000E-002   299.597640386612     
  2.510000000000000E-002   299.597640386612     
  2.512000000000000E-002   299.597640386612     
  2.514000000000000E-002   299.597640386612     
  2.516000000000000E-002   299.597640386612     
  2.518000000000000E-002   299.597640386612     
  2.520000000000000E-002   299.597640386612     
  2.522000000000000E-002   299.597640386612     
  2.524000000000000E-002   299.597640386612     
  2.526000000000000E-002   299.597640386612     
  2.528000000000000E-002   299.597640386612     
  2.530000000000000E-002   299.597640386612     
  2.532000000000000E-002   299.597640386612     
  2.534000000000000E-002   299.597640386612     
  2.536000000000000E-002   299.597640386612     
  2.538000000000000E-002   299.597640386612     
  2.540000000000000E-002   299.597640386612     
  2.542000000000000E-002   299.597640386612     
  2.544000000000000E-002   299.597640386612     
  2.546000000000000E-002   299.597640386612     
  2.548000000000000E-002   299.597640386612     
  2.550000000000000E-002   299.597640386612     
  2.552000000000000E-002   299.597640386612     
  2.554000000000000E-002   299.597640386612     
  2.556000000000000E-002   299.597640386612     
  2.558000000000000E-002   299.597640386612     
  2.560000000000000E-002   299.597640386612     
  2.562000000000000E-002   299.597640386612     
  2.564000000000000E-002   299.597640386612     
  2.566000000000000E-002   299.597640386612     
  2.568000000000000E-002   299.597640386612     
  2.570000000000000E-002   299.597640386612     
  2.572000000000000E-002   299.597640386612     
  2.574000000000000E-002   299.597640386612     
  2.576000000000000E-002   299.597640386612     
  2.578000000000000E-002   299.597640386612     
  2.580000000000000E-002   299.597640386612     
  2.582000000000000E-002   299.597640386612     
  2.584000000000000E-002   299.597640386612     
  2.586000000000000E-002   299.597640386612     
  2.588000000000000E-002   299.597640386612     
  2.590000000000000E-002   299.597640386612     
  2.592000000000000E-002   299.597640386612     
  2.594000000000000E-002   299.597640386612     
  2.596000000000000E-002   299.597640386612     
  2.598000000000000E-002   299.597640386612     
  2.600000000000000E-002   299.597640386612     
  2.602000000000000E-002   299.597640386612     
  2.604000000000000E-002   299.597640386612     
  2.606000000000000E-002   299.597640386612     
  2.608000000000000E-002   299.597640386612     
  2.610000000000000E-002   299.597640386612     
  2.612000000000000E-002   299.597640386612     
  2.614000000000000E-002   299.597640386612     
  2.616000000000000E-002   299.597640386612     
  2.618000000000000E-002   299.597640386612     
  2.620000000000000E-002   299.597640386612     
  2.622000000000000E-002   299.597640386612     
  2.624000000000000E-002   299.597640386612     
  2.626000000000000E-002   299.597640386612     
  2.628000000000000E-002   299.597640386612     
  2.630000000000000E-002   299.597640386612     
  2.632000000000000E-002   299.597640386612     
  2.634000000000000E-002   299.597640386612     
  2.636000000000000E-002   299.597640386612     
  2.638000000000000E-002   299.597640386612     
  2.640000000000000E-002   299.597640386612     
  2.642000000000000E-002   299.597640386612     
  2.644000000000000E-002   299.597640386612     
  2.646000000000000E-002   299.597640386612     
  2.648000000000000E-002   299.597640386612     
  2.650000000000000E-002   299.597640386612     
  2.652000000000000E-002   299.597640386612     
  2.654000000000000E-002   299.597640386612     
  2.656000000000000E-002   299.597640386612     
  2.658000000000000E-002   299.597640386612     
  2.660000000000000E-002   299.597640386612     
  2.662000000000000E-002   299.597640386612     
  2.664000000000000E-002   299.597640386612     
  2.666000000000000E-002   299.597640386612     
  2.668000000000000E-002   299.597640386612     
  2.670000000000000E-002   299.597640386612     
  2.672000000000000E-002   299.597640386612     
  2.674000000000000E-002   299.597640386612     
  2.676000000000000E-002   299.597640386612     
  2.678000000000000E-002   299.597640386612     
  2.680000000000000E-002   299.597640386612     
  2.682000000000000E-002   299.597640386612     
  2.684000000000000E-002   299.597640386612     
  2.686000000000000E-002   299.597640386612     
  2.688000000000000E-002   299.597640386612     
  2.690000000000000E-002   299.597640386612     
  2.692000000000000E-002   299.597640386612     
  2.694000000000000E-002   299.597640386612     
  2.696000000000000E-002   299.597640386612     
  2.698000000000000E-002   299.597640386612     
  2.700000000000000E-002   299.597640386612     
  2.702000000000000E-002   299.597640386612     
  2.704000000000000E-002   299.597640386612     
  2.706000000000000E-002   299.597640386612     
  2.708000000000000E-002   299.597640386612     
  2.710000000000000E-002   299.597640386612     
  2.712000000000000E-002   299.597640386612     
  2.714000000000000E-002   299.597640386612     
  2.716000000000000E-002   299.597640386612     
  2.718000000000000E-002   299.597640386612     
  2.720000000000000E-002   299.597640386612     
  2.722000000000000E-002   299.597640386612     
  2.724000000000000E-002   299.597640386612     
  2.726000000000000E-002   299.597640386612     
  2.728000000000000E-002   299.597640386612     
  2.730000000000000E-002   299.597640386612     
  2.732000000000000E-002   299.597640386612     
  2.734000000000000E-002   299.597640386612     
  2.736000000000000E-002   299.597640386612     
  2.738000000000000E-002   299.597640386612     
  2.740000000000000E-002   299.597640386612     
  2.742000000000000E-002   299.597640386612     
  2.744000000000000E-002   299.597640386612     
  2.746000000000000E-002   299.597640386612     
  2.748000000000000E-002   299.597640386612     
  2.750000000000000E-002   299.597640386612     
  2.752000000000000E-002   299.597640386612     
  2.754000000000000E-002   299.597640386612     
  2.756000000000000E-002   299.597640386612     
  2.758000000000000E-002   299.597640386612     
  2.760000000000000E-002   299.597640386612     
  2.762000000000000E-002   299.597640386612     
  2.764000000000000E-002   299.597640386612     
  2.766000000000000E-002   299.597640386612     
  2.768000000000000E-002   299.597640386612     
  2.770000000000000E-002   299.597640386612     
  2.772000000000000E-002   299.597640386612     
  2.774000000000000E-002   299.597640386612     
  2.776000000000000E-002   299.597640386612     
  2.778000000000000E-002   299.597640386612     
  2.780000000000000E-002   299.597640386612     
  2.782000000000000E-002   299.597640386612     
  2.784000000000000E-002   299.597640386612     
  2.786000000000000E-002   299.597640386612     
  2.788000000000000E-002   299.597640386612     
  2.790000000000000E-002   299.597640386612     
  2.792000000000000E-002   299.597640386612     
  2.794000000000000E-002   299.597640386612     
  2.796000000000000E-002   299.597640386612     
  2.798000000000000E-002   299.597640386612     
  2.800000000000000E-002   299.597640386612     
  2.802000000000000E-002   299.597640386612     
  2.804000000000000E-002   299.597640386612     
  2.806000000000000E-002   299.597640386612     
  2.808000000000000E-002   299.597640386612     
  2.810000000000000E-002   299.597640386612     
  2.812000000000000E-002   299.597640386612     
  2.814000000000000E-002   299.597640386612     
  2.816000000000000E-002   299.597640386612     
  2.818000000000000E-002   299.597640386612     
  2.820000000000000E-002   299.597640386612     
  2.822000000000000E-002   299.597640386612     
  2.824000000000000E-002   299.597640386612     
  2.826000000000000E-002   299.597640386612     
  2.828000000000000E-002   299.597640386612     
  2.830000000000000E-002   299.597640386612     
  2.832000000000000E-002   299.597640386612     
  2.834000000000000E-002   299.597640386612     
  2.836000000000000E-002   299.597640386612     
  2.838000000000000E-002   299.597640386612     
  2.840000000000000E-002   299.597640386612     
  2.842000000000000E-002   299.597640386612     
  2.844000000000000E-002   299.597640386612     
  2.846000000000000E-002   299.597640386612     
  2.848000000000000E-002   299.597640386612     
  2.850000000000000E-002   299.597640386612     
  2.852000000000000E-002   299.597640386612     
  2.854000000000000E-002   299.597640386612     
  2.856000000000000E-002   299.597640386612     
  2.858000000000000E-002   299.597640386612     
  2.860000000000000E-002   299.597640386612     
  2.862000000000000E-002   299.597640386612     
  2.864000000000000E-002   299.597640386612     
  2.866000000000000E-002   299.597640386612     
  2.868000000000000E-002   299.597640386612     
  2.870000000000000E-002   299.597640386612     
  2.872000000000000E-002   299.597640386612     
  2.874000000000000E-002   299.597640386612     
  2.876000000000000E-002   299.597640386612     
  2.878000000000000E-002   299.597640386612     
  2.880000000000000E-002   299.597640386612     
  2.882000000000000E-002   299.597640386612     
  2.884000000000000E-002   299.597640386612     
  2.886000000000000E-002   299.597640386612     
  2.888000000000000E-002   299.597640386612     
  2.890000000000000E-002   299.597640386612     
  2.892000000000000E-002   299.597640386612     
  2.894000000000000E-002   299.597640386612     
  2.896000000000000E-002   299.597640386612     
  2.898000000000000E-002   299.597640386612     
  2.900000000000000E-002   299.597640386612     
  2.902000000000000E-002   299.597640386612     
  2.904000000000000E-002   299.597640386612     
  2.906000000000000E-002   299.597640386612     
  2.908000000000000E-002   299.597640386612     
  2.910000000000000E-002   299.597640386612     
  2.912000000000000E-002   299.597640386612     
  2.914000000000000E-002   299.597640386612     
  2.916000000000000E-002   299.597640386612     
  2.918000000000000E-002   299.597640386612     
  2.920000000000000E-002   299.597640386612     
  2.922000000000000E-002   299.597640386612     
  2.924000000000000E-002   299.597640386612     
  2.926000000000000E-002   299.597640386612     
  2.928000000000000E-002   299.597640386612     
  2.930000000000000E-002   299.597640386612     
  2.932000000000000E-002   299.597640386612     
  2.934000000000000E-002   299.597640386612     
  2.936000000000000E-002   299.597640386612     
  2.938000000000000E-002   299.597640386612     
  2.940000000000000E-002   299.597640386612     
  2.942000000000000E-002   299.597640386612     
  2.944000000000000E-002   299.597640386612     
  2.946000000000000E-002   299.597640386612     
  2.948000000000000E-002   299.597640386612     
  2.950000000000000E-002   299.597640386612     
  2.952000000000000E-002   299.597640386612     
  2.954000000000000E-002   299.597640386612     
  2.956000000000000E-002   299.597640386612     
  2.958000000000000E-002   299.597640386612     
  2.960000000000000E-002   299.597640386612     
  2.962000000000000E-002   299.597640386612     
  2.964000000000000E-002   299.597640386612     
  2.966000000000000E-002   299.597640386612     
  2.968000000000000E-002   299.597640386612     
  2.970000000000000E-002   299.597640386612     
  2.972000000000000E-002   299.597640386612     
  2.974000000000000E-002   299.597640386612     
  2.976000000000000E-002   299.597640386612     
  2.978000000000000E-002   299.597640386612     
  2.980000000000000E-002   299.597640386612     
  2.982000000000000E-002   299.597640386612     
  2.984000000000000E-002   299.597640386612     
  2.986000000000000E-002   299.597640386612     
  2.988000000000000E-002   299.597640386612     
  2.990000000000000E-002   299.597640386612     
  2.992000000000000E-002   299.597640386612     
  2.994000000000000E-002   299.597640386612     
  2.996000000000000E-002   299.597640386612     
  2.998000000000000E-002   299.597640386612     
  3.000000000000000E-002   299.597640386612     
  3.002000000000000E-002   299.597640386612     
  3.004000000000000E-002   299.597640386612     
  3.006000000000000E-002   299.597640386612     
  3.008000000000000E-002   299.597640386612     
  3.010000000000000E-002   299.597640386612     
  3.012000000000000E-002   299.597640386612     
  3.014000000000000E-002   299.597640386612     
  3.016000000000000E-002   299.597640386612     
  3.018000000000000E-002   299.597640386612     
  3.020000000000000E-002   299.597640386612     
  3.022000000000000E-002   299.597640386612     
  3.024000000000000E-002   299.597640386612     
  3.026000000000000E-002   299.597640386612     
  3.028000000000000E-002   299.597640386612     
  3.030000000000000E-002   299.597640386612     
  3.032000000000000E-002   299.597640386612     
  3.034000000000000E-002   299.597640386612     
  3.036000000000000E-002   299.597640386612     
  3.038000000000000E-002   299.597640386612     
  3.040000000000000E-002   299.597640386612     
  3.042000000000000E-002   299.597640386612     
  3.044000000000000E-002   299.597640386612     
  3.046000000000000E-002   299.597640386612     
  3.048000000000000E-002   299.597640386612     
  3.050000000000000E-002   299.597640386612     
  3.052000000000000E-002   299.597640386612     
  3.054000000000000E-002   299.597640386612     
  3.056000000000000E-002   299.597640386612     
  3.058000000000000E-002   299.597640386612     
  3.060000000000000E-002   299.597640386612     
  3.062000000000000E-002   299.597640386612     
  3.064000000000000E-002   299.597640386612     
  3.066000000000000E-002   299.597640386612     
  3.068000000000000E-002   299.597640386612     
  3.070000000000000E-002   299.597640386612     
  3.072000000000000E-002   299.597640386612     
  3.074000000000000E-002   299.597640386612     
  3.076000000000000E-002   299.597640386612     
  3.078000000000000E-002   299.597640386612     
  3.080000000000000E-002   299.597640386612     
  3.082000000000000E-002   299.597640386612     
  3.084000000000000E-002   299.597640386612     
  3.086000000000000E-002   299.597640386612     
  3.088000000000000E-002   299.597640386612     
  3.090000000000000E-002   299.597640386612     
  3.092000000000000E-002   299.597640386612     
  3.094000000000000E-002   299.597640386612     
  3.096000000000000E-002   299.597640386612     
  3.098000000000000E-002   299.597640386612     
  3.100000000000000E-002   299.597640386612     
  3.102000000000000E-002   299.597640386612     
  3.104000000000000E-002   299.597640386612     
  3.106000000000000E-002   299.597640386612     
  3.108000000000000E-002   299.597640386612     
  3.110000000000000E-002   299.597640386612     
  3.112000000000000E-002   299.597640386612     
  3.114000000000000E-002   299.597640386612     
  3.116000000000000E-002   299.597640386612     
  3.118000000000000E-002   299.597640386612     
  3.120000000000000E-002   299.597640386612     
  3.122000000000000E-002   299.597640386612     
  3.124000000000000E-002   299.597640386612     
  3.126000000000000E-002   299.597640386612     
  3.128000000000000E-002   299.597640386612     
  3.130000000000000E-002   299.597640386612     
  3.132000000000000E-002   299.597640386612     
  3.134000000000000E-002   299.597640386612     
  3.136000000000001E-002   299.597640386612     
  3.138000000000001E-002   299.597640386612     
  3.140000000000000E-002   299.597640386612     
  3.142000000000000E-002   299.597640386612     
  3.144000000000000E-002   299.597640386612     
  3.146000000000000E-002   299.597640386612     
  3.148000000000000E-002   299.597640386612     
  3.150000000000000E-002   299.597640386612     
  3.152000000000000E-002   299.597640386612     
  3.154000000000001E-002   299.597640386612     
  3.156000000000000E-002   299.597640386612     
  3.158000000000000E-002   299.597640386612     
  3.160000000000000E-002   299.597640386612     
  3.162000000000000E-002   299.597640386612     
  3.164000000000000E-002   299.597640386612     
  3.166000000000000E-002   299.597640386612     
  3.168000000000000E-002   299.597640386612     
  3.170000000000001E-002   299.597640386612     
  3.172000000000001E-002   299.597640386612     
  3.174000000000000E-002   299.597640386612     
  3.176000000000000E-002   299.597640386612     
  3.178000000000000E-002   299.597640386612     
  3.180000000000000E-002   299.597640386612     
  3.182000000000000E-002   299.597640386612     
  3.184000000000000E-002   299.597640386612     
  3.186000000000000E-002   299.597640386612     
  3.188000000000001E-002   299.597640386612     
  3.190000000000000E-002   299.597640386612     
  3.192000000000000E-002   299.597640386612     
  3.194000000000000E-002   299.597640386612     
  3.196000000000000E-002   299.597640386612     
  3.198000000000000E-002   299.597640386612     
  3.200000000000000E-002   299.597640386612     
  3.202000000000000E-002   299.597640386612     
  3.204000000000001E-002   299.597640386612     
  3.206000000000001E-002   299.597640386612     
  3.208000000000000E-002   299.597640386612     
  3.210000000000000E-002   299.597640386612     
  3.212000000000000E-002   299.597640386612     
  3.214000000000000E-002   299.597640386612     
  3.216000000000000E-002   299.597640386612     
  3.218000000000000E-002   299.597640386612     
  3.220000000000000E-002   299.597640386612     
  3.222000000000001E-002   299.597640386612     
  3.224000000000000E-002   299.597640386612     
  3.226000000000000E-002   299.597640386612     
  3.228000000000000E-002   299.597640386612     
  3.230000000000000E-002   299.597640386612     
  3.232000000000000E-002   299.597640386612     
  3.234000000000000E-002   299.597640386612     
  3.236000000000000E-002   299.597640386612     
  3.238000000000001E-002   299.597640386612     
  3.240000000000001E-002   299.597640386612     
  3.242000000000000E-002   299.597640386612     
  3.244000000000000E-002   299.597640386612     
  3.246000000000000E-002   299.597640386612     
  3.248000000000000E-002   299.597640386612     
  3.250000000000000E-002   299.597640386612     
  3.252000000000000E-002   299.597640386612     
  3.254000000000000E-002   299.597640386612     
  3.256000000000001E-002   299.597640386612     
  3.258000000000000E-002   299.597640386612     
  3.260000000000000E-002   299.597640386612     
  3.262000000000000E-002   299.597640386612     
  3.264000000000000E-002   299.597640386612     
  3.266000000000000E-002   299.597640386612     
  3.268000000000000E-002   299.597640386612     
  3.270000000000000E-002   299.597640386612     
  3.272000000000001E-002   299.597640386612     
  3.274000000000001E-002   299.597640386612     
  3.276000000000000E-002   299.597640386612     
  3.278000000000000E-002   299.597640386612     
  3.280000000000000E-002   299.597640386612     
  3.282000000000000E-002   299.597640386612     
  3.284000000000000E-002   299.597640386612     
  3.286000000000000E-002   299.597640386612     
  3.288000000000000E-002   299.597640386612     
  3.290000000000001E-002   299.597640386612     
  3.292000000000000E-002   299.597640386612     
  3.294000000000000E-002   299.597640386612     
  3.296000000000000E-002   299.597640386612     
  3.298000000000000E-002   299.597640386612     
  3.300000000000000E-002   299.597640386612     
  3.302000000000000E-002   299.597640386612     
  3.304000000000000E-002   299.597640386612     
  3.306000000000001E-002   299.597640386612     
  3.308000000000001E-002   299.597640386612     
  3.310000000000000E-002   299.597640386612     
  3.312000000000000E-002   299.597640386612     
  3.314000000000000E-002   299.597640386612     
  3.316000000000000E-002   299.597640386612     
  3.318000000000000E-002   299.597640386612     
  3.320000000000000E-002   299.597640386612     
  3.322000000000000E-002   299.597640386612     
  3.324000000000001E-002   299.597640386612     
  3.326000000000000E-002   299.597640386612     
  3.328000000000000E-002   299.597640386612     
  3.330000000000000E-002   299.597640386612     
  3.332000000000000E-002   299.597640386612     
  3.334000000000000E-002   299.597640386612     
  3.336000000000000E-002   299.597640386612     
  3.338000000000000E-002   299.597640386612     
  3.340000000000001E-002   299.597640386612     
  3.342000000000001E-002   299.597640386612     
  3.344000000000000E-002   299.597640386612     
  3.346000000000000E-002   299.597640386612     
  3.348000000000000E-002   299.597640386612     
  3.350000000000000E-002   299.597640386612     
  3.352000000000000E-002   299.597640386612     
  3.354000000000000E-002   299.597640386612     
  3.356000000000000E-002   299.597640386612     
  3.358000000000001E-002   299.597640386612     
  3.360000000000000E-002   299.597640386612     
  3.362000000000000E-002   299.597640386612     
  3.364000000000000E-002   299.597640386612     
  3.366000000000000E-002   299.597640386612     
  3.368000000000000E-002   299.597640386612     
  3.370000000000000E-002   299.597640386612     
  3.372000000000000E-002   299.597640386612     
  3.374000000000001E-002   299.597640386612     
  3.376000000000001E-002   299.597640386612     
  3.378000000000000E-002   299.597640386612     
  3.380000000000000E-002   299.597640386612     
  3.382000000000000E-002   299.597640386612     
  3.384000000000000E-002   299.597640386612     
  3.386000000000000E-002   299.597640386612     
  3.388000000000000E-002   299.597640386612     
  3.390000000000000E-002   299.597640386612     
  3.392000000000001E-002   299.597640386612     
  3.394000000000000E-002   299.597640386612     
  3.396000000000000E-002   299.597640386612     
  3.398000000000000E-002   299.597640386612     
  3.400000000000000E-002   299.597640386612     
  3.402000000000000E-002   299.597640386612     
  3.404000000000000E-002   299.597640386612     
  3.406000000000000E-002   299.597640386612     
  3.408000000000001E-002   299.597640386612     
  3.410000000000001E-002   299.597640386612     
  3.412000000000000E-002   299.597640386612     
  3.414000000000000E-002   299.597640386612     
  3.416000000000000E-002   299.597640386612     
  3.418000000000000E-002   299.597640386612     
  3.420000000000000E-002   299.597640386612     
  3.422000000000000E-002   299.597640386612     
  3.424000000000000E-002   299.597640386612     
  3.426000000000001E-002   299.597640386612     
  3.428000000000000E-002   299.597640386612     
  3.430000000000000E-002   299.597640386612     
  3.432000000000000E-002   299.597640386612     
  3.434000000000000E-002   299.597640386612     
  3.436000000000000E-002   299.597640386612     
  3.438000000000000E-002   299.597640386612     
  3.440000000000000E-002   299.597640386612     
  3.442000000000001E-002   299.597640386612     
  3.444000000000001E-002   299.597640386612     
  3.446000000000000E-002   299.597640386612     
  3.448000000000000E-002   299.597640386612     
  3.450000000000000E-002   299.597640386612     
  3.452000000000000E-002   299.597640386612     
  3.454000000000000E-002   299.597640386612     
  3.456000000000000E-002   299.597640386612     
  3.458000000000000E-002   299.597640386612     
  3.460000000000001E-002   299.597640386612     
  3.462000000000000E-002   299.597640386612     
  3.464000000000000E-002   299.597640386612     
  3.466000000000000E-002   299.597640386612     
  3.468000000000000E-002   299.597640386612     
  3.470000000000000E-002   299.597640386612     
  3.472000000000000E-002   299.597640386612     
  3.474000000000000E-002   299.597640386612     
  3.476000000000001E-002   299.597640386612     
  3.478000000000001E-002   299.597640386612     
  3.480000000000000E-002   299.597640386612     
  3.482000000000000E-002   299.597640386612     
  3.484000000000000E-002   299.597640386612     
  3.486000000000000E-002   299.597640386612     
  3.488000000000000E-002   299.597640386612     
  3.490000000000000E-002   299.597640386612     
  3.492000000000000E-002   299.597640386612     
  3.494000000000001E-002   299.597640386612     
  3.496000000000000E-002   299.597640386612     
  3.498000000000000E-002   299.597640386612     
  3.500000000000000E-002   299.597640386612     
  3.502000000000000E-002   299.597640386612     
  3.504000000000000E-002   299.597640386612     
  3.506000000000000E-002   299.597640386612     
  3.508000000000000E-002   299.597640386612     
  3.510000000000001E-002   299.597640386612     
  3.512000000000001E-002   299.597640386612     
  3.514000000000000E-002   299.597640386612     
  3.516000000000000E-002   299.597640386612     
  3.518000000000000E-002   299.597640386612     
  3.520000000000000E-002   299.597640386612     
  3.522000000000000E-002   299.597640386612     
  3.524000000000000E-002   299.597640386612     
  3.526000000000000E-002   299.597640386612     
  3.528000000000001E-002   299.597640386612     
  3.530000000000000E-002   299.597640386612     
  3.532000000000000E-002   299.597640386612     
  3.534000000000000E-002   299.597640386612     
  3.536000000000000E-002   299.597640386612     
  3.538000000000000E-002   299.597640386612     
  3.540000000000000E-002   299.597640386612     
  3.542000000000000E-002   299.597640386612     
  3.544000000000001E-002   299.597640386612     
  3.546000000000001E-002   299.597640386612     
  3.548000000000000E-002   299.597640386612     
  3.550000000000000E-002   299.597640386612     
  3.552000000000000E-002   299.597640386612     
  3.554000000000000E-002   299.597640386612     
  3.556000000000000E-002   299.597640386612     
  3.558000000000000E-002   299.597640386612     
  3.560000000000000E-002   299.597640386612     
  3.562000000000001E-002   299.597640386612     
  3.564000000000001E-002   299.597640386612     
  3.566000000000000E-002   299.597640386612     
  3.568000000000000E-002   299.597640386612     
  3.570000000000000E-002   299.597640386612     
  3.572000000000000E-002   299.597640386612     
  3.574000000000000E-002   299.597640386612     
  3.576000000000000E-002   299.597640386612     
  3.578000000000001E-002   299.597640386612     
  3.580000000000001E-002   299.597640386612     
  3.582000000000000E-002   299.597640386612     
  3.584000000000000E-002   299.597640386612     
  3.586000000000000E-002   299.597640386612     
  3.588000000000000E-002   299.597640386612     
  3.590000000000000E-002   299.597640386612     
  3.592000000000000E-002   299.597640386612     
  3.594000000000000E-002   299.597640386612     
  3.596000000000001E-002   299.597640386612     
  3.598000000000001E-002   299.597640386612     
  3.600000000000000E-002   299.597640386612     
  3.602000000000000E-002   299.597640386612     
  3.604000000000000E-002   299.597640386612     
  3.606000000000000E-002   299.597640386612     
  3.608000000000000E-002   299.597640386612     
  3.610000000000000E-002   299.597640386612     
  3.612000000000001E-002   299.597640386612     
  3.614000000000001E-002   299.597640386612     
  3.616000000000000E-002   299.597640386612     
  3.618000000000000E-002   299.597640386612     
  3.620000000000000E-002   299.597640386612     
  3.622000000000000E-002   299.597640386612     
  3.624000000000000E-002   299.597640386612     
  3.626000000000000E-002   299.597640386612     
  3.628000000000000E-002   299.597640386612     
  3.630000000000001E-002   299.597640386612     
  3.632000000000001E-002   299.597640386612     
  3.634000000000000E-002   299.597640386612     
  3.636000000000000E-002   299.597640386612     
  3.638000000000000E-002   299.597640386612     
  3.640000000000000E-002   299.597640386612     
  3.642000000000000E-002   299.597640386612     
  3.644000000000000E-002   299.597640386612     
  3.646000000000001E-002   299.597640386612     
  3.648000000000001E-002   299.597640386612     
  3.650000000000000E-002   299.597640386612     
  3.652000000000000E-002   299.597640386612     
  3.654000000000000E-002   299.597640386612     
  3.656000000000000E-002   299.597640386612     
  3.658000000000000E-002   299.597640386612     
  3.660000000000000E-002   299.597640386612     
  3.662000000000000E-002   299.597640386612     
  3.664000000000001E-002   299.597640386612     
  3.666000000000001E-002   299.597640386612     
  3.668000000000000E-002   299.597640386612     
  3.670000000000000E-002   299.597640386612     
  3.672000000000000E-002   299.597640386612     
  3.674000000000000E-002   299.597640386612     
  3.676000000000000E-002   299.597640386612     
  3.678000000000000E-002   299.597640386612     
  3.680000000000001E-002   299.597640386612     
  3.682000000000001E-002   299.597640386612     
  3.684000000000000E-002   299.597640386612     
  3.686000000000000E-002   299.597640386612     
  3.688000000000000E-002   299.597640386612     
  3.690000000000000E-002   299.597640386612     
  3.692000000000000E-002   299.597640386612     
  3.694000000000000E-002   299.597640386612     
  3.696000000000000E-002   299.597640386612     
  3.698000000000001E-002   299.597640386612     
  3.700000000000001E-002   299.597640386612     
  3.702000000000000E-002   299.597640386612     
  3.704000000000000E-002   299.597640386612     
  3.706000000000000E-002   299.597640386612     
  3.708000000000000E-002   299.597640386612     
  3.710000000000000E-002   299.597640386612     
  3.712000000000000E-002   299.597640386612     
  3.714000000000001E-002   299.597640386612     
  3.716000000000001E-002   299.597640386612     
  3.718000000000000E-002   299.597640386612     
  3.720000000000000E-002   299.597640386612     
  3.722000000000000E-002   299.597640386612     
  3.724000000000000E-002   299.597640386612     
  3.726000000000000E-002   299.597640386612     
  3.728000000000000E-002   299.597640386612     
  3.730000000000000E-002   299.597640386612     
  3.732000000000001E-002   299.597640386612     
  3.734000000000001E-002   299.597640386612     
  3.736000000000000E-002   299.597640386612     
  3.738000000000000E-002   299.597640386612     
  3.740000000000000E-002   299.597640386612     
  3.742000000000000E-002   299.597640386612     
  3.744000000000000E-002   299.597640386612     
  3.746000000000000E-002   299.597640386612     
  3.748000000000001E-002   299.597640386612     
  3.750000000000001E-002   299.597640386612     
  3.752000000000000E-002   299.597640386612     
  3.754000000000000E-002   299.597640386612     
  3.756000000000000E-002   299.597640386612     
  3.758000000000000E-002   299.597640386612     
  3.760000000000000E-002   299.597640386612     
  3.762000000000000E-002   299.597640386612     
  3.764000000000000E-002   299.597640386612     
  3.766000000000001E-002   299.597640386612     
  3.768000000000001E-002   299.597640386612     
  3.770000000000000E-002   299.597640386612     
  3.772000000000000E-002   299.597640386612     
  3.774000000000000E-002   299.597640386612     
  3.776000000000000E-002   299.597640386612     
  3.778000000000000E-002   299.597640386612     
  3.780000000000000E-002   299.597640386612     
  3.782000000000001E-002   299.597640386612     
  3.784000000000001E-002   299.597640386612     
  3.786000000000000E-002   299.597640386612     
  3.788000000000000E-002   299.597640386612     
  3.790000000000000E-002   299.597640386612     
  3.792000000000000E-002   299.597640386612     
  3.794000000000000E-002   299.597640386612     
  3.796000000000000E-002   299.597640386612     
  3.798000000000000E-002   299.597640386612     
  3.800000000000001E-002   299.597640386612     
  3.802000000000001E-002   299.597640386612     
  3.804000000000000E-002   299.597640386612     
  3.806000000000000E-002   299.597640386612     
  3.808000000000000E-002   299.597640386612     
  3.810000000000000E-002   299.597640386612     
  3.812000000000000E-002   299.597640386612     
  3.814000000000000E-002   299.597640386612     
  3.816000000000001E-002   299.597640386612     
  3.818000000000001E-002   299.597640386612     
  3.820000000000000E-002   299.597640386612     
  3.822000000000000E-002   299.597640386612     
  3.824000000000000E-002   299.597640386612     
  3.826000000000000E-002   299.597640386612     
  3.828000000000000E-002   299.597640386612     
  3.830000000000000E-002   299.597640386612     
  3.832000000000000E-002   299.597640386612     
  3.834000000000001E-002   299.597640386612     
  3.836000000000001E-002   299.597640386612     
  3.838000000000000E-002   299.597640386612     
  3.840000000000000E-002   299.597640386612     
  3.842000000000000E-002   299.597640386612     
  3.844000000000000E-002   299.597640386612     
  3.846000000000000E-002   299.597640386612     
  3.848000000000000E-002   299.597640386612     
  3.850000000000001E-002   299.597640386612     
  3.852000000000001E-002   299.597640386612     
  3.854000000000000E-002   299.597640386612     
  3.856000000000000E-002   299.597640386612     
  3.858000000000000E-002   299.597640386612     
  3.860000000000000E-002   299.597640386612     
  3.862000000000000E-002   299.597640386612     
  3.864000000000000E-002   299.597640386612     
  3.866000000000000E-002   299.597640386612     
  3.868000000000001E-002   299.597640386612     
  3.870000000000001E-002   299.597640386612     
  3.872000000000000E-002   299.597640386612     
  3.874000000000000E-002   299.597640386612     
  3.876000000000000E-002   299.597640386612     
  3.878000000000000E-002   299.597640386612     
  3.880000000000000E-002   299.597640386612     
  3.882000000000000E-002   299.597640386612     
  3.884000000000001E-002   299.597640386612     
  3.886000000000001E-002   299.597640386612     
  3.888000000000000E-002   299.597640386612     
  3.890000000000000E-002   299.597640386612     
  3.892000000000000E-002   299.597640386612     
  3.894000000000000E-002   299.597640386612     
  3.896000000000000E-002   299.597640386612     
  3.898000000000000E-002   299.597640386612     
  3.900000000000000E-002   299.597640386612     
  3.902000000000001E-002   299.597640386612     
  3.904000000000001E-002   299.597640386612     
  3.906000000000000E-002   299.597640386612     
  3.908000000000000E-002   299.597640386612     
  3.910000000000000E-002   299.597640386612     
  3.912000000000000E-002   299.597640386612     
  3.914000000000000E-002   299.597640386612     
  3.916000000000000E-002   299.597640386612     
  3.918000000000001E-002   299.597640386612     
  3.920000000000001E-002   299.597640386612     
  3.922000000000000E-002   299.597640386612     
  3.924000000000000E-002   299.597640386612     
  3.926000000000000E-002   299.597640386612     
  3.928000000000000E-002   299.597640386612     
  3.930000000000000E-002   299.597640386612     
  3.932000000000000E-002   299.597640386612     
  3.934000000000000E-002   299.597640386612     
  3.936000000000001E-002   299.597640386612     
  3.938000000000001E-002   299.597640386612     
  3.940000000000000E-002   299.597640386612     
  3.942000000000000E-002   299.597640386612     
  3.944000000000000E-002   299.597640386612     
  3.946000000000000E-002   299.597640386612     
  3.948000000000000E-002   299.597640386612     
  3.950000000000000E-002   299.597640386612     
  3.952000000000001E-002   299.597640386612     
  3.954000000000001E-002   299.597640386612     
  3.956000000000000E-002   299.597640386612     
  3.958000000000000E-002   299.597640386612     
  3.960000000000000E-002   299.597640386612     
  3.962000000000000E-002   299.597640386612     
  3.964000000000000E-002   299.597640386612     
  3.966000000000000E-002   299.597640386612     
  3.968000000000000E-002   299.597640386612     
  3.970000000000001E-002   299.597640386612     
  3.972000000000001E-002   299.597640386612     
  3.974000000000000E-002   299.597640386612     
  3.976000000000000E-002   299.597640386612     
  3.978000000000000E-002   299.597640386612     
  3.980000000000000E-002   299.597640386612     
  3.982000000000000E-002   299.597640386612     
  3.984000000000000E-002   299.597640386612     
  3.986000000000001E-002   299.597640386612     
  3.988000000000001E-002   299.597640386612     
  3.990000000000000E-002   299.597640386612     
  3.992000000000000E-002   299.597640386612     
  3.994000000000000E-002   299.597640386612     
  3.996000000000000E-002   299.597640386612     
  3.998000000000000E-002   299.597640386612     
  4.000000000000000E-002   299.597999998362     
