  0.000000000000000E+000   333.540299994229     
  2.000000000000000E-005   344.496160712269     
  4.000000000000000E-005   345.360654916332     
  6.000000000000001E-005   345.607140851526     
  8.000000000000001E-005   345.851656217201     
  1.000000000000000E-004   346.094848037206     
  1.200000000000000E-004   346.336772281501     
  1.400000000000000E-004   346.577474269068     
  1.600000000000000E-004   346.816990043412     
  1.800000000000000E-004   347.055347182595     
  2.000000000000000E-004   347.292565571620     
  2.200000000000000E-004   347.528658190799     
  2.400000000000000E-004   347.763631475456     
  2.600000000000000E-004   347.997485657149     
  2.800000000000000E-004   348.230214518650     
  3.000000000000000E-004   348.461807706398     
  3.200000000000000E-004   348.692251045099     
  3.400000000000000E-004   348.921529980168     
  3.600000000000000E-004   349.149626673909     
  3.800000000000000E-004   349.376519771549     
  4.000000000000000E-004   349.602196648517     
  4.200000000000000E-004   349.826655487360     
  4.400000000000000E-004   350.049906968244     
  4.600000000000000E-004   350.271976946777     
  4.800000000000001E-004   350.492908059619     
  5.000000000000000E-004   350.712758633614     
  5.200000000000001E-004   350.931599731685     
  5.400000000000000E-004   351.149510503730     
  5.600000000000001E-004   351.366575907687     
  5.800000000000000E-004   351.582883358236     
  6.000000000000001E-004   351.798520671820     
  6.200000000000000E-004   352.013576129344     
  6.400000000000001E-004   352.228132229221     
  6.600000000000001E-004   352.442259480565     
  6.800000000000000E-004   352.656013566668     
  7.000000000000001E-004   352.869435897919     
  7.200000000000000E-004   353.082557421595     
  7.400000000000001E-004   353.295402410322     
  7.600000000000000E-004   353.507991938500     
  7.800000000000001E-004   353.720345544649     
  8.000000000000000E-004   353.932483496409     
  8.200000000000001E-004   354.144425680141     
  8.400000000000000E-004   354.356196800578     
  8.600000000000001E-004   354.567821330001     
  8.800000000000000E-004   354.779340630429     
  9.000000000000001E-004   354.990787748547     
  9.200000000000000E-004   355.202245778540     
  9.400000000000001E-004   355.413768302355     
  9.600000000000001E-004   355.625394720593     
  9.800000000000002E-004   355.837087022356     
  1.000000000000000E-003   356.048779034387     
  1.020000000000000E-003   356.260353433670     
  1.040000000000000E-003   356.471767585727     
  1.060000000000000E-003   356.683040679833     
  1.080000000000000E-003   356.894273621844     
  1.100000000000000E-003   357.105576389090     
  1.120000000000000E-003   357.317101375716     
  1.140000000000000E-003   357.529085033692     
  1.160000000000000E-003   357.741753192523     
  1.180000000000000E-003   357.955329868000     
  1.200000000000000E-003   358.170068874293     
  1.220000000000000E-003   358.386213068128     
  1.240000000000000E-003   358.603948553859     
  1.260000000000000E-003   358.823370388774     
  1.280000000000000E-003   359.044463214249     
  1.300000000000000E-003   359.267144923428     
  1.320000000000000E-003   359.491364927875     
  1.340000000000000E-003   359.717156226169     
  1.360000000000000E-003   359.944570613369     
  1.380000000000000E-003   360.173621706064     
  1.400000000000000E-003   360.404320380545     
  1.420000000000000E-003   360.636725678792     
  1.440000000000000E-003   360.871292395309     
  1.460000000000000E-003   361.109017988231     
  1.480000000000000E-003   361.348248308474     
  1.500000000000000E-003   361.588861065007     
  1.520000000000000E-003   361.831552924289     
  1.540000000000000E-003   362.076427747967     
  1.560000000000000E-003   362.322536231115     
  1.580000000000000E-003   362.570175477820     
  1.600000000000000E-003   362.819606705876     
  1.620000000000000E-003   363.070936243710     
  1.640000000000000E-003   363.324160571589     
  1.660000000000000E-003   363.579240028221     
  1.680000000000000E-003   363.836136537575     
  1.700000000000000E-003   364.094815784556     
  1.720000000000000E-003   364.355236439031     
  1.740000000000000E-003   364.617336817820     
  1.760000000000000E-003   364.881028579196     
  1.780000000000000E-003   365.146211255314     
  1.800000000000000E-003   365.412804389132     
  1.820000000000000E-003   365.680780426237     
  1.840000000000000E-003   365.948871822645     
  1.860000000000000E-003   366.215672887001     
  1.880000000000000E-003   366.480693151218     
  1.900000000000000E-003   366.743895743287     
  1.920000000000000E-003   367.005308505318     
  1.940000000000000E-003   367.265005848384     
  1.960000000000000E-003   367.523086341702     
  1.980000000000000E-003   367.779654352395     
  2.000000000000000E-003   368.034807419895     
  2.020000000000000E-003   368.288630525826     
  2.040000000000000E-003   368.541195306437     
  2.060000000000000E-003   368.792561651681     
  2.080000000000000E-003   369.042780802411     
  2.100000000000000E-003   369.291899717671     
  2.120000000000000E-003   369.539965635068     
  2.140000000000000E-003   369.787029148217     
  2.160000000000000E-003   370.033144756770     
  2.180000000000000E-003   370.278368702353     
  2.200000000000000E-003   370.522755345842     
  2.220000000000000E-003   370.766354067514     
  2.240000000000000E-003   371.009206319367     
  2.260000000000000E-003   371.251344492355     
  2.280000000000000E-003   371.492796592915     
  2.300000000000000E-003   371.733596403317     
  2.320000000000000E-003   371.973789803481     
  2.340000000000000E-003   372.213429466179     
  2.360000000000000E-003   372.452573485599     
  2.380000000000000E-003   372.691286000664     
  2.400000000000000E-003   372.929638404992     
  2.420000000000000E-003   373.167708899260     
  2.440000000000000E-003   373.405569383127     
  2.460000000000000E-003   373.643274617087     
  2.480000000000000E-003   373.880871351425     
  2.500000000000000E-003   374.118404041960     
  2.520000000000000E-003   374.355910789163     
  2.540000000000000E-003   374.593430863929     
  2.560000000000000E-003   374.830982676329     
  2.580000000000000E-003   375.068575465831     
  2.600000000000000E-003   375.306208819999     
  2.620000000000000E-003   375.543874315115     
  2.640000000000000E-003   375.781554789075     
  2.660000000000000E-003   376.019216093195     
  2.680000000000000E-003   376.256788437472     
  2.700000000000000E-003   376.494175162919     
  2.720000000000000E-003   376.731233818881     
  2.740000000000000E-003   376.967772142446     
  2.760000000000000E-003   377.203544980996     
  2.780000000000000E-003   377.438279261666     
  2.800000000000000E-003   377.671672192944     
  2.820000000000000E-003   377.903412699398     
  2.840000000000000E-003   378.133266132869     
  2.860000000000000E-003   378.361073308908     
  2.880000000000000E-003   378.586742316090     
  2.900000000000000E-003   378.810220393467     
  2.920000000000000E-003   379.031474964257     
  2.940000000000000E-003   379.250489178731     
  2.960000000000000E-003   379.467255488607     
  2.980000000000000E-003   379.681766722237     
  3.000000000000000E-003   379.894013018941     
  3.020000000000000E-003   380.103962200933     
  3.040000000000000E-003   380.311599041196     
  3.060000000000000E-003   380.516954074498     
  3.080000000000000E-003   380.720268565097     
  3.100000000000000E-003   380.921957811159     
  3.120000000000000E-003   381.122506607751     
  3.140000000000000E-003   381.322188942536     
  3.160000000000000E-003   381.520850525814     
  3.180000000000000E-003   381.719181938516     
  3.200000000000000E-003   381.921507793304     
  3.220000000000000E-003   382.143403825647     
  3.240000000000000E-003   382.327493931621     
  3.260000000000000E-003   382.376677900283     
  3.280000000000000E-003   381.635954815562     
  3.300000000000000E-003   374.963270579788     
  3.320000000000000E-003   352.630570122290     
  3.340000000000000E-003   337.704795335929     
  3.360000000000000E-003   333.650650126795     
  3.380000000000000E-003   333.106894215472     
  3.400000000000000E-003   333.339459952911     
  3.420000000000000E-003   334.013001754850     
  3.440000000000000E-003   334.504483188379     
  3.460000000000000E-003   334.916526585269     
  3.480000000000000E-003   335.326693769503     
  3.500000000000000E-003   335.739562360373     
  3.520000000000000E-003   336.147307801488     
  3.540000000000000E-003   336.537836977713     
  3.560000000000000E-003   336.904695610704     
  3.580000000000000E-003   337.262421421681     
  3.600000000000000E-003   337.621844513205     
  3.620000000000000E-003   337.983433614113     
  3.640000000000000E-003   338.342973768431     
  3.660000000000000E-003   338.697205291400     
  3.680000000000000E-003   339.045255080670     
  3.700000000000000E-003   339.390201024445     
  3.720000000000000E-003   339.730404323765     
  3.740000000000000E-003   340.062785791844     
  3.760000000000000E-003   340.382317064522     
  3.780000000000000E-003   340.683329982170     
  3.800000000000000E-003   340.959159933509     
  3.820000000000000E-003   341.204780338956     
  3.840000000000001E-003   341.409060761768     
  3.860000000000000E-003   341.566161358113     
  3.880000000000000E-003   341.661710340018     
  3.900000000000000E-003   341.700255962840     
  3.920000000000001E-003   341.686627689193     
  3.940000000000000E-003   341.606325034444     
  3.960000000000000E-003   341.335369655443     
  3.980000000000000E-003   340.681190660934     
  4.000000000000000E-003   339.359613383868     
  4.020000000000000E-003   337.156403687334     
  4.040000000000000E-003   335.155567829707     
  4.060000000000000E-003   333.867173096300     
  4.080000000000000E-003   333.128320809850     
  4.100000000000000E-003   332.740166573699     
  4.120000000000000E-003   332.539340393540     
  4.140000000000000E-003   332.422734787125     
  4.160000000000001E-003   332.334051626956     
  4.180000000000001E-003   332.240394784689     
  4.200000000000001E-003   332.081994353478     
  4.220000000000001E-003   331.758395731834     
  4.240000000000001E-003   331.114297729601     
  4.260000000000001E-003   329.945744093956     
  4.280000000000000E-003   328.041603756955     
  4.300000000000000E-003   325.639092139584     
  4.320000000000000E-003   323.745637900319     
  4.340000000000000E-003   322.446286676300     
  4.360000000000000E-003   321.571955206412     
  4.380000000000000E-003   320.986251774362     
  4.400000000000000E-003   320.593889584477     
  4.420000000000000E-003   320.333096175382     
  4.440000000000000E-003   320.165672359495     
  4.460000000000000E-003   320.067281199522     
  4.480000000000000E-003   320.026342711725     
  4.500000000000001E-003   320.031608855116     
  4.520000000000001E-003   320.085986554687     
  4.540000000000001E-003   320.213809008596     
  4.560000000000001E-003   320.391993756483     
  4.580000000000001E-003   320.597672671424     
  4.600000000000001E-003   320.819327595579     
  4.620000000000000E-003   321.053761041497     
  4.640000000000000E-003   321.301682810658     
  4.660000000000000E-003   321.561672843668     
  4.680000000000000E-003   321.830452860803     
  4.700000000000000E-003   322.105298309761     
  4.720000000000000E-003   322.385143233426     
  4.740000000000000E-003   322.670065287073     
  4.760000000000000E-003   322.960435036340     
  4.780000000000000E-003   323.256496352988     
  4.800000000000000E-003   323.558148812998     
  4.820000000000000E-003   323.865049902056     
  4.840000000000001E-003   324.176589550532     
  4.860000000000001E-003   324.492017608245     
  4.880000000000001E-003   324.810179428008     
  4.900000000000001E-003   325.129815005480     
  4.920000000000001E-003   325.449389964954     
  4.940000000000001E-003   325.767906768228     
  4.960000000000000E-003   326.084986109143     
  4.980000000000000E-003   326.400905492694     
  5.000000000000000E-003   326.715673097185     
  5.020000000000000E-003   327.029186871861     
  5.040000000000000E-003   327.341514060759     
  5.060000000000000E-003   327.652996571629     
  5.080000000000000E-003   327.964088652681     
  5.100000000000000E-003   328.275094817392     
  5.120000000000000E-003   328.586134146435     
  5.140000000000000E-003   328.897200108298     
  5.160000000000001E-003   329.208043150117     
  5.180000000000001E-003   329.518437901845     
  5.200000000000001E-003   329.827891371262     
  5.220000000000001E-003   330.135242727422     
  5.240000000000001E-003   330.439399009157     
  5.260000000000001E-003   330.739866368695     
  5.280000000000001E-003   331.036187204062     
  5.300000000000000E-003   331.327766807402     
  5.320000000000000E-003   331.614151876371     
  5.340000000000000E-003   331.895576354279     
  5.360000000000000E-003   332.172997743186     
  5.380000000000000E-003   332.448809866350     
  5.400000000000000E-003   332.725319315954     
  5.420000000000000E-003   333.002783688305     
  5.440000000000000E-003   333.279783957526     
  5.460000000000000E-003   333.548933663830     
  5.480000000000000E-003   333.802941864461     
  5.500000000000001E-003   334.031466879442     
  5.520000000000001E-003   334.228959031897     
  5.540000000000001E-003   334.388056965404     
  5.560000000000001E-003   334.493889427870     
  5.580000000000001E-003   334.544131174767     
  5.600000000000001E-003   334.542089646982     
  5.620000000000001E-003   334.500118443174     
  5.640000000000000E-003   334.378405204609     
  5.660000000000000E-003   334.130247302544     
  5.680000000000000E-003   333.703523837102     
  5.700000000000000E-003   333.042136324114     
  5.720000000000000E-003   332.178109687217     
  5.740000000000000E-003   331.450565060533     
  5.760000000000000E-003   330.942687512724     
  5.780000000000000E-003   330.612998084676     
  5.800000000000000E-003   330.413121719990     
  5.820000000000001E-003   330.299338900786     
  5.840000000000001E-003   330.242722639429     
  5.860000000000001E-003   330.221627169883     
  5.880000000000001E-003   330.254332164566     
  5.900000000000001E-003   330.359177638722     
  5.920000000000001E-003   330.509263448043     
  5.940000000000001E-003   330.671473508142     
  5.960000000000001E-003   330.831187322606     
  5.980000000000000E-003   330.987131673156     
  6.000000000000000E-003   331.138274738807     
  6.020000000000000E-003   331.283177581412     
  6.040000000000000E-003   331.420514384279     
  6.060000000000000E-003   331.549472565113     
  6.080000000000000E-003   331.669345424449     
  6.100000000000000E-003   331.779191819428     
  6.120000000000000E-003   331.877204393404     
  6.140000000000000E-003   331.961243421821     
  6.160000000000001E-003   332.028106982329     
  6.180000000000001E-003   332.076700609797     
  6.200000000000001E-003   332.105038381435     
  6.220000000000001E-003   332.118144217649     
  6.240000000000001E-003   332.114047148584     
  6.260000000000001E-003   332.103148441499     
  6.280000000000001E-003   332.081529283434     
  6.300000000000001E-003   332.047927451495     
  6.320000000000000E-003   331.998177006268     
  6.340000000000000E-003   331.930177183416     
  6.360000000000000E-003   331.837968624946     
  6.380000000000000E-003   331.746315696688     
  6.400000000000000E-003   331.681666511577     
  6.420000000000000E-003   331.644798708643     
  6.440000000000000E-003   331.629728484367     
  6.460000000000000E-003   331.633653047893     
  6.480000000000001E-003   331.657028406576     
  6.500000000000001E-003   331.702177715119     
  6.520000000000001E-003   331.776994601636     
  6.540000000000001E-003   331.891185148332     
  6.560000000000001E-003   332.051106111846     
  6.580000000000001E-003   332.255646957452     
  6.600000000000001E-003   332.497881005895     
  6.620000000000001E-003   332.773176982308     
  6.640000000000001E-003   333.075451139966     
  6.660000000000000E-003   333.400378200902     
  6.680000000000000E-003   333.741704891918     
  6.700000000000000E-003   334.094630081928     
  6.720000000000000E-003   334.455954007279     
  6.740000000000000E-003   334.823376170551     
  6.760000000000000E-003   335.196720358916     
  6.780000000000000E-003   335.574528169194     
  6.800000000000000E-003   335.956856737897     
  6.820000000000001E-003   336.342459181893     
  6.840000000000001E-003   336.728055997437     
  6.860000000000001E-003   337.111160129867     
  6.880000000000001E-003   337.490035530637     
  6.900000000000001E-003   337.863061858348     
  6.920000000000001E-003   338.228697315672     
  6.940000000000001E-003   338.584616456989     
  6.960000000000001E-003   338.926906662230     
  6.980000000000001E-003   339.249365695792     
  7.000000000000000E-003   339.543528601518     
  7.020000000000000E-003   339.801305591136     
  7.040000000000000E-003   340.023381458044     
  7.060000000000000E-003   340.199543997022     
  7.080000000000000E-003   340.302132368816     
  7.100000000000000E-003   340.357204927579     
  7.120000000000000E-003   340.311394365744     
  7.140000000000001E-003   340.155725579737     
  7.160000000000001E-003   339.847041555854     
  7.180000000000001E-003   339.335083653752     
  7.200000000000001E-003   338.567631326617     
  7.220000000000001E-003   337.523734126998     
  7.240000000000001E-003   336.541865780224     
  7.260000000000001E-003   335.762620591648     
  7.280000000000001E-003   335.185817167152     
  7.300000000000001E-003   334.779719046388     
  7.320000000000001E-003   334.510468598625     
  7.340000000000000E-003   334.347420472087     
  7.360000000000000E-003   334.266979594788     
  7.380000000000000E-003   334.255143370184     
  7.400000000000000E-003   334.275380222553     
  7.420000000000000E-003   334.338508487397     
  7.440000000000000E-003   334.436023113154     
  7.460000000000000E-003   334.569052627675     
  7.480000000000001E-003   334.718901517279     
  7.500000000000001E-003   334.870582120446     
  7.520000000000001E-003   335.019694950200     
  7.540000000000001E-003   335.162924845233     
  7.560000000000001E-003   335.297736749867     
  7.580000000000001E-003   335.423044866218     
  7.600000000000001E-003   335.538981332726     
  7.620000000000001E-003   335.646886703655     
  7.640000000000001E-003   335.747623393473     
  7.660000000000001E-003   335.841300876316     
  7.680000000000001E-003   335.925589829846     
  7.700000000000000E-003   335.997600903706     
  7.720000000000000E-003   336.052937409796     
  7.740000000000000E-003   336.090312713901     
  7.760000000000000E-003   336.110214918727     
  7.780000000000000E-003   336.113595250253     
  7.800000000000001E-003   336.104264667910     
  7.820000000000001E-003   336.087025937789     
  7.840000000000001E-003   336.058025067689     
  7.860000000000001E-003   336.011721406468     
  7.880000000000000E-003   335.948454169283     
  7.900000000000001E-003   335.869566641170     
  7.920000000000000E-003   335.773983756534     
  7.940000000000001E-003   335.660706780409     
  7.960000000000000E-003   335.527889150171     
  7.980000000000001E-003   335.374031980223     
  8.000000000000000E-003   335.221445864746     
  8.020000000000001E-003   335.085534698547     
  8.040000000000000E-003   334.970731647534     
  8.060000000000001E-003   334.878190953789     
  8.080000000000000E-003   334.807228975945     
  8.100000000000001E-003   334.753388297152     
  8.120000000000000E-003   334.713048723030     
  8.140000000000001E-003   334.685740865094     
  8.160000000000001E-003   334.667972199369     
  8.180000000000002E-003   334.659032919663     
  8.200000000000001E-003   334.670799738625     
  8.220000000000000E-003   334.700055389980     
  8.240000000000001E-003   334.739541541790     
  8.260000000000000E-003   334.785477520843     
  8.280000000000001E-003   334.836237270861     
  8.300000000000000E-003   334.889730386440     
  8.320000000000001E-003   334.942560436992     
  8.340000000000000E-003   334.992182356486     
  8.360000000000001E-003   335.029646830426     
  8.380000000000000E-003   335.052558319984     
  8.400000000000001E-003   335.059162257656     
  8.420000000000000E-003   335.063753211062     
  8.440000000000001E-003   335.062870346984     
  8.460000000000001E-003   335.056847056560     
  8.480000000000001E-003   335.043734968221     
  8.500000000000001E-003   335.022826879472     
  8.520000000000002E-003   334.991728128078     
  8.540000000000001E-003   334.943376343868     
  8.560000000000000E-003   334.874678549382     
  8.580000000000001E-003   334.783746876198     
  8.600000000000000E-003   334.663945461406     
  8.620000000000001E-003   334.506847955901     
  8.640000000000000E-003   334.302515214839     
  8.660000000000001E-003   334.035826106877     
  8.680000000000000E-003   333.704041844249     
  8.700000000000001E-003   333.398972483020     
  8.720000000000000E-003   333.157812861581     
  8.740000000000001E-003   332.970015736146     
  8.760000000000000E-003   332.826224315430     
  8.780000000000001E-003   332.716845817313     
  8.800000000000001E-003   332.635085720803     
  8.820000000000001E-003   332.575770894759     
  8.840000000000001E-003   332.535239673825     
  8.860000000000002E-003   332.509237265773     
  8.880000000000001E-003   332.496910065752     
  8.900000000000000E-003   332.493485522011     
  8.920000000000001E-003   332.502740044374     
  8.940000000000000E-003   332.521659288236     
  8.960000000000001E-003   332.549325045889     
  8.980000000000000E-003   332.585855644895     
  9.000000000000001E-003   332.630487324396     
  9.020000000000000E-003   332.681914860222     
  9.040000000000001E-003   332.738699108213     
  9.060000000000000E-003   332.801118214829     
  9.080000000000001E-003   332.869410903098     
  9.100000000000000E-003   332.942981673682     
  9.120000000000001E-003   333.021518224938     
  9.140000000000001E-003   333.104955179620     
  9.160000000000001E-003   333.193848486796     
  9.180000000000001E-003   333.287957058321     
  9.200000000000002E-003   333.386999313274     
  9.220000000000001E-003   333.490047837933     
  9.240000000000000E-003   333.595893805696     
  9.260000000000001E-003   333.703214762271     
  9.280000000000000E-003   333.810381571047     
  9.300000000000001E-003   333.916495792904     
  9.320000000000000E-003   334.021362568011     
  9.340000000000001E-003   334.124592677849     
  9.360000000000000E-003   334.226651425514     
  9.380000000000001E-003   334.329195303360     
  9.400000000000000E-003   334.432650828635     
  9.420000000000001E-003   334.537834306154     
  9.440000000000000E-003   334.644921164548     
  9.460000000000001E-003   334.753368375489     
  9.480000000000001E-003   334.861932994338     
  9.500000000000001E-003   334.968380495749     
  9.520000000000001E-003   335.071103076315     
  9.540000000000002E-003   335.168756228908     
  9.560000000000001E-003   335.260096482285     
  9.580000000000000E-003   335.344474947580     
  9.600000000000001E-003   335.422125580493     
  9.620000000000000E-003   335.493748559295     
  9.640000000000001E-003   335.560002876681     
  9.660000000000000E-003   335.621550185239     
  9.680000000000001E-003   335.679603879672     
  9.700000000000000E-003   335.736056976623     
  9.720000000000001E-003   335.791570947639     
  9.740000000000000E-003   335.845491217152     
  9.760000000000001E-003   335.897028347758     
  9.780000000000000E-003   335.945758611392     
  9.800000000000001E-003   335.991415625836     
  9.820000000000001E-003   336.033759894109     
  9.840000000000002E-003   336.072439987721     
  9.860000000000001E-003   336.106680442016     
  9.880000000000002E-003   336.135350542843     
  9.900000000000001E-003   336.157499641459     
  9.920000000000000E-003   336.171946132381     
  9.940000000000001E-003   336.179640415359     
  9.960000000000000E-003   336.177314603579     
  9.980000000000001E-003   336.168265285535     
  1.000000000000000E-002   336.151756042582     
  1.002000000000000E-002   336.129199839788     
  1.004000000000000E-002   336.103373439389     
  1.006000000000000E-002   336.076412410610     
  1.008000000000000E-002   336.052578029043     
  1.010000000000000E-002   336.033424090335     
  1.012000000000000E-002   336.019217012249     
  1.014000000000000E-002   336.009747852833     
  1.016000000000000E-002   336.005004534724     
  1.018000000000000E-002   336.004415455228     
  1.020000000000000E-002   336.011745858635     
  1.022000000000000E-002   336.029080936551     
  1.024000000000000E-002   336.046797403418     
  1.026000000000000E-002   336.061910943663     
  1.028000000000000E-002   336.073944453093     
  1.030000000000000E-002   336.083115872721     
  1.032000000000000E-002   336.090026433980     
  1.034000000000000E-002   336.092540607946     
  1.036000000000000E-002   336.091405034126     
  1.038000000000000E-002   336.088370540864     
  1.040000000000000E-002   336.083832635003     
  1.042000000000000E-002   336.078167266415     
  1.044000000000000E-002   336.071949015161     
  1.046000000000000E-002   336.066125339795     
  1.048000000000000E-002   336.061144627212     
  1.050000000000000E-002   336.057268392295     
  1.052000000000000E-002   336.054548651599     
  1.054000000000000E-002   336.052767740376     
  1.056000000000000E-002   336.051605176496     
  1.058000000000000E-002   336.050905967510     
  1.060000000000000E-002   336.050491114321     
  1.062000000000000E-002   336.050272137179     
  1.064000000000000E-002   336.050189453574     
  1.066000000000000E-002   336.051003732332     
  1.068000000000000E-002   336.053657733188     
  1.070000000000000E-002   336.059321203667     
  1.072000000000000E-002   336.069174391251     
  1.074000000000000E-002   336.084425229193     
  1.076000000000000E-002   336.106127212529     
  1.078000000000000E-002   336.135359923315     
  1.080000000000000E-002   336.173036974204     
  1.082000000000000E-002   336.220133198413     
  1.084000000000000E-002   336.276921850756     
  1.086000000000000E-002   336.343371078152     
  1.088000000000000E-002   336.418676423293     
  1.090000000000000E-002   336.502053095017     
  1.092000000000000E-002   336.592764776477     
  1.094000000000000E-002   336.689903719200     
  1.096000000000000E-002   336.792153461633     
  1.098000000000000E-002   336.898382896712     
  1.100000000000000E-002   337.007726748694     
  1.102000000000000E-002   337.119714225575     
  1.104000000000000E-002   337.232441777474     
  1.106000000000000E-002   337.344188048516     
  1.108000000000000E-002   337.452881315424     
  1.110000000000000E-002   337.557018098778     
  1.112000000000000E-002   337.655429381897     
  1.114000000000000E-002   337.747247584406     
  1.116000000000000E-002   337.831886277181     
  1.118000000000000E-002   337.908971290607     
  1.120000000000000E-002   337.978282862677     
  1.122000000000000E-002   338.039751488268     
  1.124000000000000E-002   338.093455700032     
  1.126000000000000E-002   338.139552005457     
  1.128000000000000E-002   338.178188722996     
  1.130000000000000E-002   338.209459984229     
  1.132000000000000E-002   338.233446466115     
  1.134000000000000E-002   338.250262015049     
  1.136000000000000E-002   338.259899217678     
  1.138000000000000E-002   338.262142909533     
  1.140000000000000E-002   338.257847932207     
  1.142000000000000E-002   338.250596911234     
  1.144000000000000E-002   338.240689707077     
  1.146000000000000E-002   338.228989150416     
  1.148000000000000E-002   338.215981166812     
  1.150000000000000E-002   338.202274395454     
  1.152000000000000E-002   338.188549105538     
  1.154000000000000E-002   338.176023449919     
  1.156000000000000E-002   338.165558462092     
  1.158000000000000E-002   338.157477169825     
  1.160000000000000E-002   338.150450736863     
  1.162000000000000E-002   338.141622322379     
  1.164000000000000E-002   338.128208987832     
  1.166000000000000E-002   338.108154950784     
  1.168000000000000E-002   338.079530795869     
  1.170000000000000E-002   338.040789423456     
  1.172000000000000E-002   337.990555084167     
  1.174000000000000E-002   337.927691634182     
  1.176000000000000E-002   337.851248471965     
  1.178000000000000E-002   337.760085748494     
  1.180000000000000E-002   337.653083119846     
  1.182000000000000E-002   337.528929261197     
  1.184000000000000E-002   337.386214721356     
  1.186000000000000E-002   337.222938400604     
  1.188000000000000E-002   337.036163131219     
  1.190000000000000E-002   336.821966656987     
  1.192000000000000E-002   336.575433269189     
  1.194000000000000E-002   336.289979832999     
  1.196000000000000E-002   335.957225619192     
  1.198000000000000E-002   335.567100217168     
  1.200000000000000E-002   335.122020913403     
  1.202000000000000E-002   334.692967964340     
  1.204000000000000E-002   334.301717675575     
  1.206000000000000E-002   333.957989326821     
  1.208000000000000E-002   333.663784523682     
  1.210000000000000E-002   333.418401356754     
  1.212000000000000E-002   333.218659576858     
  1.214000000000000E-002   333.059942545531     
  1.216000000000000E-002   332.936766774051     
  1.218000000000000E-002   332.843308300804     
  1.220000000000000E-002   332.773941711353     
  1.222000000000000E-002   332.723736314261     
  1.224000000000000E-002   332.688721566760     
  1.226000000000000E-002   332.665880004896     
  1.228000000000000E-002   332.652977347943     
  1.230000000000000E-002   332.648264626108     
  1.232000000000000E-002   332.649081196233     
  1.234000000000000E-002   332.655369607521     
  1.236000000000000E-002   332.668048609660     
  1.238000000000000E-002   332.689383858679     
  1.240000000000000E-002   332.717258741669     
  1.242000000000000E-002   332.750819069629     
  1.244000000000000E-002   332.788618811701     
  1.246000000000000E-002   332.829673623941     
  1.248000000000000E-002   332.873236017717     
  1.250000000000000E-002   332.918967331337     
  1.252000000000000E-002   332.966864799964     
  1.254000000000000E-002   333.017045486005     
  1.256000000000000E-002   333.069776684747     
  1.258000000000000E-002   333.125409713337     
  1.260000000000000E-002   333.184286224808     
  1.262000000000000E-002   333.246731483629     
  1.264000000000000E-002   333.313073796608     
  1.266000000000000E-002   333.383555745076     
  1.268000000000000E-002   333.458230328058     
  1.270000000000000E-002   333.536944873323     
  1.272000000000000E-002   333.619346189517     
  1.274000000000000E-002   333.704886509969     
  1.276000000000000E-002   333.792882720532     
  1.278000000000000E-002   333.882533691982     
  1.280000000000000E-002   333.973067003672     
  1.282000000000000E-002   334.063607385941     
  1.284000000000000E-002   334.153774660573     
  1.286000000000000E-002   334.242895303627     
  1.288000000000000E-002   334.329946411578     
  1.290000000000000E-002   334.413724091928     
  1.292000000000000E-002   334.493399953831     
  1.294000000000000E-002   334.568007482144     
  1.296000000000000E-002   334.636694609568     
  1.298000000000000E-002   334.699029384165     
  1.300000000000000E-002   334.755100236452     
  1.302000000000000E-002   334.805217354622     
  1.304000000000000E-002   334.849783504268     
  1.306000000000000E-002   334.889248743772     
  1.308000000000000E-002   334.924102566659     
  1.310000000000000E-002   334.954911067955     
  1.312000000000000E-002   334.982311737962     
  1.314000000000000E-002   335.006937103061     
  1.316000000000000E-002   335.029310218740     
  1.318000000000000E-002   335.049805615253     
  1.320000000000000E-002   335.068539711987     
  1.322000000000000E-002   335.085394999903     
  1.324000000000000E-002   335.099897638096     
  1.326000000000000E-002   335.111332534204     
  1.328000000000000E-002   335.118102701122     
  1.330000000000000E-002   335.119050729091     
  1.332000000000000E-002   335.115462793358     
  1.334000000000000E-002   335.104525213104     
  1.336000000000000E-002   335.085650400546     
  1.338000000000000E-002   335.058983459120     
  1.340000000000000E-002   335.024336764627     
  1.342000000000000E-002   334.981603892821     
  1.344000000000000E-002   334.931101296776     
  1.346000000000000E-002   334.873576882755     
  1.348000000000000E-002   334.809417191239     
  1.350000000000000E-002   334.738412136098     
  1.352000000000000E-002   334.660085288878     
  1.354000000000000E-002   334.574104711532     
  1.356000000000000E-002   334.480926853410     
  1.358000000000000E-002   334.380867870203     
  1.360000000000000E-002   334.273715903113     
  1.362000000000000E-002   334.159461690979     
  1.364000000000000E-002   334.038298929062     
  1.366000000000000E-002   333.909848361672     
  1.368000000000000E-002   333.773064842071     
  1.370000000000000E-002   333.626255869311     
  1.372000000000000E-002   333.467202436378     
  1.374000000000000E-002   333.293429517729     
  1.376000000000000E-002   333.109956952972     
  1.378000000000000E-002   332.935086979898     
  1.380000000000000E-002   332.769502773023     
  1.382000000000000E-002   332.612867422124     
  1.384000000000000E-002   332.463916328161     
  1.386000000000000E-002   332.321904430722     
  1.388000000000000E-002   332.186458755601     
  1.390000000000000E-002   332.057194754586     
  1.392000000000000E-002   331.933353493931     
  1.394000000000000E-002   331.813794746839     
  1.396000000000000E-002   331.697312785683     
  1.398000000000000E-002   331.583040116064     
  1.400000000000000E-002   331.470549014012     
  1.402000000000000E-002   331.359681979127     
  1.404000000000000E-002   331.250406973291     
  1.406000000000000E-002   331.143103369814     
  1.408000000000000E-002   331.038211927571     
  1.410000000000000E-002   330.936016748033     
  1.412000000000000E-002   330.838361875324     
  1.414000000000000E-002   330.747462125384     
  1.416000000000000E-002   330.663995721494     
  1.418000000000000E-002   330.587707840200     
  1.420000000000000E-002   330.518121546822     
  1.422000000000000E-002   330.455281454006     
  1.424000000000000E-002   330.399493039935     
  1.426000000000000E-002   330.351236431647     
  1.428000000000000E-002   330.311296498514     
  1.430000000000000E-002   330.281146063964     
  1.432000000000000E-002   330.263402039097     
  1.434000000000000E-002   330.263415847341     
  1.436000000000000E-002   330.275631527592     
  1.438000000000000E-002   330.303016099917     
  1.440000000000000E-002   330.347086152527     
  1.442000000000000E-002   330.407355047013     
  1.444000000000000E-002   330.479230681500     
  1.446000000000000E-002   330.560918377611     
  1.448000000000000E-002   330.644261522461     
  1.450000000000000E-002   330.724531701119     
  1.452000000000000E-002   330.802568180101     
  1.454000000000000E-002   330.878467141308     
  1.456000000000000E-002   330.951589253900     
  1.458000000000000E-002   331.022035447776     
  1.460000000000000E-002   331.089916049907     
  1.462000000000000E-002   331.155440089214     
  1.464000000000000E-002   331.218729497502     
  1.466000000000000E-002   331.279801983602     
  1.468000000000000E-002   331.338817706072     
  1.470000000000000E-002   331.396160795240     
  1.472000000000000E-002   331.451240579086     
  1.474000000000000E-002   331.503568297599     
  1.476000000000000E-002   331.553583722762     
  1.478000000000000E-002   331.601287177558     
  1.480000000000000E-002   331.646845432038     
  1.482000000000000E-002   331.691052149145     
  1.484000000000000E-002   331.735298370240     
  1.486000000000000E-002   331.781746425902     
  1.488000000000000E-002   331.833909257304     
  1.490000000000000E-002   331.894340135122     
  1.492000000000000E-002   331.964338004697     
  1.494000000000000E-002   332.044321170536     
  1.496000000000000E-002   332.133434943361     
  1.498000000000000E-002   332.230369201351     
  1.500000000000000E-002   332.333921098327     
  1.502000000000000E-002   332.443305730352     
  1.504000000000000E-002   332.557901560022     
  1.506000000000000E-002   332.677127028601     
  1.508000000000000E-002   332.800577753685     
  1.510000000000000E-002   332.927993965686     
  1.512000000000000E-002   333.059426012145     
  1.514000000000000E-002   333.192962442265     
  1.516000000000000E-002   333.326089988859     
  1.518000000000000E-002   333.456379598707     
  1.520000000000000E-002   333.581964978227     
  1.522000000000000E-002   333.701366287488     
  1.524000000000000E-002   333.813739881904     
  1.526000000000000E-002   333.918719510382     
  1.528000000000000E-002   334.016205003259     
  1.530000000000000E-002   334.106207633690     
  1.532000000000000E-002   334.188809813613     
  1.534000000000000E-002   334.264265635799     
  1.536000000000000E-002   334.332880365763     
  1.538000000000000E-002   334.394821261741     
  1.540000000000000E-002   334.450562021277     
  1.542000000000000E-002   334.500045630555     
  1.544000000000000E-002   334.543428974821     
  1.546000000000000E-002   334.581808259809     
  1.548000000000000E-002   334.616605249826     
  1.550000000000000E-002   334.649302106325     
  1.552000000000000E-002   334.681192989765     
  1.554000000000000E-002   334.713529530968     
  1.556000000000000E-002   334.746929608183     
  1.558000000000000E-002   334.781751892879     
  1.560000000000000E-002   334.818103313842     
  1.562000000000000E-002   334.855831854176     
  1.564000000000000E-002   334.894255729774     
  1.566000000000000E-002   334.932760134930     
  1.568000000000000E-002   334.970508159264     
  1.570000000000000E-002   335.006552748080     
  1.572000000000000E-002   335.039863275498     
  1.574000000000000E-002   335.069382313245     
  1.576000000000000E-002   335.094045204700     
  1.578000000000000E-002   335.112505622685     
  1.580000000000000E-002   335.125980145107     
  1.582000000000000E-002   335.130456347973     
  1.584000000000000E-002   335.126990747645     
  1.586000000000000E-002   335.116570129595     
  1.588000000000000E-002   335.098478113707     
  1.590000000000000E-002   335.072364932523     
  1.592000000000000E-002   335.038160489922     
  1.594000000000000E-002   334.995785219013     
  1.596000000000000E-002   334.945449645141     
  1.598000000000000E-002   334.887588269235     
  1.600000000000000E-002   334.822909167110     
  1.602000000000000E-002   334.752204047776     
  1.604000000000000E-002   334.676252981825     
  1.606000000000000E-002   334.595527589922     
  1.608000000000000E-002   334.510354249289     
  1.610000000000000E-002   334.420909015260     
  1.612000000000000E-002   334.329701789585     
  1.614000000000000E-002   334.240859890956     
  1.616000000000000E-002   334.157504127481     
  1.618000000000000E-002   334.080207303366     
  1.620000000000000E-002   334.009192122863     
  1.622000000000000E-002   333.944196705827     
  1.624000000000000E-002   333.884708232869     
  1.626000000000000E-002   333.830204845963     
  1.628000000000000E-002   333.780566780692     
  1.630000000000000E-002   333.735967938598     
  1.632000000000000E-002   333.696500893844     
  1.634000000000000E-002   333.662054139194     
  1.636000000000000E-002   333.632531502541     
  1.638000000000000E-002   333.607970788042     
  1.640000000000000E-002   333.588421835749     
  1.642000000000000E-002   333.573783018876     
  1.644000000000000E-002   333.563736930550     
  1.646000000000000E-002   333.557793527232     
  1.648000000000000E-002   333.555326691864     
  1.650000000000000E-002   333.555652411263     
  1.652000000000000E-002   333.557694208371     
  1.654000000000000E-002   333.560749507585     
  1.656000000000000E-002   333.564154965060     
  1.658000000000000E-002   333.567335075898     
  1.660000000000000E-002   333.569041043451     
  1.662000000000000E-002   333.568930201260     
  1.664000000000000E-002   333.566848246666     
  1.666000000000000E-002   333.562280952427     
  1.668000000000000E-002   333.555183435176     
  1.670000000000000E-002   333.545546855281     
  1.672000000000000E-002   333.533356298713     
  1.674000000000000E-002   333.518628466326     
  1.676000000000000E-002   333.501694194111     
  1.678000000000000E-002   333.484004514127     
  1.680000000000000E-002   333.466196620013     
  1.682000000000000E-002   333.448320203838     
  1.684000000000000E-002   333.430176170871     
  1.686000000000000E-002   333.411750542557     
  1.688000000000000E-002   333.393378642251     
  1.690000000000000E-002   333.375362433872     
  1.692000000000000E-002   333.358392639946     
  1.694000000000000E-002   333.342663650459     
  1.696000000000000E-002   333.328589957289     
  1.698000000000000E-002   333.316004466568     
  1.700000000000000E-002   333.305047100031     
  1.702000000000000E-002   333.295950485401     
  1.704000000000000E-002   333.288829275875     
  1.706000000000000E-002   333.283821539309     
  1.708000000000000E-002   333.281086727011     
  1.710000000000000E-002   333.280879789983     
  1.712000000000000E-002   333.282974477170     
  1.714000000000000E-002   333.287460008674     
  1.716000000000000E-002   333.294337628041     
  1.718000000000000E-002   333.303722528316     
  1.720000000000000E-002   333.315728412436     
  1.722000000000000E-002   333.330405135356     
  1.724000000000000E-002   333.347778029172     
  1.726000000000000E-002   333.367827807662     
  1.728000000000000E-002   333.390418235925     
  1.730000000000000E-002   333.415317739995     
  1.732000000000000E-002   333.442196401621     
  1.734000000000000E-002   333.470606235526     
  1.736000000000000E-002   333.500012571828     
  1.738000000000000E-002   333.529953822464     
  1.740000000000000E-002   333.560061357561     
  1.742000000000000E-002   333.590080141060     
  1.744000000000000E-002   333.619712753503     
  1.746000000000000E-002   333.648782072588     
  1.748000000000000E-002   333.677154084046     
  1.750000000000000E-002   333.704706146576     
  1.752000000000000E-002   333.731336135011     
  1.754000000000000E-002   333.756988664194     
  1.756000000000000E-002   333.781590215466     
  1.758000000000000E-002   333.805049738407     
  1.760000000000000E-002   333.827305629846     
  1.762000000000000E-002   333.848326517942     
  1.764000000000000E-002   333.868132685608     
  1.766000000000000E-002   333.886771664978     
  1.768000000000000E-002   333.904290125035     
  1.770000000000000E-002   333.920719667149     
  1.772000000000000E-002   333.936080547636     
  1.774000000000000E-002   333.950391725715     
  1.776000000000000E-002   333.963705236337     
  1.778000000000000E-002   333.976141286830     
  1.780000000000000E-002   333.987863975067     
  1.782000000000000E-002   333.999060588420     
  1.784000000000000E-002   334.009888567048     
  1.786000000000000E-002   334.020421352337     
  1.788000000000000E-002   334.030639553781     
  1.790000000000000E-002   334.040439131836     
  1.792000000000000E-002   334.049678343803     
  1.794000000000000E-002   334.058216651751     
  1.796000000000000E-002   334.065932430204     
  1.798000000000000E-002   334.072743454484     
  1.800000000000000E-002   334.078602521117     
  1.802000000000000E-002   334.083481702102     
  1.804000000000000E-002   334.087370201602     
  1.806000000000000E-002   334.090262726021     
  1.808000000000000E-002   334.092095607741     
  1.810000000000000E-002   334.092708136319     
  1.812000000000000E-002   334.091799328096     
  1.814000000000000E-002   334.089450049297     
  1.816000000000000E-002   334.085275168234     
  1.818000000000000E-002   334.079104849456     
  1.820000000000000E-002   334.070866548023     
  1.822000000000000E-002   334.060475907490     
  1.824000000000000E-002   334.048062150624     
  1.826000000000000E-002   334.033909556894     
  1.828000000000000E-002   334.017699213368     
  1.830000000000000E-002   333.999874431643     
  1.832000000000000E-002   333.981055516293     
  1.834000000000000E-002   333.961999020374     
  1.836000000000000E-002   333.943500778015     
  1.838000000000000E-002   333.926258868840     
  1.840000000000000E-002   333.910836210379     
  1.842000000000000E-002   333.897558080221     
  1.844000000000000E-002   333.886740714425     
  1.846000000000000E-002   333.879254098856     
  1.848000000000000E-002   333.873993474787     
  1.850000000000000E-002   333.874077788720     
  1.852000000000000E-002   333.877926593216     
  1.854000000000000E-002   333.885002225008     
  1.856000000000000E-002   333.894752461836     
  1.858000000000000E-002   333.906843349396     
  1.860000000000000E-002   333.920835842819     
  1.862000000000000E-002   333.936296928580     
  1.864000000000000E-002   333.952719877136     
  1.866000000000000E-002   333.969595838022     
  1.868000000000000E-002   333.986631816435     
  1.870000000000000E-002   334.003474153048     
  1.872000000000000E-002   334.019541228345     
  1.874000000000000E-002   334.034262194940     
  1.876000000000000E-002   334.047101062563     
  1.878000000000000E-002   334.057317686499     
  1.880000000000000E-002   334.065602233313     
  1.882000000000000E-002   334.069411172786     
  1.884000000000000E-002   334.067795661327     
  1.886000000000000E-002   334.061290464193     
  1.888000000000000E-002   334.049100799688     
  1.890000000000000E-002   334.030891005158     
  1.892000000000000E-002   334.006454316784     
  1.894000000000000E-002   333.976117590706     
  1.896000000000000E-002   333.940499302594     
  1.898000000000000E-002   333.900400521045     
  1.900000000000000E-002   333.856367449607     
  1.902000000000000E-002   333.808919501319     
  1.904000000000000E-002   333.758316068327     
  1.906000000000000E-002   333.705324429609     
  1.908000000000000E-002   333.650090660177     
  1.910000000000000E-002   333.592876617473     
  1.912000000000000E-002   333.534206980565     
  1.914000000000000E-002   333.474909678874     
  1.916000000000000E-002   333.415698120743     
  1.918000000000000E-002   333.357316529981     
  1.920000000000000E-002   333.300544334211     
  1.922000000000000E-002   333.246132748200     
  1.924000000000000E-002   333.194825536163     
  1.926000000000000E-002   333.147379077362     
  1.928000000000000E-002   333.103889881051     
  1.930000000000000E-002   333.064587140899     
  1.932000000000000E-002   333.030220336340     
  1.934000000000000E-002   333.001942849442     
  1.936000000000000E-002   332.980127981078     
  1.938000000000000E-002   332.963811967761     
  1.940000000000000E-002   332.952166650932     
  1.942000000000000E-002   332.944776310228     
  1.944000000000000E-002   332.940952864669     
  1.946000000000000E-002   332.939333617642     
  1.948000000000000E-002   332.941107091433     
  1.950000000000000E-002   332.945357333798     
  1.952000000000000E-002   332.951163322814     
  1.954000000000000E-002   332.958046183125     
  1.956000000000000E-002   332.965598880969     
  1.958000000000000E-002   332.973365547374     
  1.960000000000000E-002   332.981056482209     
  1.962000000000000E-002   332.988407717396     
  1.964000000000000E-002   332.995219809858     
  1.966000000000000E-002   333.001402684631     
  1.968000000000000E-002   333.006941058880     
  1.970000000000000E-002   333.011901601517     
  1.972000000000000E-002   333.016406906989     
  1.974000000000000E-002   333.020568860808     
  1.976000000000000E-002   333.024454568764     
  1.978000000000000E-002   333.028093047065     
  1.980000000000000E-002   333.031498917171     
  1.982000000000000E-002   333.034676347923     
  1.984000000000000E-002   333.037607469605     
  1.986000000000000E-002   333.040259366865     
  1.988000000000000E-002   333.042585778157     
  1.990000000000000E-002   333.044566105834     
  1.992000000000000E-002   333.046179019791     
  1.994000000000000E-002   333.047600375178     
  1.996000000000000E-002   333.049019324889     
  1.998000000000000E-002   333.050660997861     
  2.000000000000000E-002   333.052895616786     
  2.002000000000000E-002   333.056055127009     
  2.004000000000000E-002   333.060321561532     
  2.006000000000000E-002   333.065844808019     
  2.008000000000000E-002   333.072695014290     
  2.010000000000000E-002   333.080891652287     
  2.012000000000000E-002   333.090437469658     
  2.014000000000000E-002   333.101314035865     
  2.016000000000000E-002   333.113466063280     
  2.018000000000000E-002   333.126794070076     
  2.020000000000000E-002   333.141148189078     
  2.022000000000000E-002   333.156332918122     
  2.024000000000000E-002   333.172157268109     
  2.026000000000000E-002   333.188349093305     
  2.028000000000000E-002   333.204515972916     
  2.030000000000000E-002   333.219755150144     
  2.032000000000000E-002   333.233777889848     
  2.034000000000000E-002   333.246486115311     
  2.036000000000000E-002   333.257650503018     
  2.038000000000000E-002   333.267170522440     
  2.040000000000000E-002   333.274692548316     
  2.042000000000000E-002   333.279870615641     
  2.044000000000000E-002   333.283482530138     
  2.046000000000000E-002   333.283342529687     
  2.048000000000000E-002   333.280725263727     
  2.050000000000000E-002   333.274692714714     
  2.052000000000000E-002   333.264850200913     
  2.054000000000000E-002   333.250917399760     
  2.056000000000000E-002   333.232691004343     
  2.058000000000000E-002   333.210002732432     
  2.060000000000000E-002   333.182735348712     
  2.062000000000000E-002   333.150842831868     
  2.064000000000000E-002   333.114257884754     
  2.066000000000000E-002   333.072661184304     
  2.068000000000000E-002   333.026165669261     
  2.070000000000000E-002   332.975777582194     
  2.072000000000000E-002   332.921033446591     
  2.074000000000000E-002   332.862275445042     
  2.076000000000000E-002   332.800053049864     
  2.078000000000000E-002   332.735259816957     
  2.080000000000000E-002   332.669015233356     
  2.082000000000000E-002   332.602161959553     
  2.084000000000000E-002   332.534756876488     
  2.086000000000000E-002   332.466806834951     
  2.088000000000000E-002   332.398441946035     
  2.090000000000000E-002   332.329740761947     
  2.092000000000000E-002   332.260760715571     
  2.094000000000000E-002   332.191522373493     
  2.096000000000000E-002   332.121994681004     
  2.098000000000000E-002   332.052093181991     
  2.100000000000000E-002   331.981694742239     
  2.102000000000000E-002   331.910655425035     
  2.104000000000000E-002   331.838819710223     
  2.106000000000000E-002   331.766062304983     
  2.108000000000000E-002   331.692243558049     
  2.110000000000000E-002   331.617213953133     
  2.112000000000000E-002   331.540845557743     
  2.114000000000000E-002   331.463061225749     
  2.116000000000000E-002   331.383971734760     
  2.118000000000000E-002   331.303688491997     
  2.120000000000000E-002   331.222130018468     
  2.122000000000000E-002   331.139038248251     
  2.124000000000000E-002   331.053784919293     
  2.126000000000000E-002   330.965850928758     
  2.128000000000000E-002   330.875313042242     
  2.130000000000000E-002   330.782045771685     
  2.132000000000000E-002   330.685900581665     
  2.134000000000000E-002   330.586791644049     
  2.136000000000000E-002   330.484749340173     
  2.138000000000000E-002   330.379836956944     
  2.140000000000000E-002   330.272110927010     
  2.142000000000000E-002   330.161716677863     
  2.144000000000000E-002   330.048659011806     
  2.146000000000000E-002   329.932855435529     
  2.148000000000000E-002   329.814112806304     
  2.150000000000000E-002   329.692156210682     
  2.152000000000000E-002   329.566698370669     
  2.154000000000000E-002   329.437469492048     
  2.156000000000000E-002   329.304169700379     
  2.158000000000000E-002   329.166573561215     
  2.160000000000000E-002   329.024419235193     
  2.162000000000000E-002   328.877342850180     
  2.164000000000000E-002   328.724896488789     
  2.166000000000000E-002   328.566640584628     
  2.168000000000000E-002   328.402221611764     
  2.170000000000000E-002   328.231340225927     
  2.172000000000000E-002   328.053702838272     
  2.174000000000000E-002   327.869540986799     
  2.176000000000000E-002   327.681391183666     
  2.178000000000000E-002   327.490394761551     
  2.180000000000000E-002   327.297612288332     
  2.182000000000000E-002   327.103856226778     
  2.184000000000000E-002   326.909386196947     
  2.186000000000000E-002   326.713748147810     
  2.188000000000000E-002   326.515938692146     
  2.190000000000000E-002   326.314885130709     
  2.192000000000000E-002   326.109854300035     
  2.194000000000000E-002   325.900436930018     
  2.196000000000000E-002   325.689017150196     
  2.198000000000000E-002   325.472433840101     
  2.200000000000000E-002   325.249997988364     
  2.202000000000000E-002   325.022325127480     
  2.204000000000000E-002   324.788932056188     
  2.206000000000000E-002   324.550137019428     
  2.208000000000000E-002   324.306012413654     
  2.210000000000000E-002   324.056612714154     
  2.212000000000000E-002   323.802009492321     
  2.214000000000000E-002   323.542320641139     
  2.216000000000000E-002   323.277861594594     
  2.218000000000000E-002   323.009145005917     
  2.220000000000000E-002   322.737292547847     
  2.222000000000000E-002   322.463669493780     
  2.224000000000000E-002   322.189557092072     
  2.226000000000000E-002   321.917387045004     
  2.228000000000000E-002   321.650020929487     
  2.230000000000000E-002   321.390514619409     
  2.232000000000000E-002   321.141271894920     
  2.234000000000000E-002   320.905781072559     
  2.236000000000000E-002   320.687341960200     
  2.238000000000000E-002   320.487318646430     
  2.240000000000000E-002   320.307636369702     
  2.242000000000000E-002   320.153728492273     
  2.244000000000000E-002   320.010816466213     
  2.246000000000000E-002   319.846376275925     
  2.248000000000000E-002   319.656556349596     
  2.250000000000000E-002   319.444534869369     
  2.252000000000000E-002   319.213117828953     
  2.254000000000000E-002   318.964669125780     
  2.256000000000000E-002   318.701154576947     
  2.258000000000000E-002   318.424434346027     
  2.260000000000000E-002   318.136433834420     
  2.262000000000000E-002   317.839020264940     
  2.264000000000000E-002   317.533736018104     
  2.266000000000000E-002   317.221872085694     
  2.268000000000000E-002   316.904786081737     
  2.270000000000000E-002   316.583569326170     
  2.272000000000000E-002   316.258979610960     
  2.274000000000000E-002   315.931424849262     
  2.276000000000000E-002   315.601091432679     
  2.278000000000000E-002   315.268089838296     
  2.280000000000000E-002   314.932529620927     
  2.282000000000000E-002   314.594505975698     
  2.284000000000000E-002   314.254108962710     
  2.286000000000000E-002   313.911406301226     
  2.288000000000000E-002   313.566344390456     
  2.290000000000000E-002   313.217429463819     
  2.292000000000000E-002   312.860781818969     
  2.294000000000000E-002   312.495635402474     
  2.296000000000000E-002   312.122345868022     
  2.298000000000000E-002   311.742058773263     
  2.300000000000000E-002   311.356443542802     
  2.302000000000000E-002   310.967058769027     
  2.304000000000000E-002   310.574865314531     
  2.306000000000000E-002   310.180437904042     
  2.308000000000000E-002   309.784326705843     
  2.310000000000000E-002   309.387003068566     
  2.312000000000000E-002   308.988862010803     
  2.314000000000000E-002   308.590264876282     
  2.316000000000000E-002   308.191632938112     
  2.318000000000000E-002   307.793668510337     
  2.320000000000000E-002   307.397152560511     
  2.322000000000000E-002   307.002912157351     
  2.324000000000000E-002   306.611738687211     
  2.326000000000000E-002   306.224356534757     
  2.328000000000000E-002   305.841374425089     
  2.330000000000000E-002   305.463195101974     
  2.332000000000000E-002   305.090085556993     
  2.334000000000000E-002   304.722033707162     
  2.336000000000000E-002   304.358777356366     
  2.338000000000000E-002   303.999784480683     
  2.340000000000000E-002   303.644319354547     
  2.342000000000000E-002   303.291634154653     
  2.344000000000000E-002   302.941169924927     
  2.346000000000000E-002   302.592599742850     
  2.348000000000000E-002   302.245737590473     
  2.350000000000000E-002   301.900387620588     
  2.352000000000000E-002   301.556224185574     
  2.354000000000000E-002   301.212800830647     
  2.356000000000000E-002   300.869653544532     
  2.358000000000000E-002   300.526198796636     
  2.360000000000000E-002   300.182016516367     
  2.362000000000000E-002   299.836836529446     
  2.364000000000000E-002   299.490423537907     
  2.366000000000000E-002   299.142518241729     
  2.368000000000000E-002   298.792799840601     
  2.370000000000000E-002   298.440841453535     
  2.372000000000000E-002   298.086044940708     
  2.374000000000000E-002   297.727584959384     
  2.376000000000000E-002   297.364382575609     
  2.378000000000000E-002   296.995127030247     
  2.380000000000000E-002   296.618237183449     
  2.382000000000000E-002   296.231895330929     
  2.384000000000000E-002   295.834212301059     
  2.386000000000000E-002   295.423349144450     
  2.388000000000000E-002   294.997522841703     
  2.390000000000000E-002   294.555218926077     
  2.392000000000000E-002   294.095251103074     
  2.394000000000000E-002   293.616583190568     
  2.396000000000000E-002   293.118390388886     
  2.398000000000000E-002   292.599869957595     
  2.400000000000000E-002   292.060151461497     
  2.402000000000000E-002   291.498120326603     
  2.404000000000000E-002   290.912314210422     
  2.406000000000000E-002   290.300996819768     
  2.408000000000000E-002   289.662224623942     
  2.410000000000000E-002   288.993938287338     
  2.412000000000000E-002   288.293917850721     
  2.414000000000000E-002   287.559681844905     
  2.416000000000000E-002   286.788593950678     
  2.418000000000000E-002   285.977953097305     
  2.420000000000000E-002   285.125086375106     
  2.422000000000000E-002   284.227437720144     
  2.424000000000000E-002   283.282419674358     
  2.426000000000000E-002   282.287576206917     
  2.428000000000000E-002   281.240464336727     
  2.430000000000000E-002   280.138807168009     
  2.432000000000000E-002   278.981160212097     
  2.434000000000000E-002   277.771873595503     
  2.436000000000000E-002   276.537863951776     
  2.438000000000000E-002   275.316274969631     
  2.440000000000000E-002   274.116214660845     
  2.442000000000000E-002   272.932526026375     
  2.444000000000000E-002   271.758037170017     
  2.446000000000000E-002   270.577699267034     
  2.448000000000000E-002   269.375527989510     
  2.450000000000000E-002   268.140664150826     
  2.452000000000000E-002   266.864401661274     
  2.454000000000000E-002   265.533274186643     
  2.456000000000000E-002   264.128485110189     
  2.458000000000000E-002   262.624602149904     
  2.460000000000000E-002   260.988252180161     
  2.462000000000000E-002   259.177107472505     
  2.464000000000000E-002   257.138288388166     
  2.466000000000000E-002   254.813916872882     
  2.468000000000000E-002   252.136246410030     
  2.470000000000000E-002   249.016971800223     
  2.472000000000000E-002   245.340635933066     
  2.474000000000000E-002   241.154058967558     
  2.476000000000000E-002   237.009896053897     
  2.478000000000000E-002   233.508866477349     
  2.480000000000000E-002   230.636725869166     
  2.482000000000000E-002   228.308933560257     
  2.484000000000000E-002   226.407481400085     
  2.486000000000000E-002   224.792305687670     
  2.488000000000000E-002   223.336570683469     
  2.490000000000000E-002   222.074727585894     
  2.492000000000000E-002   221.019428450586     
  2.494000000000000E-002   220.094621340309     
  2.496000000000000E-002   219.173471031570     
  2.498000000000000E-002   218.160737298746     
  2.500000000000000E-002   217.000000841268     
  2.502000000000000E-002   215.621354178181     
  2.504000000000000E-002   213.924753962963     
  2.506000000000000E-002   211.829186066790     
  2.508000000000000E-002   209.302362211799     
  2.510000000000000E-002   206.384385914581     
  2.512000000000000E-002   203.343884519013     
  2.514000000000000E-002   200.485780366077     
  2.516000000000000E-002   197.837725853757     
  2.518000000000000E-002   195.321142266369     
  2.520000000000000E-002   192.864584541565     
  2.522000000000000E-002   190.396291267637     
  2.524000000000000E-002   187.808944084454     
  2.526000000000000E-002   184.984744061588     
  2.528000000000000E-002   181.800569508921     
  2.530000000000000E-002   178.167424594475     
  2.532000000000000E-002   174.124982138593     
  2.534000000000000E-002   169.944113749844     
  2.536000000000000E-002   165.800094599557     
  2.538000000000000E-002   161.702187877868     
  2.540000000000000E-002   157.658444694203     
  2.542000000000000E-002   153.652167332987     
  2.544000000000000E-002   149.644814278812     
  2.546000000000000E-002   145.608200145312     
  2.548000000000000E-002   141.615897830318     
  2.550000000000000E-002   137.802624718805     
  2.552000000000000E-002   134.363798699729     
  2.554000000000000E-002   131.419418541416     
  2.556000000000000E-002   129.096093961865     
  2.558000000000000E-002   127.474803078654     
  2.560000000000000E-002   126.412796290199     
  2.562000000000000E-002   126.174107470749     
  2.564000000000000E-002   126.643905472614     
  2.566000000000000E-002   127.862127155422     
  2.568000000000000E-002   129.725067827981     
  2.570000000000000E-002   132.142588035523     
  2.572000000000000E-002   135.187859139147     
  2.574000000000000E-002   138.921050122259     
  2.576000000000000E-002   143.367190214196     
  2.578000000000000E-002   148.470952933288     
  2.580000000000000E-002   154.077061200910     
  2.582000000000000E-002   159.892971038217     
  2.584000000000000E-002   165.660185283750     
  2.586000000000000E-002   171.289507114993     
  2.588000000000000E-002   176.705292709204     
  2.590000000000000E-002   181.892991183207     
  2.592000000000000E-002   186.863348863429     
  2.594000000000000E-002   191.631711269210     
  2.596000000000000E-002   196.202204748170     
  2.598000000000000E-002   200.567511806647     
  2.600000000000000E-002   204.721180197121     
  2.602000000000000E-002   208.665921657922     
  2.604000000000000E-002   212.413076560714     
  2.606000000000000E-002   215.975838993169     
  2.608000000000000E-002   219.361598049109     
  2.610000000000000E-002   222.570035018211     
  2.612000000000000E-002   225.598169234468     
  2.614000000000000E-002   228.431711283438     
  2.616000000000000E-002   231.043055814770     
  2.618000000000000E-002   233.405340059885     
  2.620000000000000E-002   235.543295995809     
  2.622000000000000E-002   237.496501006287     
  2.624000000000000E-002   239.300822894229     
  2.626000000000000E-002   240.999358425020     
  2.628000000000000E-002   242.637698692294     
  2.630000000000000E-002   244.258965693078     
  2.632000000000000E-002   245.913214240480     
  2.634000000000000E-002   247.557380947093     
  2.636000000000000E-002   248.961863141740     
  2.638000000000000E-002   249.788629602736     
  2.640000000000000E-002   249.931797250495     
  2.642000000000000E-002   249.440805133053     
  2.644000000000000E-002   248.081491000950     
  2.646000000000000E-002   246.123898910247     
  2.648000000000000E-002   243.770512315492     
  2.650000000000000E-002   241.133367657549     
  2.652000000000000E-002   238.535011475251     
  2.654000000000000E-002   236.389960444281     
  2.656000000000000E-002   234.825727240318     
  2.658000000000000E-002   233.860180698362     
  2.660000000000000E-002   233.461987455152     
  2.662000000000000E-002   233.437505522826     
  2.664000000000000E-002   233.698408666182     
  2.666000000000000E-002   234.496325854387     
  2.668000000000000E-002   236.119430384981     
  2.670000000000000E-002   238.734365565356     
  2.672000000000000E-002   242.390154984408     
  2.674000000000000E-002   246.947094245651     
  2.676000000000000E-002   251.837957256151     
  2.678000000000000E-002   256.325187244009     
  2.680000000000000E-002   260.366970915550     
  2.682000000000000E-002   264.036439128203     
  2.684000000000000E-002   267.434551948241     
  2.686000000000000E-002   270.624492367195     
  2.688000000000000E-002   273.658972649076     
  2.690000000000000E-002   276.568706999577     
  2.692000000000000E-002   279.282428721557     
  2.694000000000000E-002   281.723751697244     
  2.696000000000000E-002   283.856641314498     
  2.698000000000000E-002   285.675947930537     
  2.700000000000000E-002   287.206308978098     
  2.702000000000000E-002   288.514941183038     
  2.704000000000000E-002   289.703494662937     
  2.706000000000000E-002   290.923851083805     
  2.708000000000000E-002   292.141379366165     
  2.710000000000000E-002   293.343801062066     
  2.712000000000000E-002   294.536967135677     
  2.714000000000000E-002   295.721707007814     
  2.716000000000000E-002   296.897271831396     
  2.718000000000000E-002   298.062954163862     
  2.720000000000000E-002   299.221619087501     
  2.722000000000000E-002   300.373024043465     
  2.724000000000000E-002   301.511767668942     
  2.726000000000000E-002   302.633882554866     
  2.728000000000000E-002   303.735895284920     
  2.730000000000000E-002   304.817077243160     
  2.732000000000000E-002   305.883363816027     
  2.734000000000000E-002   306.937960632361     
  2.736000000000000E-002   307.985445015210     
  2.738000000000000E-002   309.042225974498     
  2.740000000000000E-002   310.081931438764     
  2.742000000000000E-002   311.052236492490     
  2.744000000000000E-002   311.948394369677     
  2.746000000000000E-002   312.774917832233     
  2.748000000000000E-002   313.535831145043     
  2.750000000000000E-002   314.235021592418     
  2.752000000000000E-002   314.876352091949     
  2.754000000000000E-002   315.464717899772     
  2.756000000000000E-002   316.006119421897     
  2.758000000000000E-002   316.507478837243     
  2.760000000000000E-002   316.977412838940     
  2.762000000000000E-002   317.425766911889     
  2.764000000000000E-002   317.860789657263     
  2.766000000000000E-002   318.286425455683     
  2.768000000000000E-002   318.701507630192     
  2.770000000000000E-002   319.100499895712     
  2.772000000000000E-002   319.475461268462     
  2.774000000000000E-002   319.819018487669     
  2.776000000000000E-002   320.126137520713     
  2.778000000000000E-002   320.395349539701     
  2.780000000000000E-002   320.629891521876     
  2.782000000000000E-002   320.837791217245     
  2.784000000000000E-002   321.028827009202     
  2.786000000000000E-002   321.210622076857     
  2.788000000000000E-002   321.388978996617     
  2.790000000000000E-002   321.569449882413     
  2.792000000000000E-002   321.756798057970     
  2.794000000000000E-002   321.954803637543     
  2.796000000000000E-002   322.165904936285     
  2.798000000000000E-002   322.391194452152     
  2.800000000000000E-002   322.631271453899     
  2.802000000000000E-002   322.886650765206     
  2.804000000000000E-002   323.157148021485     
  2.806000000000000E-002   323.438569986401     
  2.808000000000000E-002   323.717950928094     
  2.810000000000000E-002   323.984889755058     
  2.812000000000000E-002   324.238059067292     
  2.814000000000000E-002   324.476609987028     
  2.816000000000000E-002   324.699805046316     
  2.818000000000000E-002   324.907520902073     
  2.820000000000000E-002   325.099882354365     
  2.822000000000000E-002   325.277149091396     
  2.824000000000000E-002   325.439354917811     
  2.826000000000000E-002   325.585710324705     
  2.828000000000000E-002   325.715242919997     
  2.830000000000000E-002   325.827297901602     
  2.832000000000000E-002   325.922175567116     
  2.834000000000000E-002   326.000808643699     
  2.836000000000000E-002   326.064482702245     
  2.838000000000000E-002   326.115559667218     
  2.840000000000000E-002   326.157032827441     
  2.842000000000000E-002   326.192301986177     
  2.844000000000000E-002   326.225029963483     
  2.846000000000000E-002   326.257752746030     
  2.848000000000000E-002   326.291595636547     
  2.850000000000000E-002   326.329242027531     
  2.852000000000000E-002   326.373726173202     
  2.854000000000000E-002   326.426690332026     
  2.856000000000000E-002   326.489867054438     
  2.858000000000000E-002   326.565262668524     
  2.860000000000000E-002   326.655327726744     
  2.862000000000000E-002   326.763019891445     
  2.864000000000000E-002   326.891354547255     
  2.866000000000000E-002   327.043214908176     
  2.868000000000000E-002   327.221548077596     
  2.870000000000000E-002   327.429640348403     
  2.872000000000000E-002   327.671262702113     
  2.874000000000000E-002   327.950721929494     
  2.876000000000000E-002   328.272820365728     
  2.878000000000000E-002   328.642807855782     
  2.880000000000000E-002   329.066269838303     
  2.882000000000000E-002   329.549011283081     
  2.884000000000000E-002   330.096638438224     
  2.886000000000000E-002   330.713279265854     
  2.888000000000000E-002   331.404845080216     
  2.890000000000000E-002   332.175697376083     
  2.892000000000000E-002   333.028939260989     
  2.894000000000000E-002   333.967581246139     
  2.896000000000000E-002   334.975361180461     
  2.898000000000000E-002   335.934564194520     
  2.900000000000000E-002   336.768239140138     
  2.902000000000000E-002   337.479584103999     
  2.904000000000000E-002   338.074665893931     
  2.906000000000000E-002   338.562392718199     
  2.908000000000000E-002   338.954339074892     
  2.910000000000000E-002   339.260029024353     
  2.912000000000000E-002   339.489764510001     
  2.914000000000000E-002   339.651048111412     
  2.916000000000000E-002   339.751877060966     
  2.918000000000000E-002   339.814494023759     
  2.920000000000000E-002   339.847569303256     
  2.922000000000000E-002   339.841772403708     
  2.924000000000000E-002   339.791708845684     
  2.926000000000000E-002   339.693802477308     
  2.928000000000000E-002   339.559077119627     
  2.930000000000000E-002   339.404442475094     
  2.932000000000000E-002   339.243543628825     
  2.934000000000000E-002   339.084135871380     
  2.936000000000000E-002   338.928073815732     
  2.938000000000000E-002   338.775767480597     
  2.940000000000000E-002   338.627531885219     
  2.942000000000000E-002   338.482464890143     
  2.944000000000000E-002   338.338373205141     
  2.946000000000000E-002   338.194336075885     
  2.948000000000000E-002   338.049483107897     
  2.950000000000000E-002   337.902620632345     
  2.952000000000000E-002   337.752971104337     
  2.954000000000000E-002   337.600728560572     
  2.956000000000000E-002   337.447533733667     
  2.958000000000000E-002   337.294501791148     
  2.960000000000000E-002   337.141035742894     
  2.962000000000000E-002   336.986708252476     
  2.964000000000000E-002   336.831318565351     
  2.966000000000000E-002   336.675091803056     
  2.968000000000000E-002   336.519407695278     
  2.970000000000000E-002   336.367023931945     
  2.972000000000000E-002   336.218689385280     
  2.974000000000000E-002   336.074079709847     
  2.976000000000000E-002   335.933222875721     
  2.978000000000000E-002   335.796363887660     
  2.980000000000000E-002   335.663863493387     
  2.982000000000000E-002   335.535784957940     
  2.984000000000000E-002   335.411624481468     
  2.986000000000000E-002   335.290540094628     
  2.988000000000000E-002   335.173059202370     
  2.990000000000000E-002   335.059642439447     
  2.992000000000000E-002   334.948953061737     
  2.994000000000000E-002   334.837568818793     
  2.996000000000000E-002   334.723355712743     
  2.998000000000000E-002   334.608268099733     
  3.000000000000000E-002   334.491146652908     
  3.002000000000000E-002   334.371350418054     
  3.004000000000000E-002   334.249051249893     
  3.006000000000000E-002   334.124506465898     
  3.008000000000000E-002   333.998018957012     
  3.010000000000000E-002   333.869956270704     
  3.012000000000000E-002   333.743230497699     
  3.014000000000000E-002   333.621491562875     
  3.016000000000000E-002   333.505276323169     
  3.018000000000000E-002   333.394855104357     
  3.020000000000000E-002   333.290189037173     
  3.022000000000000E-002   333.190983271885     
  3.024000000000000E-002   333.096874255691     
  3.026000000000000E-002   333.007311458048     
  3.028000000000000E-002   332.922732402901     
  3.030000000000000E-002   332.845855266682     
  3.032000000000000E-002   332.777681680968     
  3.034000000000000E-002   332.717883562607     
  3.036000000000000E-002   332.665266905280     
  3.038000000000000E-002   332.618180121611     
  3.040000000000000E-002   332.574906594685     
  3.042000000000000E-002   332.533914073601     
  3.044000000000000E-002   332.494133365910     
  3.046000000000000E-002   332.455159177545     
  3.048000000000000E-002   332.416823994089     
  3.050000000000000E-002   332.378510258894     
  3.052000000000000E-002   332.339538686505     
  3.054000000000000E-002   332.298976329809     
  3.056000000000000E-002   332.255949312628     
  3.058000000000000E-002   332.209885473090     
  3.060000000000000E-002   332.160517707669     
  3.062000000000000E-002   332.107677262673     
  3.064000000000000E-002   332.051571580534     
  3.066000000000000E-002   331.993123748367     
  3.068000000000000E-002   331.933348153858     
  3.070000000000000E-002   331.872800807012     
  3.072000000000000E-002   331.811762241089     
  3.074000000000000E-002   331.750706608742     
  3.076000000000000E-002   331.690108213393     
  3.078000000000000E-002   331.630020528737     
  3.080000000000000E-002   331.570713137337     
  3.082000000000000E-002   331.512944075781     
  3.084000000000000E-002   331.456715603532     
  3.086000000000000E-002   331.401922820012     
  3.088000000000000E-002   331.348820599436     
  3.090000000000000E-002   331.297658877187     
  3.092000000000000E-002   331.248469790833     
  3.094000000000000E-002   331.201103267492     
  3.096000000000000E-002   331.155471860228     
  3.098000000000000E-002   331.111418702304     
  3.100000000000000E-002   331.068384989803     
  3.102000000000000E-002   331.025240721622     
  3.104000000000000E-002   330.983780440576     
  3.106000000000000E-002   330.948054544155     
  3.108000000000000E-002   330.917033523593     
  3.110000000000000E-002   330.890211082867     
  3.112000000000000E-002   330.868485431800     
  3.114000000000000E-002   330.853100472764     
  3.116000000000000E-002   330.848058540300     
  3.118000000000000E-002   330.852587942163     
  3.120000000000000E-002   330.863953220881     
  3.122000000000000E-002   330.881859177414     
  3.124000000000000E-002   330.908291614330     
  3.126000000000000E-002   330.944931204160     
  3.128000000000000E-002   330.992541765136     
  3.130000000000000E-002   331.053204380978     
  3.132000000000000E-002   331.128504778180     
  3.134000000000000E-002   331.220783905875     
  3.136000000000001E-002   331.332906640059     
  3.138000000000001E-002   331.468337358278     
  3.140000000000000E-002   331.630973980142     
  3.142000000000000E-002   331.824969141897     
  3.144000000000000E-002   332.054245910698     
  3.146000000000000E-002   332.322076680346     
  3.148000000000000E-002   332.631067594005     
  3.150000000000000E-002   332.983498470207     
  3.152000000000000E-002   333.381503519361     
  3.154000000000001E-002   333.827059295811     
  3.156000000000000E-002   334.321319268383     
  3.158000000000000E-002   334.866572335004     
  3.160000000000000E-002   335.443407960494     
  3.162000000000000E-002   335.954351714377     
  3.164000000000000E-002   336.378881810133     
  3.166000000000000E-002   336.726259193306     
  3.168000000000000E-002   337.005565115623     
  3.170000000000001E-002   337.223738163391     
  3.172000000000001E-002   337.385483905440     
  3.174000000000000E-002   337.494220450808     
  3.176000000000000E-002   337.557630618147     
  3.178000000000000E-002   337.587910143046     
  3.180000000000000E-002   337.588784217834     
  3.182000000000000E-002   337.569482635638     
  3.184000000000000E-002   337.528651295304     
  3.186000000000000E-002   337.471868579829     
  3.188000000000001E-002   337.400428250623     
  3.190000000000000E-002   337.313229313454     
  3.192000000000000E-002   337.210312097907     
  3.194000000000000E-002   337.092185167632     
  3.196000000000000E-002   336.959241705717     
  3.198000000000000E-002   336.811750928095     
  3.200000000000000E-002   336.649950254698     
  3.202000000000000E-002   336.473154821043     
  3.204000000000001E-002   336.282154840136     
  3.206000000000001E-002   336.079298779949     
  3.208000000000000E-002   335.879640337304     
  3.210000000000000E-002   335.697247727961     
  3.212000000000000E-002   335.530878635892     
  3.214000000000000E-002   335.379085366113     
  3.216000000000000E-002   335.241084653440     
  3.218000000000000E-002   335.116373965696     
  3.220000000000000E-002   335.003398605072     
  3.222000000000001E-002   334.896097422723     
  3.224000000000000E-002   334.789436397701     
  3.226000000000000E-002   334.682125521639     
  3.228000000000000E-002   334.572640744276     
  3.230000000000000E-002   334.459558092128     
  3.232000000000000E-002   334.343412127196     
  3.234000000000000E-002   334.226822727295     
  3.236000000000000E-002   334.109587392867     
  3.238000000000001E-002   333.991191107939     
  3.240000000000001E-002   333.871238375327     
  3.242000000000000E-002   333.749501540032     
  3.244000000000000E-002   333.625964388660     
  3.246000000000000E-002   333.500765237818     
  3.248000000000000E-002   333.374114445554     
  3.250000000000000E-002   333.246231636859     
  3.252000000000000E-002   333.118221461703     
  3.254000000000000E-002   332.993508019409     
  3.256000000000001E-002   332.873332500977     
  3.258000000000000E-002   332.758598040498     
  3.260000000000000E-002   332.650343074856     
  3.262000000000000E-002   332.549287986626     
  3.264000000000000E-002   332.455559127717     
  3.266000000000000E-002   332.368257157452     
  3.268000000000000E-002   332.286944889464     
  3.270000000000000E-002   332.214130741319     
  3.272000000000001E-002   332.150429097371     
  3.274000000000001E-002   332.094654848429     
  3.276000000000000E-002   332.045100126750     
  3.278000000000000E-002   332.000662144246     
  3.280000000000000E-002   331.961078947500     
  3.282000000000000E-002   331.926565832418     
  3.284000000000000E-002   331.897367843619     
  3.286000000000000E-002   331.873504017552     
  3.288000000000000E-002   331.854771243755     
  3.290000000000001E-002   331.840835804645     
  3.292000000000000E-002   331.831263076249     
  3.294000000000000E-002   331.825485641589     
  3.296000000000000E-002   331.822982652334     
  3.298000000000000E-002   331.823299796125     
  3.300000000000000E-002   331.826192400843     
  3.302000000000000E-002   331.831690653339     
  3.304000000000000E-002   331.839136576892     
  3.306000000000001E-002   331.847936974046     
  3.308000000000001E-002   331.857105502928     
  3.310000000000000E-002   331.865502137812     
  3.312000000000000E-002   331.872011546111     
  3.314000000000000E-002   331.875860341084     
  3.316000000000000E-002   331.876864631479     
  3.318000000000000E-002   331.874626290914     
  3.320000000000000E-002   331.867877356180     
  3.322000000000000E-002   331.856490805271     
  3.324000000000001E-002   331.840664480394     
  3.326000000000000E-002   331.820760355586     
  3.328000000000000E-002   331.797327698499     
  3.330000000000000E-002   331.771049317237     
  3.332000000000000E-002   331.742509971751     
  3.334000000000000E-002   331.713062488056     
  3.336000000000000E-002   331.681180635178     
  3.338000000000000E-002   331.646107566148     
  3.340000000000001E-002   331.608769485157     
  3.342000000000001E-002   331.571958156495     
  3.344000000000000E-002   331.536460486564     
  3.346000000000000E-002   331.503328174271     
  3.348000000000000E-002   331.476482872519     
  3.350000000000000E-002   331.456595924153     
  3.352000000000000E-002   331.443252901970     
  3.354000000000000E-002   331.441051525364     
  3.356000000000000E-002   331.447821609495     
  3.358000000000001E-002   331.463743577986     
  3.360000000000000E-002   331.489230087332     
  3.362000000000000E-002   331.524288581136     
  3.364000000000000E-002   331.568881755512     
  3.366000000000000E-002   331.622480091192     
  3.368000000000000E-002   331.684053686063     
  3.370000000000000E-002   331.751817613794     
  3.372000000000000E-002   331.823048052412     
  3.374000000000001E-002   331.890641205029     
  3.376000000000001E-002   331.948179344758     
  3.378000000000000E-002   331.997136330207     
  3.380000000000000E-002   332.038021528339     
  3.382000000000000E-002   332.070691152700     
  3.384000000000000E-002   332.095110311286     
  3.386000000000000E-002   332.111386061065     
  3.388000000000000E-002   332.120019107659     
  3.390000000000000E-002   332.121602581093     
  3.392000000000001E-002   332.117543498484     
  3.394000000000000E-002   332.106191559120     
  3.396000000000000E-002   332.086732069133     
  3.398000000000000E-002   332.060002861561     
  3.400000000000000E-002   332.027210496373     
  3.402000000000000E-002   331.991741107972     
  3.404000000000000E-002   331.957861662650     
  3.406000000000000E-002   331.926029893235     
  3.408000000000001E-002   331.895359312754     
  3.410000000000001E-002   331.865211108576     
  3.412000000000000E-002   331.835186253301     
  3.414000000000000E-002   331.805532359498     
  3.416000000000000E-002   331.776895307994     
  3.418000000000000E-002   331.749524227022     
  3.420000000000000E-002   331.723150020506     
  3.422000000000000E-002   331.697218758134     
  3.424000000000000E-002   331.671052407521     
  3.426000000000001E-002   331.643629469118     
  3.428000000000000E-002   331.613815547543     
  3.430000000000000E-002   331.580685181081     
  3.432000000000000E-002   331.543716114455     
  3.434000000000000E-002   331.502766323444     
  3.436000000000000E-002   331.457045874590     
  3.438000000000000E-002   331.407739768656     
  3.440000000000000E-002   331.356037975536     
  3.442000000000001E-002   331.301871338477     
  3.444000000000001E-002   331.245349812306     
  3.446000000000000E-002   331.186845753252     
  3.448000000000000E-002   331.126952056048     
  3.450000000000000E-002   331.066634187133     
  3.452000000000000E-002   331.008257120344     
  3.454000000000000E-002   330.954439886015     
  3.456000000000000E-002   330.907591089493     
  3.458000000000000E-002   330.869661667446     
  3.460000000000001E-002   330.841416685481     
  3.462000000000000E-002   330.826650241173     
  3.464000000000000E-002   330.826346456829     
  3.466000000000000E-002   330.839851416856     
  3.468000000000000E-002   330.875777347019     
  3.470000000000000E-002   330.930918163553     
  3.472000000000000E-002   331.010794709753     
  3.474000000000000E-002   331.114493107491     
  3.476000000000001E-002   331.243328947977     
  3.478000000000001E-002   331.400242183517     
  3.480000000000000E-002   331.589186475828     
  3.482000000000000E-002   331.814096876423     
  3.484000000000000E-002   332.077563126807     
  3.486000000000000E-002   332.378655017494     
  3.488000000000000E-002   332.697707249923     
  3.490000000000000E-002   332.981625338457     
  3.492000000000000E-002   333.225616748135     
  3.494000000000001E-002   333.432793232586     
  3.496000000000000E-002   333.605788282247     
  3.498000000000000E-002   333.751021123072     
  3.500000000000000E-002   333.874042808100     
  3.502000000000000E-002   333.974641811026     
  3.504000000000000E-002   334.054886919317     
  3.506000000000000E-002   334.117453096671     
  3.508000000000000E-002   334.164627914224     
  3.510000000000001E-002   334.197147150062     
  3.512000000000001E-002   334.211711111645     
  3.514000000000000E-002   334.210670622926     
  3.516000000000000E-002   334.195791634186     
  3.518000000000000E-002   334.164877481995     
  3.520000000000000E-002   334.119136515935     
  3.522000000000000E-002   334.061459332356     
  3.524000000000000E-002   333.992931427274     
  3.526000000000000E-002   333.914634999308     
  3.528000000000001E-002   333.827842893000     
  3.530000000000000E-002   333.734410818637     
  3.532000000000000E-002   333.636563075878     
  3.534000000000000E-002   333.536327301914     
  3.536000000000000E-002   333.435256547464     
  3.538000000000000E-002   333.334702491621     
  3.540000000000000E-002   333.236036932699     
  3.542000000000000E-002   333.141358208168     
  3.544000000000001E-002   333.051877971992     
  3.546000000000001E-002   332.967952797810     
  3.548000000000000E-002   332.889551550655     
  3.550000000000000E-002   332.817037072756     
  3.552000000000000E-002   332.751065969312     
  3.554000000000000E-002   332.691996300102     
  3.556000000000000E-002   332.639473614700     
  3.558000000000000E-002   332.592431757540     
  3.560000000000000E-002   332.554658149529     
  3.562000000000001E-002   332.528552967567     
  3.564000000000001E-002   332.512968343282     
  3.566000000000000E-002   332.506008749905     
  3.568000000000000E-002   332.505495725377     
  3.570000000000000E-002   332.509011910496     
  3.572000000000000E-002   332.516611864407     
  3.574000000000000E-002   332.528358742546     
  3.576000000000000E-002   332.544267058654     
  3.578000000000001E-002   332.564265588985     
  3.580000000000001E-002   332.588105261128     
  3.582000000000000E-002   332.615333157406     
  3.584000000000000E-002   332.645344208050     
  3.586000000000000E-002   332.677077947981     
  3.588000000000000E-002   332.707047983051     
  3.590000000000000E-002   332.734179136199     
  3.592000000000000E-002   332.758238229908     
  3.594000000000000E-002   332.778890834326     
  3.596000000000001E-002   332.795872355669     
  3.598000000000001E-002   332.809052137322     
  3.600000000000000E-002   332.818249963437     
  3.602000000000000E-002   332.823155231435     
  3.604000000000000E-002   332.824100165722     
  3.606000000000000E-002   332.821333368610     
  3.608000000000000E-002   332.813703501073     
  3.610000000000000E-002   332.801565791758     
  3.612000000000001E-002   332.785655177223     
  3.614000000000001E-002   332.766382229771     
  3.616000000000000E-002   332.743614684258     
  3.618000000000000E-002   332.716586189454     
  3.620000000000000E-002   332.684209341489     
  3.622000000000000E-002   332.647730602011     
  3.624000000000000E-002   332.607450794155     
  3.626000000000000E-002   332.565248946966     
  3.628000000000000E-002   332.527335297166     
  3.630000000000001E-002   332.492823889918     
  3.632000000000001E-002   332.462037663878     
  3.634000000000000E-002   332.434696368884     
  3.636000000000000E-002   332.411336589042     
  3.638000000000000E-002   332.393632903613     
  3.640000000000000E-002   332.382896312474     
  3.642000000000000E-002   332.378944163654     
  3.644000000000000E-002   332.379710271671     
  3.646000000000001E-002   332.384833239315     
  3.648000000000001E-002   332.396464492016     
  3.650000000000000E-002   332.416649978250     
  3.652000000000000E-002   332.447269658930     
  3.654000000000000E-002   332.489812101636     
  3.656000000000000E-002   332.544937803755     
  3.658000000000000E-002   332.612896446381     
  3.660000000000000E-002   332.693787831743     
  3.662000000000000E-002   332.787519227990     
  3.664000000000001E-002   332.893754284122     
  3.666000000000001E-002   333.011989906491     
  3.668000000000000E-002   333.141738628990     
  3.670000000000000E-002   333.282445666959     
  3.672000000000000E-002   333.433569563965     
  3.674000000000000E-002   333.594486649086     
  3.676000000000000E-002   333.764467167134     
  3.678000000000000E-002   333.942774696305     
  3.680000000000001E-002   334.128219721074     
  3.682000000000001E-002   334.320352317590     
  3.684000000000000E-002   334.517028715215     
  3.686000000000000E-002   334.714714892735     
  3.688000000000000E-002   334.910406154987     
  3.690000000000000E-002   335.102443180350     
  3.692000000000000E-002   335.289313611199     
  3.694000000000000E-002   335.469811323108     
  3.696000000000000E-002   335.643191364907     
  3.698000000000001E-002   335.809188174619     
  3.700000000000001E-002   335.967931659408     
  3.702000000000000E-002   336.119722155098     
  3.704000000000000E-002   336.264774591904     
  3.706000000000000E-002   336.403105404607     
  3.708000000000000E-002   336.534698163523     
  3.710000000000000E-002   336.659723914332     
  3.712000000000000E-002   336.778576230062     
  3.714000000000001E-002   336.891731439584     
  3.716000000000001E-002   336.999776321607     
  3.718000000000000E-002   337.103638965172     
  3.720000000000000E-002   337.204389507507     
  3.722000000000000E-002   337.302819968811     
  3.724000000000000E-002   337.399143342078     
  3.726000000000000E-002   337.492876318225     
  3.728000000000000E-002   337.583861771743     
  3.730000000000000E-002   337.672013166664     
  3.732000000000001E-002   337.755855069875     
  3.734000000000001E-002   337.832602644245     
  3.736000000000000E-002   337.899399615324     
  3.738000000000000E-002   337.953403959725     
  3.740000000000000E-002   337.994398465763     
  3.742000000000000E-002   338.021729818083     
  3.744000000000000E-002   338.028779000052     
  3.746000000000000E-002   338.018280926103     
  3.748000000000001E-002   337.984793378347     
  3.750000000000001E-002   337.923845197071     
  3.752000000000000E-002   337.831876741426     
  3.754000000000000E-002   337.703490952054     
  3.756000000000000E-002   337.532228576362     
  3.758000000000000E-002   337.312203654502     
  3.760000000000000E-002   337.038526536021     
  3.762000000000000E-002   336.707160206139     
  3.764000000000000E-002   336.314186283157     
  3.766000000000001E-002   335.859663471718     
  3.768000000000001E-002   335.404851134003     
  3.770000000000000E-002   335.000380147710     
  3.772000000000000E-002   334.639301782330     
  3.774000000000000E-002   334.317069981747     
  3.776000000000000E-002   334.029089917641     
  3.778000000000000E-002   333.770808547404     
  3.780000000000000E-002   333.538638608936     
  3.782000000000001E-002   333.330428474446     
  3.784000000000001E-002   333.145630377059     
  3.786000000000000E-002   332.983782972725     
  3.788000000000000E-002   332.842169621203     
  3.790000000000000E-002   332.717773191734     
  3.792000000000000E-002   332.610064364950     
  3.794000000000000E-002   332.518908905887     
  3.796000000000000E-002   332.446063717860     
  3.798000000000000E-002   332.399473472296     
  3.800000000000001E-002   332.384467482466     
  3.802000000000001E-002   332.391677308588     
  3.804000000000000E-002   332.425875375763     
  3.806000000000000E-002   332.495926843890     
  3.808000000000000E-002   332.603455702077     
  3.810000000000000E-002   332.744505738713     
  3.812000000000000E-002   332.902944587576     
  3.814000000000000E-002   333.038717735596     
  3.816000000000001E-002   333.145326997110     
  3.818000000000001E-002   333.227111474818     
  3.820000000000000E-002   333.287653128664     
  3.822000000000000E-002   333.331209047574     
  3.824000000000000E-002   333.361883220131     
  3.826000000000000E-002   333.379854405614     
  3.828000000000000E-002   333.387797729730     
  3.830000000000000E-002   333.386147408019     
  3.832000000000000E-002   333.378877736923     
  3.834000000000001E-002   333.364618120754     
  3.836000000000001E-002   333.343854057229     
  3.838000000000000E-002   333.317337091545     
  3.840000000000000E-002   333.289956668790     
  3.842000000000000E-002   333.268266586646     
  3.844000000000000E-002   333.254880629644     
  3.846000000000000E-002   333.249611570684     
  3.848000000000000E-002   333.250214189514     
  3.850000000000001E-002   333.255842393098     
  3.852000000000001E-002   333.267486281027     
  3.854000000000000E-002   333.285008606592     
  3.856000000000000E-002   333.308061343776     
  3.858000000000000E-002   333.336944885743     
  3.860000000000000E-002   333.372549210117     
  3.862000000000000E-002   333.415844759609     
  3.864000000000000E-002   333.467587893403     
  3.866000000000000E-002   333.528252986814     
  3.868000000000001E-002   333.598060817264     
  3.870000000000001E-002   333.677013132745     
  3.872000000000000E-002   333.764964752317     
  3.874000000000000E-002   333.861706293441     
  3.876000000000000E-002   333.967062415728     
  3.878000000000000E-002   334.080967529958     
  3.880000000000000E-002   334.203592738450     
  3.882000000000000E-002   334.335087603399     
  3.884000000000001E-002   334.475431006471     
  3.886000000000001E-002   334.624870318463     
  3.888000000000000E-002   334.783885988554     
  3.890000000000000E-002   334.952915091169     
  3.892000000000000E-002   335.132246969341     
  3.894000000000000E-002   335.322030082399     
  3.896000000000000E-002   335.522257309661     
  3.898000000000000E-002   335.732714360956     
  3.900000000000000E-002   335.952953322592     
  3.902000000000001E-002   336.182219013977     
  3.904000000000001E-002   336.419556304494     
  3.906000000000000E-002   336.663864233228     
  3.908000000000000E-002   336.914161743826     
  3.910000000000000E-002   337.169850161936     
  3.912000000000000E-002   337.430832157519     
  3.914000000000000E-002   337.687414330336     
  3.916000000000000E-002   337.929063309572     
  3.918000000000001E-002   338.149437765965     
  3.920000000000001E-002   338.343160510235     
  3.922000000000000E-002   338.506903404372     
  3.924000000000000E-002   338.638927698888     
  3.926000000000000E-002   338.738510887238     
  3.928000000000000E-002   338.806321716153     
  3.930000000000000E-002   338.844639678741     
  3.932000000000000E-002   338.859123141334     
  3.934000000000000E-002   338.858033765227     
  3.936000000000001E-002   338.841264504913     
  3.938000000000001E-002   338.810534106984     
  3.940000000000000E-002   338.761145255184     
  3.942000000000000E-002   338.682928380601     
  3.944000000000000E-002   338.565128568014     
  3.946000000000000E-002   338.395042760052     
  3.948000000000000E-002   338.160261308086     
  3.950000000000000E-002   337.851537357979     
  3.952000000000001E-002   337.466185549006     
  3.954000000000001E-002   337.006202921603     
  3.956000000000000E-002   336.514406272443     
  3.958000000000000E-002   336.086553492914     
  3.960000000000000E-002   335.720495333603     
  3.962000000000000E-002   335.413556276868     
  3.964000000000000E-002   335.167023287970     
  3.966000000000000E-002   334.975430482812     
  3.968000000000000E-002   334.812925822214     
  3.970000000000001E-002   334.656489015937     
  3.972000000000001E-002   334.489625767700     
  3.974000000000000E-002   334.187727091953     
  3.976000000000000E-002   333.364207946401     
  3.978000000000000E-002   330.572451047482     
  3.980000000000000E-002   320.574172125070     
  3.982000000000000E-002   285.567016479597     
  3.984000000000000E-002   181.209267433255     
  3.986000000000001E-002   45.7129210791506     
  3.988000000000001E-002   6.49152750505283     
  3.990000000000000E-002  0.810615725783392     
  3.992000000000000E-002  9.995080172880609E-002
  3.994000000000000E-002  1.230778159343470E-002
  3.996000000000000E-002  1.516547056199234E-003
  3.998000000000000E-002  1.711156014888820E-004
  4.000000000000000E-002 -4.742372028103742E-009
