  0.000000000000000E+000   418.744658777909     
  2.000000000000000E-005   418.744658777909     
  4.000000000000000E-005   418.401954696341     
  6.000000000000001E-005   418.364580760083     
  8.000000000000001E-005   418.327881596067     
  1.000000000000000E-004   418.290805737556     
  1.200000000000000E-004   418.253604305393     
  1.400000000000000E-004   418.216075523040     
  1.600000000000000E-004   418.178317542630     
  1.800000000000000E-004   418.140250890147     
  2.000000000000000E-004   418.101895038591     
  2.200000000000000E-004   418.063229226634     
  2.400000000000000E-004   418.024240319263     
  2.600000000000000E-004   417.984930516960     
  2.800000000000000E-004   417.945257697716     
  3.000000000000000E-004   417.905307080943     
  3.200000000000000E-004   417.865084453142     
  3.400000000000000E-004   417.824557433691     
  3.600000000000000E-004   417.783570916087     
  3.800000000000000E-004   417.742248846034     
  4.000000000000000E-004   417.700614036525     
  4.200000000000000E-004   417.658670986575     
  4.400000000000000E-004   417.616433398010     
  4.600000000000000E-004   417.573922973797     
  4.800000000000001E-004   417.531165809980     
  5.000000000000000E-004   417.488184169292     
  5.200000000000001E-004   417.444988540475     
  5.400000000000000E-004   417.401577642651     
  5.600000000000001E-004   417.357945332899     
  5.800000000000000E-004   417.314094491001     
  6.000000000000001E-004   417.270047949041     
  6.200000000000000E-004   417.225843318098     
  6.400000000000001E-004   417.181523819199     
  6.600000000000001E-004   417.137126611159     
  6.800000000000000E-004   417.092674281212     
  7.000000000000001E-004   417.048173851860     
  7.200000000000000E-004   417.003644608333     
  7.400000000000001E-004   416.959130359793     
  7.600000000000000E-004   416.914636708827     
  7.800000000000001E-004   416.870162164405     
  8.000000000000000E-004   416.825706277746     
  8.200000000000001E-004   416.781259451617     
  8.400000000000000E-004   416.736813310791     
  8.600000000000001E-004   416.692374744281     
  8.800000000000000E-004   416.647933784213     
  9.000000000000001E-004   416.603482932212     
  9.200000000000000E-004   416.559017139396     
  9.400000000000001E-004   416.514518023234     
  9.600000000000001E-004   416.469969334274     
  9.800000000000002E-004   416.425364367974     
  1.000000000000000E-003   416.380811363653     
  1.020000000000000E-003   416.336333819176     
  1.040000000000000E-003   416.291981017306     
  1.060000000000000E-003   416.247784029666     
  1.080000000000000E-003   416.203761201376     
  1.100000000000000E-003   416.159928382358     
  1.120000000000000E-003   416.116300949668     
  1.140000000000000E-003   416.072882790095     
  1.160000000000000E-003   416.029675558093     
  1.180000000000000E-003   415.986665516372     
  1.200000000000000E-003   415.943849088881     
  1.220000000000000E-003   415.901222740193     
  1.240000000000000E-003   415.858779187314     
  1.260000000000000E-003   415.816508846162     
  1.280000000000000E-003   415.774403879059     
  1.300000000000000E-003   415.732456766456     
  1.320000000000000E-003   415.690656796951     
  1.340000000000000E-003   415.648990825250     
  1.360000000000000E-003   415.607447341032     
  1.380000000000000E-003   415.566018412203     
  1.400000000000000E-003   415.524697155859     
  1.420000000000000E-003   415.483474052141     
  1.440000000000000E-003   415.442337205705     
  1.460000000000000E-003   415.401275993691     
  1.480000000000000E-003   415.360282978071     
  1.500000000000000E-003   415.319351896247     
  1.520000000000000E-003   415.278474997944     
  1.540000000000000E-003   415.237643327864     
  1.560000000000000E-003   415.196849074873     
  1.580000000000000E-003   415.156086702895     
  1.600000000000000E-003   415.115351858713     
  1.620000000000000E-003   415.074639772302     
  1.640000000000000E-003   415.033945313671     
  1.660000000000000E-003   414.993264811639     
  1.680000000000000E-003   414.952596286690     
  1.700000000000000E-003   414.911939088465     
  1.720000000000000E-003   414.871294249518     
  1.740000000000000E-003   414.830664091542     
  1.760000000000000E-003   414.790050256198     
  1.780000000000000E-003   414.749451484348     
  1.800000000000000E-003   414.708864320875     
  1.820000000000000E-003   414.668289191561     
  1.840000000000000E-003   414.627735288228     
  1.860000000000000E-003   414.587219270702     
  1.880000000000000E-003   414.546762524110     
  1.900000000000000E-003   414.506389789058     
  1.920000000000000E-003   414.466126659279     
  1.940000000000000E-003   414.425996957695     
  1.960000000000000E-003   414.386020756745     
  1.980000000000000E-003   414.346213737821     
  2.000000000000000E-003   414.306587497187     
  2.020000000000000E-003   414.267150074884     
  2.040000000000000E-003   414.227906574634     
  2.060000000000000E-003   414.188859379234     
  2.080000000000000E-003   414.150008912774     
  2.100000000000000E-003   414.111355022724     
  2.120000000000000E-003   414.072897658208     
  2.140000000000000E-003   414.034638289113     
  2.160000000000000E-003   413.996579396440     
  2.180000000000000E-003   413.958724643367     
  2.200000000000000E-003   413.921078855622     
  2.220000000000000E-003   413.883647845731     
  2.240000000000000E-003   413.846438306651     
  2.260000000000000E-003   413.809457462035     
  2.280000000000000E-003   413.772712864288     
  2.300000000000000E-003   413.736209504091     
  2.320000000000000E-003   413.699957050310     
  2.340000000000000E-003   413.663962878302     
  2.360000000000000E-003   413.628238999349     
  2.380000000000000E-003   413.592797528931     
  2.400000000000000E-003   413.557603826278     
  2.420000000000000E-003   413.522607704773     
  2.440000000000000E-003   413.487777356455     
  2.460000000000000E-003   413.453136418242     
  2.480000000000000E-003   413.418657419281     
  2.500000000000000E-003   413.384336924280     
  2.520000000000000E-003   413.349949321190     
  2.540000000000000E-003   413.315132262396     
  2.560000000000000E-003   413.275801102383     
  2.580000000000000E-003   413.236699984449     
  2.600000000000000E-003   413.214820369244     
  2.620000000000000E-003   413.225369522628     
  2.640000000000000E-003   413.426230731469     
  2.660000000000000E-003   414.629279174896     
  2.680000000000000E-003   417.733599031678     
  2.700000000000000E-003   419.754902949392     
  2.720000000000000E-003   420.358844037089     
  2.740000000000000E-003   420.464828713490     
  2.760000000000000E-003   420.466084429236     
  2.780000000000000E-003   420.386831261237     
  2.800000000000000E-003   420.282965786908     
  2.820000000000000E-003   420.193644260333     
  2.840000000000000E-003   420.103579584885     
  2.860000000000000E-003   420.009285217490     
  2.880000000000000E-003   419.926367352405     
  2.900000000000000E-003   419.876558474685     
  2.920000000000000E-003   419.858848569454     
  2.940000000000000E-003   419.873554186596     
  2.960000000000000E-003   419.991053262240     
  2.980000000000000E-003   420.395768970968     
  3.000000000000000E-003   421.453649262056     
  3.020000000000000E-003   423.031867896102     
  3.040000000000000E-003   424.070560028049     
  3.060000000000000E-003   424.557163881056     
  3.080000000000000E-003   424.750137113518     
  3.100000000000000E-003   424.808134155849     
  3.120000000000000E-003   424.820544139070     
  3.140000000000000E-003   424.796847108203     
  3.160000000000000E-003   424.724964783431     
  3.180000000000000E-003   424.657283114794     
  3.200000000000000E-003   424.596795831488     
  3.220000000000000E-003   424.540464933264     
  3.240000000000000E-003   424.486968494678     
  3.260000000000000E-003   424.433484622074     
  3.280000000000000E-003   424.379659419343     
  3.300000000000000E-003   424.325355259153     
  3.320000000000000E-003   424.270896902824     
  3.340000000000000E-003   424.217245568339     
  3.360000000000000E-003   424.164965513878     
  3.380000000000000E-003   424.113139138196     
  3.400000000000000E-003   424.060884339249     
  3.420000000000000E-003   424.008477601505     
  3.440000000000000E-003   423.956645645862     
  3.460000000000000E-003   423.905934150354     
  3.480000000000000E-003   423.855800389502     
  3.500000000000000E-003   423.805073339912     
  3.520000000000000E-003   423.754105735016     
  3.540000000000000E-003   423.703163773883     
  3.560000000000000E-003   423.652392947654     
  3.580000000000000E-003   423.601690887343     
  3.600000000000000E-003   423.550755271943     
  3.620000000000000E-003   423.499407457940     
  3.640000000000000E-003   423.447568341329     
  3.660000000000000E-003   423.395176173163     
  3.680000000000000E-003   423.342133519847     
  3.700000000000000E-003   423.288395048504     
  3.720000000000000E-003   423.233909539445     
  3.740000000000000E-003   423.178623023521     
  3.760000000000000E-003   423.122439034624     
  3.780000000000000E-003   423.065290994601     
  3.800000000000000E-003   423.007250029848     
  3.820000000000000E-003   422.948442217287     
  3.840000000000001E-003   422.888993783371     
  3.860000000000000E-003   422.828933288398     
  3.880000000000000E-003   422.768277891487     
  3.900000000000000E-003   422.707015939526     
  3.920000000000001E-003   422.645119453038     
  3.940000000000000E-003   422.582701304296     
  3.960000000000000E-003   422.520169313457     
  3.980000000000000E-003   422.457817805021     
  4.000000000000000E-003   422.395450877087     
  4.020000000000000E-003   422.332975463103     
  4.040000000000000E-003   422.270402819027     
  4.060000000000000E-003   422.207582073277     
  4.080000000000000E-003   422.144156980209     
  4.100000000000000E-003   422.079686338696     
  4.120000000000000E-003   422.013428904289     
  4.140000000000000E-003   421.944249295387     
  4.160000000000001E-003   421.873487306325     
  4.180000000000001E-003   421.805972961103     
  4.200000000000001E-003   421.744022112018     
  4.220000000000001E-003   421.688311238394     
  4.240000000000001E-003   421.642283764130     
  4.260000000000001E-003   421.609470704954     
  4.280000000000000E-003   421.591385978938     
  4.300000000000000E-003   421.585272087668     
  4.320000000000000E-003   421.589213992294     
  4.340000000000000E-003   421.610981728785     
  4.360000000000000E-003   421.663676640619     
  4.380000000000000E-003   421.760751483267     
  4.400000000000000E-003   421.910422345788     
  4.420000000000000E-003   422.063572803650     
  4.440000000000000E-003   422.175041820915     
  4.460000000000000E-003   422.248972586519     
  4.480000000000000E-003   422.294394799583     
  4.500000000000001E-003   422.319779906287     
  4.520000000000001E-003   422.332064812727     
  4.540000000000001E-003   422.336379223607     
  4.560000000000001E-003   422.335689585662     
  4.580000000000001E-003   422.319843747761     
  4.600000000000001E-003   422.287402284305     
  4.620000000000000E-003   422.252590113739     
  4.640000000000000E-003   422.220595099309     
  4.660000000000000E-003   422.191546849243     
  4.680000000000000E-003   422.164922664717     
  4.700000000000000E-003   422.140115154807     
  4.720000000000000E-003   422.116649672079     
  4.740000000000000E-003   422.094233120641     
  4.760000000000000E-003   422.072880373912     
  4.780000000000000E-003   422.053070321976     
  4.800000000000000E-003   422.035817963276     
  4.820000000000000E-003   422.022494731925     
  4.840000000000001E-003   422.014313256459     
  4.860000000000001E-003   422.010987758138     
  4.880000000000001E-003   422.012525918456     
  4.900000000000001E-003   422.021914255555     
  4.920000000000001E-003   422.043544586931     
  4.940000000000001E-003   422.084399477739     
  4.960000000000000E-003   422.153786207933     
  4.980000000000000E-003   422.263980257820     
  5.000000000000000E-003   422.429611552353     
  5.020000000000000E-003   422.665163989107     
  5.040000000000000E-003   422.959037260487     
  5.060000000000000E-003   423.218379269523     
  5.080000000000000E-003   423.414030510223     
  5.100000000000000E-003   423.557006652528     
  5.120000000000000E-003   423.660034430059     
  5.140000000000000E-003   423.734133676411     
  5.160000000000001E-003   423.787948600797     
  5.180000000000001E-003   423.828077345622     
  5.200000000000001E-003   423.859506196553     
  5.220000000000001E-003   423.885871767369     
  5.240000000000001E-003   423.909584151918     
  5.260000000000001E-003   423.932216977617     
  5.280000000000001E-003   423.954107967828     
  5.300000000000000E-003   423.974722335112     
  5.320000000000000E-003   423.992989259842     
  5.340000000000000E-003   424.007924230265     
  5.360000000000000E-003   424.018957266020     
  5.380000000000000E-003   424.026061874760     
  5.400000000000000E-003   424.029673450156     
  5.420000000000000E-003   424.030300721758     
  5.440000000000000E-003   424.027805286131     
  5.460000000000000E-003   424.021151985088     
  5.480000000000000E-003   424.009128270269     
  5.500000000000001E-003   423.990214299110     
  5.520000000000001E-003   423.964818960642     
  5.540000000000001E-003   423.933433284715     
  5.560000000000001E-003   423.896545491063     
  5.580000000000001E-003   423.854605699499     
  5.600000000000001E-003   423.807987569966     
  5.620000000000001E-003   423.757066018326     
  5.640000000000000E-003   423.702266317987     
  5.660000000000000E-003   423.644104086268     
  5.680000000000000E-003   423.583064640772     
  5.700000000000000E-003   423.519552015151     
  5.720000000000000E-003   423.453981617576     
  5.740000000000000E-003   423.387164659877     
  5.760000000000000E-003   423.320610498070     
  5.780000000000000E-003   423.254788552797     
  5.800000000000000E-003   423.190020574984     
  5.820000000000001E-003   423.126582031292     
  5.840000000000001E-003   423.064621289127     
  5.860000000000001E-003   423.004170619057     
  5.880000000000001E-003   422.945132626650     
  5.900000000000001E-003   422.887323511147     
  5.920000000000001E-003   422.830451856920     
  5.940000000000001E-003   422.774189135591     
  5.960000000000001E-003   422.718212432200     
  5.980000000000000E-003   422.662300086307     
  6.000000000000000E-003   422.606267871694     
  6.020000000000000E-003   422.550037474055     
  6.040000000000000E-003   422.493397176441     
  6.060000000000000E-003   422.435991596575     
  6.080000000000000E-003   422.377592628235     
  6.100000000000000E-003   422.318113134026     
  6.120000000000000E-003   422.257589614910     
  6.140000000000000E-003   422.196254873415     
  6.160000000000001E-003   422.134173843550     
  6.180000000000001E-003   422.071295265859     
  6.200000000000001E-003   422.008830416807     
  6.220000000000001E-003   421.947198430938     
  6.240000000000001E-003   421.886459876847     
  6.260000000000001E-003   421.826536136822     
  6.280000000000001E-003   421.767286374454     
  6.300000000000001E-003   421.708588051062     
  6.320000000000000E-003   421.650565219899     
  6.340000000000000E-003   421.593571467068     
  6.360000000000000E-003   421.538086301778     
  6.380000000000000E-003   421.484816522584     
  6.400000000000000E-003   421.434299771823     
  6.420000000000000E-003   421.386888005068     
  6.440000000000000E-003   421.342622914322     
  6.460000000000000E-003   421.302240215053     
  6.480000000000001E-003   421.267279304929     
  6.500000000000001E-003   421.239489906398     
  6.520000000000001E-003   421.220420946844     
  6.540000000000001E-003   421.210591487327     
  6.560000000000001E-003   421.208326270869     
  6.580000000000001E-003   421.211799314119     
  6.600000000000001E-003   421.224956396347     
  6.620000000000001E-003   421.251081287452     
  6.640000000000001E-003   421.293590766259     
  6.660000000000000E-003   421.355674128143     
  6.680000000000000E-003   421.439806684146     
  6.700000000000000E-003   421.538388890855     
  6.720000000000000E-003   421.627753802713     
  6.740000000000000E-003   421.703065226963     
  6.760000000000000E-003   421.766177529480     
  6.780000000000000E-003   421.819325280481     
  6.800000000000000E-003   421.864729962901     
  6.820000000000001E-003   421.904455910582     
  6.840000000000001E-003   421.940345454973     
  6.860000000000001E-003   421.972208165642     
  6.880000000000001E-003   422.001449118829     
  6.900000000000001E-003   422.029371256069     
  6.920000000000001E-003   422.056948092025     
  6.940000000000001E-003   422.084797797414     
  6.960000000000001E-003   422.112293919749     
  6.980000000000001E-003   422.138350043715     
  7.000000000000000E-003   422.161634079629     
  7.020000000000000E-003   422.180912586045     
  7.040000000000000E-003   422.195527365467     
  7.060000000000000E-003   422.204826988684     
  7.080000000000000E-003   422.210074899541     
  7.100000000000000E-003   422.210949526609     
  7.120000000000000E-003   422.208649354993     
  7.140000000000001E-003   422.204208862019     
  7.160000000000001E-003   422.196518544023     
  7.180000000000001E-003   422.184514599981     
  7.200000000000001E-003   422.167834528054     
  7.220000000000001E-003   422.146659546792     
  7.240000000000001E-003   422.121641792476     
  7.260000000000001E-003   422.093491000609     
  7.280000000000001E-003   422.062605219984     
  7.300000000000001E-003   422.029042098920     
  7.320000000000001E-003   421.992989292262     
  7.340000000000000E-003   421.954860243546     
  7.360000000000000E-003   421.914951474784     
  7.380000000000000E-003   421.873262825164     
  7.400000000000000E-003   421.829727363769     
  7.420000000000000E-003   421.784496629807     
  7.440000000000000E-003   421.739499932611     
  7.460000000000000E-003   421.695603955505     
  7.480000000000001E-003   421.652955334935     
  7.500000000000001E-003   421.611660349342     
  7.520000000000001E-003   421.571782946756     
  7.540000000000001E-003   421.533289769205     
  7.560000000000001E-003   421.496072077203     
  7.580000000000001E-003   421.459947193037     
  7.600000000000001E-003   421.424721069682     
  7.620000000000001E-003   421.390106897407     
  7.640000000000001E-003   421.355878464947     
  7.660000000000001E-003   421.321730779174     
  7.680000000000001E-003   421.287473507461     
  7.700000000000000E-003   421.252865281557     
  7.720000000000000E-003   421.217516308693     
  7.740000000000000E-003   421.180938518207     
  7.760000000000000E-003   421.142870305172     
  7.780000000000000E-003   421.103172272274     
  7.800000000000001E-003   421.061864235856     
  7.820000000000001E-003   421.019086139899     
  7.840000000000001E-003   420.974978962322     
  7.860000000000001E-003   420.929649968673     
  7.880000000000000E-003   420.883174759304     
  7.900000000000001E-003   420.835700668787     
  7.920000000000000E-003   420.787370021402     
  7.940000000000001E-003   420.738749090766     
  7.960000000000000E-003   420.690519359412     
  7.980000000000001E-003   420.642658072653     
  8.000000000000000E-003   420.595205296005     
  8.020000000000001E-003   420.548222140341     
  8.040000000000000E-003   420.501779193780     
  8.060000000000001E-003   420.455954059278     
  8.080000000000000E-003   420.410814675197     
  8.100000000000001E-003   420.366401763478     
  8.120000000000000E-003   420.322715457371     
  8.140000000000001E-003   420.279726641318     
  8.160000000000001E-003   420.237409450245     
  8.180000000000002E-003   420.195753274180     
  8.200000000000001E-003   420.154769831654     
  8.220000000000000E-003   420.114523086819     
  8.240000000000001E-003   420.075119128890     
  8.260000000000000E-003   420.036809445475     
  8.280000000000001E-003   419.999998821999     
  8.300000000000000E-003   419.965389434788     
  8.320000000000001E-003   419.934031682532     
  8.340000000000000E-003   419.907371920752     
  8.360000000000001E-003   419.887138312119     
  8.380000000000000E-003   419.874795342947     
  8.400000000000001E-003   419.870130577007     
  8.420000000000000E-003   419.870902632314     
  8.440000000000001E-003   419.878124057171     
  8.460000000000001E-003   419.894048425808     
  8.480000000000001E-003   419.921098471642     
  8.500000000000001E-003   419.962411398786     
  8.520000000000002E-003   420.022329192087     
  8.540000000000001E-003   420.106687380527     
  8.560000000000000E-003   420.223036792437     
  8.580000000000001E-003   420.380849727808     
  8.600000000000000E-003   420.591320312310     
  8.620000000000001E-003   420.866434008343     
  8.640000000000000E-003   421.204812796111     
  8.660000000000001E-003   421.533514580242     
  8.680000000000000E-003   421.812703632585     
  8.700000000000001E-003   422.040365378176     
  8.720000000000000E-003   422.220507766867     
  8.740000000000001E-003   422.359308408580     
  8.760000000000000E-003   422.463994500713     
  8.780000000000001E-003   422.541401997082     
  8.800000000000001E-003   422.597434107936     
  8.820000000000001E-003   422.637124037263     
  8.840000000000001E-003   422.664760207477     
  8.860000000000002E-003   422.683704219068     
  8.880000000000001E-003   422.695574918543     
  8.900000000000000E-003   422.700458575897     
  8.920000000000001E-003   422.699509520556     
  8.940000000000000E-003   422.694149656226     
  8.960000000000001E-003   422.683223613703     
  8.980000000000000E-003   422.669317137164     
  9.000000000000001E-003   422.654009494301     
  9.020000000000000E-003   422.637871664747     
  9.040000000000001E-003   422.621088178326     
  9.060000000000000E-003   422.603697080219     
  9.080000000000001E-003   422.585622469403     
  9.100000000000000E-003   422.566695865039     
  9.120000000000001E-003   422.546668799744     
  9.140000000000001E-003   422.525323382278     
  9.160000000000001E-003   422.502104925985     
  9.180000000000001E-003   422.477460127407     
  9.200000000000002E-003   422.451268238309     
  9.220000000000001E-003   422.423511813811     
  9.240000000000000E-003   422.394271506598     
  9.260000000000001E-003   422.363792114300     
  9.280000000000000E-003   422.332277557137     
  9.300000000000001E-003   422.299803272100     
  9.320000000000000E-003   422.267109055360     
  9.340000000000001E-003   422.235108117213     
  9.360000000000000E-003   422.204305196726     
  9.380000000000001E-003   422.175047477256     
  9.400000000000000E-003   422.147574438430     
  9.420000000000001E-003   422.121894229749     
  9.440000000000000E-003   422.098007043925     
  9.460000000000001E-003   422.076008599049     
  9.480000000000001E-003   422.056126003788     
  9.500000000000001E-003   422.038562226679     
  9.520000000000001E-003   422.023260853756     
  9.540000000000002E-003   422.010191389752     
  9.560000000000001E-003   421.999297558255     
  9.580000000000000E-003   421.991273391706     
  9.600000000000001E-003   421.986913858926     
  9.620000000000000E-003   421.985781854399     
  9.640000000000001E-003   421.987423113685     
  9.660000000000000E-003   421.991441253117     
  9.680000000000001E-003   421.998446741753     
  9.700000000000000E-003   422.008528362694     
  9.720000000000001E-003   422.021959013955     
  9.740000000000000E-003   422.039050659833     
  9.760000000000001E-003   422.059998865478     
  9.780000000000000E-003   422.084911383234     
  9.800000000000001E-003   422.113938600439     
  9.820000000000001E-003   422.147363606605     
  9.840000000000002E-003   422.185615458784     
  9.860000000000001E-003   422.229302001359     
  9.880000000000002E-003   422.279312426269     
  9.900000000000001E-003   422.336799306862     
  9.920000000000000E-003   422.400721704184     
  9.940000000000001E-003   422.466936702581     
  9.960000000000000E-003   422.534490133630     
  9.980000000000001E-003   422.603405953457     
  1.000000000000000E-002   422.674090948709     
  1.002000000000000E-002   422.748070034727     
  1.004000000000000E-002   422.827851758081     
  1.006000000000000E-002   422.913702564515     
  1.008000000000000E-002   423.006879911382     
  1.010000000000000E-002   423.107966881227     
  1.012000000000000E-002   423.208525593284     
  1.014000000000000E-002   423.297477237918     
  1.016000000000000E-002   423.371419280169     
  1.018000000000000E-002   423.431343054685     
  1.020000000000000E-002   423.477905181113     
  1.022000000000000E-002   423.512340665740     
  1.024000000000000E-002   423.536069512360     
  1.026000000000000E-002   423.550172481020     
  1.028000000000000E-002   423.555669162125     
  1.030000000000000E-002   423.554341555011     
  1.032000000000000E-002   423.547327013946     
  1.034000000000000E-002   423.534924798183     
  1.036000000000000E-002   423.517435401900     
  1.038000000000000E-002   423.495247549887     
  1.040000000000000E-002   423.468746909507     
  1.042000000000000E-002   423.438122308538     
  1.044000000000000E-002   423.403733538238     
  1.046000000000000E-002   423.365857281392     
  1.048000000000000E-002   423.324974540698     
  1.050000000000000E-002   423.281719056952     
  1.052000000000000E-002   423.236965933589     
  1.054000000000000E-002   423.191677567406     
  1.056000000000000E-002   423.146625329109     
  1.058000000000000E-002   423.102579277845     
  1.060000000000000E-002   423.059973922836     
  1.062000000000000E-002   423.019082836067     
  1.064000000000000E-002   422.980052499851     
  1.066000000000000E-002   422.943013464095     
  1.068000000000000E-002   422.908050186434     
  1.070000000000000E-002   422.875268363991     
  1.072000000000000E-002   422.844765783395     
  1.074000000000000E-002   422.816574178655     
  1.076000000000000E-002   422.790678562792     
  1.078000000000000E-002   422.766973019852     
  1.080000000000000E-002   422.745294416297     
  1.082000000000000E-002   422.725446072237     
  1.084000000000000E-002   422.707200685726     
  1.086000000000000E-002   422.690336560725     
  1.088000000000000E-002   422.674597667623     
  1.090000000000000E-002   422.659724942257     
  1.092000000000000E-002   422.645487774605     
  1.094000000000000E-002   422.631712440737     
  1.096000000000000E-002   422.618307400711     
  1.098000000000000E-002   422.605262039410     
  1.100000000000000E-002   422.592639851574     
  1.102000000000000E-002   422.580542645648     
  1.104000000000000E-002   422.569094634790     
  1.106000000000000E-002   422.558427105371     
  1.108000000000000E-002   422.548619256585     
  1.110000000000000E-002   422.539740785397     
  1.112000000000000E-002   422.531680633179     
  1.114000000000000E-002   422.524376572027     
  1.116000000000000E-002   422.517480676550     
  1.118000000000000E-002   422.511323241586     
  1.120000000000000E-002   422.505856581783     
  1.122000000000000E-002   422.500955084301     
  1.124000000000000E-002   422.496403402927     
  1.126000000000000E-002   422.491840617393     
  1.128000000000000E-002   422.487017015598     
  1.130000000000000E-002   422.481758878911     
  1.132000000000000E-002   422.475967039478     
  1.134000000000000E-002   422.469431536304     
  1.136000000000000E-002   422.461992250129     
  1.138000000000000E-002   422.453611216819     
  1.140000000000000E-002   422.444289675379     
  1.142000000000000E-002   422.434096929326     
  1.144000000000000E-002   422.423131746056     
  1.146000000000000E-002   422.411591123297     
  1.148000000000000E-002   422.399657545679     
  1.150000000000000E-002   422.387614052340     
  1.152000000000000E-002   422.375798814935     
  1.154000000000000E-002   422.364321937524     
  1.156000000000000E-002   422.353280653866     
  1.158000000000000E-002   422.342692084694     
  1.160000000000000E-002   422.332524180154     
  1.162000000000000E-002   422.322719778618     
  1.164000000000000E-002   422.313195728163     
  1.166000000000000E-002   422.303886998939     
  1.168000000000000E-002   422.294761715209     
  1.170000000000000E-002   422.285828379038     
  1.172000000000000E-002   422.277158791452     
  1.174000000000000E-002   422.268886910690     
  1.176000000000000E-002   422.261184479785     
  1.178000000000000E-002   422.254238564578     
  1.180000000000000E-002   422.248012949583     
  1.182000000000000E-002   422.242420005502     
  1.184000000000000E-002   422.237178923807     
  1.186000000000000E-002   422.232049022523     
  1.188000000000000E-002   422.226871022340     
  1.190000000000000E-002   422.221187705111     
  1.192000000000000E-002   422.214314666897     
  1.194000000000000E-002   422.205884869975     
  1.196000000000000E-002   422.195687147684     
  1.198000000000000E-002   422.183653602770     
  1.200000000000000E-002   422.169795702918     
  1.202000000000000E-002   422.154081154031     
  1.204000000000000E-002   422.136363976652     
  1.206000000000000E-002   422.116380796410     
  1.208000000000000E-002   422.093778361620     
  1.210000000000000E-002   422.068164461974     
  1.212000000000000E-002   422.039268567258     
  1.214000000000000E-002   422.007166087338     
  1.216000000000000E-002   421.972240628214     
  1.218000000000000E-002   421.934855411699     
  1.220000000000000E-002   421.895219742667     
  1.222000000000000E-002   421.853489059470     
  1.224000000000000E-002   421.809615863374     
  1.226000000000000E-002   421.763808007841     
  1.228000000000000E-002   421.716769423373     
  1.230000000000000E-002   421.669022601002     
  1.232000000000000E-002   421.620817536706     
  1.234000000000000E-002   421.572962363957     
  1.236000000000000E-002   421.526111532751     
  1.238000000000000E-002   421.480775328253     
  1.240000000000000E-002   421.437336899011     
  1.242000000000000E-002   421.396006937164     
  1.244000000000000E-002   421.356883169459     
  1.246000000000000E-002   421.320109907279     
  1.248000000000000E-002   421.285626311932     
  1.250000000000000E-002   421.253360824427     
  1.252000000000000E-002   421.223231841426     
  1.254000000000000E-002   421.195144527920     
  1.256000000000000E-002   421.168946890828     
  1.258000000000000E-002   421.144515017877     
  1.260000000000000E-002   421.121774900256     
  1.262000000000000E-002   421.100682526592     
  1.264000000000000E-002   421.081138873257     
  1.266000000000000E-002   421.063077904775     
  1.268000000000000E-002   421.046470458809     
  1.270000000000000E-002   421.031304415036     
  1.272000000000000E-002   421.017562207289     
  1.274000000000000E-002   421.005192657598     
  1.276000000000000E-002   420.994083366439     
  1.278000000000000E-002   420.984063424241     
  1.280000000000000E-002   420.974935178436     
  1.282000000000000E-002   420.966497931276     
  1.284000000000000E-002   420.958601012232     
  1.286000000000000E-002   420.951096606199     
  1.288000000000000E-002   420.943916388496     
  1.290000000000000E-002   420.936936351680     
  1.292000000000000E-002   420.930041380250     
  1.294000000000000E-002   420.923151386483     
  1.296000000000000E-002   420.916201934563     
  1.298000000000000E-002   420.909060153629     
  1.300000000000000E-002   420.901628319494     
  1.302000000000000E-002   420.893926547280     
  1.304000000000000E-002   420.886054313834     
  1.306000000000000E-002   420.878034533011     
  1.308000000000000E-002   420.869865712036     
  1.310000000000000E-002   420.862299451466     
  1.312000000000000E-002   420.855812679312     
  1.314000000000000E-002   420.850738442041     
  1.316000000000000E-002   420.847137895378     
  1.318000000000000E-002   420.844683311204     
  1.320000000000000E-002   420.843765083593     
  1.322000000000000E-002   420.844465107968     
  1.324000000000000E-002   420.846888098265     
  1.326000000000000E-002   420.851289895140     
  1.328000000000000E-002   420.858005307915     
  1.330000000000000E-002   420.867342109713     
  1.332000000000000E-002   420.879669284509     
  1.334000000000000E-002   420.895492078467     
  1.336000000000000E-002   420.915499203915     
  1.338000000000000E-002   420.940560203650     
  1.340000000000000E-002   420.971714876113     
  1.342000000000000E-002   421.010193833873     
  1.344000000000000E-002   421.057427706788     
  1.346000000000000E-002   421.115019283737     
  1.348000000000000E-002   421.184698100658     
  1.350000000000000E-002   421.268279225119     
  1.352000000000000E-002   421.367619043250     
  1.354000000000000E-002   421.484505789413     
  1.356000000000000E-002   421.618306469711     
  1.358000000000000E-002   421.748433486389     
  1.360000000000000E-002   421.862969689603     
  1.362000000000000E-002   421.960972402609     
  1.364000000000000E-002   422.043860018118     
  1.366000000000000E-002   422.113201733610     
  1.368000000000000E-002   422.170799898472     
  1.370000000000000E-002   422.218386684284     
  1.372000000000000E-002   422.257525978834     
  1.374000000000000E-002   422.289588565421     
  1.376000000000000E-002   422.315718839023     
  1.378000000000000E-002   422.336888128270     
  1.380000000000000E-002   422.353879192037     
  1.382000000000000E-002   422.367348747231     
  1.384000000000000E-002   422.377798091668     
  1.386000000000000E-002   422.385633871077     
  1.388000000000000E-002   422.391109487158     
  1.390000000000000E-002   422.394616266312     
  1.392000000000000E-002   422.396191168300     
  1.394000000000000E-002   422.396213716266     
  1.396000000000000E-002   422.394930531149     
  1.398000000000000E-002   422.392270288586     
  1.400000000000000E-002   422.388278944066     
  1.402000000000000E-002   422.383040535221     
  1.404000000000000E-002   422.376545770741     
  1.406000000000000E-002   422.368066740424     
  1.408000000000000E-002   422.357342167041     
  1.410000000000000E-002   422.344665630836     
  1.412000000000000E-002   422.330028513867     
  1.414000000000000E-002   422.313585769498     
  1.416000000000000E-002   422.295438309176     
  1.418000000000000E-002   422.275668746560     
  1.420000000000000E-002   422.254403616790     
  1.422000000000000E-002   422.231753001411     
  1.424000000000000E-002   422.207846602644     
  1.426000000000000E-002   422.182830617426     
  1.428000000000000E-002   422.156881748257     
  1.430000000000000E-002   422.130027144080     
  1.432000000000000E-002   422.102579928948     
  1.434000000000000E-002   422.075164065835     
  1.436000000000000E-002   422.048143012785     
  1.438000000000000E-002   422.021737603588     
  1.440000000000000E-002   421.996151080404     
  1.442000000000000E-002   421.971526718131     
  1.444000000000000E-002   421.947905768207     
  1.446000000000000E-002   421.925302722095     
  1.448000000000000E-002   421.903695704502     
  1.450000000000000E-002   421.883035596315     
  1.452000000000000E-002   421.863266121649     
  1.454000000000000E-002   421.844337986589     
  1.456000000000000E-002   421.826236615015     
  1.458000000000000E-002   421.808987562137     
  1.460000000000000E-002   421.792709320931     
  1.462000000000000E-002   421.777599564122     
  1.464000000000000E-002   421.763839145397     
  1.466000000000000E-002   421.751562892031     
  1.468000000000000E-002   421.740884386087     
  1.470000000000000E-002   421.731875496586     
  1.472000000000000E-002   421.724539158134     
  1.474000000000000E-002   421.718826753534     
  1.476000000000000E-002   421.714630549839     
  1.478000000000000E-002   421.711585337226     
  1.480000000000000E-002   421.709910621839     
  1.482000000000000E-002   421.709492876194     
  1.484000000000000E-002   421.709970512436     
  1.486000000000000E-002   421.711246479586     
  1.488000000000000E-002   421.713238883095     
  1.490000000000000E-002   421.715918591835     
  1.492000000000000E-002   421.719221954378     
  1.494000000000000E-002   421.723106932866     
  1.496000000000000E-002   421.727565065089     
  1.498000000000000E-002   421.732628686996     
  1.500000000000000E-002   421.738264751018     
  1.502000000000000E-002   421.744432200131     
  1.504000000000000E-002   421.751242843758     
  1.506000000000000E-002   421.758715258164     
  1.508000000000000E-002   421.766867431799     
  1.510000000000000E-002   421.775644352634     
  1.512000000000000E-002   421.784940387324     
  1.514000000000000E-002   421.794818885712     
  1.516000000000000E-002   421.805358774811     
  1.518000000000000E-002   421.816561294576     
  1.520000000000000E-002   421.828480736545     
  1.522000000000000E-002   421.841245189180     
  1.524000000000000E-002   421.854926080161     
  1.526000000000000E-002   421.869507516831     
  1.528000000000000E-002   421.884893035929     
  1.530000000000000E-002   421.901065355126     
  1.532000000000000E-002   421.917756892818     
  1.534000000000000E-002   421.934302860281     
  1.536000000000000E-002   421.951022298048     
  1.538000000000000E-002   421.968288518251     
  1.540000000000000E-002   421.986488614413     
  1.542000000000000E-002   422.006081869478     
  1.544000000000000E-002   422.027763136473     
  1.546000000000000E-002   422.052249710635     
  1.548000000000000E-002   422.080075054990     
  1.550000000000000E-002   422.111652276902     
  1.552000000000000E-002   422.147385771315     
  1.554000000000000E-002   422.187681893786     
  1.556000000000000E-002   422.232892085025     
  1.558000000000000E-002   422.283388012385     
  1.560000000000000E-002   422.339627292131     
  1.562000000000000E-002   422.401939367247     
  1.564000000000000E-002   422.470801482023     
  1.566000000000000E-002   422.541957003797     
  1.568000000000000E-002   422.610345151750     
  1.570000000000000E-002   422.675215774705     
  1.572000000000000E-002   422.735809740726     
  1.574000000000000E-002   422.792202923586     
  1.576000000000000E-002   422.844242589174     
  1.578000000000000E-002   422.891834902971     
  1.580000000000000E-002   422.934954880188     
  1.582000000000000E-002   422.973697722942     
  1.584000000000000E-002   423.008255581142     
  1.586000000000000E-002   423.038699249479     
  1.588000000000000E-002   423.065075631470     
  1.590000000000000E-002   423.087980913719     
  1.592000000000000E-002   423.108229437253     
  1.594000000000000E-002   423.126309795785     
  1.596000000000000E-002   423.142249050505     
  1.598000000000000E-002   423.155938203871     
  1.600000000000000E-002   423.166876989270     
  1.602000000000000E-002   423.174838691387     
  1.604000000000000E-002   423.179896032598     
  1.606000000000000E-002   423.182481098958     
  1.608000000000000E-002   423.182601656022     
  1.610000000000000E-002   423.180962759831     
  1.612000000000000E-002   423.176840491486     
  1.614000000000000E-002   423.170358371806     
  1.616000000000000E-002   423.161757936936     
  1.618000000000000E-002   423.151321283879     
  1.620000000000000E-002   423.139337222371     
  1.622000000000000E-002   423.125727538544     
  1.624000000000000E-002   423.110363209673     
  1.626000000000000E-002   423.093234967193     
  1.628000000000000E-002   423.074528944851     
  1.630000000000000E-002   423.054540356607     
  1.632000000000000E-002   423.033570356154     
  1.634000000000000E-002   423.011880884109     
  1.636000000000000E-002   422.989771818057     
  1.638000000000000E-002   422.967461789032     
  1.640000000000000E-002   422.944985895000     
  1.642000000000000E-002   422.922297304894     
  1.644000000000000E-002   422.899366916874     
  1.646000000000000E-002   422.876251009769     
  1.648000000000000E-002   422.853038996332     
  1.650000000000000E-002   422.829742867934     
  1.652000000000000E-002   422.806359763771     
  1.654000000000000E-002   422.782959051007     
  1.656000000000000E-002   422.759674912846     
  1.658000000000000E-002   422.736603538565     
  1.660000000000000E-002   422.713814215297     
  1.662000000000000E-002   422.691397549520     
  1.664000000000000E-002   422.669448080822     
  1.666000000000000E-002   422.648044672063     
  1.668000000000000E-002   422.627214430695     
  1.670000000000000E-002   422.606955959928     
  1.672000000000000E-002   422.587265905784     
  1.674000000000000E-002   422.568171812303     
  1.676000000000000E-002   422.549754733563     
  1.678000000000000E-002   422.531976995381     
  1.680000000000000E-002   422.514928599184     
  1.682000000000000E-002   422.498644102348     
  1.684000000000000E-002   422.483209296725     
  1.686000000000000E-002   422.468761363826     
  1.688000000000000E-002   422.455372982371     
  1.690000000000000E-002   422.443074019839     
  1.692000000000000E-002   422.431819797990     
  1.694000000000000E-002   422.421566773410     
  1.696000000000000E-002   422.412310176660     
  1.698000000000000E-002   422.404077404627     
  1.700000000000000E-002   422.396967800530     
  1.702000000000000E-002   422.391000537465     
  1.704000000000000E-002   422.386273678857     
  1.706000000000000E-002   422.382862803311     
  1.708000000000000E-002   422.380887447567     
  1.710000000000000E-002   422.380584060016     
  1.712000000000000E-002   422.381722054994     
  1.714000000000000E-002   422.384382788192     
  1.716000000000000E-002   422.388504640094     
  1.718000000000000E-002   422.393866044783     
  1.720000000000000E-002   422.400095478271     
  1.722000000000000E-002   422.406756236414     
  1.724000000000000E-002   422.413556761401     
  1.726000000000000E-002   422.420460865240     
  1.728000000000000E-002   422.427323341688     
  1.730000000000000E-002   422.433896188577     
  1.732000000000000E-002   422.440083726858     
  1.734000000000000E-002   422.445922913296     
  1.736000000000000E-002   422.451516119326     
  1.738000000000000E-002   422.456892344400     
  1.740000000000000E-002   422.461986403720     
  1.742000000000000E-002   422.466839817383     
  1.744000000000000E-002   422.471533989208     
  1.746000000000000E-002   422.476087118540     
  1.748000000000000E-002   422.480734813674     
  1.750000000000000E-002   422.485576923719     
  1.752000000000000E-002   422.490631189039     
  1.754000000000000E-002   422.496022005291     
  1.756000000000000E-002   422.502109240014     
  1.758000000000000E-002   422.509060563655     
  1.760000000000000E-002   422.517061529539     
  1.762000000000000E-002   422.526203748345     
  1.764000000000000E-002   422.536581846256     
  1.766000000000000E-002   422.548240458695     
  1.768000000000000E-002   422.561201851345     
  1.770000000000000E-002   422.575512032006     
  1.772000000000000E-002   422.591136370045     
  1.774000000000000E-002   422.608079422183     
  1.776000000000000E-002   422.626415617709     
  1.778000000000000E-002   422.645466186053     
  1.780000000000000E-002   422.664436402826     
  1.782000000000000E-002   422.682447867335     
  1.784000000000000E-002   422.699356858426     
  1.786000000000000E-002   422.715191231719     
  1.788000000000000E-002   422.729933442954     
  1.790000000000000E-002   422.743581346907     
  1.792000000000000E-002   422.756174141409     
  1.794000000000000E-002   422.767746025892     
  1.796000000000000E-002   422.778389627696     
  1.798000000000000E-002   422.788191767556     
  1.800000000000000E-002   422.797231777145     
  1.802000000000000E-002   422.805626531646     
  1.804000000000000E-002   422.813449888982     
  1.806000000000000E-002   422.820798289815     
  1.808000000000000E-002   422.827715273334     
  1.810000000000000E-002   422.834245288272     
  1.812000000000000E-002   422.840448053397     
  1.814000000000000E-002   422.846408970387     
  1.816000000000000E-002   422.852131138187     
  1.818000000000000E-002   422.857624031653     
  1.820000000000000E-002   422.862913249574     
  1.822000000000000E-002   422.868030439936     
  1.824000000000000E-002   422.872929404234     
  1.826000000000000E-002   422.877505516816     
  1.828000000000000E-002   422.881664356032     
  1.830000000000000E-002   422.885348571913     
  1.832000000000000E-002   422.888470382193     
  1.834000000000000E-002   422.891012012165     
  1.836000000000000E-002   422.892966912934     
  1.838000000000000E-002   422.894396639218     
  1.840000000000000E-002   422.895332029417     
  1.842000000000000E-002   422.895784677736     
  1.844000000000000E-002   422.895747808903     
  1.846000000000000E-002   422.895196185125     
  1.848000000000000E-002   422.894293066130     
  1.850000000000000E-002   422.892959861536     
  1.852000000000000E-002   422.891471862040     
  1.854000000000000E-002   422.890006220398     
  1.856000000000000E-002   422.888755926908     
  1.858000000000000E-002   422.887752154431     
  1.860000000000000E-002   422.886897936269     
  1.862000000000000E-002   422.886091829337     
  1.864000000000000E-002   422.885276132968     
  1.866000000000000E-002   422.884300895100     
  1.868000000000000E-002   422.883153659043     
  1.870000000000000E-002   422.881772327652     
  1.872000000000000E-002   422.880031095382     
  1.874000000000000E-002   422.877797266407     
  1.876000000000000E-002   422.874966353455     
  1.878000000000000E-002   422.871417238475     
  1.880000000000000E-002   422.867090536608     
  1.882000000000000E-002   422.861830321163     
  1.884000000000000E-002   422.855604435547     
  1.886000000000000E-002   422.848361376805     
  1.888000000000000E-002   422.840054810976     
  1.890000000000000E-002   422.830660369854     
  1.892000000000000E-002   422.820173126904     
  1.894000000000000E-002   422.808606499136     
  1.896000000000000E-002   422.795988391787     
  1.898000000000000E-002   422.782366040452     
  1.900000000000000E-002   422.767780217231     
  1.902000000000000E-002   422.752275016969     
  1.904000000000000E-002   422.735916308734     
  1.906000000000000E-002   422.718781554388     
  1.908000000000000E-002   422.700922919093     
  1.910000000000000E-002   422.682430413374     
  1.912000000000000E-002   422.663413208283     
  1.914000000000000E-002   422.643978844610     
  1.916000000000000E-002   422.624250840567     
  1.918000000000000E-002   422.604403323985     
  1.920000000000000E-002   422.584531652790     
  1.922000000000000E-002   422.564754430137     
  1.924000000000000E-002   422.545172576058     
  1.926000000000000E-002   422.525843422617     
  1.928000000000000E-002   422.506809464166     
  1.930000000000000E-002   422.488110813403     
  1.932000000000000E-002   422.469780736489     
  1.934000000000000E-002   422.451818419507     
  1.936000000000000E-002   422.434188763758     
  1.938000000000000E-002   422.416830984057     
  1.940000000000000E-002   422.399674448838     
  1.942000000000000E-002   422.382658242214     
  1.944000000000000E-002   422.365721762412     
  1.946000000000000E-002   422.348802715954     
  1.948000000000000E-002   422.331885121706     
  1.950000000000000E-002   422.314946402386     
  1.952000000000000E-002   422.297954914898     
  1.954000000000000E-002   422.280895245563     
  1.956000000000000E-002   422.263767995442     
  1.958000000000000E-002   422.246603231612     
  1.960000000000000E-002   422.229538355972     
  1.962000000000000E-002   422.212743417451     
  1.964000000000000E-002   422.196356858914     
  1.966000000000000E-002   422.180513304187     
  1.968000000000000E-002   422.165333831468     
  1.970000000000000E-002   422.150923607476     
  1.972000000000000E-002   422.137355105718     
  1.974000000000000E-002   422.124669202822     
  1.976000000000000E-002   422.112867785447     
  1.978000000000000E-002   422.101917596573     
  1.980000000000000E-002   422.091759740842     
  1.982000000000000E-002   422.082319691874     
  1.984000000000000E-002   422.073503719620     
  1.986000000000000E-002   422.065221259579     
  1.988000000000000E-002   422.057404312668     
  1.990000000000000E-002   422.050004588652     
  1.992000000000000E-002   422.042987070502     
  1.994000000000000E-002   422.036345168932     
  1.996000000000000E-002   422.030104534112     
  1.998000000000000E-002   422.024299323909     
  2.000000000000000E-002   422.018984745387     
  2.002000000000000E-002   422.014209324492     
  2.004000000000000E-002   422.009990687747     
  2.006000000000000E-002   422.006332640103     
  2.008000000000000E-002   422.003252871198     
  2.010000000000000E-002   422.000766651695     
  2.012000000000000E-002   421.998865178955     
  2.014000000000000E-002   421.997520730759     
  2.016000000000000E-002   421.996680864237     
  2.018000000000000E-002   421.996305262808     
  2.020000000000000E-002   421.996423794844     
  2.022000000000000E-002   421.996928688006     
  2.024000000000000E-002   421.997841978217     
  2.026000000000000E-002   421.999173871641     
  2.028000000000000E-002   422.000883268987     
  2.030000000000000E-002   422.002909199525     
  2.032000000000000E-002   422.005150131718     
  2.034000000000000E-002   422.007549980517     
  2.036000000000000E-002   422.010033076435     
  2.038000000000000E-002   422.012541096601     
  2.040000000000000E-002   422.015033741387     
  2.042000000000000E-002   422.017488339473     
  2.044000000000000E-002   422.019913957095     
  2.046000000000000E-002   422.022353268853     
  2.048000000000000E-002   422.024874261458     
  2.050000000000000E-002   422.027583327758     
  2.052000000000000E-002   422.030583481420     
  2.054000000000000E-002   422.034008364692     
  2.056000000000000E-002   422.038000312296     
  2.058000000000000E-002   422.042683432496     
  2.060000000000000E-002   422.048138514658     
  2.062000000000000E-002   422.054450408657     
  2.064000000000000E-002   422.061619009037     
  2.066000000000000E-002   422.069559355127     
  2.068000000000000E-002   422.078162468591     
  2.070000000000000E-002   422.087418905212     
  2.072000000000000E-002   422.097296736218     
  2.074000000000000E-002   422.107506277192     
  2.076000000000000E-002   422.117992964596     
  2.078000000000000E-002   422.128841190856     
  2.080000000000000E-002   422.140127523130     
  2.082000000000000E-002   422.151942119513     
  2.084000000000000E-002   422.164391211001     
  2.086000000000000E-002   422.177600082112     
  2.088000000000000E-002   422.191625919643     
  2.090000000000000E-002   422.206590331443     
  2.092000000000000E-002   422.222493750531     
  2.094000000000000E-002   422.238821293028     
  2.096000000000000E-002   422.254758395963     
  2.098000000000000E-002   422.269991811218     
  2.100000000000000E-002   422.284561243518     
  2.102000000000000E-002   422.298450981875     
  2.104000000000000E-002   422.311654100161     
  2.106000000000000E-002   422.324200852159     
  2.108000000000000E-002   422.336135661447     
  2.110000000000000E-002   422.347484733244     
  2.112000000000000E-002   422.358272389100     
  2.114000000000000E-002   422.368537993968     
  2.116000000000000E-002   422.378291525999     
  2.118000000000000E-002   422.387556724053     
  2.120000000000000E-002   422.396328493978     
  2.122000000000000E-002   422.404584386186     
  2.124000000000000E-002   422.412355870404     
  2.126000000000000E-002   422.419625724985     
  2.128000000000000E-002   422.426415450327     
  2.130000000000000E-002   422.432735283615     
  2.132000000000000E-002   422.438640485125     
  2.134000000000000E-002   422.444282499750     
  2.136000000000000E-002   422.449589766431     
  2.138000000000000E-002   422.454454814411     
  2.140000000000000E-002   422.458686271779     
  2.142000000000000E-002   422.462396896967     
  2.144000000000000E-002   422.465707159359     
  2.146000000000000E-002   422.468629987140     
  2.148000000000000E-002   422.471067355888     
  2.150000000000000E-002   422.472973581643     
  2.152000000000000E-002   422.474331296267     
  2.154000000000000E-002   422.475050060032     
  2.156000000000000E-002   422.475069464618     
  2.158000000000000E-002   422.474467102686     
  2.160000000000000E-002   422.473204491462     
  2.162000000000000E-002   422.471302269388     
  2.164000000000000E-002   422.468604421299     
  2.166000000000000E-002   422.465078614332     
  2.168000000000000E-002   422.460725090174     
  2.170000000000000E-002   422.455563638774     
  2.172000000000000E-002   422.449639970304     
  2.174000000000000E-002   422.443026653785     
  2.176000000000000E-002   422.435797940430     
  2.178000000000000E-002   422.428028518865     
  2.180000000000000E-002   422.419783177180     
  2.182000000000000E-002   422.411117282747     
  2.184000000000000E-002   422.402083788991     
  2.186000000000000E-002   422.392731119308     
  2.188000000000000E-002   422.383104046005     
  2.190000000000000E-002   422.373237845433     
  2.192000000000000E-002   422.363163473303     
  2.194000000000000E-002   422.352910888179     
  2.196000000000000E-002   422.342515218824     
  2.198000000000000E-002   422.332005765677     
  2.200000000000000E-002   422.321407049205     
  2.202000000000000E-002   422.310732410602     
  2.204000000000000E-002   422.299999722271     
  2.206000000000000E-002   422.289227766388     
  2.208000000000000E-002   422.278445684132     
  2.210000000000000E-002   422.267686188381     
  2.212000000000000E-002   422.256982352349     
  2.214000000000000E-002   422.246370487338     
  2.216000000000000E-002   422.235890341605     
  2.218000000000000E-002   422.225570206008     
  2.220000000000000E-002   422.215412338089     
  2.222000000000000E-002   422.205412335749     
  2.224000000000000E-002   422.195566835085     
  2.226000000000000E-002   422.185875727397     
  2.228000000000000E-002   422.176342120066     
  2.230000000000000E-002   422.166984856291     
  2.232000000000000E-002   422.157839017896     
  2.234000000000000E-002   422.148953521246     
  2.236000000000000E-002   422.140376027945     
  2.238000000000000E-002   422.132155624928     
  2.240000000000000E-002   422.124335605636     
  2.242000000000000E-002   422.116954107170     
  2.244000000000000E-002   422.110046608591     
  2.246000000000000E-002   422.103645488285     
  2.248000000000000E-002   422.097783142381     
  2.250000000000000E-002   422.092488149420     
  2.252000000000000E-002   422.087806281576     
  2.254000000000000E-002   422.083802988965     
  2.256000000000000E-002   422.080240466459     
  2.258000000000000E-002   422.077313823589     
  2.260000000000000E-002   422.074954187640     
  2.262000000000000E-002   422.073106900493     
  2.264000000000000E-002   422.071738377975     
  2.266000000000000E-002   422.070841836697     
  2.268000000000000E-002   422.070464669634     
  2.270000000000000E-002   422.070547883151     
  2.272000000000000E-002   422.070965166502     
  2.274000000000000E-002   422.071743415783     
  2.276000000000000E-002   422.072862306618     
  2.278000000000000E-002   422.074279349930     
  2.280000000000000E-002   422.075952187132     
  2.282000000000000E-002   422.077852730884     
  2.284000000000000E-002   422.079971900230     
  2.286000000000000E-002   422.082312118552     
  2.288000000000000E-002   422.084879631819     
  2.290000000000000E-002   422.087668938498     
  2.292000000000000E-002   422.090648800601     
  2.294000000000000E-002   422.093760069948     
  2.296000000000000E-002   422.096877189865     
  2.298000000000000E-002   422.099843224905     
  2.300000000000000E-002   422.102581201098     
  2.302000000000000E-002   422.105042129518     
  2.304000000000000E-002   422.107196803961     
  2.306000000000000E-002   422.109014057752     
  2.308000000000000E-002   422.110457103416     
  2.310000000000000E-002   422.111476822670     
  2.312000000000000E-002   422.112048911329     
  2.314000000000000E-002   422.112131549900     
  2.316000000000000E-002   422.111790930552     
  2.318000000000000E-002   422.110914879622     
  2.320000000000000E-002   422.109473343369     
  2.322000000000000E-002   422.107501914595     
  2.324000000000000E-002   422.105045455541     
  2.326000000000000E-002   422.102152581029     
  2.328000000000000E-002   422.098878738934     
  2.330000000000000E-002   422.095290110139     
  2.332000000000000E-002   422.091415863152     
  2.334000000000000E-002   422.087287171667     
  2.336000000000000E-002   422.082940481280     
  2.338000000000000E-002   422.078415002660     
  2.340000000000000E-002   422.073779440085     
  2.342000000000000E-002   422.069090539106     
  2.344000000000000E-002   422.064396176148     
  2.346000000000000E-002   422.059727778005     
  2.348000000000000E-002   422.055180266157     
  2.350000000000000E-002   422.050742964130     
  2.352000000000000E-002   422.046418497785     
  2.354000000000000E-002   422.042200176847     
  2.356000000000000E-002   422.038077039177     
  2.358000000000000E-002   422.034037080366     
  2.360000000000000E-002   422.030074867492     
  2.362000000000000E-002   422.026189306205     
  2.364000000000000E-002   422.022388172764     
  2.366000000000000E-002   422.018708252360     
  2.368000000000000E-002   422.015224304653     
  2.370000000000000E-002   422.012023419312     
  2.372000000000000E-002   422.009169070845     
  2.374000000000000E-002   422.006683078082     
  2.376000000000000E-002   422.004562206860     
  2.378000000000000E-002   422.002862674609     
  2.380000000000000E-002   422.001661829790     
  2.382000000000000E-002   422.000983058574     
  2.384000000000000E-002   422.000752992935     
  2.386000000000000E-002   422.000862564711     
  2.388000000000000E-002   422.001269297797     
  2.390000000000000E-002   422.002025006221     
  2.392000000000000E-002   422.003142038403     
  2.394000000000000E-002   422.004594572524     
  2.396000000000000E-002   422.006380503418     
  2.398000000000000E-002   422.008519379595     
  2.400000000000000E-002   422.011051347352     
  2.402000000000000E-002   422.014021328463     
  2.404000000000000E-002   422.017474030623     
  2.406000000000000E-002   422.021431518644     
  2.408000000000000E-002   422.025894051400     
  2.410000000000000E-002   422.030842673022     
  2.412000000000000E-002   422.036240482394     
  2.414000000000000E-002   422.042047366157     
  2.416000000000000E-002   422.048219872306     
  2.418000000000000E-002   422.054718368995     
  2.420000000000000E-002   422.061520008878     
  2.422000000000000E-002   422.068612694354     
  2.424000000000000E-002   422.075979423526     
  2.426000000000000E-002   422.083575657208     
  2.428000000000000E-002   422.091323499844     
  2.430000000000000E-002   422.099135467304     
  2.432000000000000E-002   422.106949306129     
  2.434000000000000E-002   422.114694402006     
  2.436000000000000E-002   422.122250760687     
  2.438000000000000E-002   422.129506544946     
  2.440000000000000E-002   422.136363416873     
  2.442000000000000E-002   422.142761691070     
  2.444000000000000E-002   422.148709072497     
  2.446000000000000E-002   422.154197784890     
  2.448000000000000E-002   422.159264353712     
  2.450000000000000E-002   422.163924548701     
  2.452000000000000E-002   422.168239810851     
  2.454000000000000E-002   422.172375239523     
  2.456000000000000E-002   422.175823100124     
  2.458000000000000E-002   422.178977713185     
  2.460000000000000E-002   422.181878446586     
  2.462000000000000E-002   422.183527868623     
  2.464000000000000E-002   422.185443859927     
  2.466000000000000E-002   422.186513964090     
  2.468000000000000E-002   422.186822242421     
  2.470000000000000E-002   422.186626979914     
  2.472000000000000E-002   422.186015411228     
  2.474000000000000E-002   422.184810780140     
  2.476000000000000E-002   422.182914175345     
  2.478000000000000E-002   422.180402752301     
  2.480000000000000E-002   422.177428006082     
  2.482000000000000E-002   422.174131910278     
  2.484000000000000E-002   422.170636833077     
  2.486000000000000E-002   422.167085165786     
  2.488000000000000E-002   422.163704000289     
  2.490000000000000E-002   422.160794986365     
  2.492000000000000E-002   422.158663579500     
  2.494000000000000E-002   422.157578915825     
  2.496000000000000E-002   422.157779313133     
  2.498000000000000E-002   422.159488314310     
  2.500000000000000E-002   422.162914259640     
  2.502000000000000E-002   422.168236508853     
  2.504000000000000E-002   422.175678854565     
  2.506000000000000E-002   422.185623217203     
  2.508000000000000E-002   422.198581771693     
  2.510000000000000E-002   422.215101222516     
  2.512000000000000E-002   422.235517470824     
  2.514000000000000E-002   422.259757019196     
  2.516000000000000E-002   422.285381658821     
  2.518000000000000E-002   422.305925035145     
  2.520000000000000E-002   422.320600253538     
  2.522000000000000E-002   422.327212118722     
  2.524000000000000E-002   422.322036960935     
  2.526000000000000E-002   422.305342741553     
  2.528000000000000E-002   422.283243426642     
  2.530000000000000E-002   422.257300215464     
  2.532000000000000E-002   422.223508629981     
  2.534000000000000E-002   422.176935023538     
  2.536000000000000E-002   422.111891430521     
  2.538000000000000E-002   422.022482041757     
  2.540000000000000E-002   421.903101785927     
  2.542000000000000E-002   421.748389704464     
  2.544000000000000E-002   421.552808418592     
  2.546000000000000E-002   421.310855841511     
  2.548000000000000E-002   421.016594310664     
  2.550000000000000E-002   420.663589072674     
  2.552000000000000E-002   420.245186386899     
  2.554000000000000E-002   419.756762592259     
  2.556000000000000E-002   419.195061391888     
  2.558000000000000E-002   418.557678494718     
  2.560000000000000E-002   417.847207426161     
  2.562000000000000E-002   417.103901587284     
  2.564000000000000E-002   416.461560585513     
  2.566000000000000E-002   415.927460599767     
  2.568000000000000E-002   415.490987525782     
  2.570000000000000E-002   415.137087939319     
  2.572000000000000E-002   414.854199502420     
  2.574000000000000E-002   414.632956343121     
  2.576000000000000E-002   414.464304023525     
  2.578000000000000E-002   414.338495459575     
  2.580000000000000E-002   414.245286262891     
  2.582000000000000E-002   414.176138438905     
  2.584000000000000E-002   414.124693830983     
  2.586000000000000E-002   414.086584451303     
  2.588000000000000E-002   414.058105934530     
  2.590000000000000E-002   414.035582962167     
  2.592000000000000E-002   414.015646952434     
  2.594000000000000E-002   413.999515421221     
  2.596000000000000E-002   413.990336670311     
  2.598000000000000E-002   413.990754378683     
  2.600000000000000E-002   414.002603780765     
  2.602000000000000E-002   414.026859922455     
  2.604000000000000E-002   414.063850868662     
  2.606000000000000E-002   414.113630759081     
  2.608000000000000E-002   414.176305254385     
  2.610000000000000E-002   414.252108605643     
  2.612000000000000E-002   414.341245246120     
  2.614000000000000E-002   414.440592843104     
  2.616000000000000E-002   414.525374112147     
  2.618000000000000E-002   414.588349504612     
  2.620000000000000E-002   414.631809922264     
  2.622000000000000E-002   414.658285785570     
  2.624000000000000E-002   414.671232189448     
  2.626000000000000E-002   414.673702407639     
  2.628000000000000E-002   414.668456579592     
  2.630000000000000E-002   414.658074682780     
  2.632000000000000E-002   414.644802541196     
  2.634000000000000E-002   414.630170754484     
  2.636000000000000E-002   414.615124394818     
  2.638000000000000E-002   414.600082958682     
  2.640000000000000E-002   414.585607304126     
  2.642000000000000E-002   414.572729821205     
  2.644000000000000E-002   414.562932256440     
  2.646000000000000E-002   414.558087763757     
  2.648000000000000E-002   414.560325465297     
  2.650000000000000E-002   414.571833244616     
  2.652000000000000E-002   414.594655018842     
  2.654000000000000E-002   414.630489384462     
  2.656000000000000E-002   414.680486032856     
  2.658000000000000E-002   414.745076812102     
  2.660000000000000E-002   414.823815766516     
  2.662000000000000E-002   414.915205490017     
  2.664000000000000E-002   415.008957640731     
  2.666000000000000E-002   415.084013154939     
  2.668000000000000E-002   415.141602867059     
  2.670000000000000E-002   415.184180730345     
  2.672000000000000E-002   415.214053107538     
  2.674000000000000E-002   415.233242968305     
  2.676000000000000E-002   415.243417252087     
  2.678000000000000E-002   415.246105397341     
  2.680000000000000E-002   415.242679854585     
  2.682000000000000E-002   415.234016078013     
  2.684000000000000E-002   415.221133321360     
  2.686000000000000E-002   415.204966478587     
  2.688000000000000E-002   415.185836815045     
  2.690000000000000E-002   415.163892370639     
  2.692000000000000E-002   415.139348754939     
  2.694000000000000E-002   415.112533475488     
  2.696000000000000E-002   415.083935797877     
  2.698000000000000E-002   415.054224206417     
  2.700000000000000E-002   415.024127515835     
  2.702000000000000E-002   414.994308309736     
  2.704000000000000E-002   414.965212117706     
  2.706000000000000E-002   414.936963494925     
  2.708000000000000E-002   414.909351225390     
  2.710000000000000E-002   414.881913847580     
  2.712000000000000E-002   414.854103774084     
  2.714000000000000E-002   414.825482628448     
  2.716000000000000E-002   414.795893692587     
  2.718000000000000E-002   414.765571830017     
  2.720000000000000E-002   414.735181604293     
  2.722000000000000E-002   414.705799821294     
  2.724000000000000E-002   414.678877322249     
  2.726000000000000E-002   414.656217934154     
  2.728000000000000E-002   414.639952986160     
  2.730000000000000E-002   414.632749788155     
  2.732000000000000E-002   414.637889580799     
  2.734000000000000E-002   414.659437284090     
  2.736000000000000E-002   414.702495676918     
  2.738000000000000E-002   414.772396724826     
  2.740000000000000E-002   414.876592830779     
  2.742000000000000E-002   415.024052433730     
  2.744000000000000E-002   415.225219307309     
  2.746000000000000E-002   415.491883824014     
  2.748000000000000E-002   415.836837912703     
  2.750000000000000E-002   416.273247618200     
  2.752000000000000E-002   416.813867872564     
  2.754000000000000E-002   417.468883339428     
  2.756000000000000E-002   418.229235877855     
  2.758000000000000E-002   419.087525060898     
  2.760000000000000E-002   419.976347546741     
  2.762000000000000E-002   420.697244829154     
  2.764000000000000E-002   421.243381112248     
  2.766000000000000E-002   421.643085884558     
  2.768000000000000E-002   421.929908497599     
  2.770000000000000E-002   422.135763699980     
  2.772000000000000E-002   422.288645635677     
  2.774000000000000E-002   422.417470323356     
  2.776000000000000E-002   422.538897512574     
  2.778000000000000E-002   422.668607420902     
  2.780000000000000E-002   422.836155677038     
  2.782000000000000E-002   423.087737973184     
  2.784000000000000E-002   423.490246552737     
  2.786000000000000E-002   424.137054777570     
  2.788000000000000E-002   425.155773702481     
  2.790000000000000E-002   426.721157175753     
  2.792000000000000E-002   429.072798590225     
  2.794000000000000E-002   432.545198690183     
  2.796000000000000E-002   437.614706086793     
  2.798000000000000E-002   444.973241336075     
  2.800000000000000E-002   455.650283936225     
  2.802000000000000E-002   471.246276506599     
  2.804000000000000E-002   494.204015202179     
  2.806000000000000E-002   527.943272192974     
  2.808000000000000E-002   572.362698070263     
  2.810000000000000E-002   612.667889472959     
  2.812000000000000E-002   644.743125940542     
  2.814000000000000E-002   669.681161409291     
  2.816000000000000E-002   691.008895156539     
  2.818000000000000E-002   711.670234787035     
  2.820000000000000E-002   732.136622289858     
  2.822000000000000E-002   751.414594933549     
  2.824000000000000E-002   768.085250699559     
  2.826000000000000E-002   780.054009095118     
  2.828000000000000E-002   786.552579202018     
  2.830000000000000E-002   788.437087656597     
  2.832000000000000E-002   787.734496193994     
  2.834000000000000E-002   785.473543330404     
  2.836000000000000E-002   780.910818833135     
  2.838000000000000E-002   773.748785702347     
  2.840000000000000E-002   764.272813111623     
  2.842000000000000E-002   754.760658815850     
  2.844000000000000E-002   747.736362516822     
  2.846000000000000E-002   743.363610040329     
  2.848000000000000E-002   741.041497744167     
  2.850000000000000E-002   740.024097226423     
  2.852000000000000E-002   739.768219122908     
  2.854000000000000E-002   740.888580214581     
  2.856000000000000E-002   744.299310016206     
  2.858000000000000E-002   750.976080751562     
  2.860000000000000E-002   762.003646344720     
  2.862000000000000E-002   778.442041827918     
  2.864000000000000E-002   801.169357856635     
  2.866000000000000E-002   827.551282583836     
  2.868000000000000E-002   849.825441661235     
  2.870000000000000E-002   866.908064276630     
  2.872000000000000E-002   879.875011378776     
  2.874000000000000E-002   889.865503201645     
  2.876000000000000E-002   897.882416496952     
  2.878000000000000E-002   904.675041780891     
  2.880000000000000E-002   910.743763127276     
  2.882000000000000E-002   916.299898317479     
  2.884000000000000E-002   921.505576999937     
  2.886000000000000E-002   926.655986646760     
  2.888000000000000E-002   931.969365262992     
  2.890000000000000E-002   937.642162819659     
  2.892000000000000E-002   943.751389727146     
  2.894000000000000E-002   949.733108021845     
  2.896000000000000E-002   955.130989464425     
  2.898000000000000E-002   959.644913227656     
  2.900000000000000E-002   963.146119567386     
  2.902000000000000E-002   965.787420983022     
  2.904000000000000E-002   967.662031930833     
  2.906000000000000E-002   968.844046117800     
  2.908000000000000E-002   969.426604975793     
  2.910000000000000E-002   969.551728133775     
  2.912000000000000E-002   969.091287636135     
  2.914000000000000E-002   968.017720261005     
  2.916000000000000E-002   966.477230386811     
  2.918000000000000E-002   964.508478036060     
  2.920000000000000E-002   962.072153377797     
  2.922000000000000E-002   959.120024475434     
  2.924000000000000E-002   955.607355825324     
  2.926000000000000E-002   951.483893868788     
  2.928000000000000E-002   946.691403565117     
  2.930000000000000E-002   941.167883198461     
  2.932000000000000E-002   934.855219049344     
  2.934000000000000E-002   927.700038912987     
  2.936000000000000E-002   919.661903386542     
  2.938000000000000E-002   910.722862748365     
  2.940000000000000E-002   900.895069939891     
  2.942000000000000E-002   890.228460944856     
  2.944000000000000E-002   878.830074668779     
  2.946000000000000E-002   867.279540116347     
  2.948000000000000E-002   856.732173100977     
  2.950000000000000E-002   847.360067048836     
  2.952000000000000E-002   838.926009580226     
  2.954000000000000E-002   831.236598331926     
  2.956000000000000E-002   824.097467668740     
  2.958000000000000E-002   817.343536514578     
  2.960000000000000E-002   810.842669301192     
  2.962000000000000E-002   804.508640124394     
  2.964000000000000E-002   798.266060797332     
  2.966000000000000E-002   791.996530300607     
  2.968000000000000E-002   785.604010343764     
  2.970000000000000E-002   779.005696503013     
  2.972000000000000E-002   772.048223062795     
  2.974000000000000E-002   764.513363290588     
  2.976000000000000E-002   756.129660535482     
  2.978000000000000E-002   746.532903544933     
  2.980000000000000E-002   735.326505136024     
  2.982000000000000E-002   722.114444732239     
  2.984000000000000E-002   706.551476075103     
  2.986000000000000E-002   688.414248359990     
  2.988000000000000E-002   667.795643824388     
  2.990000000000000E-002   645.155934341948     
  2.992000000000000E-002   624.453047698004     
  2.994000000000000E-002   610.767280011223     
  2.996000000000000E-002   602.413766800431     
  2.998000000000000E-002   597.597047754295     
  3.000000000000000E-002   595.122794991335     
  3.002000000000000E-002   594.588084628189     
  3.004000000000000E-002   594.960998179189     
  3.006000000000000E-002   596.027008323169     
  3.008000000000000E-002   598.067159089484     
  3.010000000000000E-002   601.285652092021     
  3.012000000000000E-002   605.788794918135     
  3.014000000000000E-002   611.366721148099     
  3.016000000000000E-002   615.693602703612     
  3.018000000000000E-002   617.677379699573     
  3.020000000000000E-002   618.347934830730     
  3.022000000000000E-002   618.476258760259     
  3.024000000000000E-002   618.043805955296     
  3.026000000000000E-002   616.907931191300     
  3.028000000000000E-002   614.819300649247     
  3.030000000000000E-002   611.393780676711     
  3.032000000000000E-002   606.049846517137     
  3.034000000000000E-002   598.113721926895     
  3.036000000000000E-002   587.300318470632     
  3.038000000000000E-002   573.602611599906     
  3.040000000000000E-002   557.146080719747     
  3.042000000000000E-002   538.440292965809     
  3.044000000000000E-002   518.263551025152     
  3.046000000000000E-002   497.506756975871     
  3.048000000000000E-002   478.523109553750     
  3.050000000000000E-002   464.096767744923     
  3.052000000000000E-002   453.100835211816     
  3.054000000000000E-002   444.666612565895     
  3.056000000000000E-002   438.206064406517     
  3.058000000000000E-002   433.290747835835     
  3.060000000000000E-002   429.591703435595     
  3.062000000000000E-002   426.847639594435     
  3.064000000000000E-002   424.847391402847     
  3.066000000000000E-002   423.419678364004     
  3.068000000000000E-002   422.426561487994     
  3.070000000000000E-002   421.758984128706     
  3.072000000000000E-002   421.331883700022     
  3.074000000000000E-002   421.079020956240     
  3.076000000000000E-002   420.949969908563     
  3.078000000000000E-002   420.906170273434     
  3.080000000000000E-002   420.919064867024     
  3.082000000000000E-002   420.967945773815     
  3.084000000000000E-002   421.037810810136     
  3.086000000000000E-002   421.117915321908     
  3.088000000000000E-002   421.200697363200     
  3.090000000000000E-002   421.281084251601     
  3.092000000000000E-002   421.355935450935     
  3.094000000000000E-002   421.423684932715     
  3.096000000000000E-002   421.483888539488     
  3.098000000000000E-002   421.535868777584     
  3.100000000000000E-002   421.578258569807     
  3.102000000000000E-002   421.608887171324     
  3.104000000000000E-002   421.625534072226     
  3.106000000000000E-002   421.625665674773     
  3.108000000000000E-002   421.606290922537     
  3.110000000000000E-002   421.564226520393     
  3.112000000000000E-002   421.507274784727     
  3.114000000000000E-002   421.478376345469     
  3.116000000000000E-002   421.485798678839     
  3.118000000000000E-002   421.527087680483     
  3.120000000000000E-002   421.591694242927     
  3.122000000000000E-002   421.667432537275     
  3.124000000000000E-002   421.748405979021     
  3.126000000000000E-002   421.840633044667     
  3.128000000000000E-002   421.951853197404     
  3.130000000000000E-002   422.088499389371     
  3.132000000000000E-002   422.256321150780     
  3.134000000000000E-002   422.461404987474     
  3.136000000000001E-002   422.708250411965     
  3.138000000000001E-002   422.953465686569     
  3.140000000000000E-002   423.146896283482     
  3.142000000000000E-002   423.299640080744     
  3.144000000000000E-002   423.428673542383     
  3.146000000000000E-002   423.526367042257     
  3.148000000000000E-002   423.571817309038     
  3.150000000000000E-002   423.549012948538     
  3.152000000000000E-002   423.442057965342     
  3.154000000000001E-002   423.236258736946     
  3.156000000000000E-002   422.918975340731     
  3.158000000000000E-002   422.475752575780     
  3.160000000000000E-002   421.892206676383     
  3.162000000000000E-002   421.159421424787     
  3.164000000000000E-002   420.276935413421     
  3.166000000000000E-002   419.272354852846     
  3.168000000000000E-002   418.370331961257     
  3.170000000000001E-002   417.654197193442     
  3.172000000000001E-002   417.094213639216     
  3.174000000000000E-002   416.681282943761     
  3.176000000000000E-002   416.392102844694     
  3.178000000000000E-002   416.198500480196     
  3.180000000000000E-002   416.073790420582     
  3.182000000000000E-002   415.996747035864     
  3.184000000000000E-002   415.953437175538     
  3.186000000000000E-002   415.934463110549     
  3.188000000000001E-002   415.931595631530     
  3.190000000000000E-002   415.936522801262     
  3.192000000000000E-002   415.945330817911     
  3.194000000000000E-002   415.960667101526     
  3.196000000000000E-002   415.984744351822     
  3.198000000000000E-002   416.018916906143     
  3.200000000000000E-002   416.063513168263     
  3.202000000000000E-002   416.117954439178     
  3.204000000000001E-002   416.180910672387     
  3.206000000000001E-002   416.250288554492     
  3.208000000000000E-002   416.323621154234     
  3.210000000000000E-002   416.400628936895     
  3.212000000000000E-002   416.482754990974     
  3.214000000000000E-002   416.569876107834     
  3.216000000000000E-002   416.664403360618     
  3.218000000000000E-002   416.770355621435     
  3.220000000000000E-002   416.892271426856     
  3.222000000000001E-002   417.035289293459     
  3.224000000000000E-002   417.205125484201     
  3.226000000000000E-002   417.407711438921     
  3.228000000000000E-002   417.648835818738     
  3.230000000000000E-002   417.933977626697     
  3.232000000000000E-002   418.268511795993     
  3.234000000000000E-002   418.657113806325     
  3.236000000000000E-002   419.103142954250     
  3.238000000000001E-002   419.610075707413     
  3.240000000000001E-002   420.180920620998     
  3.242000000000000E-002   420.803456640879     
  3.244000000000000E-002   421.373971665303     
  3.246000000000000E-002   421.850320238056     
  3.248000000000000E-002   422.242451829460     
  3.250000000000000E-002   422.559521853793     
  3.252000000000000E-002   422.809303444137     
  3.254000000000000E-002   423.004276031443     
  3.256000000000001E-002   423.154455814336     
  3.258000000000000E-002   423.266437711301     
  3.260000000000000E-002   423.352320116896     
  3.262000000000000E-002   423.418348033840     
  3.264000000000000E-002   423.460049806213     
  3.266000000000000E-002   423.481456229744     
  3.268000000000000E-002   423.492793051469     
  3.270000000000000E-002   423.499458729816     
  3.272000000000001E-002   423.504601697311     
  3.274000000000001E-002   423.506445808131     
  3.276000000000000E-002   423.502440950867     
  3.278000000000000E-002   423.494071051858     
  3.280000000000000E-002   423.482372841968     
  3.282000000000000E-002   423.467060464053     
  3.284000000000000E-002   423.447645719827     
  3.286000000000000E-002   423.423840085847     
  3.288000000000000E-002   423.395713850668     
  3.290000000000001E-002   423.363503227791     
  3.292000000000000E-002   423.327833486662     
  3.294000000000000E-002   423.289535947024     
  3.296000000000000E-002   423.249497519240     
  3.298000000000000E-002   423.208462678943     
  3.300000000000000E-002   423.166859769289     
  3.302000000000000E-002   423.124995270755     
  3.304000000000000E-002   423.083161643504     
  3.306000000000001E-002   423.040398327475     
  3.308000000000001E-002   422.996546258282     
  3.310000000000000E-002   422.952120467786     
  3.312000000000000E-002   422.907133166537     
  3.314000000000000E-002   422.862627514053     
  3.316000000000000E-002   422.821127622373     
  3.318000000000000E-002   422.781964750259     
  3.320000000000000E-002   422.744671595620     
  3.322000000000000E-002   422.708897229450     
  3.324000000000001E-002   422.674263199165     
  3.326000000000000E-002   422.640336525289     
  3.328000000000000E-002   422.606967498443     
  3.330000000000000E-002   422.573891724621     
  3.332000000000000E-002   422.540862821193     
  3.334000000000000E-002   422.507814177092     
  3.336000000000000E-002   422.474848212924     
  3.338000000000000E-002   422.441706010741     
  3.340000000000001E-002   422.408025695398     
  3.342000000000001E-002   422.373870983052     
  3.344000000000000E-002   422.339326122968     
  3.346000000000000E-002   422.304362095244     
  3.348000000000000E-002   422.268948355048     
  3.350000000000000E-002   422.233084431417     
  3.352000000000000E-002   422.196690808317     
  3.354000000000000E-002   422.159787946355     
  3.356000000000000E-002   422.122526204027     
  3.358000000000001E-002   422.084892821354     
  3.360000000000000E-002   422.046691189031     
  3.362000000000000E-002   422.007875902710     
  3.364000000000000E-002   421.968549298977     
  3.366000000000000E-002   421.928750348744     
  3.368000000000000E-002   421.888450183724     
  3.370000000000000E-002   421.848645939043     
  3.372000000000000E-002   421.809181090890     
  3.374000000000001E-002   421.769653914344     
  3.376000000000001E-002   421.730246308308     
  3.378000000000000E-002   421.690900918365     
  3.380000000000000E-002   421.651581815320     
  3.382000000000000E-002   421.612167350554     
  3.384000000000000E-002   421.572595665291     
  3.386000000000000E-002   421.532809658731     
  3.388000000000000E-002   421.492782609029     
  3.390000000000000E-002   421.452538729245     
  3.392000000000001E-002   421.412109829194     
  3.394000000000000E-002   421.371461841439     
  3.396000000000000E-002   421.330457297348     
  3.398000000000000E-002   421.289019674375     
  3.400000000000000E-002   421.248888028687     
  3.402000000000000E-002   421.211508304033     
  3.404000000000000E-002   421.177103597229     
  3.406000000000000E-002   421.145990934140     
  3.408000000000001E-002   421.118313368309     
  3.410000000000001E-002   421.094051612471     
  3.412000000000000E-002   421.073132727540     
  3.414000000000000E-002   421.055327065492     
  3.416000000000000E-002   421.040244847716     
  3.418000000000000E-002   421.027316163566     
  3.420000000000000E-002   421.016269118452     
  3.422000000000000E-002   421.007271532210     
  3.424000000000000E-002   421.000427608938     
  3.426000000000001E-002   420.995127784351     
  3.428000000000000E-002   420.990681373964     
  3.430000000000000E-002   420.987548209014     
  3.432000000000000E-002   420.986243314019     
  3.434000000000000E-002   420.986266883770     
  3.436000000000000E-002   420.987374261976     
  3.438000000000000E-002   420.989385726578     
  3.440000000000000E-002   420.991996087944     
  3.442000000000001E-002   420.994803301446     
  3.444000000000001E-002   420.998018410729     
  3.446000000000000E-002   421.005747752050     
  3.448000000000000E-002   421.015695767091     
  3.450000000000000E-002   421.028373883829     
  3.452000000000000E-002   421.044763544406     
  3.454000000000000E-002   421.065320070598     
  3.456000000000000E-002   421.090243372724     
  3.458000000000000E-002   421.119787218702     
  3.460000000000001E-002   421.154424563744     
  3.462000000000000E-002   421.194879073082     
  3.464000000000000E-002   421.242096688294     
  3.466000000000000E-002   421.297273864692     
  3.468000000000000E-002   421.361937114361     
  3.470000000000000E-002   421.437970333744     
  3.472000000000000E-002   421.527544641010     
  3.474000000000000E-002   421.632882385611     
  3.476000000000001E-002   421.755969668577     
  3.478000000000001E-002   421.898371675320     
  3.480000000000000E-002   422.061286931378     
  3.482000000000000E-002   422.245645107677     
  3.484000000000000E-002   422.452249461265     
  3.486000000000000E-002   422.681959057068     
  3.488000000000000E-002   422.935485054369     
  3.490000000000000E-002   423.209915904146     
  3.492000000000000E-002   423.465867619306     
  3.494000000000001E-002   423.681066577879     
  3.496000000000000E-002   423.856739271920     
  3.498000000000000E-002   423.999955238211     
  3.500000000000000E-002   424.119156571418     
  3.502000000000000E-002   424.217336550335     
  3.504000000000000E-002   424.293323729671     
  3.506000000000000E-002   424.349490833788     
  3.508000000000000E-002   424.393132775929     
  3.510000000000001E-002   424.432444597073     
  3.512000000000001E-002   424.465320127721     
  3.514000000000000E-002   424.492423264966     
  3.516000000000000E-002   424.511867454180     
  3.518000000000000E-002   424.517069164938     
  3.520000000000000E-002   424.514305587810     
  3.522000000000000E-002   424.504394177111     
  3.524000000000000E-002   424.483307683706     
  3.526000000000000E-002   424.449680894806     
  3.528000000000001E-002   424.404193447220     
  3.530000000000000E-002   424.348152208387     
  3.532000000000000E-002   424.282502768990     
  3.534000000000000E-002   424.207485839476     
  3.536000000000000E-002   424.122770411419     
  3.538000000000000E-002   424.029153000226     
  3.540000000000000E-002   423.926084038590     
  3.542000000000000E-002   423.812515336983     
  3.544000000000001E-002   423.698869288147     
  3.546000000000001E-002   423.595213458029     
  3.548000000000000E-002   423.500362405581     
  3.550000000000000E-002   423.412873043832     
  3.552000000000000E-002   423.331529876518     
  3.554000000000000E-002   423.255389425615     
  3.556000000000000E-002   423.183737219864     
  3.558000000000000E-002   423.116087365509     
  3.560000000000000E-002   423.052179107860     
  3.562000000000001E-002   422.991975231805     
  3.564000000000001E-002   422.935217103376     
  3.566000000000000E-002   422.881620495538     
  3.568000000000000E-002   422.830961011878     
  3.570000000000000E-002   422.783033249352     
  3.572000000000000E-002   422.737654721318     
  3.574000000000000E-002   422.694658434727     
  3.576000000000000E-002   422.653838317267     
  3.578000000000001E-002   422.614683972112     
  3.580000000000001E-002   422.576464951727     
  3.582000000000000E-002   422.539206404448     
  3.584000000000000E-002   422.502860053653     
  3.586000000000000E-002   422.467329594720     
  3.588000000000000E-002   422.432531227742     
  3.590000000000000E-002   422.398382246016     
  3.592000000000000E-002   422.364808133775     
  3.594000000000000E-002   422.331739388783     
  3.596000000000001E-002   422.299109668489     
  3.598000000000001E-002   422.266885016363     
  3.600000000000000E-002   422.235142070072     
  3.602000000000000E-002   422.204126471020     
  3.604000000000000E-002   422.173942875611     
  3.606000000000000E-002   422.144578063610     
  3.608000000000000E-002   422.116058532307     
  3.610000000000000E-002   422.088469164614     
  3.612000000000001E-002   422.061934190587     
  3.614000000000001E-002   422.036648274151     
  3.616000000000000E-002   422.012729981632     
  3.618000000000000E-002   421.990246993607     
  3.620000000000000E-002   421.969308579015     
  3.622000000000000E-002   421.950074791377     
  3.624000000000000E-002   421.932821297686     
  3.626000000000000E-002   421.917928818726     
  3.628000000000000E-002   421.905220691012     
  3.630000000000001E-002   421.894220523964     
  3.632000000000001E-002   421.885021615022     
  3.634000000000000E-002   421.877654700186     
  3.636000000000000E-002   421.872112248413     
  3.638000000000000E-002   421.868361812041     
  3.640000000000000E-002   421.866341383535     
  3.642000000000000E-002   421.865953595991     
  3.644000000000000E-002   421.867064856711     
  3.646000000000001E-002   421.869432176358     
  3.648000000000001E-002   421.872332427344     
  3.650000000000000E-002   421.875399667894     
  3.652000000000000E-002   421.878505745201     
  3.654000000000000E-002   421.881671897866     
  3.656000000000000E-002   421.884803193346     
  3.658000000000000E-002   421.887430288331     
  3.660000000000000E-002   421.889269968443     
  3.662000000000000E-002   421.890455224831     
  3.664000000000001E-002   421.890985746759     
  3.666000000000001E-002   421.890736819740     
  3.668000000000000E-002   421.889665708365     
  3.670000000000000E-002   421.887989001117     
  3.672000000000000E-002   421.886007826404     
  3.674000000000000E-002   421.884160161362     
  3.676000000000000E-002   421.882929438795     
  3.678000000000000E-002   421.882593428088     
  3.680000000000001E-002   421.883030160216     
  3.682000000000001E-002   421.884551043257     
  3.684000000000000E-002   421.887932896002     
  3.686000000000000E-002   421.892870551834     
  3.688000000000000E-002   421.899562978805     
  3.690000000000000E-002   421.909007054865     
  3.692000000000000E-002   421.922303580995     
  3.694000000000000E-002   421.938422900169     
  3.696000000000000E-002   421.957041934965     
  3.698000000000001E-002   421.978069988776     
  3.700000000000001E-002   422.001528985723     
  3.702000000000000E-002   422.027397609137     
  3.704000000000000E-002   422.055584361971     
  3.706000000000000E-002   422.085975153730     
  3.708000000000000E-002   422.117883175732     
  3.710000000000000E-002   422.148296587393     
  3.712000000000000E-002   422.175652111054     
  3.714000000000001E-002   422.199927209152     
  3.716000000000001E-002   422.221229301785     
  3.718000000000000E-002   422.239819493283     
  3.720000000000000E-002   422.255935424790     
  3.722000000000000E-002   422.269577296950     
  3.724000000000000E-002   422.280577161515     
  3.726000000000000E-002   422.288686548362     
  3.728000000000000E-002   422.293913930675     
  3.730000000000000E-002   422.296808080849     
  3.732000000000001E-002   422.298494308644     
  3.734000000000001E-002   422.298089836422     
  3.736000000000000E-002   422.294474605903     
  3.738000000000000E-002   422.288051688812     
  3.740000000000000E-002   422.279793297811     
  3.742000000000000E-002   422.269037406322     
  3.744000000000000E-002   422.256667059813     
  3.746000000000000E-002   422.243582526984     
  3.748000000000001E-002   422.228921312438     
  3.750000000000001E-002   422.212059249846     
  3.752000000000000E-002   422.193137523382     
  3.754000000000000E-002   422.172578758654     
  3.756000000000000E-002   422.150737802463     
  3.758000000000000E-002   422.127680861360     
  3.760000000000000E-002   422.103377594056     
  3.762000000000000E-002   422.078127940336     
  3.764000000000000E-002   422.051521679831     
  3.766000000000001E-002   422.023496490738     
  3.768000000000001E-002   421.994195945828     
  3.770000000000000E-002   421.963852087634     
  3.772000000000000E-002   421.932653950347     
  3.774000000000000E-002   421.900841393677     
  3.776000000000000E-002   421.868352480393     
  3.778000000000000E-002   421.836320256622     
  3.780000000000000E-002   421.806094340471     
  3.782000000000001E-002   421.779021990498     
  3.784000000000001E-002   421.757865481794     
  3.786000000000000E-002   421.743432467705     
  3.788000000000000E-002   421.736079123990     
  3.790000000000000E-002   421.736278012557     
  3.792000000000000E-002   421.742258429802     
  3.794000000000000E-002   421.754358836427     
  3.796000000000000E-002   421.773202361008     
  3.798000000000000E-002   421.798740596024     
  3.800000000000001E-002   421.831394014617     
  3.802000000000001E-002   421.871692936312     
  3.804000000000000E-002   421.916260011381     
  3.806000000000000E-002   421.967027357750     
  3.808000000000000E-002   422.026833634002     
  3.810000000000000E-002   422.097745023171     
  3.812000000000000E-002   422.180187699139     
  3.814000000000000E-002   422.273543198529     
  3.816000000000001E-002   422.377189349481     
  3.818000000000001E-002   422.490363410444     
  3.820000000000000E-002   422.611025951257     
  3.822000000000000E-002   422.726294921469     
  3.824000000000000E-002   422.826905896333     
  3.826000000000000E-002   422.913504429040     
  3.828000000000000E-002   422.986423844269     
  3.830000000000000E-002   423.048059442048     
  3.832000000000000E-002   423.094216201517     
  3.834000000000001E-002   423.133712497874     
  3.836000000000001E-002   423.167226765111     
  3.838000000000000E-002   423.193661780335     
  3.840000000000000E-002   423.213456170233     
  3.842000000000000E-002   423.227157792705     
  3.844000000000000E-002   423.235647979169     
  3.846000000000000E-002   423.239174264048     
  3.848000000000000E-002   423.236907096637     
  3.850000000000001E-002   423.227330592213     
  3.852000000000001E-002   423.209802516055     
  3.854000000000000E-002   423.185637832787     
  3.856000000000000E-002   423.156383825143     
  3.858000000000000E-002   423.120676486542     
  3.860000000000000E-002   423.081986894771     
  3.862000000000000E-002   423.043961720894     
  3.864000000000000E-002   423.006679433493     
  3.866000000000000E-002   422.970167944783     
  3.868000000000001E-002   422.934243770321     
  3.870000000000001E-002   422.898267663378     
  3.872000000000000E-002   422.861187051426     
  3.874000000000000E-002   422.821844876072     
  3.876000000000000E-002   422.781052137600     
  3.878000000000000E-002   422.737168141754     
  3.880000000000000E-002   422.689813467505     
  3.882000000000000E-002   422.639640843130     
  3.884000000000001E-002   422.591949037690     
  3.886000000000001E-002   422.549404187683     
  3.888000000000000E-002   422.528399895842     
  3.890000000000000E-002   422.577909813452     
  3.892000000000000E-002   422.832121728142     
  3.894000000000000E-002   423.561987676743     
  3.896000000000000E-002   424.993535752798     
  3.898000000000000E-002   426.134597409522     
  3.900000000000000E-002   426.735953611030     
  3.902000000000001E-002   426.996693757053     
  3.904000000000001E-002   427.085918450653     
  3.906000000000000E-002   427.099557585479     
  3.908000000000000E-002   427.080957396209     
  3.910000000000000E-002   427.057507041386     
  3.912000000000000E-002   427.032406241844     
  3.914000000000000E-002   427.008987879012     
  3.916000000000000E-002   426.993933035278     
  3.918000000000001E-002   426.972668240949     
  3.920000000000001E-002   426.952561409719     
  3.922000000000000E-002   426.929056446308     
  3.924000000000000E-002   426.903038093017     
  3.926000000000000E-002   426.873688158786     
  3.928000000000000E-002   426.839711147227     
  3.930000000000000E-002   426.801732504423     
  3.932000000000000E-002   426.760703564313     
  3.934000000000000E-002   426.714747577373     
  3.936000000000001E-002   426.667070897829     
  3.938000000000001E-002   426.627515440463     
  3.940000000000000E-002   426.594189644078     
  3.942000000000000E-002   426.571916542251     
  3.944000000000000E-002   426.548389968123     
  3.946000000000000E-002   426.543357317621     
  3.948000000000000E-002   426.544070604471     
  3.950000000000000E-002   426.549958172353     
  3.952000000000001E-002   426.560559680343     
  3.954000000000001E-002   426.573181950607     
  3.956000000000000E-002   426.582760891519     
  3.958000000000000E-002   426.596176511520     
  3.960000000000000E-002   426.602332209302     
  3.962000000000000E-002   426.603980165695     
  3.964000000000000E-002   426.603708633445     
  3.966000000000000E-002   426.600804711999     
  3.968000000000000E-002   426.596513041239     
  3.970000000000001E-002   426.597457142646     
  3.972000000000001E-002   426.601775848459     
  3.974000000000000E-002   426.609671184090     
  3.976000000000000E-002   426.620978055490     
  3.978000000000000E-002   426.635307479983     
  3.980000000000000E-002   426.652335840824     
  3.982000000000000E-002   426.671557868966     
  3.984000000000000E-002   426.692624775567     
  3.986000000000001E-002   426.712605570503     
  3.988000000000001E-002   426.732130104668     
  3.990000000000000E-002   426.754250262343     
  3.992000000000000E-002   426.778293052985     
  3.994000000000000E-002   426.804814174996     
  3.996000000000000E-002   426.838981979398     
  3.998000000000000E-002   426.886062922343     
  4.000000000000000E-002   426.886062922343     
