  0.000000000000000E+000   443.669005160825     
  2.000000000000000E-005   997.304164958903     
  4.000000000000000E-005   997.329783603717     
  6.000000000000001E-005   997.344415780064     
  8.000000000000001E-005   997.358390981920     
  1.000000000000000E-004   997.372304187439     
  1.200000000000000E-004   997.386477293616     
  1.400000000000000E-004   997.401594702467     
  1.600000000000000E-004   997.418070479265     
  1.800000000000000E-004   997.433216877368     
  2.000000000000000E-004   997.445279907741     
  2.200000000000000E-004   997.453377218228     
  2.400000000000000E-004   997.457402494083     
  2.600000000000000E-004   997.458317288596     
  2.800000000000000E-004   997.457682207975     
  3.000000000000000E-004   997.454966404057     
  3.200000000000000E-004   997.449657224543     
  3.400000000000000E-004   997.441282746278     
  3.600000000000000E-004   997.429009323478     
  3.800000000000000E-004   997.411493421940     
  4.000000000000000E-004   997.386989366683     
  4.200000000000000E-004   997.353703082169     
  4.400000000000000E-004   997.309979308476     
  4.600000000000000E-004   997.254011101064     
  4.800000000000001E-004   997.183956958969     
  5.000000000000000E-004   997.097580681915     
  5.200000000000001E-004   996.992855785126     
  5.400000000000000E-004   996.868622117109     
  5.600000000000001E-004   996.723518649079     
  5.800000000000000E-004   996.555316262145     
  6.000000000000001E-004   996.360762534800     
  6.200000000000000E-004   996.135361168567     
  6.400000000000001E-004   995.873308511926     
  6.600000000000001E-004   995.568363374988     
  6.800000000000000E-004   995.215002821323     
  7.000000000000001E-004   994.809258106423     
  7.200000000000000E-004   994.349149866786     
  7.400000000000001E-004   993.834739961593     
  7.600000000000000E-004   993.267870326783     
  7.800000000000001E-004   992.651754867795     
  8.000000000000000E-004   991.990559966811     
  8.200000000000001E-004   991.288908111751     
  8.400000000000000E-004   990.551564091024     
  8.600000000000001E-004   989.783220517831     
  8.800000000000000E-004   988.988407292854     
  9.000000000000001E-004   988.171494702987     
  9.200000000000000E-004   987.336650676712     
  9.400000000000001E-004   986.487753756978     
  9.600000000000001E-004   985.628272876382     
  9.800000000000002E-004   984.761170684555     
  1.000000000000000E-003   983.888888369969     
  1.020000000000000E-003   983.013382686901     
  1.040000000000000E-003   982.136141545679     
  1.060000000000000E-003   981.258390582732     
  1.080000000000000E-003   980.381245060609     
  1.100000000000000E-003   979.505000040629     
  1.120000000000000E-003   978.630178661935     
  1.140000000000000E-003   977.757051992295     
  1.160000000000000E-003   976.885891166934     
  1.180000000000000E-003   976.016841097317     
  1.200000000000000E-003   975.149907350274     
  1.220000000000000E-003   974.284953364428     
  1.240000000000000E-003   973.421801363546     
  1.260000000000000E-003   972.560132732186     
  1.280000000000000E-003   971.699719289527     
  1.300000000000000E-003   970.839993974742     
  1.320000000000000E-003   969.980475479564     
  1.340000000000000E-003   969.120929187383     
  1.360000000000000E-003   968.261056795190     
  1.380000000000000E-003   967.400292162393     
  1.400000000000000E-003   966.537945957183     
  1.420000000000000E-003   965.673631181789     
  1.440000000000000E-003   964.809315995129     
  1.460000000000000E-003   963.946460606179     
  1.480000000000000E-003   963.084519886832     
  1.500000000000000E-003   962.222758488055     
  1.520000000000000E-003   961.360573968634     
  1.540000000000000E-003   960.497204604295     
  1.560000000000000E-003   959.631750976414     
  1.580000000000000E-003   958.763095643799     
  1.600000000000000E-003   957.889981133723     
  1.620000000000000E-003   957.010771232987     
  1.640000000000000E-003   956.124071346765     
  1.660000000000000E-003   955.227678550444     
  1.680000000000000E-003   954.320839674931     
  1.700000000000000E-003   953.401229381260     
  1.720000000000000E-003   952.463444235343     
  1.740000000000000E-003   951.511205966183     
  1.760000000000000E-003   950.540530373890     
  1.780000000000000E-003   949.558122040320     
  1.800000000000000E-003   948.563437851438     
  1.820000000000000E-003   947.555366512095     
  1.840000000000000E-003   946.533409254848     
  1.860000000000000E-003   945.497532773077     
  1.880000000000000E-003   944.447978175468     
  1.900000000000000E-003   943.385158230338     
  1.920000000000000E-003   942.309673164147     
  1.940000000000000E-003   941.222414373954     
  1.960000000000000E-003   940.124684708515     
  1.980000000000000E-003   939.018326983139     
  2.000000000000000E-003   937.906373898916     
  2.020000000000000E-003   936.796003231645     
  2.040000000000000E-003   935.689129114209     
  2.060000000000000E-003   934.585540573824     
  2.080000000000000E-003   933.484212576608     
  2.100000000000000E-003   932.384258345771     
  2.120000000000000E-003   931.284607215117     
  2.140000000000000E-003   930.184550852827     
  2.160000000000000E-003   929.082700334417     
  2.180000000000000E-003   927.977177289731     
  2.200000000000000E-003   926.865840818481     
  2.220000000000000E-003   925.747158900989     
  2.240000000000000E-003   924.629091478551     
  2.260000000000000E-003   923.517499427224     
  2.280000000000000E-003   922.412692286692     
  2.300000000000000E-003   921.314784343209     
  2.320000000000000E-003   920.223470452897     
  2.340000000000000E-003   919.138123722843     
  2.360000000000000E-003   918.057925623886     
  2.380000000000000E-003   916.981737390242     
  2.400000000000000E-003   915.908381843436     
  2.420000000000000E-003   914.836973542303     
  2.440000000000000E-003   913.766623812417     
  2.460000000000000E-003   912.696578367335     
  2.480000000000000E-003   911.626299807158     
  2.500000000000000E-003   910.554799978411     
  2.520000000000000E-003   909.480732041681     
  2.540000000000000E-003   908.402643741912     
  2.560000000000000E-003   907.319210541402     
  2.580000000000000E-003   906.229441287802     
  2.600000000000000E-003   905.132763808057     
  2.620000000000000E-003   904.028957033951     
  2.640000000000000E-003   902.918058389173     
  2.660000000000000E-003   901.800289991057     
  2.680000000000000E-003   900.675628582603     
  2.700000000000000E-003   899.549883563648     
  2.720000000000000E-003   898.430882638968     
  2.740000000000000E-003   897.320782432568     
  2.760000000000000E-003   896.220743900277     
  2.780000000000000E-003   895.131219850706     
  2.800000000000000E-003   894.052326076784     
  2.820000000000000E-003   892.984073228283     
  2.840000000000000E-003   891.926437547323     
  2.860000000000000E-003   890.879347753125     
  2.880000000000000E-003   889.842716710134     
  2.900000000000000E-003   888.816311422517     
  2.920000000000000E-003   887.799805224294     
  2.940000000000000E-003   886.792813772618     
  2.960000000000000E-003   885.794894443187     
  2.980000000000000E-003   884.805576935595     
  3.000000000000000E-003   883.824384958171     
  3.020000000000000E-003   882.850848974811     
  3.040000000000000E-003   881.884512802185     
  3.060000000000000E-003   880.924935740775     
  3.080000000000000E-003   879.971689792283     
  3.100000000000000E-003   879.024344746477     
  3.120000000000000E-003   878.082425444563     
  3.140000000000000E-003   877.145359858068     
  3.160000000000000E-003   876.212443245983     
  3.180000000000000E-003   875.282887243343     
  3.200000000000000E-003   874.355958762559     
  3.220000000000000E-003   873.431168321791     
  3.240000000000000E-003   872.508115349357     
  3.260000000000000E-003   871.586361711118     
  3.280000000000000E-003   870.665335740095     
  3.300000000000000E-003   869.744461569699     
  3.320000000000000E-003   868.824040896071     
  3.340000000000000E-003   867.902850963580     
  3.360000000000000E-003   866.977493878469     
  3.380000000000000E-003   866.047990869464     
  3.400000000000000E-003   865.119083470039     
  3.420000000000000E-003   864.193546592066     
  3.440000000000000E-003   863.273053199543     
  3.460000000000000E-003   862.358896819116     
  3.480000000000000E-003   861.452640099574     
  3.500000000000000E-003   860.555876696266     
  3.520000000000000E-003   859.670017191187     
  3.540000000000000E-003   858.796242131263     
  3.560000000000000E-003   857.935540231771     
  3.580000000000000E-003   857.088762950447     
  3.600000000000000E-003   856.256705081939     
  3.620000000000000E-003   855.440172951493     
  3.640000000000000E-003   854.640042582972     
  3.660000000000000E-003   853.857285647933     
  3.680000000000000E-003   853.092974186684     
  3.700000000000000E-003   852.348246997123     
  3.720000000000000E-003   851.624241121778     
  3.740000000000000E-003   850.921975241491     
  3.760000000000000E-003   850.242181559681     
  3.780000000000000E-003   849.585100651194     
  3.800000000000000E-003   848.950287706521     
  3.820000000000000E-003   848.336512198004     
  3.840000000000001E-003   847.741842388257     
  3.860000000000000E-003   847.163973365358     
  3.880000000000000E-003   846.600781843402     
  3.900000000000000E-003   846.050996062798     
  3.920000000000001E-003   845.514798804269     
  3.940000000000000E-003   844.994161123045     
  3.960000000000000E-003   844.492764605455     
  3.980000000000000E-003   844.015469970892     
  4.000000000000000E-003   843.567434982899     
  4.020000000000000E-003   843.153067309036     
  4.040000000000000E-003   842.775077143163     
  4.060000000000000E-003   842.433829109972     
  4.080000000000000E-003   842.127167381374     
  4.100000000000000E-003   841.850603785345     
  4.120000000000000E-003   841.597752278631     
  4.140000000000000E-003   841.360685648295     
  4.160000000000001E-003   841.131588633886     
  4.180000000000001E-003   840.904440271443     
  4.200000000000001E-003   840.675616893633     
  4.220000000000001E-003   840.439980639408     
  4.240000000000001E-003   840.173749836578     
  4.260000000000001E-003   839.873983622771     
  4.280000000000000E-003   839.587157862654     
  4.300000000000000E-003   839.360420708558     
  4.320000000000000E-003   839.262918092322     
  4.340000000000000E-003   839.319725682087     
  4.360000000000000E-003   840.074029203399     
  4.380000000000000E-003   844.164832918601     
  4.400000000000000E-003   861.870158383252     
  4.420000000000000E-003   900.472176338534     
  4.440000000000000E-003   924.690165657957     
  4.460000000000000E-003   932.283349731872     
  4.480000000000000E-003   933.550814833006     
  4.500000000000001E-003   933.189170129411     
  4.520000000000001E-003   930.963806461844     
  4.540000000000001E-003   928.776155960088     
  4.560000000000001E-003   927.373305263996     
  4.580000000000001E-003   926.463001784585     
  4.600000000000001E-003   925.938816325297     
  4.620000000000000E-003   925.733961551047     
  4.640000000000000E-003   925.949964016008     
  4.660000000000000E-003   927.080051492905     
  4.680000000000000E-003   930.147276559342     
  4.700000000000000E-003   936.664212942613     
  4.720000000000000E-003   946.429091946090     
  4.740000000000000E-003   954.280572804491     
  4.760000000000000E-003   959.283242211836     
  4.780000000000000E-003   962.349223275103     
  4.800000000000000E-003   964.218440470635     
  4.820000000000000E-003   965.355881597224     
  4.840000000000001E-003   966.033032537046     
  4.860000000000001E-003   966.392466841150     
  4.880000000000001E-003   966.556623717100     
  4.900000000000001E-003   966.533330808434     
  4.920000000000001E-003   966.413908178147     
  4.940000000000001E-003   966.168676570334     
  4.960000000000000E-003   965.912983294299     
  4.980000000000000E-003   965.695622010952     
  5.000000000000000E-003   965.435364937727     
  5.020000000000000E-003   964.930197917976     
  5.040000000000000E-003   964.265329032630     
  5.060000000000000E-003   963.665704342663     
  5.080000000000000E-003   963.243975883125     
  5.100000000000000E-003   963.042592902390     
  5.120000000000000E-003   963.112072156138     
  5.140000000000000E-003   963.504071052617     
  5.160000000000001E-003   964.415521779899     
  5.180000000000001E-003   966.178733472552     
  5.200000000000001E-003   969.277529332938     
  5.220000000000001E-003   974.391282010030     
  5.240000000000001E-003   982.256366050804     
  5.260000000000001E-003   990.960344736806     
  5.280000000000001E-003   997.353218611134     
  5.300000000000000E-003   1001.48755013376     
  5.320000000000000E-003   1003.94413147583     
  5.340000000000000E-003   1005.27199258195     
  5.360000000000000E-003   1005.91179892466     
  5.380000000000000E-003   1006.08566418647     
  5.400000000000000E-003   1006.05721507732     
  5.420000000000000E-003   1005.98736826593     
  5.440000000000000E-003   1005.98698496760     
  5.460000000000000E-003   1006.03991847798     
  5.480000000000000E-003   1006.17946129241     
  5.500000000000001E-003   1006.41193953436     
  5.520000000000001E-003   1006.72986197543     
  5.540000000000001E-003   1007.09434352904     
  5.560000000000001E-003   1007.43899699109     
  5.580000000000001E-003   1007.73696143242     
  5.600000000000001E-003   1008.00232621617     
  5.620000000000001E-003   1008.25127829233     
  5.640000000000000E-003   1008.49698109854     
  5.660000000000000E-003   1008.75575315450     
  5.680000000000000E-003   1009.07533574801     
  5.700000000000000E-003   1009.53363192446     
  5.720000000000000E-003   1010.22148636017     
  5.740000000000000E-003   1011.22564245391     
  5.760000000000000E-003   1012.64033170116     
  5.780000000000000E-003   1014.60222684607     
  5.800000000000000E-003   1017.06842075195     
  5.820000000000001E-003   1019.39512333365     
  5.840000000000001E-003   1021.47746653741     
  5.860000000000001E-003   1023.41843717918     
  5.880000000000001E-003   1025.36421964996     
  5.900000000000001E-003   1027.39859778123     
  5.920000000000001E-003   1029.60529627064     
  5.940000000000001E-003   1031.57824433663     
  5.960000000000001E-003   1032.92813484518     
  5.980000000000000E-003   1033.66193850066     
  6.000000000000000E-003   1033.96949124917     
  6.020000000000000E-003   1033.93744585179     
  6.040000000000000E-003   1033.64178466833     
  6.060000000000000E-003   1033.08407982313     
  6.080000000000000E-003   1032.34539128869     
  6.100000000000000E-003   1031.43823346989     
  6.120000000000000E-003   1030.33449747689     
  6.140000000000000E-003   1029.12025332383     
  6.160000000000001E-003   1027.91171117893     
  6.180000000000001E-003   1026.74743658535     
  6.200000000000001E-003   1025.67588227989     
  6.220000000000001E-003   1024.77652875504     
  6.240000000000001E-003   1024.14491058005     
  6.260000000000001E-003   1023.82072770400     
  6.280000000000001E-003   1023.87991309457     
  6.300000000000001E-003   1024.54730909261     
  6.320000000000000E-003   1026.13386774086     
  6.340000000000000E-003   1029.09246013157     
  6.360000000000000E-003   1033.73492413858     
  6.380000000000000E-003   1038.85284279548     
  6.400000000000000E-003   1042.66348229694     
  6.420000000000000E-003   1045.13241723726     
  6.440000000000000E-003   1046.55901518563     
  6.460000000000000E-003   1047.21734186379     
  6.480000000000001E-003   1047.41002461004     
  6.500000000000001E-003   1047.35039608695     
  6.520000000000001E-003   1046.91183134922     
  6.540000000000001E-003   1046.17226417472     
  6.560000000000001E-003   1045.26930086023     
  6.580000000000001E-003   1044.26032903761     
  6.600000000000001E-003   1043.18910999174     
  6.620000000000001E-003   1042.09011536876     
  6.640000000000001E-003   1040.99432225986     
  6.660000000000000E-003   1039.91316619447     
  6.680000000000000E-003   1038.84836384093     
  6.700000000000000E-003   1037.79948648551     
  6.720000000000000E-003   1036.76563564988     
  6.740000000000000E-003   1035.74600189854     
  6.760000000000000E-003   1034.74003334450     
  6.780000000000000E-003   1033.74718835251     
  6.800000000000000E-003   1032.76649774060     
  6.820000000000001E-003   1031.79708511268     
  6.840000000000001E-003   1030.83839245277     
  6.860000000000001E-003   1029.89028122212     
  6.880000000000001E-003   1028.95321675224     
  6.900000000000001E-003   1028.02863543673     
  6.920000000000001E-003   1027.11931847037     
  6.940000000000001E-003   1026.22947581613     
  6.960000000000001E-003   1025.36438375409     
  6.980000000000001E-003   1024.52958983845     
  7.000000000000000E-003   1023.72986406384     
  7.020000000000000E-003   1022.96812092839     
  7.040000000000000E-003   1022.24481057877     
  7.060000000000000E-003   1021.55786013789     
  7.080000000000000E-003   1020.90336275117     
  7.100000000000000E-003   1020.27600059069     
  7.120000000000000E-003   1019.66940700984     
  7.140000000000001E-003   1019.07555156805     
  7.160000000000001E-003   1018.48643485067     
  7.180000000000001E-003   1017.89334294055     
  7.200000000000001E-003   1017.28294465672     
  7.220000000000001E-003   1016.63289208466     
  7.240000000000001E-003   1015.92904023701     
  7.260000000000001E-003   1015.16629594220     
  7.280000000000001E-003   1014.34124679649     
  7.300000000000001E-003   1013.45336976894     
  7.320000000000001E-003   1012.50571577288     
  7.340000000000000E-003   1011.50460378313     
  7.360000000000000E-003   1010.45318243226     
  7.380000000000000E-003   1009.37022466731     
  7.400000000000000E-003   1008.28579448010     
  7.420000000000000E-003   1007.20540484434     
  7.440000000000000E-003   1006.12877927246     
  7.460000000000000E-003   1005.05358095980     
  7.480000000000001E-003   1003.97562292511     
  7.500000000000001E-003   1002.89118838994     
  7.520000000000001E-003   1001.79466992199     
  7.540000000000001E-003   1000.67803676126     
  7.560000000000001E-003   999.532988840136     
  7.580000000000001E-003   998.352293508684     
  7.600000000000001E-003   997.130400673470     
  7.620000000000001E-003   995.864236694325     
  7.640000000000001E-003   994.553756939085     
  7.660000000000001E-003   993.201739371604     
  7.680000000000001E-003   991.811386055198     
  7.700000000000000E-003   990.383352667852     
  7.720000000000000E-003   988.957317410688     
  7.740000000000000E-003   987.571051723475     
  7.760000000000000E-003   986.235586484113     
  7.780000000000000E-003   984.953322466510     
  7.800000000000001E-003   983.723006513462     
  7.820000000000001E-003   982.542630928950     
  7.840000000000001E-003   981.409989011219     
  7.860000000000001E-003   980.322487711065     
  7.880000000000000E-003   979.276777784489     
  7.900000000000001E-003   978.268482935545     
  7.920000000000000E-003   977.292282947915     
  7.940000000000001E-003   976.342888536498     
  7.960000000000000E-003   975.416908133558     
  7.980000000000001E-003   974.514664217431     
  8.000000000000000E-003   973.640807582185     
  8.020000000000001E-003   972.803394595834     
  8.040000000000000E-003   972.012259277238     
  8.060000000000001E-003   971.277740009311     
  8.080000000000000E-003   970.609980480726     
  8.100000000000001E-003   970.018376562223     
  8.120000000000000E-003   969.510836389184     
  8.140000000000001E-003   969.093372736294     
  8.160000000000001E-003   968.771288306109     
  8.180000000000002E-003   968.549278262741     
  8.200000000000001E-003   968.423590503153     
  8.220000000000000E-003   968.390568861534     
  8.240000000000001E-003   968.434472026217     
  8.260000000000000E-003   968.550438413845     
  8.280000000000001E-003   968.717444343367     
  8.300000000000000E-003   968.938393776933     
  8.320000000000001E-003   969.207701103234     
  8.340000000000000E-003   969.525961594327     
  8.360000000000001E-003   969.901515369073     
  8.380000000000000E-003   970.349370652125     
  8.400000000000001E-003   970.893873467295     
  8.420000000000000E-003   971.566654059036     
  8.440000000000001E-003   972.403338072219     
  8.460000000000001E-003   973.444492282194     
  8.480000000000001E-003   974.736095331036     
  8.500000000000001E-003   976.325944658147     
  8.520000000000002E-003   978.261614372258     
  8.540000000000001E-003   980.591138084798     
  8.560000000000000E-003   983.214168774486     
  8.580000000000001E-003   985.644249038854     
  8.600000000000000E-003   987.709117094002     
  8.620000000000001E-003   989.425875773916     
  8.640000000000000E-003   990.822716402523     
  8.660000000000001E-003   991.928426548595     
  8.680000000000000E-003   992.769261231258     
  8.700000000000001E-003   993.376253669549     
  8.720000000000000E-003   993.784194680005     
  8.740000000000001E-003   994.059197795668     
  8.760000000000000E-003   994.250769213839     
  8.780000000000001E-003   994.408114517483     
  8.800000000000001E-003   994.564457070153     
  8.820000000000001E-003   994.735300298112     
  8.840000000000001E-003   994.927052084278     
  8.860000000000002E-003   995.133637558319     
  8.880000000000001E-003   995.388181154047     
  8.900000000000000E-003   995.695380798765     
  8.920000000000001E-003   996.007251587864     
  8.940000000000000E-003   996.274776530379     
  8.960000000000001E-003   996.482282383142     
  8.980000000000000E-003   996.615879962740     
  9.000000000000001E-003   996.673570229161     
  9.020000000000000E-003   996.652506595059     
  9.040000000000001E-003   996.541836726666     
  9.060000000000000E-003   996.329677572111     
  9.080000000000001E-003   996.038948167482     
  9.100000000000000E-003   995.683692321157     
  9.120000000000001E-003   995.297764771708     
  9.140000000000001E-003   994.906141831311     
  9.160000000000001E-003   994.516626344141     
  9.180000000000001E-003   994.129615556466     
  9.200000000000002E-003   993.743045753581     
  9.220000000000001E-003   993.357994640427     
  9.240000000000000E-003   992.974991482055     
  9.260000000000001E-003   992.591852410860     
  9.280000000000000E-003   992.207135014772     
  9.300000000000001E-003   991.817668900840     
  9.320000000000000E-003   991.416060102869     
  9.340000000000001E-003   990.999827769989     
  9.360000000000000E-003   990.566420199426     
  9.380000000000001E-003   990.115179432973     
  9.400000000000000E-003   989.645276724844     
  9.420000000000001E-003   989.160328227455     
  9.440000000000000E-003   988.666060218907     
  9.460000000000001E-003   988.165338171819     
  9.480000000000001E-003   987.663976125907     
  9.500000000000001E-003   987.169059443193     
  9.520000000000001E-003   986.690166170695     
  9.540000000000002E-003   986.239448553706     
  9.560000000000001E-003   985.829048027540     
  9.580000000000000E-003   985.472477299950     
  9.600000000000001E-003   985.189081401722     
  9.620000000000000E-003   984.999361408288     
  9.640000000000001E-003   984.928497000518     
  9.660000000000000E-003   984.958623402222     
  9.680000000000001E-003   985.069936392512     
  9.700000000000000E-003   985.269949224192     
  9.720000000000001E-003   985.565792676017     
  9.740000000000000E-003   985.961402440663     
  9.760000000000001E-003   986.466879898238     
  9.780000000000000E-003   987.082679996647     
  9.800000000000001E-003   987.821010815366     
  9.820000000000001E-003   988.702321976948     
  9.840000000000002E-003   989.733909973247     
  9.860000000000001E-003   990.882901481014     
  9.880000000000002E-003   992.084823319365     
  9.900000000000001E-003   993.331162884374     
  9.920000000000000E-003   994.627434335018     
  9.940000000000001E-003   995.977327289442     
  9.960000000000000E-003   997.303579621048     
  9.980000000000001E-003   998.461528715029     
  1.000000000000000E-002   999.420221033750     
  1.002000000000000E-002   1000.18677560139     
  1.004000000000000E-002   1000.77353396094     
  1.006000000000000E-002   1001.22295267399     
  1.008000000000000E-002   1001.53312064192     
  1.010000000000000E-002   1001.69750216007     
  1.012000000000000E-002   1001.74474373124     
  1.014000000000000E-002   1001.72823724573     
  1.016000000000000E-002   1001.67840875019     
  1.018000000000000E-002   1001.60680471595     
  1.020000000000000E-002   1001.52098381013     
  1.022000000000000E-002   1001.42565420935     
  1.024000000000000E-002   1001.32448204425     
  1.026000000000000E-002   1001.22287307414     
  1.028000000000000E-002   1001.12325793272     
  1.030000000000000E-002   1001.02413267409     
  1.032000000000000E-002   1000.91930362267     
  1.034000000000000E-002   1000.80002764947     
  1.036000000000000E-002   1000.66662907011     
  1.038000000000000E-002   1000.51222133771     
  1.040000000000000E-002   1000.33381797949     
  1.042000000000000E-002   1000.12346979330     
  1.044000000000000E-002   999.878455036534     
  1.046000000000000E-002   999.597024564025     
  1.048000000000000E-002   999.278759054062     
  1.050000000000000E-002   998.925069867058     
  1.052000000000000E-002   998.540989349977     
  1.054000000000000E-002   998.138131497293     
  1.056000000000000E-002   997.729929478709     
  1.058000000000000E-002   997.325636284918     
  1.060000000000000E-002   996.925300412887     
  1.062000000000000E-002   996.530063080768     
  1.064000000000000E-002   996.139561800262     
  1.066000000000000E-002   995.752229198563     
  1.068000000000000E-002   995.368259072345     
  1.070000000000000E-002   994.986342948374     
  1.072000000000000E-002   994.607278900714     
  1.074000000000000E-002   994.232548111655     
  1.076000000000000E-002   993.865492225454     
  1.078000000000000E-002   993.511536623438     
  1.080000000000000E-002   993.177340938982     
  1.082000000000000E-002   992.870169554674     
  1.084000000000000E-002   992.597693684349     
  1.086000000000000E-002   992.366796439501     
  1.088000000000000E-002   992.181509639970     
  1.090000000000000E-002   992.050011053213     
  1.092000000000000E-002   991.956905386349     
  1.094000000000000E-002   991.932387324945     
  1.096000000000000E-002   991.955464874603     
  1.098000000000000E-002   992.026972808437     
  1.100000000000000E-002   992.151597405465     
  1.102000000000000E-002   992.327875569180     
  1.104000000000000E-002   992.553250399997     
  1.106000000000000E-002   992.823028064757     
  1.108000000000000E-002   993.129093047791     
  1.110000000000000E-002   993.468702073295     
  1.112000000000000E-002   993.833532981346     
  1.114000000000000E-002   994.215411943080     
  1.116000000000000E-002   994.599201085790     
  1.118000000000000E-002   994.973127126641     
  1.120000000000000E-002   995.332446543066     
  1.122000000000000E-002   995.679612061868     
  1.124000000000000E-002   996.017420417753     
  1.126000000000000E-002   996.349009409533     
  1.128000000000000E-002   996.679612229343     
  1.130000000000000E-002   997.013379067320     
  1.132000000000000E-002   997.357706052460     
  1.134000000000000E-002   997.715398635948     
  1.136000000000000E-002   998.085922963448     
  1.138000000000000E-002   998.471457201716     
  1.140000000000000E-002   998.878980706353     
  1.142000000000000E-002   999.313165659752     
  1.144000000000000E-002   999.777194827018     
  1.146000000000000E-002   1000.26719862205     
  1.148000000000000E-002   1000.75909982339     
  1.150000000000000E-002   1001.23946915753     
  1.152000000000000E-002   1001.69446824161     
  1.154000000000000E-002   1002.11096856140     
  1.156000000000000E-002   1002.49516683349     
  1.158000000000000E-002   1002.83853235025     
  1.160000000000000E-002   1003.14390454285     
  1.162000000000000E-002   1003.41602095716     
  1.164000000000000E-002   1003.65823897856     
  1.166000000000000E-002   1003.87115913574     
  1.168000000000000E-002   1004.05467995326     
  1.170000000000000E-002   1004.20769127592     
  1.172000000000000E-002   1004.32862817897     
  1.174000000000000E-002   1004.41516933602     
  1.176000000000000E-002   1004.46273313106     
  1.178000000000000E-002   1004.46862585245     
  1.180000000000000E-002   1004.43423624662     
  1.182000000000000E-002   1004.35596105939     
  1.184000000000000E-002   1004.23376083889     
  1.186000000000000E-002   1004.05730162775     
  1.188000000000000E-002   1003.82060027201     
  1.190000000000000E-002   1003.52211797730     
  1.192000000000000E-002   1003.16176128419     
  1.194000000000000E-002   1002.74620088796     
  1.196000000000000E-002   1002.28083094010     
  1.198000000000000E-002   1001.76832878510     
  1.200000000000000E-002   1001.21429823930     
  1.202000000000000E-002   1000.62960571328     
  1.204000000000000E-002   1000.03025603216     
  1.206000000000000E-002   999.438043762366     
  1.208000000000000E-002   998.855550240079     
  1.210000000000000E-002   998.291098201220     
  1.212000000000000E-002   997.745995168173     
  1.214000000000000E-002   997.223054573777     
  1.216000000000000E-002   996.724030780375     
  1.218000000000000E-002   996.249154842221     
  1.220000000000000E-002   995.798090841205     
  1.222000000000000E-002   995.368899175239     
  1.224000000000000E-002   994.958943356807     
  1.226000000000000E-002   994.564896513675     
  1.228000000000000E-002   994.183989692404     
  1.230000000000000E-002   993.813275286908     
  1.232000000000000E-002   993.449180852731     
  1.234000000000000E-002   993.090143663662     
  1.236000000000000E-002   992.734280051523     
  1.238000000000000E-002   992.381218629359     
  1.240000000000000E-002   992.028636599728     
  1.242000000000000E-002   991.674497613055     
  1.244000000000000E-002   991.322426303504     
  1.246000000000000E-002   990.985446546086     
  1.248000000000000E-002   990.678201933895     
  1.250000000000000E-002   990.407135815260     
  1.252000000000000E-002   990.176868412771     
  1.254000000000000E-002   989.990960174074     
  1.256000000000000E-002   989.853475693263     
  1.258000000000000E-002   989.766571688161     
  1.260000000000000E-002   989.730282691046     
  1.262000000000000E-002   989.745446813254     
  1.264000000000000E-002   989.805048224555     
  1.266000000000000E-002   989.914969240112     
  1.268000000000000E-002   990.075747798794     
  1.270000000000000E-002   990.286941018499     
  1.272000000000000E-002   990.554209452641     
  1.274000000000000E-002   990.878246963178     
  1.276000000000000E-002   991.262050585781     
  1.278000000000000E-002   991.706633162846     
  1.280000000000000E-002   992.212869893403     
  1.282000000000000E-002   992.782536524209     
  1.284000000000000E-002   993.417324468649     
  1.286000000000000E-002   994.114967486288     
  1.288000000000000E-002   994.880641682173     
  1.290000000000000E-002   995.720438852788     
  1.292000000000000E-002   996.610602644460     
  1.294000000000000E-002   997.528854218890     
  1.296000000000000E-002   998.444938788899     
  1.298000000000000E-002   999.330247416446     
  1.300000000000000E-002   1000.17980350042     
  1.302000000000000E-002   1000.99166376033     
  1.304000000000000E-002   1001.76255665711     
  1.306000000000000E-002   1002.49148859521     
  1.308000000000000E-002   1003.17692504223     
  1.310000000000000E-002   1003.81853404637     
  1.312000000000000E-002   1004.41645070608     
  1.314000000000000E-002   1004.97010897497     
  1.316000000000000E-002   1005.47823466066     
  1.318000000000000E-002   1005.93955136539     
  1.320000000000000E-002   1006.35166334896     
  1.322000000000000E-002   1006.71033797981     
  1.324000000000000E-002   1007.00786783180     
  1.326000000000000E-002   1007.24250378404     
  1.328000000000000E-002   1007.41433859329     
  1.330000000000000E-002   1007.52265523817     
  1.332000000000000E-002   1007.57087779927     
  1.334000000000000E-002   1007.55791705214     
  1.336000000000000E-002   1007.49762648012     
  1.338000000000000E-002   1007.38540260050     
  1.340000000000000E-002   1007.22008669814     
  1.342000000000000E-002   1007.00704632700     
  1.344000000000000E-002   1006.75551869506     
  1.346000000000000E-002   1006.50386024094     
  1.348000000000000E-002   1006.27146341108     
  1.350000000000000E-002   1006.06673920255     
  1.352000000000000E-002   1005.89392082376     
  1.354000000000000E-002   1005.75862907161     
  1.356000000000000E-002   1005.66505644605     
  1.358000000000000E-002   1005.60932116918     
  1.360000000000000E-002   1005.59066486217     
  1.362000000000000E-002   1005.62762074533     
  1.364000000000000E-002   1005.71530142334     
  1.366000000000000E-002   1005.84577283214     
  1.368000000000000E-002   1006.01330530825     
  1.370000000000000E-002   1006.21712208859     
  1.372000000000000E-002   1006.45763815187     
  1.374000000000000E-002   1006.73354019171     
  1.376000000000000E-002   1007.03682963422     
  1.378000000000000E-002   1007.35753454112     
  1.380000000000000E-002   1007.68797773345     
  1.382000000000000E-002   1008.02406607670     
  1.384000000000000E-002   1008.36429089976     
  1.386000000000000E-002   1008.70580680290     
  1.388000000000000E-002   1009.04713206149     
  1.390000000000000E-002   1009.38547125094     
  1.392000000000000E-002   1009.71879813581     
  1.394000000000000E-002   1010.04494755526     
  1.396000000000000E-002   1010.36171481391     
  1.398000000000000E-002   1010.66668449748     
  1.400000000000000E-002   1010.95697805794     
  1.402000000000000E-002   1011.22922724174     
  1.404000000000000E-002   1011.47989558469     
  1.406000000000000E-002   1011.70560498761     
  1.408000000000000E-002   1011.90318681779     
  1.410000000000000E-002   1012.06948495887     
  1.412000000000000E-002   1012.20149406243     
  1.414000000000000E-002   1012.29666358388     
  1.416000000000000E-002   1012.35208700587     
  1.418000000000000E-002   1012.37070759430     
  1.420000000000000E-002   1012.35803747108     
  1.422000000000000E-002   1012.31784241304     
  1.424000000000000E-002   1012.24317124680     
  1.426000000000000E-002   1012.13653852003     
  1.428000000000000E-002   1012.00298065469     
  1.430000000000000E-002   1011.84599509971     
  1.432000000000000E-002   1011.66765948673     
  1.434000000000000E-002   1011.46999875812     
  1.436000000000000E-002   1011.25489127218     
  1.438000000000000E-002   1011.02440829053     
  1.440000000000000E-002   1010.77987031363     
  1.442000000000000E-002   1010.52282872037     
  1.444000000000000E-002   1010.25478550010     
  1.446000000000000E-002   1009.97749371466     
  1.448000000000000E-002   1009.69337773077     
  1.450000000000000E-002   1009.40499253705     
  1.452000000000000E-002   1009.11537489752     
  1.454000000000000E-002   1008.82797230365     
  1.456000000000000E-002   1008.54931868421     
  1.458000000000000E-002   1008.28890917859     
  1.460000000000000E-002   1008.05699348097     
  1.462000000000000E-002   1007.87148478375     
  1.464000000000000E-002   1007.71177656984     
  1.466000000000000E-002   1007.62388464327     
  1.468000000000000E-002   1007.60288927037     
  1.470000000000000E-002   1007.62256077530     
  1.472000000000000E-002   1007.69346781106     
  1.474000000000000E-002   1007.81805987485     
  1.476000000000000E-002   1007.98618812597     
  1.478000000000000E-002   1008.19211117175     
  1.480000000000000E-002   1008.43064455594     
  1.482000000000000E-002   1008.69632346655     
  1.484000000000000E-002   1008.98466489540     
  1.486000000000000E-002   1009.28986515733     
  1.488000000000000E-002   1009.60556935371     
  1.490000000000000E-002   1009.92523765577     
  1.492000000000000E-002   1010.23655826114     
  1.494000000000000E-002   1010.53031599755     
  1.496000000000000E-002   1010.79760592530     
  1.498000000000000E-002   1011.03268691066     
  1.500000000000000E-002   1011.23284315785     
  1.502000000000000E-002   1011.39746647525     
  1.504000000000000E-002   1011.52743159672     
  1.506000000000000E-002   1011.62614575861     
  1.508000000000000E-002   1011.69712627256     
  1.510000000000000E-002   1011.74700994214     
  1.512000000000000E-002   1011.77906386090     
  1.514000000000000E-002   1011.80288550822     
  1.516000000000000E-002   1011.82591058162     
  1.518000000000000E-002   1011.85241026531     
  1.520000000000000E-002   1011.88922088418     
  1.522000000000000E-002   1011.94016218590     
  1.524000000000000E-002   1012.00654961670     
  1.526000000000000E-002   1012.08862691877     
  1.528000000000000E-002   1012.18459130360     
  1.530000000000000E-002   1012.29048693946     
  1.532000000000000E-002   1012.40200530990     
  1.534000000000000E-002   1012.51244271147     
  1.536000000000000E-002   1012.61479703393     
  1.538000000000000E-002   1012.70477408549     
  1.540000000000000E-002   1012.77916948922     
  1.542000000000000E-002   1012.83499746073     
  1.544000000000000E-002   1012.86949949651     
  1.546000000000000E-002   1012.88020349926     
  1.548000000000000E-002   1012.87078096094     
  1.550000000000000E-002   1012.84085433622     
  1.552000000000000E-002   1012.79131868888     
  1.554000000000000E-002   1012.72323455713     
  1.556000000000000E-002   1012.63688270795     
  1.558000000000000E-002   1012.53133118992     
  1.560000000000000E-002   1012.40562466899     
  1.562000000000000E-002   1012.25996367983     
  1.564000000000000E-002   1012.09646616567     
  1.566000000000000E-002   1011.91836948198     
  1.568000000000000E-002   1011.72617681751     
  1.570000000000000E-002   1011.51664736119     
  1.572000000000000E-002   1011.29479063732     
  1.574000000000000E-002   1011.07441181652     
  1.576000000000000E-002   1010.84830767447     
  1.578000000000000E-002   1010.62018613635     
  1.580000000000000E-002   1010.39742291335     
  1.582000000000000E-002   1010.18398773940     
  1.584000000000000E-002   1009.98683277436     
  1.586000000000000E-002   1009.81142447192     
  1.588000000000000E-002   1009.66223480507     
  1.590000000000000E-002   1009.54241570187     
  1.592000000000000E-002   1009.45330485543     
  1.594000000000000E-002   1009.39436929577     
  1.596000000000000E-002   1009.36311187934     
  1.598000000000000E-002   1009.35508909683     
  1.600000000000000E-002   1009.36485845708     
  1.602000000000000E-002   1009.38741936550     
  1.604000000000000E-002   1009.41146252126     
  1.606000000000000E-002   1009.42356386746     
  1.608000000000000E-002   1009.40754931024     
  1.610000000000000E-002   1009.34865100999     
  1.612000000000000E-002   1009.22637818529     
  1.614000000000000E-002   1009.01971310640     
  1.616000000000000E-002   1008.70022649442     
  1.618000000000000E-002   1008.26020983650     
  1.620000000000000E-002   1007.65673516795     
  1.622000000000000E-002   1006.77062104096     
  1.624000000000000E-002   1005.66019647678     
  1.626000000000000E-002   1004.33053974137     
  1.628000000000000E-002   1002.82535443241     
  1.630000000000000E-002   1001.17010991010     
  1.632000000000000E-002   999.396842865736     
  1.634000000000000E-002   997.549074907314     
  1.636000000000000E-002   995.667231346990     
  1.638000000000000E-002   993.781508234475     
  1.640000000000000E-002   991.917029839763     
  1.642000000000000E-002   990.106251717026     
  1.644000000000000E-002   988.388598073626     
  1.646000000000000E-002   986.826573844031     
  1.648000000000000E-002   985.507917899541     
  1.650000000000000E-002   984.562437604939     
  1.652000000000000E-002   984.181544641135     
  1.654000000000000E-002   984.664755424878     
  1.656000000000000E-002   986.473346064781     
  1.658000000000000E-002   990.281162882190     
  1.660000000000000E-002   997.031830394225     
  1.662000000000000E-002   1008.00599369229     
  1.664000000000000E-002   1025.14497559714     
  1.666000000000000E-002   1051.16068517947     
  1.668000000000000E-002   1090.32455063258     
  1.670000000000000E-002   1149.39900870547     
  1.672000000000000E-002   1239.83728889628     
  1.674000000000000E-002   1382.78919872123     
  1.676000000000000E-002   1618.59973923076     
  1.678000000000000E-002   1944.13900165057     
  1.680000000000000E-002   2319.76756742451     
  1.682000000000000E-002   2726.21075369754     
  1.684000000000000E-002   3136.90488354974     
  1.686000000000000E-002   3525.38900434088     
  1.688000000000000E-002   3871.27773100023     
  1.690000000000000E-002   4162.67317165102     
  1.692000000000000E-002   4395.90981642764     
  1.694000000000000E-002   4573.95739404519     
  1.696000000000000E-002   4704.16576753058     
  1.698000000000000E-002   4795.77182341499     
  1.700000000000000E-002   4857.87437513067     
  1.702000000000000E-002   4898.21402402867     
  1.704000000000000E-002   4922.79294890009     
  1.706000000000000E-002   4935.96815385301     
  1.708000000000000E-002   4941.30792915028     
  1.710000000000000E-002   4942.02521733140     
  1.712000000000000E-002   4940.77376615261     
  1.714000000000000E-002   4936.38806748688     
  1.716000000000000E-002   4925.82783665119     
  1.718000000000000E-002   4904.85096263937     
  1.720000000000000E-002   4867.25484933058     
  1.722000000000000E-002   4804.06687708142     
  1.724000000000000E-002   4702.98659108376     
  1.726000000000000E-002   4548.86700474754     
  1.728000000000000E-002   4326.36767793838     
  1.730000000000000E-002   4025.47733945704     
  1.732000000000000E-002   3648.85320874592     
  1.734000000000000E-002   3216.65087631703     
  1.736000000000000E-002   2764.02268624841     
  1.738000000000000E-002   2330.21791401972     
  1.740000000000000E-002   1945.48067633699     
  1.742000000000000E-002   1624.74071245609     
  1.744000000000000E-002   1370.09458277660     
  1.746000000000000E-002   1190.78007815163     
  1.748000000000000E-002   1090.10346147671     
  1.750000000000000E-002   1031.39561497481     
  1.752000000000000E-002   996.069140574470     
  1.754000000000000E-002   974.508416419847     
  1.756000000000000E-002   961.288221378943     
  1.758000000000000E-002   953.212569836401     
  1.760000000000000E-002   948.306499348627     
  1.762000000000000E-002   945.306204969618     
  1.764000000000000E-002   943.432059086625     
  1.766000000000000E-002   942.239810761830     
  1.768000000000000E-002   941.371799165361     
  1.770000000000000E-002   940.598399643833     
  1.772000000000000E-002   939.986796469505     
  1.774000000000000E-002   939.696260929317     
  1.776000000000000E-002   939.902647390497     
  1.778000000000000E-002   940.823163617696     
  1.780000000000000E-002   942.740713004197     
  1.782000000000000E-002   946.029179612723     
  1.784000000000000E-002   951.172683544993     
  1.786000000000000E-002   958.763968736821     
  1.788000000000000E-002   969.536666941380     
  1.790000000000000E-002   983.986321187904     
  1.792000000000000E-002   999.299710587207     
  1.794000000000000E-002   1009.59672846343     
  1.796000000000000E-002   1015.71024192760     
  1.798000000000000E-002   1019.33279650159     
  1.800000000000000E-002   1022.00818084511     
  1.802000000000000E-002   1024.64956889597     
  1.804000000000000E-002   1027.67559913802     
  1.806000000000000E-002   1031.74021677612     
  1.808000000000000E-002   1037.85491977419     
  1.810000000000000E-002   1046.85854053319     
  1.812000000000000E-002   1059.26260146206     
  1.814000000000000E-002   1075.35773462561     
  1.816000000000000E-002   1095.15297179725     
  1.818000000000000E-002   1118.55085741590     
  1.820000000000000E-002   1145.64543556508     
  1.822000000000000E-002   1177.11956219572     
  1.824000000000000E-002   1214.63530696148     
  1.826000000000000E-002   1261.09742323037     
  1.828000000000000E-002   1320.73623460783     
  1.830000000000000E-002   1399.03035240312     
  1.832000000000000E-002   1502.63227150757     
  1.834000000000000E-002   1628.79186569722     
  1.836000000000000E-002   1761.37653098210     
  1.838000000000000E-002   1899.08759855885     
  1.840000000000000E-002   2041.72406536742     
  1.842000000000000E-002   2189.74753997577     
  1.844000000000000E-002   2345.01422291378     
  1.846000000000000E-002   2511.04271901544     
  1.848000000000000E-002   2691.74141447641     
  1.850000000000000E-002   2888.61879597322     
  1.852000000000000E-002   3097.39639866645     
  1.854000000000000E-002   3305.72158695522     
  1.856000000000000E-002   3493.33225481353     
  1.858000000000000E-002   3637.79625428173     
  1.860000000000000E-002   3725.53231939143     
  1.862000000000000E-002   3759.30650482403     
  1.864000000000000E-002   3757.03266680017     
  1.866000000000000E-002   3733.05912695399     
  1.868000000000000E-002   3686.64273682371     
  1.870000000000000E-002   3611.28475188062     
  1.872000000000000E-002   3502.33806102515     
  1.874000000000000E-002   3362.32114227170     
  1.876000000000000E-002   3201.03974624853     
  1.878000000000000E-002   3042.33518580011     
  1.880000000000000E-002   2926.50502936521     
  1.882000000000000E-002   2845.49699402596     
  1.884000000000000E-002   2787.58901132343     
  1.886000000000000E-002   2745.09017483513     
  1.888000000000000E-002   2712.73966094970     
  1.890000000000000E-002   2686.76693058168     
  1.892000000000000E-002   2664.30105079150     
  1.894000000000000E-002   2644.00947466683     
  1.896000000000000E-002   2625.33692936502     
  1.898000000000000E-002   2608.55805200579     
  1.900000000000000E-002   2593.69438742915     
  1.902000000000000E-002   2580.80805519949     
  1.904000000000000E-002   2569.91413966807     
  1.906000000000000E-002   2560.88180061778     
  1.908000000000000E-002   2553.72998548874     
  1.910000000000000E-002   2547.90857080551     
  1.912000000000000E-002   2542.96104172872     
  1.914000000000000E-002   2538.18430626032     
  1.916000000000000E-002   2532.90525138533     
  1.918000000000000E-002   2527.22944318198     
  1.920000000000000E-002   2519.61944652793     
  1.922000000000000E-002   2510.05585315752     
  1.924000000000000E-002   2498.80972769569     
  1.926000000000000E-002   2485.80349246983     
  1.928000000000000E-002   2471.15351630966     
  1.930000000000000E-002   2455.19137718004     
  1.932000000000000E-002   2438.44584735142     
  1.934000000000000E-002   2421.62728060473     
  1.936000000000000E-002   2405.60165001257     
  1.938000000000000E-002   2391.17721060954     
  1.940000000000000E-002   2378.61078986034     
  1.942000000000000E-002   2367.90038829341     
  1.944000000000000E-002   2358.75370674299     
  1.946000000000000E-002   2351.03633155417     
  1.948000000000000E-002   2345.24203322239     
  1.950000000000000E-002   2343.03633092505     
  1.952000000000000E-002   2345.62732796975     
  1.954000000000000E-002   2352.51770728240     
  1.956000000000000E-002   2364.17051609882     
  1.958000000000000E-002   2380.70686668324     
  1.960000000000000E-002   2402.10998694947     
  1.962000000000000E-002   2426.93246672228     
  1.964000000000000E-002   2448.60158608271     
  1.966000000000000E-002   2464.83972852423     
  1.968000000000000E-002   2476.74801883756     
  1.970000000000000E-002   2484.92441736911     
  1.972000000000000E-002   2489.42844308690     
  1.974000000000000E-002   2486.57978358950     
  1.976000000000000E-002   2474.08052699564     
  1.978000000000000E-002   2453.54293070782     
  1.980000000000000E-002   2421.78803539002     
  1.982000000000000E-002   2375.88942382406     
  1.984000000000000E-002   2314.10661052436     
  1.986000000000000E-002   2236.17150856119     
  1.988000000000000E-002   2143.22574940089     
  1.990000000000000E-002   2037.78056056153     
  1.992000000000000E-002   1923.33170897299     
  1.994000000000000E-002   1803.88305302690     
  1.996000000000000E-002   1683.57816837280     
  1.998000000000000E-002   1566.17887903644     
  2.000000000000000E-002   1454.69613876467     
  2.002000000000000E-002   1351.32002936845     
  2.004000000000000E-002   1257.39411697296     
  2.006000000000000E-002   1174.51798205996     
  2.008000000000000E-002   1111.33491820730     
  2.010000000000000E-002   1067.21155039685     
  2.012000000000000E-002   1035.75574836922     
  2.014000000000000E-002   1013.03412875776     
  2.016000000000000E-002   996.570793891553     
  2.018000000000000E-002   984.738137359774     
  2.020000000000000E-002   976.440322013142     
  2.022000000000000E-002   970.913000915682     
  2.024000000000000E-002   967.590243122231     
  2.026000000000000E-002   966.014668177212     
  2.028000000000000E-002   965.771355563390     
  2.030000000000000E-002   966.553880782320     
  2.032000000000000E-002   967.935962607313     
  2.034000000000000E-002   969.456782767066     
  2.036000000000000E-002   971.087768188539     
  2.038000000000000E-002   972.894373205414     
  2.040000000000000E-002   975.076830889107     
  2.042000000000000E-002   977.839830191227     
  2.044000000000000E-002   981.377317630721     
  2.046000000000000E-002   985.868266910412     
  2.048000000000000E-002   991.488676508863     
  2.050000000000000E-002   997.896024226721     
  2.052000000000000E-002   1002.75828343318     
  2.054000000000000E-002   1005.76263855122     
  2.056000000000000E-002   1007.37048562466     
  2.058000000000000E-002   1008.16088627289     
  2.060000000000000E-002   1008.58216546061     
  2.062000000000000E-002   1008.43878372524     
  2.064000000000000E-002   1007.42495437894     
  2.066000000000000E-002   1005.31804628855     
  2.068000000000000E-002   1002.04038986362     
  2.070000000000000E-002   997.618044175583     
  2.072000000000000E-002   992.565217048208     
  2.074000000000000E-002   988.730573205749     
  2.076000000000000E-002   986.169265966763     
  2.078000000000000E-002   984.531692925217     
  2.080000000000000E-002   983.557717273691     
  2.082000000000000E-002   983.038947834970     
  2.084000000000000E-002   982.820021868769     
  2.086000000000000E-002   982.787763313520     
  2.088000000000000E-002   982.861886408559     
  2.090000000000000E-002   982.992910368478     
  2.092000000000000E-002   983.148606976531     
  2.094000000000000E-002   983.305992134956     
  2.096000000000000E-002   983.450027947984     
  2.098000000000000E-002   983.572662820591     
  2.100000000000000E-002   983.672311619471     
  2.102000000000000E-002   983.752716365362     
  2.104000000000000E-002   983.821027696463     
  2.106000000000000E-002   983.883238914592     
  2.108000000000000E-002   983.943865189095     
  2.110000000000000E-002   984.005074925860     
  2.112000000000000E-002   984.069825417370     
  2.114000000000000E-002   984.144235928260     
  2.116000000000000E-002   984.233319305598     
  2.118000000000000E-002   984.341575384216     
  2.120000000000000E-002   984.472766436811     
  2.122000000000000E-002   984.630454451844     
  2.124000000000000E-002   984.818659680099     
  2.126000000000000E-002   985.042105665440     
  2.128000000000000E-002   985.305741690052     
  2.130000000000000E-002   985.614454751484     
  2.132000000000000E-002   985.972519173686     
  2.134000000000000E-002   986.383926244030     
  2.136000000000000E-002   986.852460488116     
  2.138000000000000E-002   987.381183980656     
  2.140000000000000E-002   987.971842526014     
  2.142000000000000E-002   988.624594317237     
  2.144000000000000E-002   989.337258567098     
  2.146000000000000E-002   990.107688239061     
  2.148000000000000E-002   990.934585047404     
  2.150000000000000E-002   991.809340812901     
  2.152000000000000E-002   992.654549255889     
  2.154000000000000E-002   993.428501681726     
  2.156000000000000E-002   994.120789975872     
  2.158000000000000E-002   994.721857795466     
  2.160000000000000E-002   995.223564259586     
  2.162000000000000E-002   995.623274611011     
  2.164000000000000E-002   995.920166473242     
  2.166000000000000E-002   996.120236652144     
  2.168000000000000E-002   996.239297263532     
  2.170000000000000E-002   996.289316552730     
  2.172000000000000E-002   996.286116551173     
  2.174000000000000E-002   996.249362172145     
  2.176000000000000E-002   996.178197864901     
  2.178000000000000E-002   996.073322003049     
  2.180000000000000E-002   995.938974510516     
  2.182000000000000E-002   995.781603459887     
  2.184000000000000E-002   995.609440031173     
  2.186000000000000E-002   995.434165290521     
  2.188000000000000E-002   995.275611835071     
  2.190000000000000E-002   995.140401353731     
  2.192000000000000E-002   995.039934823830     
  2.194000000000000E-002   994.978396182673     
  2.196000000000000E-002   994.954063337662     
  2.198000000000000E-002   994.955054724016     
  2.200000000000000E-002   994.989414453202     
  2.202000000000000E-002   995.056303342795     
  2.204000000000000E-002   995.188763764099     
  2.206000000000000E-002   995.378297044057     
  2.208000000000000E-002   995.610241403530     
  2.210000000000000E-002   995.870453360034     
  2.212000000000000E-002   996.150189495981     
  2.214000000000000E-002   996.444215998179     
  2.216000000000000E-002   996.750221871045     
  2.218000000000000E-002   997.069795716641     
  2.220000000000000E-002   997.402353698250     
  2.222000000000000E-002   997.748721247484     
  2.224000000000000E-002   998.129397671890     
  2.226000000000000E-002   998.513054180706     
  2.228000000000000E-002   998.912333692850     
  2.230000000000000E-002   999.328178199705     
  2.232000000000000E-002   999.761720777314     
  2.234000000000000E-002   1000.20287134557     
  2.236000000000000E-002   1000.67091653386     
  2.238000000000000E-002   1001.17013008192     
  2.240000000000000E-002   1001.69611519392     
  2.242000000000000E-002   1002.24247823420     
  2.244000000000000E-002   1002.78345937113     
  2.246000000000000E-002   1003.30967192778     
  2.248000000000000E-002   1003.81699119233     
  2.250000000000000E-002   1004.29785966368     
  2.252000000000000E-002   1004.74651690378     
  2.254000000000000E-002   1005.15843772613     
  2.256000000000000E-002   1005.53248365681     
  2.258000000000000E-002   1005.86902180143     
  2.260000000000000E-002   1006.16975907193     
  2.262000000000000E-002   1006.43711243653     
  2.264000000000000E-002   1006.67407254961     
  2.266000000000000E-002   1006.88373684679     
  2.268000000000000E-002   1007.06827820198     
  2.270000000000000E-002   1007.23046514648     
  2.272000000000000E-002   1007.37351356407     
  2.274000000000000E-002   1007.50098570293     
  2.276000000000000E-002   1007.61682030647     
  2.278000000000000E-002   1007.72525426287     
  2.280000000000000E-002   1007.83118279310     
  2.282000000000000E-002   1007.93888796904     
  2.284000000000000E-002   1008.05323704359     
  2.286000000000000E-002   1008.18016196474     
  2.288000000000000E-002   1008.32520995091     
  2.290000000000000E-002   1008.49277058727     
  2.292000000000000E-002   1008.68576373812     
  2.294000000000000E-002   1008.90530858528     
  2.296000000000000E-002   1009.15063200371     
  2.298000000000000E-002   1009.41973044542     
  2.300000000000000E-002   1009.70992167252     
  2.302000000000000E-002   1010.01824500793     
  2.304000000000000E-002   1010.34176906032     
  2.306000000000000E-002   1010.67776317458     
  2.308000000000000E-002   1011.02388194836     
  2.310000000000000E-002   1011.37832705936     
  2.312000000000000E-002   1011.73948084275     
  2.314000000000000E-002   1012.10549131493     
  2.316000000000000E-002   1012.47433894875     
  2.318000000000000E-002   1012.84429782341     
  2.320000000000000E-002   1013.21393121580     
  2.322000000000000E-002   1013.58293941569     
  2.324000000000000E-002   1013.95121086574     
  2.326000000000000E-002   1014.31779199070     
  2.328000000000000E-002   1014.68003847548     
  2.330000000000000E-002   1015.02808998127     
  2.332000000000000E-002   1015.34972346469     
  2.334000000000000E-002   1015.64000195673     
  2.336000000000000E-002   1015.90120338344     
  2.338000000000000E-002   1016.13620099875     
  2.340000000000000E-002   1016.34705854799     
  2.342000000000000E-002   1016.53471718752     
  2.344000000000000E-002   1016.69926482914     
  2.346000000000000E-002   1016.84088844718     
  2.348000000000000E-002   1016.96092671367     
  2.350000000000000E-002   1017.06142604907     
  2.352000000000000E-002   1017.14401899542     
  2.354000000000000E-002   1017.20956740737     
  2.356000000000000E-002   1017.25775723616     
  2.358000000000000E-002   1017.28740028399     
  2.360000000000000E-002   1017.29787702512     
  2.362000000000000E-002   1017.29213340491     
  2.364000000000000E-002   1017.26547111266     
  2.366000000000000E-002   1017.20911876536     
  2.368000000000000E-002   1017.11841098519     
  2.370000000000000E-002   1016.99205089601     
  2.372000000000000E-002   1016.82916660894     
  2.374000000000000E-002   1016.62629745351     
  2.376000000000000E-002   1016.38282474495     
  2.378000000000000E-002   1016.09445621452     
  2.380000000000000E-002   1015.74880225232     
  2.382000000000000E-002   1015.33719778552     
  2.384000000000000E-002   1014.86171040126     
  2.386000000000000E-002   1014.32672828641     
  2.388000000000000E-002   1013.73470907706     
  2.390000000000000E-002   1013.08399939395     
  2.392000000000000E-002   1012.36669111484     
  2.394000000000000E-002   1011.57678923269     
  2.396000000000000E-002   1010.72637199040     
  2.398000000000000E-002   1009.83233608432     
  2.400000000000000E-002   1008.90718883923     
  2.402000000000000E-002   1007.96744673194     
  2.404000000000000E-002   1007.07596628355     
  2.406000000000000E-002   1006.25546033464     
  2.408000000000000E-002   1005.51402862879     
  2.410000000000000E-002   1004.85452618714     
  2.412000000000000E-002   1004.27700756626     
  2.414000000000000E-002   1003.77807461072     
  2.416000000000000E-002   1003.35040046747     
  2.418000000000000E-002   1002.98558912924     
  2.420000000000000E-002   1002.68142821709     
  2.422000000000000E-002   1002.44656119146     
  2.424000000000000E-002   1002.29617147885     
  2.426000000000000E-002   1002.23307063412     
  2.428000000000000E-002   1002.22796063020     
  2.430000000000000E-002   1002.24321573572     
  2.432000000000000E-002   1002.29153255442     
  2.434000000000000E-002   1002.39006357007     
  2.436000000000000E-002   1002.55571126345     
  2.438000000000000E-002   1002.80532900344     
  2.440000000000000E-002   1003.15229893745     
  2.442000000000000E-002   1003.60300349956     
  2.444000000000000E-002   1004.15562396425     
  2.446000000000000E-002   1004.79950867745     
  2.448000000000000E-002   1005.51817467590     
  2.450000000000000E-002   1006.29653429231     
  2.452000000000000E-002   1007.12195088651     
  2.454000000000000E-002   1007.90947989356     
  2.456000000000000E-002   1008.61734148831     
  2.458000000000000E-002   1009.25110069736     
  2.460000000000000E-002   1009.81339211213     
  2.462000000000000E-002   1010.30662821808     
  2.464000000000000E-002   1010.74489640705     
  2.466000000000000E-002   1011.13609577681     
  2.468000000000000E-002   1011.49034273747     
  2.470000000000000E-002   1011.82553970300     
  2.472000000000000E-002   1012.12857502991     
  2.474000000000000E-002   1012.38900951970     
  2.476000000000000E-002   1012.61006234405     
  2.478000000000000E-002   1012.81034942904     
  2.480000000000000E-002   1012.99226680113     
  2.482000000000000E-002   1013.15503496267     
  2.484000000000000E-002   1013.29592318041     
  2.486000000000000E-002   1013.41272178925     
  2.488000000000000E-002   1013.50497027201     
  2.490000000000000E-002   1013.57396175992     
  2.492000000000000E-002   1013.62283946881     
  2.494000000000000E-002   1013.65636954142     
  2.496000000000000E-002   1013.67963648692     
  2.498000000000000E-002   1013.70610630619     
  2.500000000000000E-002   1013.71252384526     
  2.502000000000000E-002   1013.72609464729     
  2.504000000000000E-002   1013.73864175815     
  2.506000000000000E-002   1013.74907649722     
  2.508000000000000E-002   1013.74752758500     
  2.510000000000000E-002   1013.73285346337     
  2.512000000000000E-002   1013.71848132545     
  2.514000000000000E-002   1013.65876518943     
  2.516000000000000E-002   1013.58563844344     
  2.518000000000000E-002   1013.47060492789     
  2.520000000000000E-002   1013.29981515230     
  2.522000000000000E-002   1013.06010084548     
  2.524000000000000E-002   1012.74029512339     
  2.526000000000000E-002   1012.33095623001     
  2.528000000000000E-002   1011.82545132734     
  2.530000000000000E-002   1011.22135154655     
  2.532000000000000E-002   1010.52313103471     
  2.534000000000000E-002   1009.74266368285     
  2.536000000000000E-002   1008.87115152494     
  2.538000000000000E-002   1007.93932702277     
  2.540000000000000E-002   1007.04208008062     
  2.542000000000000E-002   1006.19814311773     
  2.544000000000000E-002   1005.39130056877     
  2.546000000000000E-002   1004.60805854791     
  2.548000000000000E-002   1003.84000105241     
  2.550000000000000E-002   1003.08649925322     
  2.552000000000000E-002   1002.35631592513     
  2.554000000000000E-002   1001.66508531371     
  2.556000000000000E-002   1001.03149239997     
  2.558000000000000E-002   1000.46925852269     
  2.560000000000000E-002   999.988872152070     
  2.562000000000000E-002   999.597768582828     
  2.564000000000000E-002   999.299797780110     
  2.566000000000000E-002   999.094817691589     
  2.568000000000000E-002   998.977136752427     
  2.570000000000000E-002   998.932757004359     
  2.572000000000000E-002   998.946511981299     
  2.574000000000000E-002   999.050197955996     
  2.576000000000000E-002   999.275733869442     
  2.578000000000000E-002   999.606308210533     
  2.580000000000000E-002   999.987762317295     
  2.582000000000000E-002   1000.39072548010     
  2.584000000000000E-002   1000.79694838486     
  2.586000000000000E-002   1001.18776463500     
  2.588000000000000E-002   1001.57024861306     
  2.590000000000000E-002   1001.94913769404     
  2.592000000000000E-002   1002.32769142296     
  2.594000000000000E-002   1002.70784795585     
  2.596000000000000E-002   1003.09137914191     
  2.598000000000000E-002   1003.47978662087     
  2.600000000000000E-002   1003.87421761445     
  2.602000000000000E-002   1004.27550146586     
  2.604000000000000E-002   1004.68403910070     
  2.606000000000000E-002   1005.09987890692     
  2.608000000000000E-002   1005.52284144221     
  2.610000000000000E-002   1005.95265906092     
  2.612000000000000E-002   1006.38911626288     
  2.614000000000000E-002   1006.83157895603     
  2.616000000000000E-002   1007.26872941063     
  2.618000000000000E-002   1007.68910630778     
  2.620000000000000E-002   1008.08461098979     
  2.622000000000000E-002   1008.45002324064     
  2.624000000000000E-002   1008.78675815216     
  2.626000000000000E-002   1009.10181170322     
  2.628000000000000E-002   1009.40351199588     
  2.630000000000000E-002   1009.69246555474     
  2.632000000000000E-002   1009.95102352820     
  2.634000000000000E-002   1010.15308787325     
  2.636000000000000E-002   1010.26935176429     
  2.638000000000000E-002   1010.29204074718     
  2.640000000000000E-002   1010.25304063881     
  2.642000000000000E-002   1010.15077124375     
  2.644000000000000E-002   1009.97584679853     
  2.646000000000000E-002   1009.72122267374     
  2.648000000000000E-002   1009.38032963053     
  2.650000000000000E-002   1008.94529377599     
  2.652000000000000E-002   1008.40674431589     
  2.654000000000000E-002   1007.75448401248     
  2.656000000000000E-002   1006.97783906089     
  2.658000000000000E-002   1006.07618540059     
  2.660000000000000E-002   1005.23569226770     
  2.662000000000000E-002   1004.59910550123     
  2.664000000000000E-002   1004.15304541838     
  2.666000000000000E-002   1003.87406284120     
  2.668000000000000E-002   1003.73572977942     
  2.670000000000000E-002   1003.70352463392     
  2.672000000000000E-002   1003.77205659477     
  2.674000000000000E-002   1003.99555338822     
  2.676000000000000E-002   1004.32987643153     
  2.678000000000000E-002   1004.76796227209     
  2.680000000000000E-002   1005.33314637867     
  2.682000000000000E-002   1006.03834721768     
  2.684000000000000E-002   1006.88094094854     
  2.686000000000000E-002   1007.84994926958     
  2.688000000000000E-002   1008.92773511099     
  2.690000000000000E-002   1010.03800447668     
  2.692000000000000E-002   1011.04099829334     
  2.694000000000000E-002   1011.92212760675     
  2.696000000000000E-002   1012.69076212271     
  2.698000000000000E-002   1013.34225601562     
  2.700000000000000E-002   1013.88588212366     
  2.702000000000000E-002   1014.28221839190     
  2.704000000000000E-002   1014.50716460289     
  2.706000000000000E-002   1014.54051256841     
  2.708000000000000E-002   1014.38651636414     
  2.710000000000000E-002   1014.00514113042     
  2.712000000000000E-002   1013.39632293963     
  2.714000000000000E-002   1012.45606599702     
  2.716000000000000E-002   1011.08970800899     
  2.718000000000000E-002   1009.21550198678     
  2.720000000000000E-002   1006.72258941819     
  2.722000000000000E-002   1003.49065271035     
  2.724000000000000E-002   999.435684969489     
  2.726000000000000E-002   994.471507858826     
  2.728000000000000E-002   988.557165296555     
  2.730000000000000E-002   982.110726382516     
  2.732000000000000E-002   976.747318224668     
  2.734000000000000E-002   972.683374484044     
  2.736000000000000E-002   969.679533372712     
  2.738000000000000E-002   967.540806140730     
  2.740000000000000E-002   966.109689722208     
  2.742000000000000E-002   965.210420284800     
  2.744000000000000E-002   964.639648553010     
  2.746000000000000E-002   964.333174601113     
  2.748000000000000E-002   964.263474137561     
  2.750000000000000E-002   964.338351586956     
  2.752000000000000E-002   964.467471014444     
  2.754000000000000E-002   964.742424625826     
  2.756000000000000E-002   965.235643996765     
  2.758000000000000E-002   965.903243121463     
  2.760000000000000E-002   966.609165093201     
  2.762000000000000E-002   967.376290168231     
  2.764000000000000E-002   968.277998877545     
  2.766000000000000E-002   969.286089173710     
  2.768000000000000E-002   970.409162939086     
  2.770000000000000E-002   971.535154552289     
  2.772000000000000E-002   972.044890844754     
  2.774000000000000E-002   971.799311319578     
  2.776000000000000E-002   968.499139462135     
  2.778000000000000E-002   954.210777381663     
  2.780000000000000E-002   902.242331420728     
  2.782000000000000E-002   745.979068601499     
  2.784000000000000E-002   460.211411354108     
  2.786000000000000E-002   324.897369218821     
  2.788000000000000E-002   302.943072327761     
  2.790000000000000E-002   300.023632866480     
  2.792000000000000E-002   299.651467965403     
  2.794000000000000E-002   299.604430299694     
  2.796000000000000E-002   299.598496250433     
  2.798000000000000E-002   299.597748197980     
  2.800000000000000E-002   299.597653958811     
  2.802000000000000E-002   299.597642094123     
  2.804000000000000E-002   299.597640601299     
  2.806000000000000E-002   299.597640413588     
  2.808000000000000E-002   299.597640390000     
  2.810000000000000E-002   299.597640387037     
  2.812000000000000E-002   299.597640386666     
  2.814000000000000E-002   299.597640386619     
  2.816000000000000E-002   299.597640386613     
  2.818000000000000E-002   299.597640386612     
  2.820000000000000E-002   299.597640386612     
  2.822000000000000E-002   299.597640386612     
  2.824000000000000E-002   299.597640386612     
  2.826000000000000E-002   299.597640386612     
  2.828000000000000E-002   299.597640386612     
  2.830000000000000E-002   299.597640386612     
  2.832000000000000E-002   299.597640386612     
  2.834000000000000E-002   299.597640386612     
  2.836000000000000E-002   299.597640386612     
  2.838000000000000E-002   299.597640386612     
  2.840000000000000E-002   299.597640386612     
  2.842000000000000E-002   299.597640386612     
  2.844000000000000E-002   299.597640386612     
  2.846000000000000E-002   299.597640386612     
  2.848000000000000E-002   299.597640386612     
  2.850000000000000E-002   299.597640386612     
  2.852000000000000E-002   299.597640386612     
  2.854000000000000E-002   299.597640386612     
  2.856000000000000E-002   299.597640386612     
  2.858000000000000E-002   299.597640386612     
  2.860000000000000E-002   299.597640386612     
  2.862000000000000E-002   299.597640386612     
  2.864000000000000E-002   299.597640386612     
  2.866000000000000E-002   299.597640386612     
  2.868000000000000E-002   299.597640386612     
  2.870000000000000E-002   299.597640386612     
  2.872000000000000E-002   299.597640386612     
  2.874000000000000E-002   299.597640386612     
  2.876000000000000E-002   299.597640386612     
  2.878000000000000E-002   299.597640386612     
  2.880000000000000E-002   299.597640386612     
  2.882000000000000E-002   299.597640386612     
  2.884000000000000E-002   299.597640386612     
  2.886000000000000E-002   299.597640386612     
  2.888000000000000E-002   299.597640386612     
  2.890000000000000E-002   299.597640386612     
  2.892000000000000E-002   299.597640386612     
  2.894000000000000E-002   299.597640386612     
  2.896000000000000E-002   299.597640386612     
  2.898000000000000E-002   299.597640386612     
  2.900000000000000E-002   299.597640386612     
  2.902000000000000E-002   299.597640386612     
  2.904000000000000E-002   299.597640386612     
  2.906000000000000E-002   299.597640386612     
  2.908000000000000E-002   299.597640386612     
  2.910000000000000E-002   299.597640386612     
  2.912000000000000E-002   299.597640386612     
  2.914000000000000E-002   299.597640386612     
  2.916000000000000E-002   299.597640386612     
  2.918000000000000E-002   299.597640386612     
  2.920000000000000E-002   299.597640386612     
  2.922000000000000E-002   299.597640386612     
  2.924000000000000E-002   299.597640386612     
  2.926000000000000E-002   299.597640386612     
  2.928000000000000E-002   299.597640386612     
  2.930000000000000E-002   299.597640386612     
  2.932000000000000E-002   299.597640386612     
  2.934000000000000E-002   299.597640386612     
  2.936000000000000E-002   299.597640386612     
  2.938000000000000E-002   299.597640386612     
  2.940000000000000E-002   299.597640386612     
  2.942000000000000E-002   299.597640386612     
  2.944000000000000E-002   299.597640386612     
  2.946000000000000E-002   299.597640386612     
  2.948000000000000E-002   299.597640386612     
  2.950000000000000E-002   299.597640386612     
  2.952000000000000E-002   299.597640386612     
  2.954000000000000E-002   299.597640386612     
  2.956000000000000E-002   299.597640386612     
  2.958000000000000E-002   299.597640386612     
  2.960000000000000E-002   299.597640386612     
  2.962000000000000E-002   299.597640386612     
  2.964000000000000E-002   299.597640386612     
  2.966000000000000E-002   299.597640386612     
  2.968000000000000E-002   299.597640386612     
  2.970000000000000E-002   299.597640386612     
  2.972000000000000E-002   299.597640386612     
  2.974000000000000E-002   299.597640386612     
  2.976000000000000E-002   299.597640386612     
  2.978000000000000E-002   299.597640386612     
  2.980000000000000E-002   299.597640386612     
  2.982000000000000E-002   299.597640386612     
  2.984000000000000E-002   299.597640386612     
  2.986000000000000E-002   299.597640386612     
  2.988000000000000E-002   299.597640386612     
  2.990000000000000E-002   299.597640386612     
  2.992000000000000E-002   299.597640386612     
  2.994000000000000E-002   299.597640386612     
  2.996000000000000E-002   299.597640386612     
  2.998000000000000E-002   299.597640386612     
  3.000000000000000E-002   299.597640386612     
  3.002000000000000E-002   299.597640386612     
  3.004000000000000E-002   299.597640386612     
  3.006000000000000E-002   299.597640386612     
  3.008000000000000E-002   299.597640386612     
  3.010000000000000E-002   299.597640386612     
  3.012000000000000E-002   299.597640386612     
  3.014000000000000E-002   299.597640386612     
  3.016000000000000E-002   299.597640386612     
  3.018000000000000E-002   299.597640386612     
  3.020000000000000E-002   299.597640386612     
  3.022000000000000E-002   299.597640386612     
  3.024000000000000E-002   299.597640386612     
  3.026000000000000E-002   299.597640386612     
  3.028000000000000E-002   299.597640386612     
  3.030000000000000E-002   299.597640386612     
  3.032000000000000E-002   299.597640386612     
  3.034000000000000E-002   299.597640386612     
  3.036000000000000E-002   299.597640386612     
  3.038000000000000E-002   299.597640386612     
  3.040000000000000E-002   299.597640386612     
  3.042000000000000E-002   299.597640386612     
  3.044000000000000E-002   299.597640386612     
  3.046000000000000E-002   299.597640386612     
  3.048000000000000E-002   299.597640386612     
  3.050000000000000E-002   299.597640386612     
  3.052000000000000E-002   299.597640386612     
  3.054000000000000E-002   299.597640386612     
  3.056000000000000E-002   299.597640386612     
  3.058000000000000E-002   299.597640386612     
  3.060000000000000E-002   299.597640386612     
  3.062000000000000E-002   299.597640386612     
  3.064000000000000E-002   299.597640386612     
  3.066000000000000E-002   299.597640386612     
  3.068000000000000E-002   299.597640386612     
  3.070000000000000E-002   299.597640386612     
  3.072000000000000E-002   299.597640386612     
  3.074000000000000E-002   299.597640386612     
  3.076000000000000E-002   299.597640386612     
  3.078000000000000E-002   299.597640386612     
  3.080000000000000E-002   299.597640386612     
  3.082000000000000E-002   299.597640386612     
  3.084000000000000E-002   299.597640386612     
  3.086000000000000E-002   299.597640386612     
  3.088000000000000E-002   299.597640386612     
  3.090000000000000E-002   299.597640386612     
  3.092000000000000E-002   299.597640386612     
  3.094000000000000E-002   299.597640386612     
  3.096000000000000E-002   299.597640386612     
  3.098000000000000E-002   299.597640386612     
  3.100000000000000E-002   299.597640386612     
  3.102000000000000E-002   299.597640386612     
  3.104000000000000E-002   299.597640386612     
  3.106000000000000E-002   299.597640386612     
  3.108000000000000E-002   299.597640386612     
  3.110000000000000E-002   299.597640386612     
  3.112000000000000E-002   299.597640386612     
  3.114000000000000E-002   299.597640386612     
  3.116000000000000E-002   299.597640386612     
  3.118000000000000E-002   299.597640386612     
  3.120000000000000E-002   299.597640386612     
  3.122000000000000E-002   299.597640386612     
  3.124000000000000E-002   299.597640386612     
  3.126000000000000E-002   299.597640386612     
  3.128000000000000E-002   299.597640386612     
  3.130000000000000E-002   299.597640386612     
  3.132000000000000E-002   299.597640386612     
  3.134000000000000E-002   299.597640386612     
  3.136000000000001E-002   299.597640386612     
  3.138000000000001E-002   299.597640386612     
  3.140000000000000E-002   299.597640386612     
  3.142000000000000E-002   299.597640386612     
  3.144000000000000E-002   299.597640386612     
  3.146000000000000E-002   299.597640386612     
  3.148000000000000E-002   299.597640386612     
  3.150000000000000E-002   299.597640386612     
  3.152000000000000E-002   299.597640386612     
  3.154000000000001E-002   299.597640386612     
  3.156000000000000E-002   299.597640386612     
  3.158000000000000E-002   299.597640386612     
  3.160000000000000E-002   299.597640386612     
  3.162000000000000E-002   299.597640386612     
  3.164000000000000E-002   299.597640386612     
  3.166000000000000E-002   299.597640386612     
  3.168000000000000E-002   299.597640386612     
  3.170000000000001E-002   299.597640386612     
  3.172000000000001E-002   299.597640386612     
  3.174000000000000E-002   299.597640386612     
  3.176000000000000E-002   299.597640386612     
  3.178000000000000E-002   299.597640386612     
  3.180000000000000E-002   299.597640386612     
  3.182000000000000E-002   299.597640386612     
  3.184000000000000E-002   299.597640386612     
  3.186000000000000E-002   299.597640386612     
  3.188000000000001E-002   299.597640386612     
  3.190000000000000E-002   299.597640386612     
  3.192000000000000E-002   299.597640386612     
  3.194000000000000E-002   299.597640386612     
  3.196000000000000E-002   299.597640386612     
  3.198000000000000E-002   299.597640386612     
  3.200000000000000E-002   299.597640386612     
  3.202000000000000E-002   299.597640386612     
  3.204000000000001E-002   299.597640386612     
  3.206000000000001E-002   299.597640386612     
  3.208000000000000E-002   299.597640386612     
  3.210000000000000E-002   299.597640386612     
  3.212000000000000E-002   299.597640386612     
  3.214000000000000E-002   299.597640386612     
  3.216000000000000E-002   299.597640386612     
  3.218000000000000E-002   299.597640386612     
  3.220000000000000E-002   299.597640386612     
  3.222000000000001E-002   299.597640386612     
  3.224000000000000E-002   299.597640386612     
  3.226000000000000E-002   299.597640386612     
  3.228000000000000E-002   299.597640386612     
  3.230000000000000E-002   299.597640386612     
  3.232000000000000E-002   299.597640386612     
  3.234000000000000E-002   299.597640386612     
  3.236000000000000E-002   299.597640386612     
  3.238000000000001E-002   299.597640386612     
  3.240000000000001E-002   299.597640386612     
  3.242000000000000E-002   299.597640386612     
  3.244000000000000E-002   299.597640386612     
  3.246000000000000E-002   299.597640386612     
  3.248000000000000E-002   299.597640386612     
  3.250000000000000E-002   299.597640386612     
  3.252000000000000E-002   299.597640386612     
  3.254000000000000E-002   299.597640386612     
  3.256000000000001E-002   299.597640386612     
  3.258000000000000E-002   299.597640386612     
  3.260000000000000E-002   299.597640386612     
  3.262000000000000E-002   299.597640386612     
  3.264000000000000E-002   299.597640386612     
  3.266000000000000E-002   299.597640386612     
  3.268000000000000E-002   299.597640386612     
  3.270000000000000E-002   299.597640386612     
  3.272000000000001E-002   299.597640386612     
  3.274000000000001E-002   299.597640386612     
  3.276000000000000E-002   299.597640386612     
  3.278000000000000E-002   299.597640386612     
  3.280000000000000E-002   299.597640386612     
  3.282000000000000E-002   299.597640386612     
  3.284000000000000E-002   299.597640386612     
  3.286000000000000E-002   299.597640386612     
  3.288000000000000E-002   299.597640386612     
  3.290000000000001E-002   299.597640386612     
  3.292000000000000E-002   299.597640386612     
  3.294000000000000E-002   299.597640386612     
  3.296000000000000E-002   299.597640386612     
  3.298000000000000E-002   299.597640386612     
  3.300000000000000E-002   299.597640386612     
  3.302000000000000E-002   299.597640386612     
  3.304000000000000E-002   299.597640386612     
  3.306000000000001E-002   299.597640386612     
  3.308000000000001E-002   299.597640386612     
  3.310000000000000E-002   299.597640386612     
  3.312000000000000E-002   299.597640386612     
  3.314000000000000E-002   299.597640386612     
  3.316000000000000E-002   299.597640386612     
  3.318000000000000E-002   299.597640386612     
  3.320000000000000E-002   299.597640386612     
  3.322000000000000E-002   299.597640386612     
  3.324000000000001E-002   299.597640386612     
  3.326000000000000E-002   299.597640386612     
  3.328000000000000E-002   299.597640386612     
  3.330000000000000E-002   299.597640386612     
  3.332000000000000E-002   299.597640386612     
  3.334000000000000E-002   299.597640386612     
  3.336000000000000E-002   299.597640386612     
  3.338000000000000E-002   299.597640386612     
  3.340000000000001E-002   299.597640386612     
  3.342000000000001E-002   299.597640386612     
  3.344000000000000E-002   299.597640386612     
  3.346000000000000E-002   299.597640386612     
  3.348000000000000E-002   299.597640386612     
  3.350000000000000E-002   299.597640386612     
  3.352000000000000E-002   299.597640386612     
  3.354000000000000E-002   299.597640386612     
  3.356000000000000E-002   299.597640386612     
  3.358000000000001E-002   299.597640386612     
  3.360000000000000E-002   299.597640386612     
  3.362000000000000E-002   299.597640386612     
  3.364000000000000E-002   299.597640386612     
  3.366000000000000E-002   299.597640386612     
  3.368000000000000E-002   299.597640386612     
  3.370000000000000E-002   299.597640386612     
  3.372000000000000E-002   299.597640386612     
  3.374000000000001E-002   299.597640386612     
  3.376000000000001E-002   299.597640386612     
  3.378000000000000E-002   299.597640386612     
  3.380000000000000E-002   299.597640386612     
  3.382000000000000E-002   299.597640386612     
  3.384000000000000E-002   299.597640386612     
  3.386000000000000E-002   299.597640386612     
  3.388000000000000E-002   299.597640386612     
  3.390000000000000E-002   299.597640386612     
  3.392000000000001E-002   299.597640386612     
  3.394000000000000E-002   299.597640386612     
  3.396000000000000E-002   299.597640386612     
  3.398000000000000E-002   299.597640386612     
  3.400000000000000E-002   299.597640386612     
  3.402000000000000E-002   299.597640386612     
  3.404000000000000E-002   299.597640386612     
  3.406000000000000E-002   299.597640386612     
  3.408000000000001E-002   299.597640386612     
  3.410000000000001E-002   299.597640386612     
  3.412000000000000E-002   299.597640386612     
  3.414000000000000E-002   299.597640386612     
  3.416000000000000E-002   299.597640386612     
  3.418000000000000E-002   299.597640386612     
  3.420000000000000E-002   299.597640386612     
  3.422000000000000E-002   299.597640386612     
  3.424000000000000E-002   299.597640386612     
  3.426000000000001E-002   299.597640386612     
  3.428000000000000E-002   299.597640386612     
  3.430000000000000E-002   299.597640386612     
  3.432000000000000E-002   299.597640386612     
  3.434000000000000E-002   299.597640386612     
  3.436000000000000E-002   299.597640386612     
  3.438000000000000E-002   299.597640386612     
  3.440000000000000E-002   299.597640386612     
  3.442000000000001E-002   299.597640386612     
  3.444000000000001E-002   299.597640386612     
  3.446000000000000E-002   299.597640386612     
  3.448000000000000E-002   299.597640386612     
  3.450000000000000E-002   299.597640386612     
  3.452000000000000E-002   299.597640386612     
  3.454000000000000E-002   299.597640386612     
  3.456000000000000E-002   299.597640386612     
  3.458000000000000E-002   299.597640386612     
  3.460000000000001E-002   299.597640386612     
  3.462000000000000E-002   299.597640386612     
  3.464000000000000E-002   299.597640386612     
  3.466000000000000E-002   299.597640386612     
  3.468000000000000E-002   299.597640386612     
  3.470000000000000E-002   299.597640386612     
  3.472000000000000E-002   299.597640386612     
  3.474000000000000E-002   299.597640386612     
  3.476000000000001E-002   299.597640386612     
  3.478000000000001E-002   299.597640386612     
  3.480000000000000E-002   299.597640386612     
  3.482000000000000E-002   299.597640386612     
  3.484000000000000E-002   299.597640386612     
  3.486000000000000E-002   299.597640386612     
  3.488000000000000E-002   299.597640386612     
  3.490000000000000E-002   299.597640386612     
  3.492000000000000E-002   299.597640386612     
  3.494000000000001E-002   299.597640386612     
  3.496000000000000E-002   299.597640386612     
  3.498000000000000E-002   299.597640386612     
  3.500000000000000E-002   299.597640386612     
  3.502000000000000E-002   299.597640386612     
  3.504000000000000E-002   299.597640386612     
  3.506000000000000E-002   299.597640386612     
  3.508000000000000E-002   299.597640386612     
  3.510000000000001E-002   299.597640386612     
  3.512000000000001E-002   299.597640386612     
  3.514000000000000E-002   299.597640386612     
  3.516000000000000E-002   299.597640386612     
  3.518000000000000E-002   299.597640386612     
  3.520000000000000E-002   299.597640386612     
  3.522000000000000E-002   299.597640386612     
  3.524000000000000E-002   299.597640386612     
  3.526000000000000E-002   299.597640386612     
  3.528000000000001E-002   299.597640386612     
  3.530000000000000E-002   299.597640386612     
  3.532000000000000E-002   299.597640386612     
  3.534000000000000E-002   299.597640386612     
  3.536000000000000E-002   299.597640386612     
  3.538000000000000E-002   299.597640386612     
  3.540000000000000E-002   299.597640386612     
  3.542000000000000E-002   299.597640386612     
  3.544000000000001E-002   299.597640386612     
  3.546000000000001E-002   299.597640386612     
  3.548000000000000E-002   299.597640386612     
  3.550000000000000E-002   299.597640386612     
  3.552000000000000E-002   299.597640386612     
  3.554000000000000E-002   299.597640386612     
  3.556000000000000E-002   299.597640386612     
  3.558000000000000E-002   299.597640386612     
  3.560000000000000E-002   299.597640386612     
  3.562000000000001E-002   299.597640386612     
  3.564000000000001E-002   299.597640386612     
  3.566000000000000E-002   299.597640386612     
  3.568000000000000E-002   299.597640386612     
  3.570000000000000E-002   299.597640386612     
  3.572000000000000E-002   299.597640386612     
  3.574000000000000E-002   299.597640386612     
  3.576000000000000E-002   299.597640386612     
  3.578000000000001E-002   299.597640386612     
  3.580000000000001E-002   299.597640386612     
  3.582000000000000E-002   299.597640386612     
  3.584000000000000E-002   299.597640386612     
  3.586000000000000E-002   299.597640386612     
  3.588000000000000E-002   299.597640386612     
  3.590000000000000E-002   299.597640386612     
  3.592000000000000E-002   299.597640386612     
  3.594000000000000E-002   299.597640386612     
  3.596000000000001E-002   299.597640386612     
  3.598000000000001E-002   299.597640386612     
  3.600000000000000E-002   299.597640386612     
  3.602000000000000E-002   299.597640386612     
  3.604000000000000E-002   299.597640386612     
  3.606000000000000E-002   299.597640386612     
  3.608000000000000E-002   299.597640386612     
  3.610000000000000E-002   299.597640386612     
  3.612000000000001E-002   299.597640386612     
  3.614000000000001E-002   299.597640386612     
  3.616000000000000E-002   299.597640386612     
  3.618000000000000E-002   299.597640386612     
  3.620000000000000E-002   299.597640386612     
  3.622000000000000E-002   299.597640386612     
  3.624000000000000E-002   299.597640386612     
  3.626000000000000E-002   299.597640386612     
  3.628000000000000E-002   299.597640386612     
  3.630000000000001E-002   299.597640386612     
  3.632000000000001E-002   299.597640386612     
  3.634000000000000E-002   299.597640386612     
  3.636000000000000E-002   299.597640386612     
  3.638000000000000E-002   299.597640386612     
  3.640000000000000E-002   299.597640386612     
  3.642000000000000E-002   299.597640386612     
  3.644000000000000E-002   299.597640386612     
  3.646000000000001E-002   299.597640386612     
  3.648000000000001E-002   299.597640386612     
  3.650000000000000E-002   299.597640386612     
  3.652000000000000E-002   299.597640386612     
  3.654000000000000E-002   299.597640386612     
  3.656000000000000E-002   299.597640386612     
  3.658000000000000E-002   299.597640386612     
  3.660000000000000E-002   299.597640386612     
  3.662000000000000E-002   299.597640386612     
  3.664000000000001E-002   299.597640386612     
  3.666000000000001E-002   299.597640386612     
  3.668000000000000E-002   299.597640386612     
  3.670000000000000E-002   299.597640386612     
  3.672000000000000E-002   299.597640386612     
  3.674000000000000E-002   299.597640386612     
  3.676000000000000E-002   299.597640386612     
  3.678000000000000E-002   299.597640386612     
  3.680000000000001E-002   299.597640386612     
  3.682000000000001E-002   299.597640386612     
  3.684000000000000E-002   299.597640386612     
  3.686000000000000E-002   299.597640386612     
  3.688000000000000E-002   299.597640386612     
  3.690000000000000E-002   299.597640386612     
  3.692000000000000E-002   299.597640386612     
  3.694000000000000E-002   299.597640386612     
  3.696000000000000E-002   299.597640386612     
  3.698000000000001E-002   299.597640386612     
  3.700000000000001E-002   299.597640386612     
  3.702000000000000E-002   299.597640386612     
  3.704000000000000E-002   299.597640386612     
  3.706000000000000E-002   299.597640386612     
  3.708000000000000E-002   299.597640386612     
  3.710000000000000E-002   299.597640386612     
  3.712000000000000E-002   299.597640386612     
  3.714000000000001E-002   299.597640386612     
  3.716000000000001E-002   299.597640386612     
  3.718000000000000E-002   299.597640386612     
  3.720000000000000E-002   299.597640386612     
  3.722000000000000E-002   299.597640386612     
  3.724000000000000E-002   299.597640386612     
  3.726000000000000E-002   299.597640386612     
  3.728000000000000E-002   299.597640386612     
  3.730000000000000E-002   299.597640386612     
  3.732000000000001E-002   299.597640386612     
  3.734000000000001E-002   299.597640386612     
  3.736000000000000E-002   299.597640386612     
  3.738000000000000E-002   299.597640386612     
  3.740000000000000E-002   299.597640386612     
  3.742000000000000E-002   299.597640386612     
  3.744000000000000E-002   299.597640386612     
  3.746000000000000E-002   299.597640386612     
  3.748000000000001E-002   299.597640386612     
  3.750000000000001E-002   299.597640386612     
  3.752000000000000E-002   299.597640386612     
  3.754000000000000E-002   299.597640386612     
  3.756000000000000E-002   299.597640386612     
  3.758000000000000E-002   299.597640386612     
  3.760000000000000E-002   299.597640386612     
  3.762000000000000E-002   299.597640386612     
  3.764000000000000E-002   299.597640386612     
  3.766000000000001E-002   299.597640386612     
  3.768000000000001E-002   299.597640386612     
  3.770000000000000E-002   299.597640386612     
  3.772000000000000E-002   299.597640386612     
  3.774000000000000E-002   299.597640386612     
  3.776000000000000E-002   299.597640386612     
  3.778000000000000E-002   299.597640386612     
  3.780000000000000E-002   299.597640386612     
  3.782000000000001E-002   299.597640386612     
  3.784000000000001E-002   299.597640386612     
  3.786000000000000E-002   299.597640386612     
  3.788000000000000E-002   299.597640386612     
  3.790000000000000E-002   299.597640386612     
  3.792000000000000E-002   299.597640386612     
  3.794000000000000E-002   299.597640386612     
  3.796000000000000E-002   299.597640386612     
  3.798000000000000E-002   299.597640386612     
  3.800000000000001E-002   299.597640386612     
  3.802000000000001E-002   299.597640386612     
  3.804000000000000E-002   299.597640386612     
  3.806000000000000E-002   299.597640386612     
  3.808000000000000E-002   299.597640386612     
  3.810000000000000E-002   299.597640386612     
  3.812000000000000E-002   299.597640386612     
  3.814000000000000E-002   299.597640386612     
  3.816000000000001E-002   299.597640386612     
  3.818000000000001E-002   299.597640386612     
  3.820000000000000E-002   299.597640386612     
  3.822000000000000E-002   299.597640386612     
  3.824000000000000E-002   299.597640386612     
  3.826000000000000E-002   299.597640386612     
  3.828000000000000E-002   299.597640386612     
  3.830000000000000E-002   299.597640386612     
  3.832000000000000E-002   299.597640386612     
  3.834000000000001E-002   299.597640386612     
  3.836000000000001E-002   299.597640386612     
  3.838000000000000E-002   299.597640386612     
  3.840000000000000E-002   299.597640386612     
  3.842000000000000E-002   299.597640386612     
  3.844000000000000E-002   299.597640386612     
  3.846000000000000E-002   299.597640386612     
  3.848000000000000E-002   299.597640386612     
  3.850000000000001E-002   299.597640386612     
  3.852000000000001E-002   299.597640386612     
  3.854000000000000E-002   299.597640386612     
  3.856000000000000E-002   299.597640386612     
  3.858000000000000E-002   299.597640386612     
  3.860000000000000E-002   299.597640386612     
  3.862000000000000E-002   299.597640386612     
  3.864000000000000E-002   299.597640386612     
  3.866000000000000E-002   299.597640386612     
  3.868000000000001E-002   299.597640386612     
  3.870000000000001E-002   299.597640386612     
  3.872000000000000E-002   299.597640386612     
  3.874000000000000E-002   299.597640386612     
  3.876000000000000E-002   299.597640386612     
  3.878000000000000E-002   299.597640386612     
  3.880000000000000E-002   299.597640386612     
  3.882000000000000E-002   299.597640386612     
  3.884000000000001E-002   299.597640386612     
  3.886000000000001E-002   299.597640386612     
  3.888000000000000E-002   299.597640386612     
  3.890000000000000E-002   299.597640386612     
  3.892000000000000E-002   299.597640386612     
  3.894000000000000E-002   299.597640386612     
  3.896000000000000E-002   299.597640386612     
  3.898000000000000E-002   299.597640386612     
  3.900000000000000E-002   299.597640386612     
  3.902000000000001E-002   299.597640386612     
  3.904000000000001E-002   299.597640386612     
  3.906000000000000E-002   299.597640386612     
  3.908000000000000E-002   299.597640386612     
  3.910000000000000E-002   299.597640386612     
  3.912000000000000E-002   299.597640386612     
  3.914000000000000E-002   299.597640386612     
  3.916000000000000E-002   299.597640386612     
  3.918000000000001E-002   299.597640386612     
  3.920000000000001E-002   299.597640386612     
  3.922000000000000E-002   299.597640386612     
  3.924000000000000E-002   299.597640386612     
  3.926000000000000E-002   299.597640386612     
  3.928000000000000E-002   299.597640386612     
  3.930000000000000E-002   299.597640386612     
  3.932000000000000E-002   299.597640386612     
  3.934000000000000E-002   299.597640386612     
  3.936000000000001E-002   299.597640386612     
  3.938000000000001E-002   299.597640386612     
  3.940000000000000E-002   299.597640386612     
  3.942000000000000E-002   299.597640386612     
  3.944000000000000E-002   299.597640386612     
  3.946000000000000E-002   299.597640386612     
  3.948000000000000E-002   299.597640386612     
  3.950000000000000E-002   299.597640386612     
  3.952000000000001E-002   299.597640386612     
  3.954000000000001E-002   299.597640386612     
  3.956000000000000E-002   299.597640386612     
  3.958000000000000E-002   299.597640386612     
  3.960000000000000E-002   299.597640386612     
  3.962000000000000E-002   299.597640386612     
  3.964000000000000E-002   299.597640386612     
  3.966000000000000E-002   299.597640386612     
  3.968000000000000E-002   299.597640386612     
  3.970000000000001E-002   299.597640386612     
  3.972000000000001E-002   299.597640386612     
  3.974000000000000E-002   299.597640386612     
  3.976000000000000E-002   299.597640386612     
  3.978000000000000E-002   299.597640386612     
  3.980000000000000E-002   299.597640386612     
  3.982000000000000E-002   299.597640386612     
  3.984000000000000E-002   299.597640386612     
  3.986000000000001E-002   299.597640386612     
  3.988000000000001E-002   299.597640386612     
  3.990000000000000E-002   299.597640386612     
  3.992000000000000E-002   299.597640386612     
  3.994000000000000E-002   299.597640386612     
  3.996000000000000E-002   299.597640386612     
  3.998000000000000E-002   299.597640386612     
  4.000000000000000E-002   299.597999998362     
