  0.000000000000000E+000  1.000000000000000E-010
  2.000000000000000E-005  1.000000000000000E-010
  4.000000000000000E-005  1.000003039064526E-010
  6.000000000000001E-005  1.000005170419989E-010
  8.000000000000001E-005  1.000007274376442E-010
  1.000000000000000E-004  1.000009400693477E-010
  1.200000000000000E-004  1.000011590858108E-010
  1.400000000000000E-004  1.000013928255005E-010
  1.600000000000000E-004  1.000016442220128E-010
  1.800000000000000E-004  1.000018866092452E-010
  2.000000000000000E-004  1.000021000783464E-010
  2.200000000000000E-004  1.000022761122925E-010
  2.400000000000000E-004  1.000024146897244E-010
  2.600000000000000E-004  1.000025259578479E-010
  2.800000000000000E-004  1.000026354538453E-010
  3.000000000000000E-004  1.000027230499518E-010
  3.200000000000000E-004  1.000027897314425E-010
  3.400000000000000E-004  1.000028307325797E-010
  3.600000000000000E-004  1.000028312605363E-010
  3.800000000000000E-004  1.000027860724438E-010
  4.000000000000000E-004  1.000026725868104E-010
  4.200000000000000E-004  1.000024737973155E-010
  4.400000000000000E-004  1.000021727150702E-010
  4.600000000000000E-004  1.000017489804783E-010
  4.800000000000001E-004  1.000011829728708E-010
  5.000000000000000E-004  1.000004286175764E-010
  5.200000000000001E-004  1.000000000000000E-010
  5.400000000000000E-004  1.000000000000000E-010
  5.600000000000001E-004  1.000000000000000E-010
  5.800000000000000E-004  1.000000000000000E-010
  6.000000000000001E-004  1.000000000000000E-010
  6.200000000000000E-004  1.000000000000000E-010
  6.400000000000001E-004  1.000000000000000E-010
  6.600000000000001E-004  1.000000000000000E-010
  6.800000000000000E-004  1.000000000000000E-010
  7.000000000000001E-004  1.000000000000000E-010
  7.200000000000000E-004  1.000000000000000E-010
  7.400000000000001E-004  1.000000000000000E-010
  7.600000000000000E-004  1.000000000000000E-010
  7.800000000000001E-004  1.000000000000000E-010
  8.000000000000000E-004  1.000000000000000E-010
  8.200000000000001E-004  1.000000000000000E-010
  8.400000000000000E-004  1.000000000000000E-010
  8.600000000000001E-004  1.000000000000000E-010
  8.800000000000000E-004  1.000000000000000E-010
  9.000000000000001E-004  1.000000000000000E-010
  9.200000000000000E-004  1.000000000000000E-010
  9.400000000000001E-004  1.000000000000000E-010
  9.600000000000001E-004  1.000000000000000E-010
  9.800000000000002E-004  1.000000000000000E-010
  1.000000000000000E-003  1.000000000000000E-010
  1.020000000000000E-003  1.000000000000000E-010
  1.040000000000000E-003  1.000000000000000E-010
  1.060000000000000E-003  1.000000000000000E-010
  1.080000000000000E-003  1.000000000000000E-010
  1.100000000000000E-003  1.000000000000000E-010
  1.120000000000000E-003  1.000000000000000E-010
  1.140000000000000E-003  1.000000000000000E-010
  1.160000000000000E-003  1.000000000000000E-010
  1.180000000000000E-003  1.000000000000000E-010
  1.200000000000000E-003  1.000000000000000E-010
  1.220000000000000E-003  1.000000000000000E-010
  1.240000000000000E-003  1.000000000000000E-010
  1.260000000000000E-003  1.000000000000000E-010
  1.280000000000000E-003  1.000000000000000E-010
  1.300000000000000E-003  1.000000000000000E-010
  1.320000000000000E-003  1.000000000000000E-010
  1.340000000000000E-003  1.000000000000000E-010
  1.360000000000000E-003  1.000000000000000E-010
  1.380000000000000E-003  1.000000000000000E-010
  1.400000000000000E-003  1.000000000000000E-010
  1.420000000000000E-003  1.000000000000000E-010
  1.440000000000000E-003  1.000000000000000E-010
  1.460000000000000E-003  1.000000000000000E-010
  1.480000000000000E-003  1.000000000000000E-010
  1.500000000000000E-003  1.000000000000000E-010
  1.520000000000000E-003  1.000000000000000E-010
  1.540000000000000E-003  1.000000000000000E-010
  1.560000000000000E-003  1.000000000000000E-010
  1.580000000000000E-003  1.000000000000000E-010
  1.600000000000000E-003  1.000000000000000E-010
  1.620000000000000E-003  1.000000000000000E-010
  1.640000000000000E-003  1.000000000000000E-010
  1.660000000000000E-003  1.000000000000000E-010
  1.680000000000000E-003  1.000000000000000E-010
  1.700000000000000E-003  1.000000000000000E-010
  1.720000000000000E-003  1.000000000000000E-010
  1.740000000000000E-003  1.000000000000000E-010
  1.760000000000000E-003  1.000000000000000E-010
  1.780000000000000E-003  1.000000000000000E-010
  1.800000000000000E-003  1.000000000000000E-010
  1.820000000000000E-003  1.000000000000000E-010
  1.840000000000000E-003  1.000000000000000E-010
  1.860000000000000E-003  1.000000000000000E-010
  1.880000000000000E-003  1.000000000000000E-010
  1.900000000000000E-003  1.000000000000000E-010
  1.920000000000000E-003  1.000000000000000E-010
  1.940000000000000E-003  1.000000000000000E-010
  1.960000000000000E-003  1.000000000000000E-010
  1.980000000000000E-003  1.000000000000000E-010
  2.000000000000000E-003  1.000000000000000E-010
  2.020000000000000E-003  1.000000000000000E-010
  2.040000000000000E-003  1.000000000000000E-010
  2.060000000000000E-003  1.000000000000000E-010
  2.080000000000000E-003  1.000000000000000E-010
  2.100000000000000E-003  1.000000000000000E-010
  2.120000000000000E-003  1.000000000000000E-010
  2.140000000000000E-003  1.000000000000000E-010
  2.160000000000000E-003  1.000000000000000E-010
  2.180000000000000E-003  1.000000000000000E-010
  2.200000000000000E-003  1.000000000000000E-010
  2.220000000000000E-003  1.000000000000000E-010
  2.240000000000000E-003  1.000000000000000E-010
  2.260000000000000E-003  1.000000000000000E-010
  2.280000000000000E-003  1.000000000000000E-010
  2.300000000000000E-003  1.000000000000000E-010
  2.320000000000000E-003  1.000000000000000E-010
  2.340000000000000E-003  1.000000000000000E-010
  2.360000000000000E-003  1.000000000000000E-010
  2.380000000000000E-003  1.000000000000000E-010
  2.400000000000000E-003  1.000000000000000E-010
  2.420000000000000E-003  1.000000000000000E-010
  2.440000000000000E-003  1.000000000000000E-010
  2.460000000000000E-003  1.000000000000000E-010
  2.480000000000000E-003  1.000000000000000E-010
  2.500000000000000E-003  1.000000000000000E-010
  2.520000000000000E-003  1.000000000000000E-010
  2.540000000000000E-003  1.000000000000000E-010
  2.560000000000000E-003  1.000000000000000E-010
  2.580000000000000E-003  1.000000000000000E-010
  2.600000000000000E-003  1.000000000000000E-010
  2.620000000000000E-003  1.000000000000000E-010
  2.640000000000000E-003  1.000000000000000E-010
  2.660000000000000E-003  1.000000000000000E-010
  2.680000000000000E-003  1.000000000000000E-010
  2.700000000000000E-003  1.000000000000000E-010
  2.720000000000000E-003  1.000000000000000E-010
  2.740000000000000E-003  1.000000000000000E-010
  2.760000000000000E-003  1.000000000000000E-010
  2.780000000000000E-003  1.000000000000000E-010
  2.800000000000000E-003  1.000000000000000E-010
  2.820000000000000E-003  1.000000000000000E-010
  2.840000000000000E-003  1.000000000000000E-010
  2.860000000000000E-003  1.000000000000000E-010
  2.880000000000000E-003  1.000000000000000E-010
  2.900000000000000E-003  1.000000000000000E-010
  2.920000000000000E-003  1.000000000000000E-010
  2.940000000000000E-003  1.000000000000000E-010
  2.960000000000000E-003  1.000000000000000E-010
  2.980000000000000E-003  1.000000000000000E-010
  3.000000000000000E-003  1.000000000000000E-010
  3.020000000000000E-003  1.000000000000000E-010
  3.040000000000000E-003  1.000000000000000E-010
  3.060000000000000E-003  1.000000000000000E-010
  3.080000000000000E-003  1.000000000000000E-010
  3.100000000000000E-003  1.000000000000000E-010
  3.120000000000000E-003  1.000000000000000E-010
  3.140000000000000E-003  1.000000000000000E-010
  3.160000000000000E-003  1.000000000000000E-010
  3.180000000000000E-003  1.000000000000000E-010
  3.200000000000000E-003  1.000000000000000E-010
  3.220000000000000E-003  1.000000000000000E-010
  3.240000000000000E-003  1.000000000000000E-010
  3.260000000000000E-003  1.000000000000000E-010
  3.280000000000000E-003  1.000000000000000E-010
  3.300000000000000E-003  1.000000000000000E-010
  3.320000000000000E-003  1.000000000000000E-010
  3.340000000000000E-003  1.000000000000000E-010
  3.360000000000000E-003  1.000000000000000E-010
  3.380000000000000E-003  1.000000000000000E-010
  3.400000000000000E-003  1.000000000000000E-010
  3.420000000000000E-003  1.000000000000000E-010
  3.440000000000000E-003  1.000000000000000E-010
  3.460000000000000E-003  1.000000000000000E-010
  3.480000000000000E-003  1.000000000000000E-010
  3.500000000000000E-003  1.000000000000000E-010
  3.520000000000000E-003  1.000000000000000E-010
  3.540000000000000E-003  1.000000000000000E-010
  3.560000000000000E-003  1.000000000000000E-010
  3.580000000000000E-003  1.000000000000000E-010
  3.600000000000000E-003  1.000000000000000E-010
  3.620000000000000E-003  1.000000000000000E-010
  3.640000000000000E-003  1.000000000000000E-010
  3.660000000000000E-003  1.000000000000000E-010
  3.680000000000000E-003  1.000000000000000E-010
  3.700000000000000E-003  1.000000000000000E-010
  3.720000000000000E-003  1.000000000000000E-010
  3.740000000000000E-003  1.000000000000000E-010
  3.760000000000000E-003  1.000000000000000E-010
  3.780000000000000E-003  1.000000000000000E-010
  3.800000000000000E-003  1.000000000000000E-010
  3.820000000000000E-003  1.000000000000000E-010
  3.840000000000001E-003  1.000000000000000E-010
  3.860000000000000E-003  1.000000000000000E-010
  3.880000000000000E-003  1.000000000000000E-010
  3.900000000000000E-003  1.000000000000000E-010
  3.920000000000001E-003  1.000000000000000E-010
  3.940000000000000E-003  1.000000000000000E-010
  3.960000000000000E-003  1.000000000000000E-010
  3.980000000000000E-003  1.000000000000000E-010
  4.000000000000000E-003  1.000000000000000E-010
  4.020000000000000E-003  1.000000000000000E-010
  4.040000000000000E-003  1.000000000000000E-010
  4.060000000000000E-003  1.000000000000000E-010
  4.080000000000000E-003  1.000000000000000E-010
  4.100000000000000E-003  1.000000000000000E-010
  4.120000000000000E-003  1.000000000000000E-010
  4.140000000000000E-003  1.000000000000000E-010
  4.160000000000001E-003  1.000000000000000E-010
  4.180000000000001E-003  1.000000000000000E-010
  4.200000000000001E-003  1.000000000000000E-010
  4.220000000000001E-003  1.000000000000000E-010
  4.240000000000001E-003  1.000000000000000E-010
  4.260000000000001E-003  1.000000000000000E-010
  4.280000000000000E-003  1.000000000000000E-010
  4.300000000000000E-003  1.000000000000000E-010
  4.320000000000000E-003  1.000000553942141E-010
  4.340000000000000E-003  1.000013885499546E-010
  4.360000000000000E-003  1.000120587512466E-010
  4.380000000000000E-003  1.000663896165395E-010
  4.400000000000000E-003  1.002940371534444E-010
  4.420000000000000E-003  1.007682260492231E-010
  4.440000000000000E-003  1.010484508008628E-010
  4.460000000000000E-003  1.011368927861685E-010
  4.480000000000000E-003  1.011530538962291E-010
  4.500000000000001E-003  1.011489463708043E-010
  4.520000000000001E-003  1.011231662001292E-010
  4.540000000000001E-003  1.010979795649309E-010
  4.560000000000001E-003  1.010820288259184E-010
  4.580000000000001E-003  1.010725736668835E-010
  4.600000000000001E-003  1.010674709603596E-010
  4.620000000000000E-003  1.010662299288466E-010
  4.640000000000000E-003  1.010692108854741E-010
  4.660000000000000E-003  1.010831757997823E-010
  4.680000000000000E-003  1.011202043227327E-010
  4.700000000000000E-003  1.011977857763259E-010
  4.720000000000000E-003  1.013118970664373E-010
  4.740000000000000E-003  1.014019446311986E-010
  4.760000000000000E-003  1.014591570601696E-010
  4.780000000000000E-003  1.014939021502629E-010
  4.800000000000000E-003  1.015157596156731E-010
  4.820000000000000E-003  1.015297735942210E-010
  4.840000000000001E-003  1.015377731162373E-010
  4.860000000000001E-003  1.015429423857552E-010
  4.880000000000001E-003  1.015449958966562E-010
  4.900000000000001E-003  1.015460342529689E-010
  4.920000000000001E-003  1.015453743580907E-010
  4.940000000000001E-003  1.015433964896065E-010
  4.960000000000000E-003  1.015413301774281E-010
  4.980000000000000E-003  1.015396326811544E-010
  5.000000000000000E-003  1.015374031231646E-010
  5.020000000000000E-003  1.015324083394468E-010
  5.040000000000000E-003  1.015257466754390E-010
  5.060000000000000E-003  1.015198851382054E-010
  5.080000000000000E-003  1.015160989722333E-010
  5.100000000000000E-003  1.015148939324897E-010
  5.120000000000000E-003  1.015163530429124E-010
  5.140000000000000E-003  1.015218653819006E-010
  5.160000000000001E-003  1.015333808075636E-010
  5.180000000000001E-003  1.015545729810351E-010
  5.200000000000001E-003  1.015910835444951E-010
  5.220000000000001E-003  1.016505139376580E-010
  5.240000000000001E-003  1.017403877606272E-010
  5.260000000000001E-003  1.018372076547865E-010
  5.280000000000001E-003  1.019072542668454E-010
  5.300000000000000E-003  1.019525639026000E-010
  5.320000000000000E-003  1.019797096748479E-010
  5.340000000000000E-003  1.019947366717860E-010
  5.360000000000000E-003  1.020023772279706E-010
  5.380000000000000E-003  1.020049963500890E-010
  5.400000000000000E-003  1.020058504021061E-010
  5.420000000000000E-003  1.020059154481477E-010
  5.440000000000000E-003  1.020066501019671E-010
  5.460000000000000E-003  1.020082649198585E-010
  5.480000000000000E-003  1.020107989509999E-010
  5.500000000000001E-003  1.020142622039444E-010
  5.520000000000001E-003  1.020186684610946E-010
  5.540000000000001E-003  1.020236185799245E-010
  5.560000000000001E-003  1.020283309253383E-010
  5.580000000000001E-003  1.020325173598645E-010
  5.600000000000001E-003  1.020363509733105E-010
  5.620000000000001E-003  1.020400102217953E-010
  5.640000000000000E-003  1.020436460695676E-010
  5.660000000000000E-003  1.020474390974807E-010
  5.680000000000000E-003  1.020519243765802E-010
  5.700000000000000E-003  1.020579521811947E-010
  5.720000000000000E-003  1.020665061908618E-010
  5.740000000000000E-003  1.020785031256040E-010
  5.760000000000000E-003  1.020949879058785E-010
  5.780000000000000E-003  1.021174236808707E-010
  5.800000000000000E-003  1.021451641467382E-010
  5.820000000000001E-003  1.021712694701523E-010
  5.840000000000001E-003  1.021947480351329E-010
  5.860000000000001E-003  1.022167058625387E-010
  5.880000000000001E-003  1.022387572864048E-010
  5.900000000000001E-003  1.022618136541217E-010
  5.920000000000001E-003  1.022865683601830E-010
  5.940000000000001E-003  1.023084411640279E-010
  5.960000000000001E-003  1.023235139145419E-010
  5.980000000000000E-003  1.023321011597818E-010
  6.000000000000000E-003  1.023361906913825E-010
  6.020000000000000E-003  1.023372911803047E-010
  6.040000000000000E-003  1.023347138573921E-010
  6.060000000000000E-003  1.023296926433822E-010
  6.080000000000000E-003  1.023229057027699E-010
  6.100000000000000E-003  1.023141971940186E-010
  6.120000000000000E-003  1.023033819675778E-010
  6.140000000000000E-003  1.022915140614752E-010
  6.160000000000001E-003  1.022797141132787E-010
  6.180000000000001E-003  1.022684162392186E-010
  6.200000000000001E-003  1.022581293240394E-010
  6.220000000000001E-003  1.022496955423814E-010
  6.240000000000001E-003  1.022442253343890E-010
  6.260000000000001E-003  1.022421655494826E-010
  6.280000000000001E-003  1.022438836277962E-010
  6.300000000000001E-003  1.022526402157431E-010
  6.320000000000000E-003  1.022712202035170E-010
  6.340000000000000E-003  1.023044559274911E-010
  6.360000000000000E-003  1.023556102018376E-010
  6.380000000000000E-003  1.024108597774838E-010
  6.400000000000000E-003  1.024516929413632E-010
  6.420000000000000E-003  1.024783066885284E-010
  6.440000000000000E-003  1.024939994930959E-010
  6.460000000000000E-003  1.025017334973065E-010
  6.480000000000001E-003  1.025045025882351E-010
  6.500000000000001E-003  1.025051348206413E-010
  6.520000000000001E-003  1.025011227013343E-010
  6.540000000000001E-003  1.024940355896507E-010
  6.560000000000001E-003  1.024854382697463E-010
  6.580000000000001E-003  1.024758339755043E-010
  6.600000000000001E-003  1.024655204197437E-010
  6.620000000000001E-003  1.024548178385042E-010
  6.640000000000001E-003  1.024441446029270E-010
  6.660000000000000E-003  1.024336299677757E-010
  6.680000000000000E-003  1.024232887778911E-010
  6.700000000000000E-003  1.024131138958907E-010
  6.720000000000000E-003  1.024030700740144E-010
  6.740000000000000E-003  1.023931485909947E-010
  6.760000000000000E-003  1.023833578086523E-010
  6.780000000000000E-003  1.023736983395778E-010
  6.800000000000000E-003  1.023641556698261E-010
  6.820000000000001E-003  1.023547155235485E-010
  6.840000000000001E-003  1.023453721787515E-010
  6.860000000000001E-003  1.023361282429887E-010
  6.880000000000001E-003  1.023269946897560E-010
  6.900000000000001E-003  1.023179902747983E-010
  6.920000000000001E-003  1.023091447952071E-010
  6.940000000000001E-003  1.023005026320785E-010
  6.960000000000001E-003  1.022921198510083E-010
  6.980000000000001E-003  1.022840560186267E-010
  7.000000000000000E-003  1.022763619518390E-010
  7.020000000000000E-003  1.022690681965344E-010
  7.040000000000000E-003  1.022621822362291E-010
  7.060000000000000E-003  1.022556851604095E-010
  7.080000000000000E-003  1.022495380971231E-010
  7.100000000000000E-003  1.022436795197716E-010
  7.120000000000000E-003  1.022380389203305E-010
  7.140000000000001E-003  1.022325279129439E-010
  7.160000000000001E-003  1.022270545208651E-010
  7.180000000000001E-003  1.022215298486481E-010
  7.200000000000001E-003  1.022158035030375E-010
  7.220000000000001E-003  1.022096309635425E-010
  7.240000000000001E-003  1.022028653706906E-010
  7.260000000000001E-003  1.021954558538610E-010
  7.280000000000001E-003  1.021873648989218E-010
  7.300000000000001E-003  1.021785856925695E-010
  7.320000000000001E-003  1.021691489623158E-010
  7.340000000000000E-003  1.021591212760998E-010
  7.360000000000000E-003  1.021485312806295E-010
  7.380000000000000E-003  1.021375915434416E-010
  7.400000000000000E-003  1.021266276920336E-010
  7.420000000000000E-003  1.021156793090393E-010
  7.440000000000000E-003  1.021047585690658E-010
  7.460000000000000E-003  1.020938279985945E-010
  7.480000000000001E-003  1.020828541424645E-010
  7.500000000000001E-003  1.020717944039269E-010
  7.520000000000001E-003  1.020605822300438E-010
  7.540000000000001E-003  1.020491268024516E-010
  7.560000000000001E-003  1.020373370719863E-010
  7.580000000000001E-003  1.020251342811204E-010
  7.600000000000001E-003  1.020124561757099E-010
  7.620000000000001E-003  1.019992671181041E-010
  7.640000000000001E-003  1.019855656004245E-010
  7.660000000000001E-003  1.019713817742584E-010
  7.680000000000001E-003  1.019567507513388E-010
  7.700000000000000E-003  1.019416816566678E-010
  7.720000000000000E-003  1.019266380530811E-010
  7.740000000000000E-003  1.019120038131952E-010
  7.760000000000000E-003  1.018979129993954E-010
  7.780000000000000E-003  1.018843898322692E-010
  7.800000000000001E-003  1.018714229663300E-010
  7.820000000000001E-003  1.018589950980736E-010
  7.840000000000001E-003  1.018470875217819E-010
  7.860000000000001E-003  1.018356765088089E-010
  7.880000000000000E-003  1.018247238740180E-010
  7.900000000000001E-003  1.018141796120112E-010
  7.920000000000000E-003  1.018039842149326E-010
  7.940000000000001E-003  1.017940768163515E-010
  7.960000000000000E-003  1.017844201509930E-010
  7.980000000000001E-003  1.017750157385733E-010
  8.000000000000000E-003  1.017659152302270E-010
  8.020000000000001E-003  1.017572132889517E-010
  8.040000000000000E-003  1.017490244210573E-010
  8.060000000000001E-003  1.017414641381943E-010
  8.080000000000000E-003  1.017346437850048E-010
  8.100000000000001E-003  1.017286705988102E-010
  8.120000000000000E-003  1.017236350236685E-010
  8.140000000000001E-003  1.017196040919181E-010
  8.160000000000001E-003  1.017166336433299E-010
  8.180000000000002E-003  1.017147944263909E-010
  8.200000000000001E-003  1.017140037330418E-010
  8.220000000000000E-003  1.017144107677416E-010
  8.240000000000001E-003  1.017154314265880E-010
  8.260000000000000E-003  1.017172923324558E-010
  8.280000000000001E-003  1.017197930959770E-010
  8.300000000000000E-003  1.017228992139118E-010
  8.320000000000001E-003  1.017265140440220E-010
  8.340000000000000E-003  1.017306787723902E-010
  8.360000000000001E-003  1.017355001473351E-010
  8.380000000000000E-003  1.017411385497197E-010
  8.400000000000001E-003  1.017478702531659E-010
  8.420000000000000E-003  1.017560606264233E-010
  8.440000000000001E-003  1.017661122980481E-010
  8.460000000000001E-003  1.017784775301658E-010
  8.480000000000001E-003  1.017936690182852E-010
  8.500000000000001E-003  1.018122165082949E-010
  8.520000000000002E-003  1.018346387941795E-010
  8.540000000000001E-003  1.018614497624916E-010
  8.560000000000000E-003  1.018911031909724E-010
  8.580000000000001E-003  1.019182423333834E-010
  8.600000000000000E-003  1.019412107823671E-010
  8.620000000000001E-003  1.019602842434195E-010
  8.640000000000000E-003  1.019758050672969E-010
  8.660000000000001E-003  1.019881019110543E-010
  8.680000000000000E-003  1.019974695802072E-010
  8.700000000000001E-003  1.020042541110459E-010
  8.720000000000000E-003  1.020088390097566E-010
  8.740000000000001E-003  1.020119411021864E-010
  8.760000000000000E-003  1.020141575249852E-010
  8.780000000000001E-003  1.020159945153887E-010
  8.800000000000001E-003  1.020177923661010E-010
  8.820000000000001E-003  1.020197471693100E-010
  8.840000000000001E-003  1.020219180574619E-010
  8.860000000000002E-003  1.020242255468510E-010
  8.880000000000001E-003  1.020270384504335E-010
  8.900000000000000E-003  1.020304000247490E-010
  8.920000000000001E-003  1.020337707332603E-010
  8.940000000000000E-003  1.020366043635309E-010
  8.960000000000001E-003  1.020387476491572E-010
  8.980000000000000E-003  1.020400591315282E-010
  9.000000000000001E-003  1.020404731450309E-010
  9.020000000000000E-003  1.020400559645344E-010
  9.040000000000001E-003  1.020385817050888E-010
  9.060000000000000E-003  1.020360091802761E-010
  9.080000000000001E-003  1.020325707034501E-010
  9.100000000000000E-003  1.020283876548917E-010
  9.120000000000001E-003  1.020238896841425E-010
  9.140000000000001E-003  1.020193240002906E-010
  9.160000000000001E-003  1.020147679876163E-010
  9.180000000000001E-003  1.020102248507665E-010
  9.200000000000002E-003  1.020056694001575E-010
  9.220000000000001E-003  1.020011110483301E-010
  9.240000000000000E-003  1.019965569324429E-010
  9.260000000000001E-003  1.019919888998565E-010
  9.280000000000000E-003  1.019873858024179E-010
  9.300000000000001E-003  1.019827098206158E-010
  9.320000000000000E-003  1.019778840198275E-010
  9.340000000000001E-003  1.019728851741016E-010
  9.360000000000000E-003  1.019676849520691E-010
  9.380000000000001E-003  1.019622769886384E-010
  9.400000000000000E-003  1.019566519427245E-010
  9.420000000000001E-003  1.019508488751080E-010
  9.440000000000000E-003  1.019449277777366E-010
  9.460000000000001E-003  1.019389197179617E-010
  9.480000000000001E-003  1.019328987395552E-010
  9.500000000000001E-003  1.019269263642122E-010
  9.520000000000001E-003  1.019211273426266E-010
  9.540000000000002E-003  1.019156328283533E-010
  9.560000000000001E-003  1.019105777333217E-010
  9.580000000000000E-003  1.019061235080952E-010
  9.600000000000001E-003  1.019024621474240E-010
  9.620000000000000E-003  1.018998888548979E-010
  9.640000000000001E-003  1.018985963758481E-010
  9.660000000000000E-003  1.018982696463454E-010
  9.680000000000001E-003  1.018991322366231E-010
  9.700000000000000E-003  1.019008626557256E-010
  9.720000000000001E-003  1.019035945855251E-010
  9.740000000000000E-003  1.019074695001489E-010
  9.760000000000001E-003  1.019125703368639E-010
  9.780000000000000E-003  1.019188760779625E-010
  9.800000000000001E-003  1.019265408900881E-010
  9.820000000000001E-003  1.019357923364132E-010
  9.840000000000002E-003  1.019466867163443E-010
  9.860000000000001E-003  1.019588506299733E-010
  9.880000000000002E-003  1.019715887898770E-010
  9.900000000000001E-003  1.019848097729597E-010
  9.920000000000000E-003  1.019985620476489E-010
  9.940000000000001E-003  1.020128654397025E-010
  9.960000000000000E-003  1.020267120202238E-010
  9.980000000000001E-003  1.020385694614082E-010
  1.000000000000000E-002  1.020481984101796E-010
  1.002000000000000E-002  1.020556978447136E-010
  1.004000000000000E-002  1.020612080593769E-010
  1.006000000000000E-002  1.020652218314617E-010
  1.008000000000000E-002  1.020676165834287E-010
  1.010000000000000E-002  1.020683754781887E-010
  1.012000000000000E-002  1.020677721914853E-010
  1.014000000000000E-002  1.020666719720956E-010
  1.016000000000000E-002  1.020650565560451E-010
  1.018000000000000E-002  1.020631682241727E-010
  1.020000000000000E-002  1.020610953025653E-010
  1.022000000000000E-002  1.020588683135693E-010
  1.024000000000000E-002  1.020565211891501E-010
  1.026000000000000E-002  1.020541078029048E-010
  1.028000000000000E-002  1.020516557543817E-010
  1.030000000000000E-002  1.020491931109983E-010
  1.032000000000000E-002  1.020466823558991E-010
  1.034000000000000E-002  1.020440469922921E-010
  1.036000000000000E-002  1.020412779759834E-010
  1.038000000000000E-002  1.020382715897622E-010
  1.040000000000000E-002  1.020349688637500E-010
  1.042000000000000E-002  1.020312743365843E-010
  1.044000000000000E-002  1.020271726883618E-010
  1.046000000000000E-002  1.020226580632304E-010
  1.048000000000000E-002  1.020177397201012E-010
  1.050000000000000E-002  1.020124300616601E-010
  1.052000000000000E-002  1.020067854340263E-010
  1.054000000000000E-002  1.020009305677386E-010
  1.056000000000000E-002  1.019950217971767E-010
  1.058000000000000E-002  1.019891498548316E-010
  1.060000000000000E-002  1.019833289704818E-010
  1.062000000000000E-002  1.019775764925132E-010
  1.064000000000000E-002  1.019718822041444E-010
  1.066000000000000E-002  1.019662324533227E-010
  1.068000000000000E-002  1.019606327848323E-010
  1.070000000000000E-002  1.019550658424316E-010
  1.072000000000000E-002  1.019495421752426E-010
  1.074000000000000E-002  1.019440735343520E-010
  1.076000000000000E-002  1.019387043138005E-010
  1.078000000000000E-002  1.019334867684371E-010
  1.080000000000000E-002  1.019284819960638E-010
  1.082000000000000E-002  1.019237602529476E-010
  1.084000000000000E-002  1.019194030472839E-010
  1.086000000000000E-002  1.019154928316570E-010
  1.088000000000000E-002  1.019120761057722E-010
  1.090000000000000E-002  1.019092445374878E-010
  1.092000000000000E-002  1.019068168755080E-010
  1.094000000000000E-002  1.019051308193890E-010
  1.096000000000000E-002  1.019037830337776E-010
  1.098000000000000E-002  1.019031063450214E-010
  1.100000000000000E-002  1.019030318592229E-010
  1.102000000000000E-002  1.019034857246013E-010
  1.104000000000000E-002  1.019044160495773E-010
  1.106000000000000E-002  1.019057798610152E-010
  1.108000000000000E-002  1.019075232916202E-010
  1.110000000000000E-002  1.019096030752587E-010
  1.112000000000000E-002  1.019119092223581E-010
  1.114000000000000E-002  1.019143439681377E-010
  1.116000000000000E-002  1.019167480506497E-010
  1.118000000000000E-002  1.019189694258615E-010
  1.120000000000000E-002  1.019209989308181E-010
  1.122000000000000E-002  1.019228740929186E-010
  1.124000000000000E-002  1.019246279890956E-010
  1.126000000000000E-002  1.019263019506160E-010
  1.128000000000000E-002  1.019278852210650E-010
  1.130000000000000E-002  1.019294593807697E-010
  1.132000000000000E-002  1.019311175635309E-010
  1.134000000000000E-002  1.019328879452382E-010
  1.136000000000000E-002  1.019347614612757E-010
  1.138000000000000E-002  1.019367745785056E-010
  1.140000000000000E-002  1.019390103534481E-010
  1.142000000000000E-002  1.019415221154510E-010
  1.144000000000000E-002  1.019443431478623E-010
  1.146000000000000E-002  1.019474181263164E-010
  1.148000000000000E-002  1.019504944200984E-010
  1.150000000000000E-002  1.019533748715936E-010
  1.152000000000000E-002  1.019559034410347E-010
  1.154000000000000E-002  1.019579698423609E-010
  1.156000000000000E-002  1.019596044583228E-010
  1.158000000000000E-002  1.019607758769517E-010
  1.160000000000000E-002  1.019614366045976E-010
  1.162000000000000E-002  1.019615978014477E-010
  1.164000000000000E-002  1.019613965173334E-010
  1.166000000000000E-002  1.019608501335423E-010
  1.168000000000000E-002  1.019598873573574E-010
  1.170000000000000E-002  1.019584744200762E-010
  1.172000000000000E-002  1.019565985224433E-010
  1.174000000000000E-002  1.019542483710638E-010
  1.176000000000000E-002  1.019514133108938E-010
  1.178000000000000E-002  1.019481494254987E-010
  1.180000000000000E-002  1.019444915017122E-010
  1.182000000000000E-002  1.019404022608821E-010
  1.184000000000000E-002  1.019359566514145E-010
  1.186000000000000E-002  1.019310884261276E-010
  1.188000000000000E-002  1.019257734737749E-010
  1.190000000000000E-002  1.019200365663420E-010
  1.192000000000000E-002  1.019139195284623E-010
  1.194000000000000E-002  1.019075210664271E-010
  1.196000000000000E-002  1.019009058160884E-010
  1.198000000000000E-002  1.018941135803620E-010
  1.200000000000000E-002  1.018872140333459E-010
  1.202000000000000E-002  1.018803158255615E-010
  1.204000000000000E-002  1.018735749771234E-010
  1.206000000000000E-002  1.018672478697489E-010
  1.208000000000000E-002  1.018613307493570E-010
  1.210000000000000E-002  1.018558703513476E-010
  1.212000000000000E-002  1.018508819784749E-010
  1.214000000000000E-002  1.018464400347647E-010
  1.216000000000000E-002  1.018425458666286E-010
  1.218000000000000E-002  1.018391231962233E-010
  1.220000000000000E-002  1.018361645554770E-010
  1.222000000000000E-002  1.018336886425970E-010
  1.224000000000000E-002  1.018316789438525E-010
  1.226000000000000E-002  1.018300692620516E-010
  1.228000000000000E-002  1.018287488612978E-010
  1.230000000000000E-002  1.018276378021595E-010
  1.232000000000000E-002  1.018266498654870E-010
  1.234000000000000E-002  1.018257175160644E-010
  1.236000000000000E-002  1.018248117745955E-010
  1.238000000000000E-002  1.018239177913146E-010
  1.240000000000000E-002  1.018230105621434E-010
  1.242000000000000E-002  1.018220461203324E-010
  1.244000000000000E-002  1.018210882150108E-010
  1.246000000000000E-002  1.018202977699194E-010
  1.248000000000000E-002  1.018198204455650E-010
  1.250000000000000E-002  1.018197335794804E-010
  1.252000000000000E-002  1.018200916260047E-010
  1.254000000000000E-002  1.018208776315637E-010
  1.256000000000000E-002  1.018221701731571E-010
  1.258000000000000E-002  1.018240001905151E-010
  1.260000000000000E-002  1.018263596982425E-010
  1.262000000000000E-002  1.018292276942155E-010
  1.264000000000000E-002  1.018326409793786E-010
  1.266000000000000E-002  1.018366194435169E-010
  1.268000000000000E-002  1.018411799597743E-010
  1.270000000000000E-002  1.018463091042694E-010
  1.272000000000000E-002  1.018520834102397E-010
  1.274000000000000E-002  1.018585064022673E-010
  1.276000000000000E-002  1.018656115992147E-010
  1.278000000000000E-002  1.018734170311924E-010
  1.280000000000000E-002  1.018819332995193E-010
  1.282000000000000E-002  1.018911848399530E-010
  1.284000000000000E-002  1.019011743954024E-010
  1.286000000000000E-002  1.019118621632961E-010
  1.288000000000000E-002  1.019233956010034E-010
  1.290000000000000E-002  1.019356642468761E-010
  1.292000000000000E-002  1.019484141113289E-010
  1.294000000000000E-002  1.019613967554728E-010
  1.296000000000000E-002  1.019742062555827E-010
  1.298000000000000E-002  1.019866562078953E-010
  1.300000000000000E-002  1.019987156956260E-010
  1.302000000000000E-002  1.020103488487076E-010
  1.304000000000000E-002  1.020215311464147E-010
  1.306000000000000E-002  1.020322435624365E-010
  1.308000000000000E-002  1.020424699697429E-010
  1.310000000000000E-002  1.020522071853937E-010
  1.312000000000000E-002  1.020614583951749E-010
  1.314000000000000E-002  1.020702193629996E-010
  1.316000000000000E-002  1.020784777701198E-010
  1.318000000000000E-002  1.020862193410693E-010
  1.320000000000000E-002  1.020934120444818E-010
  1.322000000000000E-002  1.021000033042434E-010
  1.324000000000000E-002  1.021059052855618E-010
  1.326000000000000E-002  1.021111114840953E-010
  1.328000000000000E-002  1.021156200794977E-010
  1.330000000000000E-002  1.021194510988951E-010
  1.332000000000000E-002  1.021226018646232E-010
  1.334000000000000E-002  1.021251961641313E-010
  1.336000000000000E-002  1.021271948281577E-010
  1.338000000000000E-002  1.021286151185833E-010
  1.340000000000000E-002  1.021293878168299E-010
  1.342000000000000E-002  1.021296015375928E-010
  1.344000000000000E-002  1.021293096274803E-010
  1.346000000000000E-002  1.021291460346067E-010
  1.348000000000000E-002  1.021291635535575E-010
  1.350000000000000E-002  1.021294139822950E-010
  1.352000000000000E-002  1.021300128262882E-010
  1.354000000000000E-002  1.021310280480882E-010
  1.356000000000000E-002  1.021324874646609E-010
  1.358000000000000E-002  1.021343256415323E-010
  1.360000000000000E-002  1.021364303059804E-010
  1.362000000000000E-002  1.021390977308171E-010
  1.364000000000000E-002  1.021423635084229E-010
  1.366000000000000E-002  1.021460587554191E-010
  1.368000000000000E-002  1.021500538613892E-010
  1.370000000000000E-002  1.021543524105879E-010
  1.372000000000000E-002  1.021589948001626E-010
  1.374000000000000E-002  1.021639896745864E-010
  1.376000000000000E-002  1.021692496534871E-010
  1.378000000000000E-002  1.021746880489235E-010
  1.380000000000000E-002  1.021802136770773E-010
  1.382000000000000E-002  1.021857697747653E-010
  1.384000000000000E-002  1.021913334469105E-010
  1.386000000000000E-002  1.021968571498939E-010
  1.388000000000000E-002  1.022023403990470E-010
  1.390000000000000E-002  1.022077204537671E-010
  1.392000000000000E-002  1.022129689273846E-010
  1.394000000000000E-002  1.022180694456177E-010
  1.396000000000000E-002  1.022229998552067E-010
  1.398000000000000E-002  1.022277424549905E-010
  1.400000000000000E-002  1.022322639738364E-010
  1.402000000000000E-002  1.022365162115259E-010
  1.404000000000000E-002  1.022404635321726E-010
  1.406000000000000E-002  1.022440689057057E-010
  1.408000000000000E-002  1.022472884939226E-010
  1.410000000000000E-002  1.022500967830635E-010
  1.412000000000000E-002  1.022524782167368E-010
  1.414000000000000E-002  1.022543824460561E-010
  1.416000000000000E-002  1.022557867679216E-010
  1.418000000000000E-002  1.022567217673376E-010
  1.420000000000000E-002  1.022572737734657E-010
  1.422000000000000E-002  1.022574541589086E-010
  1.424000000000000E-002  1.022570753944190E-010
  1.426000000000000E-002  1.022562792917756E-010
  1.428000000000000E-002  1.022551350598530E-010
  1.430000000000000E-002  1.022536620403980E-010
  1.432000000000000E-002  1.022518499061075E-010
  1.434000000000000E-002  1.022497089421278E-010
  1.436000000000000E-002  1.022472665237367E-010
  1.438000000000000E-002  1.022445373110165E-010
  1.440000000000000E-002  1.022415245921242E-010
  1.442000000000000E-002  1.022382325844217E-010
  1.444000000000000E-002  1.022346718110519E-010
  1.446000000000000E-002  1.022308626464011E-010
  1.448000000000000E-002  1.022268368350774E-010
  1.450000000000000E-002  1.022226282274871E-010
  1.452000000000000E-002  1.022182759921301E-010
  1.454000000000000E-002  1.022138321713074E-010
  1.456000000000000E-002  1.022093577774201E-010
  1.458000000000000E-002  1.022049649885522E-010
  1.460000000000000E-002  1.022007609481593E-010
  1.462000000000000E-002  1.021970034969948E-010
  1.464000000000000E-002  1.021933836126781E-010
  1.466000000000000E-002  1.021903891328958E-010
  1.468000000000000E-002  1.021880199835104E-010
  1.470000000000000E-002  1.021856566762934E-010
  1.472000000000000E-002  1.021837996785434E-010
  1.474000000000000E-002  1.021824429185070E-010
  1.476000000000000E-002  1.021813664933987E-010
  1.478000000000000E-002  1.021805152079719E-010
  1.480000000000000E-002  1.021798344766381E-010
  1.482000000000000E-002  1.021792875956984E-010
  1.484000000000000E-002  1.021788027844778E-010
  1.486000000000000E-002  1.021782756724267E-010
  1.488000000000000E-002  1.021776442101289E-010
  1.490000000000000E-002  1.021768232434651E-010
  1.492000000000000E-002  1.021756749663293E-010
  1.494000000000000E-002  1.021740989202229E-010
  1.496000000000000E-002  1.021720022775277E-010
  1.498000000000000E-002  1.021693198277205E-010
  1.500000000000000E-002  1.021660313997227E-010
  1.502000000000000E-002  1.021621474606289E-010
  1.504000000000000E-002  1.021576830970694E-010
  1.506000000000000E-002  1.021526471459658E-010
  1.508000000000000E-002  1.021470441356238E-010
  1.510000000000000E-002  1.021408698020789E-010
  1.512000000000000E-002  1.021341294094808E-010
  1.514000000000000E-002  1.021268369101047E-010
  1.516000000000000E-002  1.021189660756219E-010
  1.518000000000000E-002  1.021104526524302E-010
  1.520000000000000E-002  1.021011951937294E-010
  1.522000000000000E-002  1.020909724023399E-010
  1.524000000000000E-002  1.020794103083913E-010
  1.526000000000000E-002  1.020661062708885E-010
  1.528000000000000E-002  1.020543285211903E-010
  1.530000000000000E-002  1.020467337510466E-010
  1.532000000000000E-002  1.020427395298738E-010
  1.534000000000000E-002  1.020411471749172E-010
  1.536000000000000E-002  1.020410014253796E-010
  1.538000000000000E-002  1.020421426277172E-010
  1.540000000000000E-002  1.020462114075185E-010
  1.542000000000000E-002  1.020550504159591E-010
  1.544000000000000E-002  1.020706513210970E-010
  1.546000000000000E-002  1.020954557594218E-010
  1.548000000000000E-002  1.021327298888967E-010
  1.550000000000000E-002  1.021868012333475E-010
  1.552000000000000E-002  1.022636273551521E-010
  1.554000000000000E-002  1.023711510700615E-010
  1.556000000000000E-002  1.025199896737967E-010
  1.558000000000000E-002  1.027248127832692E-010
  1.560000000000000E-002  1.030070963353879E-010
  1.562000000000000E-002  1.034005344185091E-010
  1.564000000000000E-002  1.039615681981670E-010
  1.566000000000000E-002  1.047896711118420E-010
  1.568000000000000E-002  1.060660646765674E-010
  1.570000000000000E-002  1.081271486117765E-010
  1.572000000000000E-002  1.116026277550797E-010
  1.574000000000000E-002  1.176663722862828E-010
  1.576000000000000E-002  1.284994986680861E-010
  1.578000000000000E-002  1.481283763406201E-010
  1.580000000000000E-002  1.839247660912629E-010
  1.582000000000000E-002  2.492671859867027E-010
  1.584000000000000E-002  3.682176814253034E-010
  1.586000000000000E-002  5.836644375961476E-010
  1.588000000000000E-002  9.712907842782340E-010
  1.590000000000000E-002  1.663292949440632E-009
  1.592000000000000E-002  2.888283215996752E-009
  1.594000000000000E-002  5.037660695157612E-009
  1.596000000000000E-002  8.774849347892913E-009
  1.598000000000000E-002  1.521330281434856E-008
  1.600000000000000E-002  2.620393516099399E-008
  1.602000000000000E-002  4.479556032949834E-008
  1.604000000000000E-002  7.596678854473439E-008
  1.606000000000000E-002  1.277850868548916E-007
  1.608000000000000E-002  2.132557226409599E-007
  1.610000000000000E-002  3.532504433361971E-007
  1.612000000000000E-002  5.811851691428933E-007
  1.614000000000000E-002  9.505529226385509E-007
  1.616000000000000E-002  1.547160034076802E-006
  1.618000000000000E-002  2.509193703890399E-006
  1.620000000000000E-002  4.060301833212826E-006
  1.622000000000000E-002  6.564067774754606E-006
  1.624000000000000E-002  1.061228071836341E-005
  1.626000000000000E-002  1.716416929034968E-005
  1.628000000000000E-002  2.776892390188078E-005
  1.630000000000000E-002  4.492569152999428E-005
  1.632000000000000E-002  7.266756159362685E-005
  1.634000000000000E-002  1.174907800115162E-004
  1.636000000000000E-002  1.898419297731662E-004
  1.638000000000000E-002  3.064692575302531E-004
  1.640000000000000E-002  4.940762973451319E-004
  1.642000000000000E-002  7.949291110318393E-004
  1.644000000000000E-002  1.275352837716480E-003
  1.646000000000000E-002  2.038268684024368E-003
  1.648000000000000E-002  3.241172078647446E-003
  1.650000000000000E-002  5.121254166496251E-003
  1.652000000000000E-002  8.029422348754055E-003
  1.654000000000000E-002  1.247461052548854E-002
  1.656000000000000E-002  1.917868318239365E-002
  1.658000000000000E-002  2.913883006157122E-002
  1.660000000000000E-002  4.368399513929482E-002
  1.662000000000000E-002  6.450881046091542E-002
  1.664000000000000E-002  9.367846859091951E-002
  1.666000000000000E-002  0.133591964534479     
  1.668000000000000E-002  0.186885682025617     
  1.670000000000000E-002  0.256230088999750     
  1.672000000000000E-002  0.343935902451024     
  1.674000000000000E-002  0.451324980817566     
  1.676000000000000E-002  0.577138043639860     
  1.678000000000000E-002  0.693768210714082     
  1.680000000000000E-002  0.781677986189868     
  1.682000000000000E-002  0.846095772235335     
  1.684000000000000E-002  0.892419198031612     
  1.686000000000000E-002  0.925352868819586     
  1.688000000000000E-002  0.948628040735681     
  1.690000000000000E-002  0.964998481197431     
  1.692000000000000E-002  0.976431285525166     
  1.694000000000000E-002  0.984331995321774     
  1.696000000000000E-002  0.989717803543500     
  1.698000000000000E-002  0.993330667833566     
  1.700000000000000E-002  0.995707478222642     
  1.702000000000000E-002  0.997227596017412     
  1.704000000000000E-002  0.998151693029296     
  1.706000000000000E-002  0.998658320396481     
  1.708000000000000E-002  0.998878927286167     
  1.710000000000000E-002  0.998928524154874     
  1.712000000000000E-002  0.998905041516798     
  1.714000000000000E-002  0.998776827509850     
  1.716000000000000E-002  0.998439428761692     
  1.718000000000000E-002  0.997744569280440     
  1.720000000000000E-002  0.996466488362094     
  1.722000000000000E-002  0.994254226512576     
  1.724000000000000E-002  0.990567119914925     
  1.726000000000000E-002  0.984591267596164     
  1.728000000000000E-002  0.975138018944418     
  1.730000000000000E-002  0.960532297870334     
  1.732000000000000E-002  0.938510548268680     
  1.734000000000000E-002  0.906169849429660     
  1.736000000000000E-002  0.860049214410685     
  1.738000000000000E-002  0.796407025596980     
  1.740000000000000E-002  0.711690091622862     
  1.742000000000000E-002  0.603218624250225     
  1.744000000000000E-002  0.470389803101067     
  1.746000000000000E-002  0.328611125415909     
  1.748000000000000E-002  0.219446749199162     
  1.750000000000000E-002  0.141907559379581     
  1.752000000000000E-002  8.899827922828490E-002
  1.754000000000000E-002  5.418857557188334E-002
  1.756000000000000E-002  3.206409520010608E-002
  1.758000000000000E-002  1.848655466069291E-002
  1.760000000000000E-002  1.048656469748053E-002
  1.762000000000000E-002  6.038732997373515E-003
  1.764000000000000E-002  3.806949462664744E-003
  1.766000000000000E-002  2.909624912343431E-003
  1.768000000000000E-002  2.723527077392339E-003
  1.770000000000000E-002  2.821114937537334E-003
  1.772000000000000E-002  3.301951904539355E-003
  1.774000000000000E-002  4.461325147506787E-003
  1.776000000000000E-002  6.622842552331189E-003
  1.778000000000000E-002  1.017674851298393E-002
  1.780000000000000E-002  1.561621241998726E-002
  1.782000000000000E-002  2.356694019612525E-002
  1.784000000000000E-002  3.478954503224983E-002
  1.786000000000000E-002  5.012494053424164E-002
  1.788000000000000E-002  7.034965019793034E-002
  1.790000000000000E-002  9.591545249907930E-002
  1.792000000000000E-002  0.122652786518686     
  1.794000000000000E-002  0.141397826953101     
  1.796000000000000E-002  0.153714023895311     
  1.798000000000000E-002  0.162312650230662     
  1.800000000000000E-002  0.169475228379155     
  1.802000000000000E-002  0.176463119429106     
  1.804000000000000E-002  0.183800467126526     
  1.806000000000000E-002  0.192306316219045     
  1.808000000000000E-002  0.203014471165792     
  1.810000000000000E-002  0.216837780222651     
  1.812000000000000E-002  0.234239026780901     
  1.814000000000000E-002  0.255169703489910     
  1.816000000000000E-002  0.279175789974911     
  1.818000000000000E-002  0.305637026643313     
  1.820000000000000E-002  0.334106776934499     
  1.822000000000000E-002  0.364627997147474     
  1.824000000000000E-002  0.397879415219693     
  1.826000000000000E-002  0.435044087174499     
  1.828000000000000E-002  0.477395267950304     
  1.830000000000000E-002  0.525724990673235     
  1.832000000000000E-002  0.579851063845770     
  1.834000000000000E-002  0.634984437925351     
  1.836000000000000E-002  0.682828864371637     
  1.838000000000000E-002  0.724165455056730     
  1.840000000000000E-002  0.760105187148432     
  1.842000000000000E-002  0.791668482457839     
  1.844000000000000E-002  0.819854245029651     
  1.846000000000000E-002  0.845594902879257     
  1.848000000000000E-002  0.869544205447664     
  1.850000000000000E-002  0.891861092695789     
  1.852000000000000E-002  0.912170055005444     
  1.854000000000000E-002  0.929731593233042     
  1.856000000000000E-002  0.943736901897778     
  1.858000000000000E-002  0.953643269742595     
  1.860000000000000E-002  0.959488775584495     
  1.862000000000000E-002  0.961981032697429     
  1.864000000000000E-002  0.962330431785107     
  1.866000000000000E-002  0.961425952089808     
  1.868000000000000E-002  0.959198859698477     
  1.870000000000000E-002  0.955184275551343     
  1.872000000000000E-002  0.948823087676357     
  1.874000000000000E-002  0.939815120366901     
  1.876000000000000E-002  0.928229474115807     
  1.878000000000000E-002  0.915297786656166     
  1.880000000000000E-002  0.904841479598371     
  1.882000000000000E-002  0.897119861411718     
  1.884000000000000E-002  0.891417777279712     
  1.886000000000000E-002  0.887179647251295     
  1.888000000000000E-002  0.883955561246108     
  1.890000000000000E-002  0.881372198770133     
  1.892000000000000E-002  0.879135863382908     
  1.894000000000000E-002  0.877091953364135     
  1.896000000000000E-002  0.875184421602495     
  1.898000000000000E-002  0.873445987469995     
  1.900000000000000E-002  0.871892984938088     
  1.902000000000000E-002  0.870536803556861     
  1.904000000000000E-002  0.869388307836924     
  1.906000000000000E-002  0.868446310938015     
  1.908000000000000E-002  0.867687878193404     
  1.910000000000000E-002  0.867049885352821     
  1.912000000000000E-002  0.866435288988513     
  1.914000000000000E-002  0.865771359174682     
  1.916000000000000E-002  0.864968740887825     
  1.918000000000000E-002  0.863960071700878     
  1.920000000000000E-002  0.862667965798714     
  1.922000000000000E-002  0.861058464417608     
  1.924000000000000E-002  0.859127466758407     
  1.926000000000000E-002  0.856873919793319     
  1.928000000000000E-002  0.854302836016775     
  1.930000000000000E-002  0.851454478442665     
  1.932000000000000E-002  0.848398929704326     
  1.934000000000000E-002  0.845236073819259     
  1.936000000000000E-002  0.842100963512248     
  1.938000000000000E-002  0.839091460557807     
  1.940000000000000E-002  0.836271833871932     
  1.942000000000000E-002  0.833687421000657     
  1.944000000000000E-002  0.831310134637376     
  1.946000000000000E-002  0.829129187616971     
  1.948000000000000E-002  0.827209904164739     
  1.950000000000000E-002  0.825826184496634     
  1.952000000000000E-002  0.825204519353542     
  1.954000000000000E-002  0.825297277835902     
  1.956000000000000E-002  0.826140072841035     
  1.958000000000000E-002  0.827761200838090     
  1.960000000000000E-002  0.830132032276606     
  1.962000000000000E-002  0.833054524593065     
  1.964000000000000E-002  0.835550930150718     
  1.966000000000000E-002  0.837187092519848     
  1.968000000000000E-002  0.838149602330482     
  1.970000000000000E-002  0.838545388354646     
  1.972000000000000E-002  0.838423308764224     
  1.974000000000000E-002  0.837317189578116     
  1.976000000000000E-002  0.834768269487322     
  1.978000000000000E-002  0.830978052189788     
  1.980000000000000E-002  0.825433234391130     
  1.982000000000000E-002  0.817477890722690     
  1.984000000000000E-002  0.806464489363654     
  1.986000000000000E-002  0.791755390444492     
  1.988000000000000E-002  0.772717581190387     
  1.990000000000000E-002  0.748729725902767     
  1.992000000000000E-002  0.719198622984506     
  1.994000000000000E-002  0.683583230907916     
  1.996000000000000E-002  0.641429995512156     
  1.998000000000000E-002  0.592415914273727     
  2.000000000000000E-002  0.536396715399681     
  2.002000000000000E-002  0.473469421690996     
  2.004000000000000E-002  0.404045900381648     
  2.006000000000000E-002  0.329437320458062     
  2.008000000000000E-002  0.259954336175871     
  2.010000000000000E-002  0.203145062250257     
  2.012000000000000E-002  0.157131758493029     
  2.014000000000000E-002  0.120038323497035     
  2.016000000000000E-002  9.033019542896595E-002
  2.018000000000000E-002  6.677018472079149E-002
  2.020000000000000E-002  4.838584992180515E-002
  2.022000000000000E-002  3.440934278262202E-002
  2.024000000000000E-002  2.420296223351454E-002
  2.026000000000000E-002  1.718445017196957E-002
  2.028000000000000E-002  1.276908114880055E-002
  2.030000000000000E-002  1.034413657465804E-002
  2.032000000000000E-002  9.268037655025384E-003
  2.034000000000000E-002  8.976509074947236E-003
  2.036000000000000E-002  9.128787844663831E-003
  2.038000000000000E-002  9.796178897544187E-003
  2.040000000000000E-002  1.130454124520724E-002
  2.042000000000000E-002  1.396637520619823E-002
  2.044000000000000E-002  1.807882409474369E-002
  2.046000000000000E-002  2.390384116418137E-002
  2.048000000000000E-002  3.163443935398318E-002
  2.050000000000000E-002  4.083443984285191E-002
  2.052000000000000E-002  4.779977850880729E-002
  2.054000000000000E-002  5.172761936515829E-002
  2.056000000000000E-002  5.339383665860871E-002
  2.058000000000000E-002  5.373307173756743E-002
  2.060000000000000E-002  5.352309446381653E-002
  2.062000000000000E-002  5.252555784074808E-002
  2.064000000000000E-002  5.023417888587225E-002
  2.066000000000000E-002  4.625588576329509E-002
  2.068000000000000E-002  4.036358719224919E-002
  2.070000000000000E-002  3.255333274140791E-002
  2.072000000000000E-002  2.344893463281775E-002
  2.074000000000000E-002  1.604528689914418E-002
  2.076000000000000E-002  1.079428126505074E-002
  2.078000000000000E-002  7.141233509883173E-003
  2.080000000000000E-002  4.650273692705377E-003
  2.082000000000000E-002  2.983068167887912E-003
  2.084000000000000E-002  1.886482757476427E-003
  2.086000000000000E-002  1.176934775126042E-003
  2.088000000000000E-002  7.248498215967050E-004
  2.090000000000000E-002  4.409686036463808E-004
  2.092000000000000E-002  2.651434906022903E-004
  2.094000000000000E-002  1.576517203737536E-004
  2.096000000000000E-002  9.274139982076418E-005
  2.098000000000000E-002  5.400103818571643E-005
  2.100000000000000E-002  3.113618035504724E-005
  2.102000000000000E-002  1.778402413276406E-005
  2.104000000000000E-002  1.006580351636967E-005
  2.106000000000000E-002  5.647524653173317E-006
  2.108000000000000E-002  3.141832663040728E-006
  2.110000000000000E-002  1.733546719740499E-006
  2.112000000000000E-002  9.488957881922972E-007
  2.114000000000000E-002  5.153809491694650E-007
  2.116000000000000E-002  2.778175216242200E-007
  2.118000000000000E-002  1.486666883617607E-007
  2.120000000000000E-002  7.899774843239823E-008
  2.122000000000000E-002  4.170053017014886E-008
  2.124000000000000E-002  2.188204297215356E-008
  2.126000000000000E-002  1.142821229356803E-008
  2.128000000000000E-002  5.953780378147811E-009
  2.130000000000000E-002  3.107329768205782E-009
  2.132000000000000E-002  1.637705302492892E-009
  2.134000000000000E-002  8.842121346159982E-010
  2.136000000000000E-002  5.005489743405419E-010
  2.138000000000000E-002  3.065313075720663E-010
  2.140000000000000E-002  2.090842900194570E-010
  2.142000000000000E-002  1.604728112627414E-010
  2.144000000000000E-002  1.363879462951646E-010
  2.146000000000000E-002  1.245373853900762E-010
  2.148000000000000E-002  1.187483366991779E-010
  2.150000000000000E-002  1.159422807176439E-010
  2.152000000000000E-002  1.145937319784796E-010
  2.154000000000000E-002  1.139519483357058E-010
  2.156000000000000E-002  1.136500969434348E-010
  2.158000000000000E-002  1.135101099522946E-010
  2.160000000000000E-002  1.134462715357231E-010
  2.162000000000000E-002  1.134176954588427E-010
  2.164000000000000E-002  1.134048196194608E-010
  2.166000000000000E-002  1.133982645927393E-010
  2.168000000000000E-002  1.133935880245716E-010
  2.170000000000000E-002  1.133890759151385E-010
  2.172000000000000E-002  1.133841641540503E-010
  2.174000000000000E-002  1.133785782221864E-010
  2.176000000000000E-002  1.133719059126694E-010
  2.178000000000000E-002  1.133634611386391E-010
  2.180000000000000E-002  1.133526471414601E-010
  2.182000000000000E-002  1.133389155146990E-010
  2.184000000000000E-002  1.133216466848605E-010
  2.186000000000000E-002  1.133000914206239E-010
  2.188000000000000E-002  1.132736117800332E-010
  2.190000000000000E-002  1.132415950703421E-010
  2.192000000000000E-002  1.132034288575136E-010
  2.194000000000000E-002  1.131585528242588E-010
  2.196000000000000E-002  1.131065410713651E-010
  2.198000000000000E-002  1.130471961896324E-010
  2.200000000000000E-002  1.129806523126785E-010
  2.202000000000000E-002  1.129125338131226E-010
  2.204000000000000E-002  1.128554267673895E-010
  2.206000000000000E-002  1.128100714198061E-010
  2.208000000000000E-002  1.127763023036581E-010
  2.210000000000000E-002  1.127528592963831E-010
  2.212000000000000E-002  1.127376700599250E-010
  2.214000000000000E-002  1.127284469279583E-010
  2.216000000000000E-002  1.127232610791850E-010
  2.218000000000000E-002  1.127207622413521E-010
  2.220000000000000E-002  1.127200034918650E-010
  2.222000000000000E-002  1.127202380905188E-010
  2.224000000000000E-002  1.127221451012250E-010
  2.226000000000000E-002  1.127261123572161E-010
  2.228000000000000E-002  1.127324044322414E-010
  2.230000000000000E-002  1.127406186523958E-010
  2.232000000000000E-002  1.127501524201056E-010
  2.234000000000000E-002  1.127600770318080E-010
  2.236000000000000E-002  1.127698123583811E-010
  2.238000000000000E-002  1.127789915290440E-010
  2.240000000000000E-002  1.127877814542110E-010
  2.242000000000000E-002  1.127962544166323E-010
  2.244000000000000E-002  1.128042013990393E-010
  2.246000000000000E-002  1.128115307605172E-010
  2.248000000000000E-002  1.128182399354778E-010
  2.250000000000000E-002  1.128243198829226E-010
  2.252000000000000E-002  1.128297894101604E-010
  2.254000000000000E-002  1.128346891847056E-010
  2.256000000000000E-002  1.128390932514694E-010
  2.258000000000000E-002  1.128430948862416E-010
  2.260000000000000E-002  1.128467871928950E-010
  2.262000000000000E-002  1.128502551951712E-010
  2.264000000000000E-002  1.128535743816821E-010
  2.266000000000000E-002  1.128568098986554E-010
  2.268000000000000E-002  1.128599995885969E-010
  2.270000000000000E-002  1.128631705352267E-010
  2.272000000000000E-002  1.128663411547005E-010
  2.274000000000000E-002  1.128695262926738E-010
  2.276000000000000E-002  1.128727416516704E-010
  2.278000000000000E-002  1.128760182905835E-010
  2.280000000000000E-002  1.128794075937117E-010
  2.282000000000000E-002  1.128829707721173E-010
  2.284000000000000E-002  1.128867421019923E-010
  2.286000000000000E-002  1.128907667330107E-010
  2.288000000000000E-002  1.128950958580913E-010
  2.290000000000000E-002  1.128997693858858E-010
  2.292000000000000E-002  1.129048101074127E-010
  2.294000000000000E-002  1.129102211515088E-010
  2.296000000000000E-002  1.129159832028061E-010
  2.298000000000000E-002  1.129220616977658E-010
  2.300000000000000E-002  1.129284143429584E-010
  2.302000000000000E-002  1.129349965586762E-010
  2.304000000000000E-002  1.129417649701714E-010
  2.306000000000000E-002  1.129486771499104E-010
  2.308000000000000E-002  1.129556885335992E-010
  2.310000000000000E-002  1.129627548723401E-010
  2.312000000000000E-002  1.129698394717408E-010
  2.314000000000000E-002  1.129769220945755E-010
  2.316000000000000E-002  1.129839841698232E-010
  2.318000000000000E-002  1.129910077520161E-010
  2.320000000000000E-002  1.129979821417478E-010
  2.322000000000000E-002  1.130049073242320E-010
  2.324000000000000E-002  1.130117963104090E-010
  2.326000000000000E-002  1.130186598862110E-010
  2.328000000000000E-002  1.130255005031452E-010
  2.330000000000000E-002  1.130322270142538E-010
  2.332000000000000E-002  1.130386824398536E-010
  2.334000000000000E-002  1.130447714940093E-010
  2.336000000000000E-002  1.130505142205178E-010
  2.338000000000000E-002  1.130559547622636E-010
  2.340000000000000E-002  1.130611207674740E-010
  2.342000000000000E-002  1.130660074901223E-010
  2.344000000000000E-002  1.130706052840748E-010
  2.346000000000000E-002  1.130749235604981E-010
  2.348000000000000E-002  1.130789987189044E-010
  2.350000000000000E-002  1.130828468854273E-010
  2.352000000000000E-002  1.130864671015274E-010
  2.354000000000000E-002  1.130898796761094E-010
  2.356000000000000E-002  1.130931183583102E-010
  2.358000000000000E-002  1.130961717735815E-010
  2.360000000000000E-002  1.130989845289447E-010
  2.362000000000000E-002  1.131015387493359E-010
  2.364000000000000E-002  1.131038557634287E-010
  2.366000000000000E-002  1.131058443912178E-010
  2.368000000000000E-002  1.131074310783845E-010
  2.370000000000000E-002  1.131085885386801E-010
  2.372000000000000E-002  1.131093130952260E-010
  2.374000000000000E-002  1.131095838184958E-010
  2.376000000000000E-002  1.131094406136197E-010
  2.378000000000000E-002  1.131087430341412E-010
  2.380000000000000E-002  1.131073852023898E-010
  2.382000000000000E-002  1.131052965762418E-010
  2.384000000000000E-002  1.131024799311484E-010
  2.386000000000000E-002  1.130989870045919E-010
  2.388000000000000E-002  1.130948454183514E-010
  2.390000000000000E-002  1.130900725120214E-010
  2.392000000000000E-002  1.130845863045356E-010
  2.394000000000000E-002  1.130782925396154E-010
  2.396000000000000E-002  1.130712467791543E-010
  2.398000000000000E-002  1.130636551557790E-010
  2.400000000000000E-002  1.130556801364581E-010
  2.402000000000000E-002  1.130474259360063E-010
  2.404000000000000E-002  1.130395426135655E-010
  2.406000000000000E-002  1.130324245445435E-010
  2.408000000000000E-002  1.130261644765307E-010
  2.410000000000000E-002  1.130207536268313E-010
  2.412000000000000E-002  1.130161551336716E-010
  2.414000000000000E-002  1.130123227081866E-010
  2.416000000000000E-002  1.130091749378741E-010
  2.418000000000000E-002  1.130066045324885E-010
  2.420000000000000E-002  1.130045580793796E-010
  2.422000000000000E-002  1.130031167008023E-010
  2.424000000000000E-002  1.130024418827794E-010
  2.426000000000000E-002  1.130025311307193E-010
  2.428000000000000E-002  1.130034130237691E-010
  2.430000000000000E-002  1.130045634735859E-010
  2.432000000000000E-002  1.130056855699526E-010
  2.434000000000000E-002  1.130070929840187E-010
  2.436000000000000E-002  1.130091130572828E-010
  2.438000000000000E-002  1.130119604959917E-010
  2.440000000000000E-002  1.130157947875556E-010
  2.442000000000000E-002  1.130207286964277E-010
  2.444000000000000E-002  1.130268008955624E-010
  2.446000000000000E-002  1.130339441700016E-010
  2.448000000000000E-002  1.130420081990433E-010
  2.450000000000000E-002  1.130508337745540E-010
  2.452000000000000E-002  1.130603409490429E-010
  2.454000000000000E-002  1.130697626251501E-010
  2.456000000000000E-002  1.130783778771100E-010
  2.458000000000000E-002  1.130863249858437E-010
  2.460000000000000E-002  1.130937157918217E-010
  2.462000000000000E-002  1.131006306165623E-010
  2.464000000000000E-002  1.131073287872699E-010
  2.466000000000000E-002  1.131140358632013E-010
  2.468000000000000E-002  1.131209190498121E-010
  2.470000000000000E-002  1.131273356401695E-010
  2.472000000000000E-002  1.131323038577433E-010
  2.474000000000000E-002  1.131351897620652E-010
  2.476000000000000E-002  1.131359261765309E-010
  2.478000000000000E-002  1.131357881491970E-010
  2.480000000000000E-002  1.131348743561495E-010
  2.482000000000000E-002  1.131324350146388E-010
  2.484000000000000E-002  1.131275947875710E-010
  2.486000000000000E-002  1.131195418500833E-010
  2.488000000000000E-002  1.131077358272343E-010
  2.490000000000000E-002  1.130919644065072E-010
  2.492000000000000E-002  1.130722361140748E-010
  2.494000000000000E-002  1.130486098811557E-010
  2.496000000000000E-002  1.130211193263086E-010
  2.498000000000000E-002  1.129898929529480E-010
  2.500000000000000E-002  1.129575207602247E-010
  2.502000000000000E-002  1.129306012871688E-010
  2.504000000000000E-002  1.129093488801622E-010
  2.506000000000000E-002  1.128930644203924E-010
  2.508000000000000E-002  1.128804350411775E-010
  2.510000000000000E-002  1.128707708736111E-010
  2.512000000000000E-002  1.128639585457470E-010
  2.514000000000000E-002  1.128593587179079E-010
  2.516000000000000E-002  1.128566268058265E-010
  2.518000000000000E-002  1.128561312335813E-010
  2.520000000000000E-002  1.128568677773387E-010
  2.522000000000000E-002  1.128588349795605E-010
  2.524000000000000E-002  1.128619448649497E-010
  2.526000000000000E-002  1.128658556569862E-010
  2.528000000000000E-002  1.128697954932948E-010
  2.530000000000000E-002  1.128727730210481E-010
  2.532000000000000E-002  1.128745821406071E-010
  2.534000000000000E-002  1.128751272532249E-010
  2.536000000000000E-002  1.128742628268067E-010
  2.538000000000000E-002  1.128715021760148E-010
  2.540000000000000E-002  1.128676215326808E-010
  2.542000000000000E-002  1.128636446821280E-010
  2.544000000000000E-002  1.128597168959848E-010
  2.546000000000000E-002  1.128558095616200E-010
  2.548000000000000E-002  1.128520775413495E-010
  2.550000000000000E-002  1.128484426328231E-010
  2.552000000000000E-002  1.128449281447379E-010
  2.554000000000000E-002  1.128416799359879E-010
  2.556000000000000E-002  1.128388992945336E-010
  2.558000000000000E-002  1.128367661609070E-010
  2.560000000000000E-002  1.128354139586286E-010
  2.562000000000000E-002  1.128349188571991E-010
  2.564000000000000E-002  1.128352355101338E-010
  2.566000000000000E-002  1.128366524371329E-010
  2.568000000000000E-002  1.128391403366289E-010
  2.570000000000000E-002  1.128424748751956E-010
  2.572000000000000E-002  1.128465028698413E-010
  2.574000000000000E-002  1.128513621374472E-010
  2.576000000000000E-002  1.128574271376470E-010
  2.578000000000000E-002  1.128647450098877E-010
  2.580000000000000E-002  1.128727383937939E-010
  2.582000000000000E-002  1.128809473245294E-010
  2.584000000000000E-002  1.128891551398491E-010
  2.586000000000000E-002  1.128971290380327E-010
  2.588000000000000E-002  1.129049115076870E-010
  2.590000000000000E-002  1.129125729740442E-010
  2.592000000000000E-002  1.129201617549829E-010
  2.594000000000000E-002  1.129277079561431E-010
  2.596000000000000E-002  1.129352340579083E-010
  2.598000000000000E-002  1.129427605719623E-010
  2.600000000000000E-002  1.129503068593405E-010
  2.602000000000000E-002  1.129578895776058E-010
  2.604000000000000E-002  1.129655136899591E-010
  2.606000000000000E-002  1.129731751016117E-010
  2.608000000000000E-002  1.129808663208362E-010
  2.610000000000000E-002  1.129885844518050E-010
  2.612000000000000E-002  1.129963301575173E-010
  2.614000000000000E-002  1.130041040874598E-010
  2.616000000000000E-002  1.130118097955947E-010
  2.618000000000000E-002  1.130193011269733E-010
  2.620000000000000E-002  1.130264790171994E-010
  2.622000000000000E-002  1.130332607187467E-010
  2.624000000000000E-002  1.130396354401308E-010
  2.626000000000000E-002  1.130456412744233E-010
  2.628000000000000E-002  1.130513447867141E-010
  2.630000000000000E-002  1.130567889672581E-010
  2.632000000000000E-002  1.130618121880879E-010
  2.634000000000000E-002  1.130661356029208E-010
  2.636000000000000E-002  1.130694116316200E-010
  2.638000000000000E-002  1.130714361327069E-010
  2.640000000000000E-002  1.130725097450911E-010
  2.642000000000000E-002  1.130729519998252E-010
  2.644000000000000E-002  1.130727177644409E-010
  2.646000000000000E-002  1.130714212540921E-010
  2.648000000000000E-002  1.130688898489524E-010
  2.650000000000000E-002  1.130651776718289E-010
  2.652000000000000E-002  1.130602319380884E-010
  2.654000000000000E-002  1.130539226708308E-010
  2.656000000000000E-002  1.130461074953103E-010
  2.658000000000000E-002  1.130366780066612E-010
  2.660000000000000E-002  1.130272847524638E-010
  2.662000000000000E-002  1.130202190529936E-010
  2.664000000000000E-002  1.130153965773635E-010
  2.666000000000000E-002  1.130125412381309E-010
  2.668000000000000E-002  1.130113292038795E-010
  2.670000000000000E-002  1.130112737666452E-010
  2.672000000000000E-002  1.130124262525970E-010
  2.674000000000000E-002  1.130152510908225E-010
  2.676000000000000E-002  1.130192808423939E-010
  2.678000000000000E-002  1.130243496199923E-010
  2.680000000000000E-002  1.130307542792342E-010
  2.682000000000000E-002  1.130386188618119E-010
  2.684000000000000E-002  1.130478736804408E-010
  2.686000000000000E-002  1.130583461905563E-010
  2.688000000000000E-002  1.130698049582225E-010
  2.690000000000000E-002  1.130815464079435E-010
  2.692000000000000E-002  1.130919418960779E-010
  2.694000000000000E-002  1.131005594524797E-010
  2.696000000000000E-002  1.131076091924617E-010
  2.698000000000000E-002  1.131130729780559E-010
  2.700000000000000E-002  1.131172240552208E-010
  2.702000000000000E-002  1.131198223484528E-010
  2.704000000000000E-002  1.131206804093905E-010
  2.706000000000000E-002  1.131195568302813E-010
  2.708000000000000E-002  1.131159356531982E-010
  2.710000000000000E-002  1.131102707188334E-010
  2.712000000000000E-002  1.131024803028187E-010
  2.714000000000000E-002  1.130913016819751E-010
  2.716000000000000E-002  1.130755471072881E-010
  2.718000000000000E-002  1.130542245651225E-010
  2.720000000000000E-002  1.130259278513913E-010
  2.722000000000000E-002  1.129891214410623E-010
  2.724000000000000E-002  1.129426553338455E-010
  2.726000000000000E-002  1.128853148019440E-010
  2.728000000000000E-002  1.128160722383394E-010
  2.730000000000000E-002  1.127371286514593E-010
  2.732000000000000E-002  1.126668217254203E-010
  2.734000000000000E-002  1.126131869583584E-010
  2.736000000000000E-002  1.125732538655773E-010
  2.738000000000000E-002  1.125448295412987E-010
  2.740000000000000E-002  1.125260996648478E-010
  2.742000000000000E-002  1.125144463992601E-010
  2.744000000000000E-002  1.125073948472336E-010
  2.746000000000000E-002  1.125043327589497E-010
  2.748000000000000E-002  1.125042097147884E-010
  2.750000000000000E-002  1.125063016992517E-010
  2.752000000000000E-002  1.125093918881041E-010
  2.754000000000000E-002  1.125141191289840E-010
  2.756000000000000E-002  1.125216419304890E-010
  2.758000000000000E-002  1.125314946074634E-010
  2.760000000000000E-002  1.125420683413294E-010
  2.762000000000000E-002  1.125536647566188E-010
  2.764000000000000E-002  1.125669974918582E-010
  2.766000000000000E-002  1.125815570154920E-010
  2.768000000000000E-002  1.125972323178124E-010
  2.770000000000000E-002  1.126143774493385E-010
  2.772000000000000E-002  1.126240912792187E-010
  2.774000000000000E-002  1.126249948320866E-010
  2.776000000000000E-002  1.125957591318904E-010
  2.778000000000000E-002  1.124523530417755E-010
  2.780000000000000E-002  1.119021993919026E-010
  2.782000000000000E-002  1.100421807850903E-010
  2.784000000000000E-002  1.052057434476770E-010
  2.786000000000000E-002  1.011098985206941E-010
  2.788000000000000E-002  1.001609542781047E-010
  2.790000000000000E-002  1.000207536315291E-010
  2.792000000000000E-002  1.000026274725156E-010
  2.794000000000000E-002  1.000003315799876E-010
  2.796000000000000E-002  1.000000418037855E-010
  2.798000000000000E-002  1.000000052668804E-010
  2.800000000000000E-002  1.000000006631558E-010
  2.802000000000000E-002  1.000000000834459E-010
  2.804000000000000E-002  1.000000000104935E-010
  2.806000000000000E-002  1.000000000013188E-010
  2.808000000000000E-002  1.000000000001656E-010
  2.810000000000000E-002  1.000000000000208E-010
  2.812000000000000E-002  1.000000000000026E-010
  2.814000000000000E-002  1.000000000000003E-010
  2.816000000000000E-002  1.000000000000000E-010
  2.818000000000000E-002  1.000000000000000E-010
  2.820000000000000E-002  1.000000000000000E-010
  2.822000000000000E-002  1.000000000000000E-010
  2.824000000000000E-002  1.000000000000000E-010
  2.826000000000000E-002  1.000000000000000E-010
  2.828000000000000E-002  1.000000000000000E-010
  2.830000000000000E-002  1.000000000000000E-010
  2.832000000000000E-002  1.000000000000000E-010
  2.834000000000000E-002  1.000000000000000E-010
  2.836000000000000E-002  1.000000000000000E-010
  2.838000000000000E-002  1.000000000000000E-010
  2.840000000000000E-002  1.000000000000000E-010
  2.842000000000000E-002  1.000000000000000E-010
  2.844000000000000E-002  1.000000000000000E-010
  2.846000000000000E-002  1.000000000000000E-010
  2.848000000000000E-002  1.000000000000000E-010
  2.850000000000000E-002  1.000000000000000E-010
  2.852000000000000E-002  1.000000000000000E-010
  2.854000000000000E-002  1.000000000000000E-010
  2.856000000000000E-002  1.000000000000000E-010
  2.858000000000000E-002  1.000000000000000E-010
  2.860000000000000E-002  1.000000000000000E-010
  2.862000000000000E-002  1.000000000000000E-010
  2.864000000000000E-002  1.000000000000000E-010
  2.866000000000000E-002  1.000000000000000E-010
  2.868000000000000E-002  1.000000000000000E-010
  2.870000000000000E-002  1.000000000000000E-010
  2.872000000000000E-002  1.000000000000000E-010
  2.874000000000000E-002  1.000000000000000E-010
  2.876000000000000E-002  1.000000000000000E-010
  2.878000000000000E-002  1.000000000000000E-010
  2.880000000000000E-002  1.000000000000000E-010
  2.882000000000000E-002  1.000000000000000E-010
  2.884000000000000E-002  1.000000000000000E-010
  2.886000000000000E-002  1.000000000000000E-010
  2.888000000000000E-002  1.000000000000000E-010
  2.890000000000000E-002  1.000000000000000E-010
  2.892000000000000E-002  1.000000000000000E-010
  2.894000000000000E-002  1.000000000000000E-010
  2.896000000000000E-002  1.000000000000000E-010
  2.898000000000000E-002  1.000000000000000E-010
  2.900000000000000E-002  1.000000000000000E-010
  2.902000000000000E-002  1.000000000000000E-010
  2.904000000000000E-002  1.000000000000000E-010
  2.906000000000000E-002  1.000000000000000E-010
  2.908000000000000E-002  1.000000000000000E-010
  2.910000000000000E-002  1.000000000000000E-010
  2.912000000000000E-002  1.000000000000000E-010
  2.914000000000000E-002  1.000000000000000E-010
  2.916000000000000E-002  1.000000000000000E-010
  2.918000000000000E-002  1.000000000000000E-010
  2.920000000000000E-002  1.000000000000000E-010
  2.922000000000000E-002  1.000000000000000E-010
  2.924000000000000E-002  1.000000000000000E-010
  2.926000000000000E-002  1.000000000000000E-010
  2.928000000000000E-002  1.000000000000000E-010
  2.930000000000000E-002  1.000000000000000E-010
  2.932000000000000E-002  1.000000000000000E-010
  2.934000000000000E-002  1.000000000000000E-010
  2.936000000000000E-002  1.000000000000000E-010
  2.938000000000000E-002  1.000000000000000E-010
  2.940000000000000E-002  1.000000000000000E-010
  2.942000000000000E-002  1.000000000000000E-010
  2.944000000000000E-002  1.000000000000000E-010
  2.946000000000000E-002  1.000000000000000E-010
  2.948000000000000E-002  1.000000000000000E-010
  2.950000000000000E-002  1.000000000000000E-010
  2.952000000000000E-002  1.000000000000000E-010
  2.954000000000000E-002  1.000000000000000E-010
  2.956000000000000E-002  1.000000000000000E-010
  2.958000000000000E-002  1.000000000000000E-010
  2.960000000000000E-002  1.000000000000000E-010
  2.962000000000000E-002  1.000000000000000E-010
  2.964000000000000E-002  1.000000000000000E-010
  2.966000000000000E-002  1.000000000000000E-010
  2.968000000000000E-002  1.000000000000000E-010
  2.970000000000000E-002  1.000000000000000E-010
  2.972000000000000E-002  1.000000000000000E-010
  2.974000000000000E-002  1.000000000000000E-010
  2.976000000000000E-002  1.000000000000000E-010
  2.978000000000000E-002  1.000000000000000E-010
  2.980000000000000E-002  1.000000000000000E-010
  2.982000000000000E-002  1.000000000000000E-010
  2.984000000000000E-002  1.000000000000000E-010
  2.986000000000000E-002  1.000000000000000E-010
  2.988000000000000E-002  1.000000000000000E-010
  2.990000000000000E-002  1.000000000000000E-010
  2.992000000000000E-002  1.000000000000000E-010
  2.994000000000000E-002  1.000000000000000E-010
  2.996000000000000E-002  1.000000000000000E-010
  2.998000000000000E-002  1.000000000000000E-010
  3.000000000000000E-002  1.000000000000000E-010
  3.002000000000000E-002  1.000000000000000E-010
  3.004000000000000E-002  1.000000000000000E-010
  3.006000000000000E-002  1.000000000000000E-010
  3.008000000000000E-002  1.000000000000000E-010
  3.010000000000000E-002  1.000000000000000E-010
  3.012000000000000E-002  1.000000000000000E-010
  3.014000000000000E-002  1.000000000000000E-010
  3.016000000000000E-002  1.000000000000000E-010
  3.018000000000000E-002  1.000000000000000E-010
  3.020000000000000E-002  1.000000000000000E-010
  3.022000000000000E-002  1.000000000000000E-010
  3.024000000000000E-002  1.000000000000000E-010
  3.026000000000000E-002  1.000000000000000E-010
  3.028000000000000E-002  1.000000000000000E-010
  3.030000000000000E-002  1.000000000000000E-010
  3.032000000000000E-002  1.000000000000000E-010
  3.034000000000000E-002  1.000000000000000E-010
  3.036000000000000E-002  1.000000000000000E-010
  3.038000000000000E-002  1.000000000000000E-010
  3.040000000000000E-002  1.000000000000000E-010
  3.042000000000000E-002  1.000000000000000E-010
  3.044000000000000E-002  1.000000000000000E-010
  3.046000000000000E-002  1.000000000000000E-010
  3.048000000000000E-002  1.000000000000000E-010
  3.050000000000000E-002  1.000000000000000E-010
  3.052000000000000E-002  1.000000000000000E-010
  3.054000000000000E-002  1.000000000000000E-010
  3.056000000000000E-002  1.000000000000000E-010
  3.058000000000000E-002  1.000000000000000E-010
  3.060000000000000E-002  1.000000000000000E-010
  3.062000000000000E-002  1.000000000000000E-010
  3.064000000000000E-002  1.000000000000000E-010
  3.066000000000000E-002  1.000000000000000E-010
  3.068000000000000E-002  1.000000000000000E-010
  3.070000000000000E-002  1.000000000000000E-010
  3.072000000000000E-002  1.000000000000000E-010
  3.074000000000000E-002  1.000000000000000E-010
  3.076000000000000E-002  1.000000000000000E-010
  3.078000000000000E-002  1.000000000000000E-010
  3.080000000000000E-002  1.000000000000000E-010
  3.082000000000000E-002  1.000000000000000E-010
  3.084000000000000E-002  1.000000000000000E-010
  3.086000000000000E-002  1.000000000000000E-010
  3.088000000000000E-002  1.000000000000000E-010
  3.090000000000000E-002  1.000000000000000E-010
  3.092000000000000E-002  1.000000000000000E-010
  3.094000000000000E-002  1.000000000000000E-010
  3.096000000000000E-002  1.000000000000000E-010
  3.098000000000000E-002  1.000000000000000E-010
  3.100000000000000E-002  1.000000000000000E-010
  3.102000000000000E-002  1.000000000000000E-010
  3.104000000000000E-002  1.000000000000000E-010
  3.106000000000000E-002  1.000000000000000E-010
  3.108000000000000E-002  1.000000000000000E-010
  3.110000000000000E-002  1.000000000000000E-010
  3.112000000000000E-002  1.000000000000000E-010
  3.114000000000000E-002  1.000000000000000E-010
  3.116000000000000E-002  1.000000000000000E-010
  3.118000000000000E-002  1.000000000000000E-010
  3.120000000000000E-002  1.000000000000000E-010
  3.122000000000000E-002  1.000000000000000E-010
  3.124000000000000E-002  1.000000000000000E-010
  3.126000000000000E-002  1.000000000000000E-010
  3.128000000000000E-002  1.000000000000000E-010
  3.130000000000000E-002  1.000000000000000E-010
  3.132000000000000E-002  1.000000000000000E-010
  3.134000000000000E-002  1.000000000000000E-010
  3.136000000000001E-002  1.000000000000000E-010
  3.138000000000001E-002  1.000000000000000E-010
  3.140000000000000E-002  1.000000000000000E-010
  3.142000000000000E-002  1.000000000000000E-010
  3.144000000000000E-002  1.000000000000000E-010
  3.146000000000000E-002  1.000000000000000E-010
  3.148000000000000E-002  1.000000000000000E-010
  3.150000000000000E-002  1.000000000000000E-010
  3.152000000000000E-002  1.000000000000000E-010
  3.154000000000001E-002  1.000000000000000E-010
  3.156000000000000E-002  1.000000000000000E-010
  3.158000000000000E-002  1.000000000000000E-010
  3.160000000000000E-002  1.000000000000000E-010
  3.162000000000000E-002  1.000000000000000E-010
  3.164000000000000E-002  1.000000000000000E-010
  3.166000000000000E-002  1.000000000000000E-010
  3.168000000000000E-002  1.000000000000000E-010
  3.170000000000001E-002  1.000000000000000E-010
  3.172000000000001E-002  1.000000000000000E-010
  3.174000000000000E-002  1.000000000000000E-010
  3.176000000000000E-002  1.000000000000000E-010
  3.178000000000000E-002  1.000000000000000E-010
  3.180000000000000E-002  1.000000000000000E-010
  3.182000000000000E-002  1.000000000000000E-010
  3.184000000000000E-002  1.000000000000000E-010
  3.186000000000000E-002  1.000000000000000E-010
  3.188000000000001E-002  1.000000000000000E-010
  3.190000000000000E-002  1.000000000000000E-010
  3.192000000000000E-002  1.000000000000000E-010
  3.194000000000000E-002  1.000000000000000E-010
  3.196000000000000E-002  1.000000000000000E-010
  3.198000000000000E-002  1.000000000000000E-010
  3.200000000000000E-002  1.000000000000000E-010
  3.202000000000000E-002  1.000000000000000E-010
  3.204000000000001E-002  1.000000000000000E-010
  3.206000000000001E-002  1.000000000000000E-010
  3.208000000000000E-002  1.000000000000000E-010
  3.210000000000000E-002  1.000000000000000E-010
  3.212000000000000E-002  1.000000000000000E-010
  3.214000000000000E-002  1.000000000000000E-010
  3.216000000000000E-002  1.000000000000000E-010
  3.218000000000000E-002  1.000000000000000E-010
  3.220000000000000E-002  1.000000000000000E-010
  3.222000000000001E-002  1.000000000000000E-010
  3.224000000000000E-002  1.000000000000000E-010
  3.226000000000000E-002  1.000000000000000E-010
  3.228000000000000E-002  1.000000000000000E-010
  3.230000000000000E-002  1.000000000000000E-010
  3.232000000000000E-002  1.000000000000000E-010
  3.234000000000000E-002  1.000000000000000E-010
  3.236000000000000E-002  1.000000000000000E-010
  3.238000000000001E-002  1.000000000000000E-010
  3.240000000000001E-002  1.000000000000000E-010
  3.242000000000000E-002  1.000000000000000E-010
  3.244000000000000E-002  1.000000000000000E-010
  3.246000000000000E-002  1.000000000000000E-010
  3.248000000000000E-002  1.000000000000000E-010
  3.250000000000000E-002  1.000000000000000E-010
  3.252000000000000E-002  1.000000000000000E-010
  3.254000000000000E-002  1.000000000000000E-010
  3.256000000000001E-002  1.000000000000000E-010
  3.258000000000000E-002  1.000000000000000E-010
  3.260000000000000E-002  1.000000000000000E-010
  3.262000000000000E-002  1.000000000000000E-010
  3.264000000000000E-002  1.000000000000000E-010
  3.266000000000000E-002  1.000000000000000E-010
  3.268000000000000E-002  1.000000000000000E-010
  3.270000000000000E-002  1.000000000000000E-010
  3.272000000000001E-002  1.000000000000000E-010
  3.274000000000001E-002  1.000000000000000E-010
  3.276000000000000E-002  1.000000000000000E-010
  3.278000000000000E-002  1.000000000000000E-010
  3.280000000000000E-002  1.000000000000000E-010
  3.282000000000000E-002  1.000000000000000E-010
  3.284000000000000E-002  1.000000000000000E-010
  3.286000000000000E-002  1.000000000000000E-010
  3.288000000000000E-002  1.000000000000000E-010
  3.290000000000001E-002  1.000000000000000E-010
  3.292000000000000E-002  1.000000000000000E-010
  3.294000000000000E-002  1.000000000000000E-010
  3.296000000000000E-002  1.000000000000000E-010
  3.298000000000000E-002  1.000000000000000E-010
  3.300000000000000E-002  1.000000000000000E-010
  3.302000000000000E-002  1.000000000000000E-010
  3.304000000000000E-002  1.000000000000000E-010
  3.306000000000001E-002  1.000000000000000E-010
  3.308000000000001E-002  1.000000000000000E-010
  3.310000000000000E-002  1.000000000000000E-010
  3.312000000000000E-002  1.000000000000000E-010
  3.314000000000000E-002  1.000000000000000E-010
  3.316000000000000E-002  1.000000000000000E-010
  3.318000000000000E-002  1.000000000000000E-010
  3.320000000000000E-002  1.000000000000000E-010
  3.322000000000000E-002  1.000000000000000E-010
  3.324000000000001E-002  1.000000000000000E-010
  3.326000000000000E-002  1.000000000000000E-010
  3.328000000000000E-002  1.000000000000000E-010
  3.330000000000000E-002  1.000000000000000E-010
  3.332000000000000E-002  1.000000000000000E-010
  3.334000000000000E-002  1.000000000000000E-010
  3.336000000000000E-002  1.000000000000000E-010
  3.338000000000000E-002  1.000000000000000E-010
  3.340000000000001E-002  1.000000000000000E-010
  3.342000000000001E-002  1.000000000000000E-010
  3.344000000000000E-002  1.000000000000000E-010
  3.346000000000000E-002  1.000000000000000E-010
  3.348000000000000E-002  1.000000000000000E-010
  3.350000000000000E-002  1.000000000000000E-010
  3.352000000000000E-002  1.000000000000000E-010
  3.354000000000000E-002  1.000000000000000E-010
  3.356000000000000E-002  1.000000000000000E-010
  3.358000000000001E-002  1.000000000000000E-010
  3.360000000000000E-002  1.000000000000000E-010
  3.362000000000000E-002  1.000000000000000E-010
  3.364000000000000E-002  1.000000000000000E-010
  3.366000000000000E-002  1.000000000000000E-010
  3.368000000000000E-002  1.000000000000000E-010
  3.370000000000000E-002  1.000000000000000E-010
  3.372000000000000E-002  1.000000000000000E-010
  3.374000000000001E-002  1.000000000000000E-010
  3.376000000000001E-002  1.000000000000000E-010
  3.378000000000000E-002  1.000000000000000E-010
  3.380000000000000E-002  1.000000000000000E-010
  3.382000000000000E-002  1.000000000000000E-010
  3.384000000000000E-002  1.000000000000000E-010
  3.386000000000000E-002  1.000000000000000E-010
  3.388000000000000E-002  1.000000000000000E-010
  3.390000000000000E-002  1.000000000000000E-010
  3.392000000000001E-002  1.000000000000000E-010
  3.394000000000000E-002  1.000000000000000E-010
  3.396000000000000E-002  1.000000000000000E-010
  3.398000000000000E-002  1.000000000000000E-010
  3.400000000000000E-002  1.000000000000000E-010
  3.402000000000000E-002  1.000000000000000E-010
  3.404000000000000E-002  1.000000000000000E-010
  3.406000000000000E-002  1.000000000000000E-010
  3.408000000000001E-002  1.000000000000000E-010
  3.410000000000001E-002  1.000000000000000E-010
  3.412000000000000E-002  1.000000000000000E-010
  3.414000000000000E-002  1.000000000000000E-010
  3.416000000000000E-002  1.000000000000000E-010
  3.418000000000000E-002  1.000000000000000E-010
  3.420000000000000E-002  1.000000000000000E-010
  3.422000000000000E-002  1.000000000000000E-010
  3.424000000000000E-002  1.000000000000000E-010
  3.426000000000001E-002  1.000000000000000E-010
  3.428000000000000E-002  1.000000000000000E-010
  3.430000000000000E-002  1.000000000000000E-010
  3.432000000000000E-002  1.000000000000000E-010
  3.434000000000000E-002  1.000000000000000E-010
  3.436000000000000E-002  1.000000000000000E-010
  3.438000000000000E-002  1.000000000000000E-010
  3.440000000000000E-002  1.000000000000000E-010
  3.442000000000001E-002  1.000000000000000E-010
  3.444000000000001E-002  1.000000000000000E-010
  3.446000000000000E-002  1.000000000000000E-010
  3.448000000000000E-002  1.000000000000000E-010
  3.450000000000000E-002  1.000000000000000E-010
  3.452000000000000E-002  1.000000000000000E-010
  3.454000000000000E-002  1.000000000000000E-010
  3.456000000000000E-002  1.000000000000000E-010
  3.458000000000000E-002  1.000000000000000E-010
  3.460000000000001E-002  1.000000000000000E-010
  3.462000000000000E-002  1.000000000000000E-010
  3.464000000000000E-002  1.000000000000000E-010
  3.466000000000000E-002  1.000000000000000E-010
  3.468000000000000E-002  1.000000000000000E-010
  3.470000000000000E-002  1.000000000000000E-010
  3.472000000000000E-002  1.000000000000000E-010
  3.474000000000000E-002  1.000000000000000E-010
  3.476000000000001E-002  1.000000000000000E-010
  3.478000000000001E-002  1.000000000000000E-010
  3.480000000000000E-002  1.000000000000000E-010
  3.482000000000000E-002  1.000000000000000E-010
  3.484000000000000E-002  1.000000000000000E-010
  3.486000000000000E-002  1.000000000000000E-010
  3.488000000000000E-002  1.000000000000000E-010
  3.490000000000000E-002  1.000000000000000E-010
  3.492000000000000E-002  1.000000000000000E-010
  3.494000000000001E-002  1.000000000000000E-010
  3.496000000000000E-002  1.000000000000000E-010
  3.498000000000000E-002  1.000000000000000E-010
  3.500000000000000E-002  1.000000000000000E-010
  3.502000000000000E-002  1.000000000000000E-010
  3.504000000000000E-002  1.000000000000000E-010
  3.506000000000000E-002  1.000000000000000E-010
  3.508000000000000E-002  1.000000000000000E-010
  3.510000000000001E-002  1.000000000000000E-010
  3.512000000000001E-002  1.000000000000000E-010
  3.514000000000000E-002  1.000000000000000E-010
  3.516000000000000E-002  1.000000000000000E-010
  3.518000000000000E-002  1.000000000000000E-010
  3.520000000000000E-002  1.000000000000000E-010
  3.522000000000000E-002  1.000000000000000E-010
  3.524000000000000E-002  1.000000000000000E-010
  3.526000000000000E-002  1.000000000000000E-010
  3.528000000000001E-002  1.000000000000000E-010
  3.530000000000000E-002  1.000000000000000E-010
  3.532000000000000E-002  1.000000000000000E-010
  3.534000000000000E-002  1.000000000000000E-010
  3.536000000000000E-002  1.000000000000000E-010
  3.538000000000000E-002  1.000000000000000E-010
  3.540000000000000E-002  1.000000000000000E-010
  3.542000000000000E-002  1.000000000000000E-010
  3.544000000000001E-002  1.000000000000000E-010
  3.546000000000001E-002  1.000000000000000E-010
  3.548000000000000E-002  1.000000000000000E-010
  3.550000000000000E-002  1.000000000000000E-010
  3.552000000000000E-002  1.000000000000000E-010
  3.554000000000000E-002  1.000000000000000E-010
  3.556000000000000E-002  1.000000000000000E-010
  3.558000000000000E-002  1.000000000000000E-010
  3.560000000000000E-002  1.000000000000000E-010
  3.562000000000001E-002  1.000000000000000E-010
  3.564000000000001E-002  1.000000000000000E-010
  3.566000000000000E-002  1.000000000000000E-010
  3.568000000000000E-002  1.000000000000000E-010
  3.570000000000000E-002  1.000000000000000E-010
  3.572000000000000E-002  1.000000000000000E-010
  3.574000000000000E-002  1.000000000000000E-010
  3.576000000000000E-002  1.000000000000000E-010
  3.578000000000001E-002  1.000000000000000E-010
  3.580000000000001E-002  1.000000000000000E-010
  3.582000000000000E-002  1.000000000000000E-010
  3.584000000000000E-002  1.000000000000000E-010
  3.586000000000000E-002  1.000000000000000E-010
  3.588000000000000E-002  1.000000000000000E-010
  3.590000000000000E-002  1.000000000000000E-010
  3.592000000000000E-002  1.000000000000000E-010
  3.594000000000000E-002  1.000000000000000E-010
  3.596000000000001E-002  1.000000000000000E-010
  3.598000000000001E-002  1.000000000000000E-010
  3.600000000000000E-002  1.000000000000000E-010
  3.602000000000000E-002  1.000000000000000E-010
  3.604000000000000E-002  1.000000000000000E-010
  3.606000000000000E-002  1.000000000000000E-010
  3.608000000000000E-002  1.000000000000000E-010
  3.610000000000000E-002  1.000000000000000E-010
  3.612000000000001E-002  1.000000000000000E-010
  3.614000000000001E-002  1.000000000000000E-010
  3.616000000000000E-002  1.000000000000000E-010
  3.618000000000000E-002  1.000000000000000E-010
  3.620000000000000E-002  1.000000000000000E-010
  3.622000000000000E-002  1.000000000000000E-010
  3.624000000000000E-002  1.000000000000000E-010
  3.626000000000000E-002  1.000000000000000E-010
  3.628000000000000E-002  1.000000000000000E-010
  3.630000000000001E-002  1.000000000000000E-010
  3.632000000000001E-002  1.000000000000000E-010
  3.634000000000000E-002  1.000000000000000E-010
  3.636000000000000E-002  1.000000000000000E-010
  3.638000000000000E-002  1.000000000000000E-010
  3.640000000000000E-002  1.000000000000000E-010
  3.642000000000000E-002  1.000000000000000E-010
  3.644000000000000E-002  1.000000000000000E-010
  3.646000000000001E-002  1.000000000000000E-010
  3.648000000000001E-002  1.000000000000000E-010
  3.650000000000000E-002  1.000000000000000E-010
  3.652000000000000E-002  1.000000000000000E-010
  3.654000000000000E-002  1.000000000000000E-010
  3.656000000000000E-002  1.000000000000000E-010
  3.658000000000000E-002  1.000000000000000E-010
  3.660000000000000E-002  1.000000000000000E-010
  3.662000000000000E-002  1.000000000000000E-010
  3.664000000000001E-002  1.000000000000000E-010
  3.666000000000001E-002  1.000000000000000E-010
  3.668000000000000E-002  1.000000000000000E-010
  3.670000000000000E-002  1.000000000000000E-010
  3.672000000000000E-002  1.000000000000000E-010
  3.674000000000000E-002  1.000000000000000E-010
  3.676000000000000E-002  1.000000000000000E-010
  3.678000000000000E-002  1.000000000000000E-010
  3.680000000000001E-002  1.000000000000000E-010
  3.682000000000001E-002  1.000000000000000E-010
  3.684000000000000E-002  1.000000000000000E-010
  3.686000000000000E-002  1.000000000000000E-010
  3.688000000000000E-002  1.000000000000000E-010
  3.690000000000000E-002  1.000000000000000E-010
  3.692000000000000E-002  1.000000000000000E-010
  3.694000000000000E-002  1.000000000000000E-010
  3.696000000000000E-002  1.000000000000000E-010
  3.698000000000001E-002  1.000000000000000E-010
  3.700000000000001E-002  1.000000000000000E-010
  3.702000000000000E-002  1.000000000000000E-010
  3.704000000000000E-002  1.000000000000000E-010
  3.706000000000000E-002  1.000000000000000E-010
  3.708000000000000E-002  1.000000000000000E-010
  3.710000000000000E-002  1.000000000000000E-010
  3.712000000000000E-002  1.000000000000000E-010
  3.714000000000001E-002  1.000000000000000E-010
  3.716000000000001E-002  1.000000000000000E-010
  3.718000000000000E-002  1.000000000000000E-010
  3.720000000000000E-002  1.000000000000000E-010
  3.722000000000000E-002  1.000000000000000E-010
  3.724000000000000E-002  1.000000000000000E-010
  3.726000000000000E-002  1.000000000000000E-010
  3.728000000000000E-002  1.000000000000000E-010
  3.730000000000000E-002  1.000000000000000E-010
  3.732000000000001E-002  1.000000000000000E-010
  3.734000000000001E-002  1.000000000000000E-010
  3.736000000000000E-002  1.000000000000000E-010
  3.738000000000000E-002  1.000000000000000E-010
  3.740000000000000E-002  1.000000000000000E-010
  3.742000000000000E-002  1.000000000000000E-010
  3.744000000000000E-002  1.000000000000000E-010
  3.746000000000000E-002  1.000000000000000E-010
  3.748000000000001E-002  1.000000000000000E-010
  3.750000000000001E-002  1.000000000000000E-010
  3.752000000000000E-002  1.000000000000000E-010
  3.754000000000000E-002  1.000000000000000E-010
  3.756000000000000E-002  1.000000000000000E-010
  3.758000000000000E-002  1.000000000000000E-010
  3.760000000000000E-002  1.000000000000000E-010
  3.762000000000000E-002  1.000000000000000E-010
  3.764000000000000E-002  1.000000000000000E-010
  3.766000000000001E-002  1.000000000000000E-010
  3.768000000000001E-002  1.000000000000000E-010
  3.770000000000000E-002  1.000000000000000E-010
  3.772000000000000E-002  1.000000000000000E-010
  3.774000000000000E-002  1.000000000000000E-010
  3.776000000000000E-002  1.000000000000000E-010
  3.778000000000000E-002  1.000000000000000E-010
  3.780000000000000E-002  1.000000000000000E-010
  3.782000000000001E-002  1.000000000000000E-010
  3.784000000000001E-002  1.000000000000000E-010
  3.786000000000000E-002  1.000000000000000E-010
  3.788000000000000E-002  1.000000000000000E-010
  3.790000000000000E-002  1.000000000000000E-010
  3.792000000000000E-002  1.000000000000000E-010
  3.794000000000000E-002  1.000000000000000E-010
  3.796000000000000E-002  1.000000000000000E-010
  3.798000000000000E-002  1.000000000000000E-010
  3.800000000000001E-002  1.000000000000000E-010
  3.802000000000001E-002  1.000000000000000E-010
  3.804000000000000E-002  1.000000000000000E-010
  3.806000000000000E-002  1.000000000000000E-010
  3.808000000000000E-002  1.000000000000000E-010
  3.810000000000000E-002  1.000000000000000E-010
  3.812000000000000E-002  1.000000000000000E-010
  3.814000000000000E-002  1.000000000000000E-010
  3.816000000000001E-002  1.000000000000000E-010
  3.818000000000001E-002  1.000000000000000E-010
  3.820000000000000E-002  1.000000000000000E-010
  3.822000000000000E-002  1.000000000000000E-010
  3.824000000000000E-002  1.000000000000000E-010
  3.826000000000000E-002  1.000000000000000E-010
  3.828000000000000E-002  1.000000000000000E-010
  3.830000000000000E-002  1.000000000000000E-010
  3.832000000000000E-002  1.000000000000000E-010
  3.834000000000001E-002  1.000000000000000E-010
  3.836000000000001E-002  1.000000000000000E-010
  3.838000000000000E-002  1.000000000000000E-010
  3.840000000000000E-002  1.000000000000000E-010
  3.842000000000000E-002  1.000000000000000E-010
  3.844000000000000E-002  1.000000000000000E-010
  3.846000000000000E-002  1.000000000000000E-010
  3.848000000000000E-002  1.000000000000000E-010
  3.850000000000001E-002  1.000000000000000E-010
  3.852000000000001E-002  1.000000000000000E-010
  3.854000000000000E-002  1.000000000000000E-010
  3.856000000000000E-002  1.000000000000000E-010
  3.858000000000000E-002  1.000000000000000E-010
  3.860000000000000E-002  1.000000000000000E-010
  3.862000000000000E-002  1.000000000000000E-010
  3.864000000000000E-002  1.000000000000000E-010
  3.866000000000000E-002  1.000000000000000E-010
  3.868000000000001E-002  1.000000000000000E-010
  3.870000000000001E-002  1.000000000000000E-010
  3.872000000000000E-002  1.000000000000000E-010
  3.874000000000000E-002  1.000000000000000E-010
  3.876000000000000E-002  1.000000000000000E-010
  3.878000000000000E-002  1.000000000000000E-010
  3.880000000000000E-002  1.000000000000000E-010
  3.882000000000000E-002  1.000000000000000E-010
  3.884000000000001E-002  1.000000000000000E-010
  3.886000000000001E-002  1.000000000000000E-010
  3.888000000000000E-002  1.000000000000000E-010
  3.890000000000000E-002  1.000000000000000E-010
  3.892000000000000E-002  1.000000000000000E-010
  3.894000000000000E-002  1.000000000000000E-010
  3.896000000000000E-002  1.000000000000000E-010
  3.898000000000000E-002  1.000000000000000E-010
  3.900000000000000E-002  1.000000000000000E-010
  3.902000000000001E-002  1.000000000000000E-010
  3.904000000000001E-002  1.000000000000000E-010
  3.906000000000000E-002  1.000000000000000E-010
  3.908000000000000E-002  1.000000000000000E-010
  3.910000000000000E-002  1.000000000000000E-010
  3.912000000000000E-002  1.000000000000000E-010
  3.914000000000000E-002  1.000000000000000E-010
  3.916000000000000E-002  1.000000000000000E-010
  3.918000000000001E-002  1.000000000000000E-010
  3.920000000000001E-002  1.000000000000000E-010
  3.922000000000000E-002  1.000000000000000E-010
  3.924000000000000E-002  1.000000000000000E-010
  3.926000000000000E-002  1.000000000000000E-010
  3.928000000000000E-002  1.000000000000000E-010
  3.930000000000000E-002  1.000000000000000E-010
  3.932000000000000E-002  1.000000000000000E-010
  3.934000000000000E-002  1.000000000000000E-010
  3.936000000000001E-002  1.000000000000000E-010
  3.938000000000001E-002  1.000000000000000E-010
  3.940000000000000E-002  1.000000000000000E-010
  3.942000000000000E-002  1.000000000000000E-010
  3.944000000000000E-002  1.000000000000000E-010
  3.946000000000000E-002  1.000000000000000E-010
  3.948000000000000E-002  1.000000000000000E-010
  3.950000000000000E-002  1.000000000000000E-010
  3.952000000000001E-002  1.000000000000000E-010
  3.954000000000001E-002  1.000000000000000E-010
  3.956000000000000E-002  1.000000000000000E-010
  3.958000000000000E-002  1.000000000000000E-010
  3.960000000000000E-002  1.000000000000000E-010
  3.962000000000000E-002  1.000000000000000E-010
  3.964000000000000E-002  1.000000000000000E-010
  3.966000000000000E-002  1.000000000000000E-010
  3.968000000000000E-002  1.000000000000000E-010
  3.970000000000001E-002  1.000000000000000E-010
  3.972000000000001E-002  1.000000000000000E-010
  3.974000000000000E-002  1.000000000000000E-010
  3.976000000000000E-002  1.000000000000000E-010
  3.978000000000000E-002  1.000000000000000E-010
  3.980000000000000E-002  1.000000000000000E-010
  3.982000000000000E-002  1.000000000000000E-010
  3.984000000000000E-002  1.000000000000000E-010
  3.986000000000001E-002  1.000000000000000E-010
  3.988000000000001E-002  1.000000000000000E-010
  3.990000000000000E-002  1.000000000000000E-010
  3.992000000000000E-002  1.000000000000000E-010
  3.994000000000000E-002  1.000000000000000E-010
  3.996000000000000E-002  1.000000000000000E-010
  3.998000000000000E-002  1.000000000000000E-010
  4.000000000000000E-002  1.000000000000000E-010
