  0.000000000000000E+000  6.118102317530011E-012
  2.000000000000000E-005  6.118102317530014E-012
  4.000000000000000E-005  6.118102317530021E-012
  6.000000000000001E-005  6.118102317530019E-012
  8.000000000000001E-005  6.118102317530021E-012
  1.000000000000000E-004  6.118102317530024E-012
  1.200000000000000E-004  6.118102317530030E-012
  1.400000000000000E-004  6.118102317530035E-012
  1.600000000000000E-004  6.118102317530040E-012
  1.800000000000000E-004  6.118102317530043E-012
  2.000000000000000E-004  6.118102317530030E-012
  2.200000000000000E-004  6.118102317530019E-012
  2.400000000000000E-004  6.118102317530016E-012
  2.600000000000000E-004  6.118102317530011E-012
  2.800000000000000E-004  6.118102317530008E-012
  3.000000000000000E-004  6.118102317530005E-012
  3.200000000000000E-004  6.118102317530001E-012
  3.400000000000000E-004  6.118102317529993E-012
  3.600000000000000E-004  6.118102317529984E-012
  3.800000000000000E-004  6.118102317529980E-012
  4.000000000000000E-004  6.118102317529976E-012
  4.200000000000000E-004  6.118102317529973E-012
  4.400000000000000E-004  6.118102317529980E-012
  4.600000000000000E-004  6.118102317530058E-012
  4.800000000000001E-004  6.118102317530307E-012
  5.000000000000000E-004  6.118102317530924E-012
  5.200000000000001E-004  6.118102317532437E-012
  5.400000000000000E-004  6.118102317536074E-012
  5.600000000000001E-004  6.118102317544769E-012
  5.800000000000000E-004  6.118102317565413E-012
  6.000000000000001E-004  6.118102317613900E-012
  6.200000000000000E-004  6.118102317726456E-012
  6.400000000000001E-004  6.118102317984441E-012
  6.600000000000001E-004  6.118102318568153E-012
  6.800000000000000E-004  6.118102319871603E-012
  7.000000000000001E-004  6.118102322743600E-012
  7.200000000000000E-004  6.118102328985725E-012
  7.400000000000001E-004  6.118102342364325E-012
  7.600000000000000E-004  6.118102370631774E-012
  7.800000000000001E-004  6.118102429491585E-012
  8.000000000000000E-004  6.118102550232811E-012
  8.200000000000001E-004  6.118102794145781E-012
  8.400000000000000E-004  6.118103279192436E-012
  8.600000000000001E-004  6.118104228299261E-012
  8.800000000000000E-004  6.118106054837219E-012
  9.000000000000001E-004  6.118109510305820E-012
  9.200000000000000E-004  6.118115932953730E-012
  9.400000000000001E-004  6.118127654745933E-012
  9.600000000000001E-004  6.118148647433625E-012
  9.800000000000002E-004  6.118185514071759E-012
  1.000000000000000E-003  6.118248954065937E-012
  1.020000000000000E-003  6.118355836406589E-012
  1.040000000000000E-003  6.118531990180429E-012
  1.060000000000000E-003  6.118815743817954E-012
  1.080000000000000E-003  6.119262101025150E-012
  1.100000000000000E-003  6.119947242486042E-012
  1.120000000000000E-003  6.120972849750876E-012
  1.140000000000000E-003  6.122469729323075E-012
  1.160000000000000E-003  6.124601166173007E-012
  1.180000000000000E-003  6.127568205038432E-012
  1.200000000000000E-003  6.131002906111459E-012
  1.220000000000000E-003  6.133917586638549E-012
  1.240000000000000E-003  6.136158718764112E-012
  1.260000000000000E-003  6.137711079819420E-012
  1.280000000000000E-003  6.138636694051924E-012
  1.300000000000000E-003  6.139062770784558E-012
  1.320000000000000E-003  6.139171451083307E-012
  1.340000000000000E-003  6.139081040444088E-012
  1.360000000000000E-003  6.138526292111206E-012
  1.380000000000000E-003  6.137155270742733E-012
  1.400000000000000E-003  6.134775897035143E-012
  1.420000000000000E-003  6.132401960522602E-012
  1.440000000000000E-003  6.130580932553916E-012
  1.460000000000000E-003  6.129226216770664E-012
  1.480000000000000E-003  6.128230683282917E-012
  1.500000000000000E-003  6.127489572630451E-012
  1.520000000000000E-003  6.126918464159646E-012
  1.540000000000000E-003  6.126457413166404E-012
  1.560000000000000E-003  6.126067327870923E-012
  1.580000000000000E-003  6.125724670080729E-012
  1.600000000000000E-003  6.125413943862793E-012
  1.620000000000000E-003  6.125124271431875E-012
  1.640000000000000E-003  6.124848599965677E-012
  1.660000000000000E-003  6.124583684299709E-012
  1.680000000000000E-003  6.124330897575381E-012
  1.700000000000000E-003  6.124094128171402E-012
  1.720000000000000E-003  6.123878519059016E-012
  1.740000000000000E-003  6.123687380402773E-012
  1.760000000000000E-003  6.123521188522404E-012
  1.780000000000000E-003  6.123378338397306E-012
  1.800000000000000E-003  6.123256048293656E-012
  1.820000000000000E-003  6.123151324204091E-012
  1.840000000000000E-003  6.123061329437116E-012
  1.860000000000000E-003  6.122983522329509E-012
  1.880000000000000E-003  6.122915720632861E-012
  1.900000000000000E-003  6.122856161628368E-012
  1.920000000000000E-003  6.122803491504916E-012
  1.940000000000000E-003  6.122756776939906E-012
  1.960000000000000E-003  6.122715388668526E-012
  1.980000000000000E-003  6.122678852115255E-012
  2.000000000000000E-003  6.122646695647339E-012
  2.020000000000000E-003  6.122618256370326E-012
  2.040000000000000E-003  6.122592644801268E-012
  2.060000000000000E-003  6.122568680820257E-012
  2.080000000000000E-003  6.122545366736803E-012
  2.100000000000000E-003  6.122522034583014E-012
  2.120000000000000E-003  6.122497875214677E-012
  2.140000000000000E-003  6.122472917654538E-012
  2.160000000000000E-003  6.122449943682428E-012
  2.180000000000000E-003  6.122430885668866E-012
  2.200000000000000E-003  6.122417247830631E-012
  2.220000000000000E-003  6.122409090833703E-012
  2.240000000000000E-003  6.122406667926626E-012
  2.260000000000000E-003  6.122407613295337E-012
  2.280000000000000E-003  6.122413255707754E-012
  2.300000000000000E-003  6.122427070057169E-012
  2.320000000000000E-003  6.122456833019277E-012
  2.340000000000000E-003  6.122512518641984E-012
  2.360000000000000E-003  6.122608418724358E-012
  2.380000000000000E-003  6.122765195365236E-012
  2.400000000000000E-003  6.123011580422300E-012
  2.420000000000000E-003  6.123386183797196E-012
  2.440000000000000E-003  6.123938895909902E-012
  2.460000000000000E-003  6.124731173612459E-012
  2.480000000000000E-003  6.125834353377208E-012
  2.500000000000000E-003  6.127325500651417E-012
  2.520000000000000E-003  6.129280880175850E-012
  2.540000000000000E-003  6.131767827456795E-012
  2.560000000000000E-003  6.134836471916384E-012
  2.580000000000000E-003  6.138416310439940E-012
  2.600000000000000E-003  6.143263647068359E-012
  2.620000000000000E-003  6.148986158432200E-012
  2.640000000000000E-003  6.155333602827875E-012
  2.660000000000000E-003  6.162230148326525E-012
  2.680000000000000E-003  6.169590947289520E-012
  2.700000000000000E-003  6.177329835115023E-012
  2.720000000000000E-003  6.185361150239256E-012
  2.740000000000000E-003  6.193607886376255E-012
  2.760000000000000E-003  6.202007645339695E-012
  2.780000000000000E-003  6.210513580621786E-012
  2.800000000000000E-003  6.219093538096713E-012
  2.820000000000000E-003  6.227727484013259E-012
  2.840000000000000E-003  6.236403958780347E-012
  2.860000000000000E-003  6.245111122080496E-012
  2.880000000000000E-003  6.253842335419959E-012
  2.900000000000000E-003  6.262598856892094E-012
  2.920000000000000E-003  6.271383055781322E-012
  2.940000000000000E-003  6.280199531879986E-012
  2.960000000000000E-003  6.289061086923897E-012
  2.980000000000000E-003  6.297986534642224E-012
  3.000000000000000E-003  6.306923125387303E-012
  3.020000000000000E-003  6.315823226564647E-012
  3.040000000000000E-003  6.324662207595470E-012
  3.060000000000000E-003  6.333412013477486E-012
  3.080000000000000E-003  6.342038548301768E-012
  3.100000000000000E-003  6.350510469400365E-012
  3.120000000000000E-003  6.358805959133539E-012
  3.140000000000000E-003  6.366903660143810E-012
  3.160000000000000E-003  6.374790335688420E-012
  3.180000000000000E-003  6.382461720525598E-012
  3.200000000000000E-003  6.389921686557141E-012
  3.220000000000000E-003  6.397183296661832E-012
  3.240000000000000E-003  6.404266887046560E-012
  3.260000000000000E-003  6.411198759692249E-012
  3.280000000000000E-003  6.418011205262585E-012
  3.300000000000000E-003  6.424734834957583E-012
  3.320000000000000E-003  6.431400816414771E-012
  3.340000000000000E-003  6.438041052295980E-012
  3.360000000000000E-003  6.444669579160616E-012
  3.380000000000000E-003  6.451311618280017E-012
  3.400000000000000E-003  6.457985734756146E-012
  3.420000000000000E-003  6.464738393358277E-012
  3.440000000000000E-003  6.471644309334431E-012
  3.460000000000000E-003  6.478795976566495E-012
  3.480000000000000E-003  6.486290322916284E-012
  3.500000000000000E-003  6.494193446862525E-012
  3.520000000000000E-003  6.502523167722401E-012
  3.540000000000000E-003  6.511269876834497E-012
  3.560000000000000E-003  6.520199076709348E-012
  3.580000000000000E-003  6.529022569570769E-012
  3.600000000000000E-003  6.537755332210900E-012
  3.620000000000000E-003  6.546423659597502E-012
  3.640000000000000E-003  6.555045652656007E-012
  3.660000000000000E-003  6.563631307575551E-012
  3.680000000000000E-003  6.572184768300053E-012
  3.700000000000000E-003  6.580706002793110E-012
  3.720000000000000E-003  6.589193391700887E-012
  3.740000000000000E-003  6.597643326731820E-012
  3.760000000000000E-003  6.606051217685998E-012
  3.780000000000000E-003  6.614412413939715E-012
  3.800000000000000E-003  6.622721708056471E-012
  3.820000000000000E-003  6.630975209059767E-012
  3.840000000000001E-003  6.639168761641438E-012
  3.860000000000000E-003  6.647298542040618E-012
  3.880000000000000E-003  6.655361331762863E-012
  3.900000000000000E-003  6.663354936164756E-012
  3.920000000000001E-003  6.671278256213826E-012
  3.940000000000000E-003  6.679130866007870E-012
  3.960000000000000E-003  6.686912257069083E-012
  3.980000000000000E-003  6.694621269783839E-012
  4.000000000000000E-003  6.702255795744420E-012
  4.020000000000000E-003  6.709813857716339E-012
  4.040000000000000E-003  6.717292651650964E-012
  4.060000000000000E-003  6.724688280805679E-012
  4.080000000000000E-003  6.731994944151278E-012
  4.100000000000000E-003  6.739204213025162E-012
  4.120000000000000E-003  6.746305483307363E-012
  4.140000000000000E-003  6.753290593518019E-012
  4.160000000000001E-003  6.760163090286047E-012
  4.180000000000001E-003  6.766948442471998E-012
  4.200000000000001E-003  6.773658314997007E-012
  4.220000000000001E-003  6.780287198796829E-012
  4.240000000000001E-003  6.786816578764273E-012
  4.260000000000001E-003  6.793216776997231E-012
  4.280000000000000E-003  6.799449495465339E-012
  4.300000000000000E-003  6.805455546638958E-012
  4.320000000000000E-003  6.811149171559670E-012
  4.340000000000000E-003  6.816355675059889E-012
  4.360000000000000E-003  6.820797848184065E-012
  4.380000000000000E-003  6.823984563208097E-012
  4.400000000000000E-003  6.825593687593608E-012
  4.420000000000000E-003  6.825297391938552E-012
  4.440000000000000E-003  6.823456792935678E-012
  4.460000000000000E-003  6.818970431377973E-012
  4.480000000000000E-003  6.811223406020395E-012
  4.500000000000001E-003  6.802565734610187E-012
  4.520000000000001E-003  6.795948085488978E-012
  4.540000000000001E-003  6.791633868625953E-012
  4.560000000000001E-003  6.789364185624942E-012
  4.580000000000001E-003  6.788629178336626E-012
  4.600000000000001E-003  6.788618285130521E-012
  4.620000000000000E-003  6.789006882268144E-012
  4.640000000000000E-003  6.789888525702893E-012
  4.660000000000000E-003  6.791523532892166E-012
  4.680000000000000E-003  6.793735292163166E-012
  4.700000000000000E-003  6.796365385444302E-012
  4.720000000000000E-003  6.799090551257381E-012
  4.740000000000000E-003  6.801844083518543E-012
  4.760000000000000E-003  6.804575455006870E-012
  4.780000000000000E-003  6.807246182810530E-012
  4.800000000000000E-003  6.810036974925924E-012
  4.820000000000000E-003  6.813102544197605E-012
  4.840000000000001E-003  6.816502313669765E-012
  4.860000000000001E-003  6.820238080647653E-012
  4.880000000000001E-003  6.824229474527758E-012
  4.900000000000001E-003  6.828117072703092E-012
  4.920000000000001E-003  6.831687094512629E-012
  4.940000000000001E-003  6.834838451339161E-012
  4.960000000000000E-003  6.837602362390315E-012
  4.980000000000000E-003  6.840138064227938E-012
  5.000000000000000E-003  6.842583477312064E-012
  5.020000000000000E-003  6.845077128335660E-012
  5.040000000000000E-003  6.847885349655879E-012
  5.060000000000000E-003  6.851353908053870E-012
  5.080000000000000E-003  6.855528889236311E-012
  5.100000000000000E-003  6.859512528970720E-012
  5.120000000000000E-003  6.862928107753435E-012
  5.140000000000000E-003  6.865782678180063E-012
  5.160000000000001E-003  6.867878695717181E-012
  5.180000000000001E-003  6.869617960687404E-012
  5.200000000000001E-003  6.870774302032438E-012
  5.220000000000001E-003  6.871579712194093E-012
  5.240000000000001E-003  6.872544625339997E-012
  5.260000000000001E-003  6.873775509276661E-012
  5.280000000000001E-003  6.875318880087609E-012
  5.300000000000000E-003  6.877193907530179E-012
  5.320000000000000E-003  6.879310013759185E-012
  5.340000000000000E-003  6.881592071400216E-012
  5.360000000000000E-003  6.883898878827439E-012
  5.380000000000000E-003  6.886173593892965E-012
  5.400000000000000E-003  6.888429421596349E-012
  5.420000000000000E-003  6.890717929245653E-012
  5.440000000000000E-003  6.892972549861011E-012
  5.460000000000000E-003  6.894977629173415E-012
  5.480000000000000E-003  6.896628986720241E-012
  5.500000000000001E-003  6.897583479235141E-012
  5.520000000000001E-003  6.897825908479884E-012
  5.540000000000001E-003  6.897611622227553E-012
  5.560000000000001E-003  6.896886536730022E-012
  5.580000000000001E-003  6.895620813676982E-012
  5.600000000000001E-003  6.893895340150800E-012
  5.620000000000001E-003  6.892127047700595E-012
  5.640000000000000E-003  6.890388815543538E-012
  5.660000000000000E-003  6.888134809302340E-012
  5.680000000000000E-003  6.884257212522492E-012
  5.700000000000000E-003  6.875929844576323E-012
  5.720000000000000E-003  6.855937630353612E-012
  5.740000000000000E-003  6.810081003633297E-012
  5.760000000000000E-003  6.751494382961764E-012
  5.780000000000000E-003  6.713634207274038E-012
  5.800000000000000E-003  6.692847170483811E-012
  5.820000000000001E-003  6.681645459167191E-012
  5.840000000000001E-003  6.675528190485177E-012
  5.860000000000001E-003  6.672316392883236E-012
  5.880000000000001E-003  6.670743813489884E-012
  5.900000000000001E-003  6.670522977001424E-012
  5.920000000000001E-003  6.671139708409774E-012
  5.940000000000001E-003  6.672172720948872E-012
  5.960000000000001E-003  6.673406838702915E-012
  5.980000000000000E-003  6.673775668755122E-012
  6.000000000000000E-003  6.673488630013760E-012
  6.020000000000000E-003  6.672490881575405E-012
  6.040000000000000E-003  6.670841055232335E-012
  6.060000000000000E-003  6.668588263820950E-012
  6.080000000000000E-003  6.665527679317533E-012
  6.100000000000000E-003  6.661514188681670E-012
  6.120000000000000E-003  6.656334619531613E-012
  6.140000000000000E-003  6.649451799509393E-012
  6.160000000000001E-003  6.639850530306930E-012
  6.180000000000001E-003  6.625569501937043E-012
  6.200000000000001E-003  6.603066818000566E-012
  6.220000000000001E-003  6.566461403799021E-012
  6.240000000000001E-003  6.508664587681777E-012
  6.260000000000001E-003  6.442985897302971E-012
  6.280000000000001E-003  6.397268360143055E-012
  6.300000000000001E-003  6.368616291154677E-012
  6.320000000000000E-003  6.350353422249658E-012
  6.340000000000000E-003  6.337950222842010E-012
  6.360000000000000E-003  6.328747530421401E-012
  6.380000000000000E-003  6.321282139442741E-012
  6.400000000000000E-003  6.314761517925320E-012
  6.420000000000000E-003  6.308589871822474E-012
  6.440000000000000E-003  6.302345172518139E-012
  6.460000000000000E-003  6.295793390294694E-012
  6.480000000000001E-003  6.289534277519157E-012
  6.500000000000001E-003  6.284056140057658E-012
  6.520000000000001E-003  6.279372876615013E-012
  6.540000000000001E-003  6.275320891323992E-012
  6.560000000000001E-003  6.271651062292606E-012
  6.580000000000001E-003  6.268280931576145E-012
  6.600000000000001E-003  6.265193255011590E-012
  6.620000000000001E-003  6.262574135576425E-012
  6.640000000000001E-003  6.260157911806526E-012
  6.660000000000000E-003  6.257944780359071E-012
  6.680000000000000E-003  6.255852527545280E-012
  6.700000000000000E-003  6.253634614455941E-012
  6.720000000000000E-003  6.251035770782912E-012
  6.740000000000000E-003  6.248156935152682E-012
  6.760000000000000E-003  6.245855482785659E-012
  6.780000000000000E-003  6.244360356765787E-012
  6.800000000000000E-003  6.243485467854878E-012
  6.820000000000001E-003  6.242879209932146E-012
  6.840000000000001E-003  6.242227749328957E-012
  6.860000000000001E-003  6.241243538971756E-012
  6.880000000000001E-003  6.239747416702266E-012
  6.900000000000001E-003  6.237309591128729E-012
  6.920000000000001E-003  6.232713414971063E-012
  6.940000000000001E-003  6.224561527989154E-012
  6.960000000000001E-003  6.211413487954956E-012
  6.980000000000001E-003  6.192387263690166E-012
  7.000000000000000E-003  6.172232094179920E-012
  7.020000000000000E-003  6.155692994743382E-012
  7.040000000000000E-003  6.142577064238798E-012
  7.060000000000000E-003  6.132258270995311E-012
  7.080000000000000E-003  6.124242336038793E-012
  7.100000000000000E-003  6.118199432337544E-012
  7.120000000000000E-003  6.113414353048978E-012
  7.140000000000001E-003  6.109757830498178E-012
  7.160000000000001E-003  6.107335387711151E-012
  7.180000000000001E-003  6.106064088095522E-012
  7.200000000000001E-003  6.105870252628587E-012
  7.220000000000001E-003  6.106456058300782E-012
  7.240000000000001E-003  6.107710256550183E-012
  7.260000000000001E-003  6.109377654448126E-012
  7.280000000000001E-003  6.110915503997681E-012
  7.300000000000001E-003  6.112229832169876E-012
  7.320000000000001E-003  6.112928786838002E-012
  7.340000000000000E-003  6.113037905017201E-012
  7.360000000000000E-003  6.112457688717956E-012
  7.380000000000000E-003  6.111043998590780E-012
  7.400000000000000E-003  6.109134992966773E-012
  7.420000000000000E-003  6.107604865472419E-012
  7.440000000000000E-003  6.106605769061628E-012
  7.460000000000000E-003  6.106095731587749E-012
  7.480000000000001E-003  6.106105392306144E-012
  7.500000000000001E-003  6.106618217124336E-012
  7.520000000000001E-003  6.107436700349560E-012
  7.540000000000001E-003  6.108470094538302E-012
  7.560000000000001E-003  6.109866880449175E-012
  7.580000000000001E-003  6.111564356816298E-012
  7.600000000000001E-003  6.113292586540501E-012
  7.620000000000001E-003  6.114924964375123E-012
  7.640000000000001E-003  6.116467734548565E-012
  7.660000000000001E-003  6.117906473040215E-012
  7.680000000000001E-003  6.119229500241248E-012
  7.700000000000000E-003  6.120420366415609E-012
  7.720000000000000E-003  6.121463443282632E-012
  7.740000000000000E-003  6.122335665041211E-012
  7.760000000000000E-003  6.123096243894292E-012
  7.780000000000000E-003  6.123683899706941E-012
  7.800000000000001E-003  6.124091620313072E-012
  7.820000000000001E-003  6.124285797875897E-012
  7.840000000000001E-003  6.124322695092198E-012
  7.860000000000001E-003  6.124191267149898E-012
  7.880000000000000E-003  6.123867340212055E-012
  7.900000000000001E-003  6.123356256271217E-012
  7.920000000000000E-003  6.122681910888290E-012
  7.940000000000001E-003  6.121881522115676E-012
  7.960000000000000E-003  6.120995169542964E-012
  7.980000000000001E-003  6.120053799786492E-012
  8.000000000000000E-003  6.119056665971329E-012
  8.020000000000001E-003  6.117970937470924E-012
  8.040000000000000E-003  6.116736101379680E-012
  8.060000000000001E-003  6.115263948678639E-012
  8.080000000000000E-003  6.113433001208701E-012
  8.100000000000001E-003  6.111072649717082E-012
  8.120000000000000E-003  6.107917274809619E-012
  8.140000000000001E-003  6.104304830436719E-012
  8.160000000000001E-003  6.101338467962171E-012
  8.180000000000002E-003  6.099233125680124E-012
  8.200000000000001E-003  6.098033031693662E-012
  8.220000000000000E-003  6.097706736312856E-012
  8.240000000000001E-003  6.098018410466195E-012
  8.260000000000000E-003  6.098865836256481E-012
  8.280000000000001E-003  6.100853281332078E-012
  8.300000000000000E-003  6.104205541042425E-012
  8.320000000000001E-003  6.108576073246043E-012
  8.340000000000000E-003  6.112984615236084E-012
  8.360000000000001E-003  6.117384815020862E-012
  8.380000000000000E-003  6.121863269191810E-012
  8.400000000000001E-003  6.126440910031584E-012
  8.420000000000000E-003  6.131064564680894E-012
  8.440000000000001E-003  6.135735937352602E-012
  8.460000000000001E-003  6.140470572789537E-012
  8.480000000000001E-003  6.145279861944843E-012
  8.500000000000001E-003  6.150164198996087E-012
  8.520000000000002E-003  6.155057275411645E-012
  8.540000000000001E-003  6.159873293737350E-012
  8.560000000000000E-003  6.164622223771351E-012
  8.580000000000001E-003  6.169328820959959E-012
  8.600000000000000E-003  6.174024129659043E-012
  8.620000000000001E-003  6.178739104720577E-012
  8.640000000000000E-003  6.183494898356782E-012
  8.660000000000001E-003  6.188293140476186E-012
  8.680000000000000E-003  6.193152911045127E-012
  8.700000000000001E-003  6.198113694493755E-012
  8.720000000000000E-003  6.203203932143524E-012
  8.740000000000001E-003  6.208432334961924E-012
  8.760000000000000E-003  6.213791623570207E-012
  8.780000000000001E-003  6.219268123727859E-012
  8.800000000000001E-003  6.224846500345731E-012
  8.820000000000001E-003  6.230530088740879E-012
  8.840000000000001E-003  6.236268747465155E-012
  8.860000000000002E-003  6.241963664256692E-012
  8.880000000000001E-003  6.247506379590412E-012
  8.900000000000000E-003  6.252867031889374E-012
  8.920000000000001E-003  6.258036550302504E-012
  8.940000000000000E-003  6.263028634750049E-012
  8.960000000000001E-003  6.267877285156547E-012
  8.980000000000000E-003  6.272630286371692E-012
  9.000000000000001E-003  6.277328670123437E-012
  9.020000000000000E-003  6.281995974125656E-012
  9.040000000000001E-003  6.286644333474225E-012
  9.060000000000000E-003  6.291304019580983E-012
  9.080000000000001E-003  6.296007559098018E-012
  9.100000000000000E-003  6.300783212726650E-012
  9.120000000000001E-003  6.305618084468706E-012
  9.140000000000001E-003  6.310495733709611E-012
  9.160000000000001E-003  6.315730967056070E-012
  9.180000000000001E-003  6.321513806996094E-012
  9.200000000000002E-003  6.327830590565456E-012
  9.220000000000001E-003  6.334348177046834E-012
  9.240000000000000E-003  6.341050100257695E-012
  9.260000000000001E-003  6.348167611577594E-012
  9.280000000000000E-003  6.356028742358873E-012
  9.300000000000001E-003  6.365217237268494E-012
  9.320000000000000E-003  6.376373462853998E-012
  9.340000000000001E-003  6.389814730599054E-012
  9.360000000000000E-003  6.406780119731512E-012
  9.380000000000001E-003  6.428594490411655E-012
  9.400000000000000E-003  6.456636473478454E-012
  9.420000000000001E-003  6.492433135527611E-012
  9.440000000000000E-003  6.534959637490315E-012
  9.460000000000001E-003  6.584071027781707E-012
  9.480000000000001E-003  6.641619096602601E-012
  9.500000000000001E-003  6.707361876822542E-012
  9.520000000000001E-003  6.776232253270837E-012
  9.540000000000002E-003  6.841162448549438E-012
  9.560000000000001E-003  6.905562522744704E-012
  9.580000000000000E-003  6.975824228607647E-012
  9.600000000000001E-003  7.070244501726453E-012
  9.620000000000000E-003  7.235943927885806E-012
  9.640000000000001E-003  7.583114866420868E-012
  9.660000000000000E-003  8.364276755083919E-012
  9.680000000000001E-003  1.016293940856277E-011
  9.700000000000000E-003  1.430555600363862E-011
  9.720000000000001E-003  2.377289618870377E-011
  9.740000000000000E-003  4.518531017042531E-011
  9.760000000000001E-003  9.307313124905127E-011
  9.780000000000000E-003  1.989468641210848E-010
  9.800000000000001E-003  4.303302662015408E-010
  9.820000000000001E-003  9.300904481790332E-010
  9.840000000000002E-003  1.996694238571895E-009
  9.860000000000001E-003  4.246369142060681E-009
  9.880000000000002E-003  8.935892711399406E-009
  9.900000000000001E-003  1.859678265843833E-008
  9.920000000000000E-003  3.828411932225130E-008
  9.940000000000001E-003  7.799836983748830E-008
  9.960000000000000E-003  1.573698500689942E-007
  9.980000000000001E-003  3.147196904443005E-007
  1.000000000000000E-002  6.243870334651676E-007
  1.002000000000000E-002  1.229922577585306E-006
  1.004000000000000E-002  2.407204870996918E-006
  1.006000000000000E-002  4.683541395969322E-006
  1.008000000000000E-002  9.059285285282144E-006
  1.010000000000000E-002  1.743481479170644E-005
  1.012000000000000E-002  3.338806324816112E-005
  1.014000000000000E-002  6.343937382723696E-005
  1.016000000000000E-002  1.191419440650366E-004
  1.018000000000000E-002  2.209358850832700E-004
  1.020000000000000E-002  4.038362477317150E-004
  1.022000000000000E-002  7.251956574634910E-004
  1.024000000000000E-002  1.276498862980519E-003
  1.026000000000000E-002  2.199764703112500E-003
  1.028000000000000E-002  3.711533684505951E-003
  1.030000000000000E-002  6.141581370509097E-003
  1.032000000000000E-002  1.000005313602081E-002
  1.034000000000000E-002  1.610877320054671E-002
  1.036000000000000E-002  2.588608166206104E-002
  1.038000000000000E-002  4.204196165234741E-002
  1.040000000000000E-002  7.039268992995992E-002
  1.042000000000000E-002  0.113815432195317     
  1.044000000000000E-002  0.167625091161356     
  1.046000000000000E-002  0.229380315281098     
  1.048000000000000E-002  0.293792349440416     
  1.050000000000000E-002  0.353875379337010     
  1.052000000000000E-002  0.403861206502853     
  1.054000000000000E-002  0.441360187245560     
  1.056000000000000E-002  0.467416003008007     
  1.058000000000000E-002  0.484685819944727     
  1.060000000000000E-002  0.495869300885700     
  1.062000000000000E-002  0.503042540147040     
  1.064000000000000E-002  0.507619547475772     
  1.066000000000000E-002  0.510534179142804     
  1.068000000000000E-002  0.512387807839619     
  1.070000000000000E-002  0.513555923156214     
  1.072000000000000E-002  0.514279122011731     
  1.074000000000000E-002  0.514721413946807     
  1.076000000000000E-002  0.514983503653444     
  1.078000000000000E-002  0.515135849702324     
  1.080000000000000E-002  0.515233626254161     
  1.082000000000000E-002  0.515284008251255     
  1.084000000000000E-002  0.515303590705231     
  1.086000000000000E-002  0.515308208717934     
  1.088000000000000E-002  0.515303962811449     
  1.090000000000000E-002  0.515286298493378     
  1.092000000000000E-002  0.515256348298989     
  1.094000000000000E-002  0.515223334362072     
  1.096000000000000E-002  0.515199586343738     
  1.098000000000000E-002  0.515182025336265     
  1.100000000000000E-002  0.515166246132171     
  1.102000000000000E-002  0.515152672117169     
  1.104000000000000E-002  0.515140682461548     
  1.106000000000000E-002  0.515129982593762     
  1.108000000000000E-002  0.515120352424796     
  1.110000000000000E-002  0.515109390068403     
  1.112000000000000E-002  0.515096189421328     
  1.114000000000000E-002  0.515080281495844     
  1.116000000000000E-002  0.515062174683361     
  1.118000000000000E-002  0.515043007595180     
  1.120000000000000E-002  0.515024677912258     
  1.122000000000000E-002  0.515007662733447     
  1.124000000000000E-002  0.514990734353021     
  1.126000000000000E-002  0.514973045345992     
  1.128000000000000E-002  0.514955041583843     
  1.130000000000000E-002  0.514937761026747     
  1.132000000000000E-002  0.514920910813031     
  1.134000000000000E-002  0.514903722838726     
  1.136000000000000E-002  0.514885310543802     
  1.138000000000000E-002  0.514863763409017     
  1.140000000000000E-002  0.514837928729600     
  1.142000000000000E-002  0.514800922401053     
  1.144000000000000E-002  0.514741480103240     
  1.146000000000000E-002  0.514641846250689     
  1.148000000000000E-002  0.514473092745693     
  1.150000000000000E-002  0.514191248441125     
  1.152000000000000E-002  0.513735065227901     
  1.154000000000000E-002  0.513024958893291     
  1.156000000000000E-002  0.511965990068923     
  1.158000000000000E-002  0.510454447156265     
  1.160000000000000E-002  0.508380992522255     
  1.162000000000000E-002  0.505619407751058     
  1.164000000000000E-002  0.502010549161492     
  1.166000000000000E-002  0.497338296534227     
  1.168000000000000E-002  0.491363798355473     
  1.170000000000000E-002  0.484021517036233     
  1.172000000000000E-002  0.475647455046847     
  1.174000000000000E-002  0.466884674376546     
  1.176000000000000E-002  0.458155763313541     
  1.178000000000000E-002  0.449198308066331     
  1.180000000000000E-002  0.439093980880764     
  1.182000000000000E-002  0.426709883514457     
  1.184000000000000E-002  0.411238535219604     
  1.186000000000000E-002  0.392588462667575     
  1.188000000000000E-002  0.371370808690643     
  1.190000000000000E-002  0.348609192825136     
  1.192000000000000E-002  0.325430017518802     
  1.194000000000000E-002  0.302856803070507     
  1.196000000000000E-002  0.281602430586931     
  1.198000000000000E-002  0.261976744528525     
  1.200000000000000E-002  0.243923408384858     
  1.202000000000000E-002  0.227091538485079     
  1.204000000000000E-002  0.211143750719224     
  1.206000000000000E-002  0.195584902560452     
  1.208000000000000E-002  0.179966455430596     
  1.210000000000000E-002  0.163985378476324     
  1.212000000000000E-002  0.147554961583469     
  1.214000000000000E-002  0.130790802265474     
  1.216000000000000E-002  0.113987058620044     
  1.218000000000000E-002  9.781376586043733E-002
  1.220000000000000E-002  8.267620600994105E-002
  1.222000000000000E-002  6.829281880679873E-002
  1.224000000000000E-002  5.472891395598125E-002
  1.226000000000000E-002  4.225182194044556E-002
  1.228000000000000E-002  3.119429900383818E-002
  1.230000000000000E-002  2.255541940094314E-002
  1.232000000000000E-002  1.650276021887788E-002
  1.234000000000000E-002  1.222091636551672E-002
  1.236000000000000E-002  9.110718531550517E-003
  1.238000000000000E-002  6.813294955566836E-003
  1.240000000000000E-002  5.097979523238335E-003
  1.242000000000000E-002  3.808985902755583E-003
  1.244000000000000E-002  2.837070643678464E-003
  1.246000000000000E-002  2.103522394530063E-003
  1.248000000000000E-002  1.550703172471900E-003
  1.250000000000000E-002  1.135531854029538E-003
  1.252000000000000E-002  8.253127929002702E-004
  1.254000000000000E-002  5.949870279753710E-004
  1.256000000000000E-002  4.252439372073621E-004
  1.258000000000000E-002  3.011772840571237E-004
  1.260000000000000E-002  2.113027567656134E-004
  1.262000000000000E-002  1.468119775350932E-004
  1.264000000000000E-002  1.009931895764476E-004
  1.266000000000000E-002  6.877351832529580E-005
  1.268000000000000E-002  4.635425260149617E-005
  1.270000000000000E-002  3.092066811696739E-005
  1.272000000000000E-002  2.041065789517108E-005
  1.274000000000000E-002  1.333151478302228E-005
  1.276000000000000E-002  8.615749813875894E-006
  1.278000000000000E-002  5.509255840681965E-006
  1.280000000000000E-002  3.485720867148589E-006
  1.282000000000000E-002  2.182368707488551E-006
  1.284000000000000E-002  1.352230798073560E-006
  1.286000000000000E-002  8.293243946521690E-007
  1.288000000000000E-002  5.035199160985644E-007
  1.290000000000000E-002  3.026800717170702E-007
  1.292000000000000E-002  1.801591206170641E-007
  1.294000000000000E-002  1.061790271920221E-007
  1.296000000000000E-002  6.196338533134554E-008
  1.298000000000000E-002  3.580559471290650E-008
  1.300000000000000E-002  2.048660352200032E-008
  1.302000000000000E-002  1.160515988858680E-008
  1.304000000000000E-002  6.508177295519403E-009
  1.306000000000000E-002  3.613208245461988E-009
  1.308000000000000E-002  1.986174657223138E-009
  1.310000000000000E-002  1.081536882044857E-009
  1.312000000000000E-002  5.840392519504841E-010
  1.314000000000000E-002  3.134672747172299E-010
  1.316000000000000E-002  1.679531817297002E-010
  1.318000000000000E-002  9.057246029314316E-011
  1.320000000000000E-002  4.988547078269886E-011
  1.322000000000000E-002  2.873224437947650E-011
  1.324000000000000E-002  1.785701127631547E-011
  1.326000000000000E-002  1.232651024785505E-011
  1.328000000000000E-002  9.542682387630193E-012
  1.330000000000000E-002  8.153813881775182E-012
  1.332000000000000E-002  7.465300924448271E-012
  1.334000000000000E-002  7.124574248723263E-012
  1.336000000000000E-002  6.954647434705842E-012
  1.338000000000000E-002  6.867807105929647E-012
  1.340000000000000E-002  6.821194683616922E-012
  1.342000000000000E-002  6.793634691043206E-012
  1.344000000000000E-002  6.774953463209843E-012
  1.346000000000000E-002  6.760307039840779E-012
  1.348000000000000E-002  6.747317812132241E-012
  1.350000000000000E-002  6.735168596041372E-012
  1.352000000000000E-002  6.724033997126175E-012
  1.354000000000000E-002  6.713640320436062E-012
  1.356000000000000E-002  6.703383330841637E-012
  1.358000000000000E-002  6.692653673022394E-012
  1.360000000000000E-002  6.681475363870382E-012
  1.362000000000000E-002  6.669844271744598E-012
  1.364000000000000E-002  6.657898731818471E-012
  1.366000000000000E-002  6.646879123390407E-012
  1.368000000000000E-002  6.637209039106243E-012
  1.370000000000000E-002  6.628691872355148E-012
  1.372000000000000E-002  6.621103028198988E-012
  1.374000000000000E-002  6.614296861366308E-012
  1.376000000000000E-002  6.608249201688036E-012
  1.378000000000000E-002  6.603026846254286E-012
  1.380000000000000E-002  6.598761659707738E-012
  1.382000000000000E-002  6.595615699271083E-012
  1.384000000000000E-002  6.593702298043790E-012
  1.386000000000000E-002  6.592920715935606E-012
  1.388000000000000E-002  6.592895189097857E-012
  1.390000000000000E-002  6.593467175485106E-012
  1.392000000000000E-002  6.594866402627306E-012
  1.394000000000000E-002  6.597493959482332E-012
  1.396000000000000E-002  6.601197361564692E-012
  1.398000000000000E-002  6.605693200515199E-012
  1.400000000000000E-002  6.611048346684161E-012
  1.402000000000000E-002  6.616793587406429E-012
  1.404000000000000E-002  6.621484014197499E-012
  1.406000000000000E-002  6.625031665914174E-012
  1.408000000000000E-002  6.627647608266815E-012
  1.410000000000000E-002  6.629310847495097E-012
  1.412000000000000E-002  6.630043152237145E-012
  1.414000000000000E-002  6.630343984939909E-012
  1.416000000000000E-002  6.630766284212812E-012
  1.418000000000000E-002  6.631669381399183E-012
  1.420000000000000E-002  6.633386433166288E-012
  1.422000000000000E-002  6.635830074634254E-012
  1.424000000000000E-002  6.639036295518678E-012
  1.426000000000000E-002  6.643202190380029E-012
  1.428000000000000E-002  6.648449615413180E-012
  1.430000000000000E-002  6.654822398196455E-012
  1.432000000000000E-002  6.662278224871110E-012
  1.434000000000000E-002  6.670309521314644E-012
  1.436000000000000E-002  6.677326699184695E-012
  1.438000000000000E-002  6.683233271556199E-012
  1.440000000000000E-002  6.688191988142542E-012
  1.442000000000000E-002  6.692364103562178E-012
  1.444000000000000E-002  6.695900087234172E-012
  1.446000000000000E-002  6.698948769985923E-012
  1.448000000000000E-002  6.701351877093798E-012
  1.450000000000000E-002  6.702824449961989E-012
  1.452000000000000E-002  6.703531956739548E-012
  1.454000000000000E-002  6.703728696505876E-012
  1.456000000000000E-002  6.703256256472158E-012
  1.458000000000000E-002  6.701668020328435E-012
  1.460000000000000E-002  6.698899006765286E-012
  1.462000000000000E-002  6.695001212715707E-012
  1.464000000000000E-002  6.690047496386740E-012
  1.466000000000000E-002  6.684173411388994E-012
  1.468000000000000E-002  6.677556170048844E-012
  1.470000000000000E-002  6.670412399787017E-012
  1.472000000000000E-002  6.662876659076150E-012
  1.474000000000000E-002  6.655020902592021E-012
  1.476000000000000E-002  6.646867764879275E-012
  1.478000000000000E-002  6.638384486200278E-012
  1.480000000000000E-002  6.629477908399987E-012
  1.482000000000000E-002  6.619929514100069E-012
  1.484000000000000E-002  6.609241927437842E-012
  1.486000000000000E-002  6.597116314847938E-012
  1.488000000000000E-002  6.583830898869954E-012
  1.490000000000000E-002  6.570886594993837E-012
  1.492000000000000E-002  6.559176270348937E-012
  1.494000000000000E-002  6.549636400237256E-012
  1.496000000000000E-002  6.543361255618991E-012
  1.498000000000000E-002  6.540740722047420E-012
  1.500000000000000E-002  6.540955286184494E-012
  1.502000000000000E-002  6.544896408274411E-012
  1.504000000000000E-002  6.555989534153617E-012
  1.506000000000000E-002  6.576398612130751E-012
  1.508000000000000E-002  6.605519057028924E-012
  1.510000000000000E-002  6.637640226299319E-012
  1.512000000000000E-002  6.659008310707010E-012
  1.514000000000000E-002  6.671353689803289E-012
  1.516000000000000E-002  6.677196283297585E-012
  1.518000000000000E-002  6.678884942270977E-012
  1.520000000000000E-002  6.678826020012833E-012
  1.522000000000000E-002  6.677887936499815E-012
  1.524000000000000E-002  6.674849164028527E-012
  1.526000000000000E-002  6.670313548018567E-012
  1.528000000000000E-002  6.664800588490118E-012
  1.530000000000000E-002  6.658929414683207E-012
  1.532000000000000E-002  6.654375225827505E-012
  1.534000000000000E-002  6.650274901493630E-012
  1.536000000000000E-002  6.646130687188324E-012
  1.538000000000000E-002  6.642050785210361E-012
  1.540000000000000E-002  6.638287337296564E-012
  1.542000000000000E-002  6.634947126087208E-012
  1.544000000000000E-002  6.632163112080974E-012
  1.546000000000000E-002  6.630109398089626E-012
  1.548000000000000E-002  6.628899393142651E-012
  1.550000000000000E-002  6.628508845889148E-012
  1.552000000000000E-002  6.628541548740159E-012
  1.554000000000000E-002  6.629109196706598E-012
  1.556000000000000E-002  6.630618934019596E-012
  1.558000000000000E-002  6.633291733908226E-012
  1.560000000000000E-002  6.638084229221931E-012
  1.562000000000000E-002  6.648719273961228E-012
  1.564000000000000E-002  6.679822445323297E-012
  1.566000000000000E-002  6.787561159273066E-012
  1.568000000000000E-002  7.190249699444208E-012
  1.570000000000000E-002  8.648744443901816E-012
  1.572000000000000E-002  1.192467163763627E-011
  1.574000000000000E-002  1.345819099506378E-011
  1.576000000000000E-002  1.372138149587006E-011
  1.578000000000000E-002  1.375341232503008E-011
  1.580000000000000E-002  1.375705914326345E-011
  1.582000000000000E-002  1.375747119928056E-011
  1.584000000000000E-002  1.375751772426992E-011
  1.586000000000000E-002  1.375752297712799E-011
  1.588000000000000E-002  1.375752357024137E-011
  1.590000000000000E-002  1.375752363721712E-011
  1.592000000000000E-002  1.375752364478078E-011
  1.594000000000000E-002  1.375752364563500E-011
  1.596000000000000E-002  1.375752364573148E-011
  1.598000000000000E-002  1.375752364574238E-011
  1.600000000000000E-002  1.375752364574362E-011
  1.602000000000000E-002  1.375752364574375E-011
  1.604000000000000E-002  1.375752364574377E-011
  1.606000000000000E-002  1.375752364574377E-011
  1.608000000000000E-002  1.375752364574377E-011
  1.610000000000000E-002  1.375752364574377E-011
  1.612000000000000E-002  1.375752364574377E-011
  1.614000000000000E-002  1.375752364574377E-011
  1.616000000000000E-002  1.375752364574377E-011
  1.618000000000000E-002  1.375752364574377E-011
  1.620000000000000E-002  1.375752364574377E-011
  1.622000000000000E-002  1.375752364574377E-011
  1.624000000000000E-002  1.375752364574377E-011
  1.626000000000000E-002  1.375752364574377E-011
  1.628000000000000E-002  1.375752364574377E-011
  1.630000000000000E-002  1.375752364574377E-011
  1.632000000000000E-002  1.375752364574377E-011
  1.634000000000000E-002  1.375752364574377E-011
  1.636000000000000E-002  1.375752364574377E-011
  1.638000000000000E-002  1.375752364574377E-011
  1.640000000000000E-002  1.375752364574377E-011
  1.642000000000000E-002  1.375752364574377E-011
  1.644000000000000E-002  1.375752364574377E-011
  1.646000000000000E-002  1.375752364574377E-011
  1.648000000000000E-002  1.375752364574377E-011
  1.650000000000000E-002  1.375752364574377E-011
  1.652000000000000E-002  1.375752364574377E-011
  1.654000000000000E-002  1.375752364574377E-011
  1.656000000000000E-002  1.375752364574377E-011
  1.658000000000000E-002  1.375752364574377E-011
  1.660000000000000E-002  1.375752364574377E-011
  1.662000000000000E-002  1.375752364574377E-011
  1.664000000000000E-002  1.375752364574377E-011
  1.666000000000000E-002  1.375752364574377E-011
  1.668000000000000E-002  1.375752364574377E-011
  1.670000000000000E-002  1.375752364574377E-011
  1.672000000000000E-002  1.375752364574377E-011
  1.674000000000000E-002  1.375752364574377E-011
  1.676000000000000E-002  1.375752364574377E-011
  1.678000000000000E-002  1.375752364574377E-011
  1.680000000000000E-002  1.375752364574377E-011
  1.682000000000000E-002  1.375752364574377E-011
  1.684000000000000E-002  1.375752364574377E-011
  1.686000000000000E-002  1.375752364574377E-011
  1.688000000000000E-002  1.375752364574377E-011
  1.690000000000000E-002  1.375752364574377E-011
  1.692000000000000E-002  1.375752364574377E-011
  1.694000000000000E-002  1.375752364574377E-011
  1.696000000000000E-002  1.375752364574377E-011
  1.698000000000000E-002  1.375752364574377E-011
  1.700000000000000E-002  1.375752364574377E-011
  1.702000000000000E-002  1.375752364574377E-011
  1.704000000000000E-002  1.375752364574377E-011
  1.706000000000000E-002  1.375752364574377E-011
  1.708000000000000E-002  1.375752364574377E-011
  1.710000000000000E-002  1.375752364574377E-011
  1.712000000000000E-002  1.375752364574377E-011
  1.714000000000000E-002  1.375752364574377E-011
  1.716000000000000E-002  1.375752364574377E-011
  1.718000000000000E-002  1.375752364574377E-011
  1.720000000000000E-002  1.375752364574377E-011
  1.722000000000000E-002  1.375752364574377E-011
  1.724000000000000E-002  1.375752364574377E-011
  1.726000000000000E-002  1.375752364574377E-011
  1.728000000000000E-002  1.375752364574377E-011
  1.730000000000000E-002  1.375752364574377E-011
  1.732000000000000E-002  1.375752364574377E-011
  1.734000000000000E-002  1.375752364574377E-011
  1.736000000000000E-002  1.375752364574377E-011
  1.738000000000000E-002  1.375752364574377E-011
  1.740000000000000E-002  1.375752364574377E-011
  1.742000000000000E-002  1.375752364574377E-011
  1.744000000000000E-002  1.375752364574377E-011
  1.746000000000000E-002  1.375752364574377E-011
  1.748000000000000E-002  1.375752364574377E-011
  1.750000000000000E-002  1.375752364574377E-011
  1.752000000000000E-002  1.375752364574377E-011
  1.754000000000000E-002  1.375752364574377E-011
  1.756000000000000E-002  1.375752364574377E-011
  1.758000000000000E-002  1.375752364574377E-011
  1.760000000000000E-002  1.375752364574377E-011
  1.762000000000000E-002  1.375752364574377E-011
  1.764000000000000E-002  1.375752364574377E-011
  1.766000000000000E-002  1.375752364574377E-011
  1.768000000000000E-002  1.375752364574377E-011
  1.770000000000000E-002  1.375752364574377E-011
  1.772000000000000E-002  1.375752364574377E-011
  1.774000000000000E-002  1.375752364574377E-011
  1.776000000000000E-002  1.375752364574377E-011
  1.778000000000000E-002  1.375752364574377E-011
  1.780000000000000E-002  1.375752364574377E-011
  1.782000000000000E-002  1.375752364574377E-011
  1.784000000000000E-002  1.375752364574377E-011
  1.786000000000000E-002  1.375752364574377E-011
  1.788000000000000E-002  1.375752364574377E-011
  1.790000000000000E-002  1.375752364574377E-011
  1.792000000000000E-002  1.375752364574377E-011
  1.794000000000000E-002  1.375752364574377E-011
  1.796000000000000E-002  1.375752364574377E-011
  1.798000000000000E-002  1.375752364574377E-011
  1.800000000000000E-002  1.375752364574377E-011
  1.802000000000000E-002  1.375752364574377E-011
  1.804000000000000E-002  1.375752364574377E-011
  1.806000000000000E-002  1.375752364574377E-011
  1.808000000000000E-002  1.375752364574377E-011
  1.810000000000000E-002  1.375752364574377E-011
  1.812000000000000E-002  1.375752364574377E-011
  1.814000000000000E-002  1.375752364574377E-011
  1.816000000000000E-002  1.375752364574377E-011
  1.818000000000000E-002  1.375752364574377E-011
  1.820000000000000E-002  1.375752364574377E-011
  1.822000000000000E-002  1.375752364574377E-011
  1.824000000000000E-002  1.375752364574377E-011
  1.826000000000000E-002  1.375752364574377E-011
  1.828000000000000E-002  1.375752364574377E-011
  1.830000000000000E-002  1.375752364574377E-011
  1.832000000000000E-002  1.375752364574377E-011
  1.834000000000000E-002  1.375752364574377E-011
  1.836000000000000E-002  1.375752364574377E-011
  1.838000000000000E-002  1.375752364574377E-011
  1.840000000000000E-002  1.375752364574377E-011
  1.842000000000000E-002  1.375752364574377E-011
  1.844000000000000E-002  1.375752364574377E-011
  1.846000000000000E-002  1.375752364574377E-011
  1.848000000000000E-002  1.375752364574377E-011
  1.850000000000000E-002  1.375752364574377E-011
  1.852000000000000E-002  1.375752364574377E-011
  1.854000000000000E-002  1.375752364574377E-011
  1.856000000000000E-002  1.375752364574377E-011
  1.858000000000000E-002  1.375752364574377E-011
  1.860000000000000E-002  1.375752364574377E-011
  1.862000000000000E-002  1.375752364574377E-011
  1.864000000000000E-002  1.375752364574377E-011
  1.866000000000000E-002  1.375752364574377E-011
  1.868000000000000E-002  1.375752364574377E-011
  1.870000000000000E-002  1.375752364574377E-011
  1.872000000000000E-002  1.375752364574377E-011
  1.874000000000000E-002  1.375752364574377E-011
  1.876000000000000E-002  1.375752364574377E-011
  1.878000000000000E-002  1.375752364574377E-011
  1.880000000000000E-002  1.375752364574377E-011
  1.882000000000000E-002  1.375752364574377E-011
  1.884000000000000E-002  1.375752364574377E-011
  1.886000000000000E-002  1.375752364574377E-011
  1.888000000000000E-002  1.375752364574377E-011
  1.890000000000000E-002  1.375752364574377E-011
  1.892000000000000E-002  1.375752364574377E-011
  1.894000000000000E-002  1.375752364574377E-011
  1.896000000000000E-002  1.375752364574377E-011
  1.898000000000000E-002  1.375752364574377E-011
  1.900000000000000E-002  1.375752364574377E-011
  1.902000000000000E-002  1.375752364574377E-011
  1.904000000000000E-002  1.375752364574377E-011
  1.906000000000000E-002  1.375752364574377E-011
  1.908000000000000E-002  1.375752364574377E-011
  1.910000000000000E-002  1.375752364574377E-011
  1.912000000000000E-002  1.375752364574377E-011
  1.914000000000000E-002  1.375752364574377E-011
  1.916000000000000E-002  1.375752364574377E-011
  1.918000000000000E-002  1.375752364574377E-011
  1.920000000000000E-002  1.375752364574377E-011
  1.922000000000000E-002  1.375752364574377E-011
  1.924000000000000E-002  1.375752364574377E-011
  1.926000000000000E-002  1.375752364574377E-011
  1.928000000000000E-002  1.375752364574377E-011
  1.930000000000000E-002  1.375752364574377E-011
  1.932000000000000E-002  1.375752364574377E-011
  1.934000000000000E-002  1.375752364574377E-011
  1.936000000000000E-002  1.375752364574377E-011
  1.938000000000000E-002  1.375752364574377E-011
  1.940000000000000E-002  1.375752364574377E-011
  1.942000000000000E-002  1.375752364574377E-011
  1.944000000000000E-002  1.375752364574377E-011
  1.946000000000000E-002  1.375752364574377E-011
  1.948000000000000E-002  1.375752364574377E-011
  1.950000000000000E-002  1.375752364574377E-011
  1.952000000000000E-002  1.375752364574377E-011
  1.954000000000000E-002  1.375752364574377E-011
  1.956000000000000E-002  1.375752364574377E-011
  1.958000000000000E-002  1.375752364574377E-011
  1.960000000000000E-002  1.375752364574377E-011
  1.962000000000000E-002  1.375752364574377E-011
  1.964000000000000E-002  1.375752364574377E-011
  1.966000000000000E-002  1.375752364574377E-011
  1.968000000000000E-002  1.375752364574377E-011
  1.970000000000000E-002  1.375752364574377E-011
  1.972000000000000E-002  1.375752364574377E-011
  1.974000000000000E-002  1.375752364574377E-011
  1.976000000000000E-002  1.375752364574377E-011
  1.978000000000000E-002  1.375752364574377E-011
  1.980000000000000E-002  1.375752364574377E-011
  1.982000000000000E-002  1.375752364574377E-011
  1.984000000000000E-002  1.375752364574377E-011
  1.986000000000000E-002  1.375752364574377E-011
  1.988000000000000E-002  1.375752364574377E-011
  1.990000000000000E-002  1.375752364574377E-011
  1.992000000000000E-002  1.375752364574377E-011
  1.994000000000000E-002  1.375752364574377E-011
  1.996000000000000E-002  1.375752364574377E-011
  1.998000000000000E-002  1.375752364574377E-011
  2.000000000000000E-002  1.375752364574377E-011
  2.002000000000000E-002  1.375752364574377E-011
  2.004000000000000E-002  1.375752364574377E-011
  2.006000000000000E-002  1.375752364574377E-011
  2.008000000000000E-002  1.375752364574377E-011
  2.010000000000000E-002  1.375752364574377E-011
  2.012000000000000E-002  1.375752364574377E-011
  2.014000000000000E-002  1.375752364574377E-011
  2.016000000000000E-002  1.375752364574377E-011
  2.018000000000000E-002  1.375752364574377E-011
  2.020000000000000E-002  1.375752364574377E-011
  2.022000000000000E-002  1.375752364574377E-011
  2.024000000000000E-002  1.375752364574377E-011
  2.026000000000000E-002  1.375752364574377E-011
  2.028000000000000E-002  1.375752364574377E-011
  2.030000000000000E-002  1.375752364574377E-011
  2.032000000000000E-002  1.375752364574377E-011
  2.034000000000000E-002  1.375752364574377E-011
  2.036000000000000E-002  1.375752364574377E-011
  2.038000000000000E-002  1.375752364574377E-011
  2.040000000000000E-002  1.375752364574377E-011
  2.042000000000000E-002  1.375752364574377E-011
  2.044000000000000E-002  1.375752364574377E-011
  2.046000000000000E-002  1.375752364574377E-011
  2.048000000000000E-002  1.375752364574377E-011
  2.050000000000000E-002  1.375752364574377E-011
  2.052000000000000E-002  1.375752364574377E-011
  2.054000000000000E-002  1.375752364574377E-011
  2.056000000000000E-002  1.375752364574377E-011
  2.058000000000000E-002  1.375752364574377E-011
  2.060000000000000E-002  1.375752364574377E-011
  2.062000000000000E-002  1.375752364574377E-011
  2.064000000000000E-002  1.375752364574377E-011
  2.066000000000000E-002  1.375752364574377E-011
  2.068000000000000E-002  1.375752364574377E-011
  2.070000000000000E-002  1.375752364574377E-011
  2.072000000000000E-002  1.375752364574377E-011
  2.074000000000000E-002  1.375752364574377E-011
  2.076000000000000E-002  1.375752364574377E-011
  2.078000000000000E-002  1.375752364574377E-011
  2.080000000000000E-002  1.375752364574377E-011
  2.082000000000000E-002  1.375752364574377E-011
  2.084000000000000E-002  1.375752364574377E-011
  2.086000000000000E-002  1.375752364574377E-011
  2.088000000000000E-002  1.375752364574377E-011
  2.090000000000000E-002  1.375752364574377E-011
  2.092000000000000E-002  1.375752364574377E-011
  2.094000000000000E-002  1.375752364574377E-011
  2.096000000000000E-002  1.375752364574377E-011
  2.098000000000000E-002  1.375752364574377E-011
  2.100000000000000E-002  1.375752364574377E-011
  2.102000000000000E-002  1.375752364574377E-011
  2.104000000000000E-002  1.375752364574377E-011
  2.106000000000000E-002  1.375752364574377E-011
  2.108000000000000E-002  1.375752364574377E-011
  2.110000000000000E-002  1.375752364574377E-011
  2.112000000000000E-002  1.375752364574377E-011
  2.114000000000000E-002  1.375752364574377E-011
  2.116000000000000E-002  1.375752364574377E-011
  2.118000000000000E-002  1.375752364574377E-011
  2.120000000000000E-002  1.375752364574377E-011
  2.122000000000000E-002  1.375752364574377E-011
  2.124000000000000E-002  1.375752364574377E-011
  2.126000000000000E-002  1.375752364574377E-011
  2.128000000000000E-002  1.375752364574377E-011
  2.130000000000000E-002  1.375752364574377E-011
  2.132000000000000E-002  1.375752364574377E-011
  2.134000000000000E-002  1.375752364574377E-011
  2.136000000000000E-002  1.375752364574377E-011
  2.138000000000000E-002  1.375752364574377E-011
  2.140000000000000E-002  1.375752364574377E-011
  2.142000000000000E-002  1.375752364574377E-011
  2.144000000000000E-002  1.375752364574377E-011
  2.146000000000000E-002  1.375752364574377E-011
  2.148000000000000E-002  1.375752364574377E-011
  2.150000000000000E-002  1.375752364574377E-011
  2.152000000000000E-002  1.375752364574377E-011
  2.154000000000000E-002  1.375752364574377E-011
  2.156000000000000E-002  1.375752364574377E-011
  2.158000000000000E-002  1.375752364574377E-011
  2.160000000000000E-002  1.375752364574377E-011
  2.162000000000000E-002  1.375752364574377E-011
  2.164000000000000E-002  1.375752364574377E-011
  2.166000000000000E-002  1.375752364574377E-011
  2.168000000000000E-002  1.375752364574377E-011
  2.170000000000000E-002  1.375752364574377E-011
  2.172000000000000E-002  1.375752364574377E-011
  2.174000000000000E-002  1.375752364574377E-011
  2.176000000000000E-002  1.375752364574377E-011
  2.178000000000000E-002  1.375752364574377E-011
  2.180000000000000E-002  1.375752364574377E-011
  2.182000000000000E-002  1.375752364574377E-011
  2.184000000000000E-002  1.375752364574377E-011
  2.186000000000000E-002  1.375752364574377E-011
  2.188000000000000E-002  1.375752364574377E-011
  2.190000000000000E-002  1.375752364574377E-011
  2.192000000000000E-002  1.375752364574377E-011
  2.194000000000000E-002  1.375752364574377E-011
  2.196000000000000E-002  1.375752364574377E-011
  2.198000000000000E-002  1.375752364574377E-011
  2.200000000000000E-002  1.375752364574377E-011
  2.202000000000000E-002  1.375752364574377E-011
  2.204000000000000E-002  1.375752364574377E-011
  2.206000000000000E-002  1.375752364574377E-011
  2.208000000000000E-002  1.375752364574377E-011
  2.210000000000000E-002  1.375752364574377E-011
  2.212000000000000E-002  1.375752364574377E-011
  2.214000000000000E-002  1.375752364574377E-011
  2.216000000000000E-002  1.375752364574377E-011
  2.218000000000000E-002  1.375752364574377E-011
  2.220000000000000E-002  1.375752364574377E-011
  2.222000000000000E-002  1.375752364574377E-011
  2.224000000000000E-002  1.375752364574377E-011
  2.226000000000000E-002  1.375752364574377E-011
  2.228000000000000E-002  1.375752364574377E-011
  2.230000000000000E-002  1.375752364574377E-011
  2.232000000000000E-002  1.375752364574377E-011
  2.234000000000000E-002  1.375752364574377E-011
  2.236000000000000E-002  1.375752364574377E-011
  2.238000000000000E-002  1.375752364574377E-011
  2.240000000000000E-002  1.375752364574377E-011
  2.242000000000000E-002  1.375752364574377E-011
  2.244000000000000E-002  1.375752364574377E-011
  2.246000000000000E-002  1.375752364574377E-011
  2.248000000000000E-002  1.375752364574377E-011
  2.250000000000000E-002  1.375752364574377E-011
  2.252000000000000E-002  1.375752364574377E-011
  2.254000000000000E-002  1.375752364574377E-011
  2.256000000000000E-002  1.375752364574377E-011
  2.258000000000000E-002  1.375752364574377E-011
  2.260000000000000E-002  1.375752364574377E-011
  2.262000000000000E-002  1.375752364574377E-011
  2.264000000000000E-002  1.375752364574377E-011
  2.266000000000000E-002  1.375752364574377E-011
  2.268000000000000E-002  1.375752364574377E-011
  2.270000000000000E-002  1.375752364574377E-011
  2.272000000000000E-002  1.375752364574377E-011
  2.274000000000000E-002  1.375752364574377E-011
  2.276000000000000E-002  1.375752364574377E-011
  2.278000000000000E-002  1.375752364574377E-011
  2.280000000000000E-002  1.375752364574377E-011
  2.282000000000000E-002  1.375752364574377E-011
  2.284000000000000E-002  1.375752364574377E-011
  2.286000000000000E-002  1.375752364574377E-011
  2.288000000000000E-002  1.375752364574377E-011
  2.290000000000000E-002  1.375752364574377E-011
  2.292000000000000E-002  1.375752364574377E-011
  2.294000000000000E-002  1.375752364574377E-011
  2.296000000000000E-002  1.375752364574377E-011
  2.298000000000000E-002  1.375752364574377E-011
  2.300000000000000E-002  1.375752364574377E-011
  2.302000000000000E-002  1.375752364574377E-011
  2.304000000000000E-002  1.375752364574377E-011
  2.306000000000000E-002  1.375752364574377E-011
  2.308000000000000E-002  1.375752364574377E-011
  2.310000000000000E-002  1.375752364574377E-011
  2.312000000000000E-002  1.375752364574377E-011
  2.314000000000000E-002  1.375752364574377E-011
  2.316000000000000E-002  1.375752364574377E-011
  2.318000000000000E-002  1.375752364574377E-011
  2.320000000000000E-002  1.375752364574377E-011
  2.322000000000000E-002  1.375752364574377E-011
  2.324000000000000E-002  1.375752364574377E-011
  2.326000000000000E-002  1.375752364574377E-011
  2.328000000000000E-002  1.375752364574377E-011
  2.330000000000000E-002  1.375752364574377E-011
  2.332000000000000E-002  1.375752364574377E-011
  2.334000000000000E-002  1.375752364574377E-011
  2.336000000000000E-002  1.375752364574377E-011
  2.338000000000000E-002  1.375752364574377E-011
  2.340000000000000E-002  1.375752364574377E-011
  2.342000000000000E-002  1.375752364574377E-011
  2.344000000000000E-002  1.375752364574377E-011
  2.346000000000000E-002  1.375752364574377E-011
  2.348000000000000E-002  1.375752364574377E-011
  2.350000000000000E-002  1.375752364574377E-011
  2.352000000000000E-002  1.375752364574377E-011
  2.354000000000000E-002  1.375752364574377E-011
  2.356000000000000E-002  1.375752364574377E-011
  2.358000000000000E-002  1.375752364574377E-011
  2.360000000000000E-002  1.375752364574377E-011
  2.362000000000000E-002  1.375752364574377E-011
  2.364000000000000E-002  1.375752364574377E-011
  2.366000000000000E-002  1.375752364574377E-011
  2.368000000000000E-002  1.375752364574377E-011
  2.370000000000000E-002  1.375752364574377E-011
  2.372000000000000E-002  1.375752364574377E-011
  2.374000000000000E-002  1.375752364574377E-011
  2.376000000000000E-002  1.375752364574377E-011
  2.378000000000000E-002  1.375752364574377E-011
  2.380000000000000E-002  1.375752364574377E-011
  2.382000000000000E-002  1.375752364574377E-011
  2.384000000000000E-002  1.375752364574377E-011
  2.386000000000000E-002  1.375752364574377E-011
  2.388000000000000E-002  1.375752364574377E-011
  2.390000000000000E-002  1.375752364574377E-011
  2.392000000000000E-002  1.375752364574377E-011
  2.394000000000000E-002  1.375752364574377E-011
  2.396000000000000E-002  1.375752364574377E-011
  2.398000000000000E-002  1.375752364574377E-011
  2.400000000000000E-002  1.375752364574377E-011
  2.402000000000000E-002  1.375752364574377E-011
  2.404000000000000E-002  1.375752364574377E-011
  2.406000000000000E-002  1.375752364574377E-011
  2.408000000000000E-002  1.375752364574377E-011
  2.410000000000000E-002  1.375752364574377E-011
  2.412000000000000E-002  1.375752364574377E-011
  2.414000000000000E-002  1.375752364574377E-011
  2.416000000000000E-002  1.375752364574377E-011
  2.418000000000000E-002  1.375752364574377E-011
  2.420000000000000E-002  1.375752364574377E-011
  2.422000000000000E-002  1.375752364574377E-011
  2.424000000000000E-002  1.375752364574377E-011
  2.426000000000000E-002  1.375752364574377E-011
  2.428000000000000E-002  1.375752364574377E-011
  2.430000000000000E-002  1.375752364574377E-011
  2.432000000000000E-002  1.375752364574377E-011
  2.434000000000000E-002  1.375752364574377E-011
  2.436000000000000E-002  1.375752364574377E-011
  2.438000000000000E-002  1.375752364574377E-011
  2.440000000000000E-002  1.375752364574377E-011
  2.442000000000000E-002  1.375752364574377E-011
  2.444000000000000E-002  1.375752364574377E-011
  2.446000000000000E-002  1.375752364574377E-011
  2.448000000000000E-002  1.375752364574377E-011
  2.450000000000000E-002  1.375752364574377E-011
  2.452000000000000E-002  1.375752364574377E-011
  2.454000000000000E-002  1.375752364574377E-011
  2.456000000000000E-002  1.375752364574377E-011
  2.458000000000000E-002  1.375752364574377E-011
  2.460000000000000E-002  1.375752364574377E-011
  2.462000000000000E-002  1.375752364574377E-011
  2.464000000000000E-002  1.375752364574377E-011
  2.466000000000000E-002  1.375752364574377E-011
  2.468000000000000E-002  1.375752364574377E-011
  2.470000000000000E-002  1.375752364574377E-011
  2.472000000000000E-002  1.375752364574377E-011
  2.474000000000000E-002  1.375752364574377E-011
  2.476000000000000E-002  1.375752364574377E-011
  2.478000000000000E-002  1.375752364574377E-011
  2.480000000000000E-002  1.375752364574377E-011
  2.482000000000000E-002  1.375752364574377E-011
  2.484000000000000E-002  1.375752364574377E-011
  2.486000000000000E-002  1.375752364574377E-011
  2.488000000000000E-002  1.375752364574377E-011
  2.490000000000000E-002  1.375752364574377E-011
  2.492000000000000E-002  1.375752364574377E-011
  2.494000000000000E-002  1.375752364574377E-011
  2.496000000000000E-002  1.375752364574377E-011
  2.498000000000000E-002  1.375752364574377E-011
  2.500000000000000E-002  1.375752364574377E-011
  2.502000000000000E-002  1.375752364574377E-011
  2.504000000000000E-002  1.375752364574377E-011
  2.506000000000000E-002  1.375752364574377E-011
  2.508000000000000E-002  1.375752364574377E-011
  2.510000000000000E-002  1.375752364574377E-011
  2.512000000000000E-002  1.375752364574377E-011
  2.514000000000000E-002  1.375752364574377E-011
  2.516000000000000E-002  1.375752364574377E-011
  2.518000000000000E-002  1.375752364574377E-011
  2.520000000000000E-002  1.375752364574377E-011
  2.522000000000000E-002  1.375752364574377E-011
  2.524000000000000E-002  1.375752364574377E-011
  2.526000000000000E-002  1.375752364574377E-011
  2.528000000000000E-002  1.375752364574377E-011
  2.530000000000000E-002  1.375752364574377E-011
  2.532000000000000E-002  1.375752364574377E-011
  2.534000000000000E-002  1.375752364574377E-011
  2.536000000000000E-002  1.375752364574377E-011
  2.538000000000000E-002  1.375752364574377E-011
  2.540000000000000E-002  1.375752364574377E-011
  2.542000000000000E-002  1.375752364574377E-011
  2.544000000000000E-002  1.375752364574377E-011
  2.546000000000000E-002  1.375752364574377E-011
  2.548000000000000E-002  1.375752364574377E-011
  2.550000000000000E-002  1.375752364574377E-011
  2.552000000000000E-002  1.375752364574377E-011
  2.554000000000000E-002  1.375752364574377E-011
  2.556000000000000E-002  1.375752364574377E-011
  2.558000000000000E-002  1.375752364574377E-011
  2.560000000000000E-002  1.375752364574377E-011
  2.562000000000000E-002  1.375752364574377E-011
  2.564000000000000E-002  1.375752364574377E-011
  2.566000000000000E-002  1.375752364574377E-011
  2.568000000000000E-002  1.375752364574377E-011
  2.570000000000000E-002  1.375752364574377E-011
  2.572000000000000E-002  1.375752364574377E-011
  2.574000000000000E-002  1.375752364574377E-011
  2.576000000000000E-002  1.375752364574377E-011
  2.578000000000000E-002  1.375752364574377E-011
  2.580000000000000E-002  1.375752364574377E-011
  2.582000000000000E-002  1.375752364574377E-011
  2.584000000000000E-002  1.375752364574377E-011
  2.586000000000000E-002  1.375752364574377E-011
  2.588000000000000E-002  1.375752364574377E-011
  2.590000000000000E-002  1.375752364574377E-011
  2.592000000000000E-002  1.375752364574377E-011
  2.594000000000000E-002  1.375752364574377E-011
  2.596000000000000E-002  1.375752364574377E-011
  2.598000000000000E-002  1.375752364574377E-011
  2.600000000000000E-002  1.375752364574377E-011
  2.602000000000000E-002  1.375752364574377E-011
  2.604000000000000E-002  1.375752364574377E-011
  2.606000000000000E-002  1.375752364574377E-011
  2.608000000000000E-002  1.375752364574377E-011
  2.610000000000000E-002  1.375752364574377E-011
  2.612000000000000E-002  1.375752364574377E-011
  2.614000000000000E-002  1.375752364574377E-011
  2.616000000000000E-002  1.375752364574377E-011
  2.618000000000000E-002  1.375752364574377E-011
  2.620000000000000E-002  1.375752364574377E-011
  2.622000000000000E-002  1.375752364574377E-011
  2.624000000000000E-002  1.375752364574377E-011
  2.626000000000000E-002  1.375752364574377E-011
  2.628000000000000E-002  1.375752364574377E-011
  2.630000000000000E-002  1.375752364574377E-011
  2.632000000000000E-002  1.375752364574377E-011
  2.634000000000000E-002  1.375752364574377E-011
  2.636000000000000E-002  1.375752364574377E-011
  2.638000000000000E-002  1.375752364574377E-011
  2.640000000000000E-002  1.375752364574377E-011
  2.642000000000000E-002  1.375752364574377E-011
  2.644000000000000E-002  1.375752364574377E-011
  2.646000000000000E-002  1.375752364574377E-011
  2.648000000000000E-002  1.375752364574377E-011
  2.650000000000000E-002  1.375752364574377E-011
  2.652000000000000E-002  1.375752364574377E-011
  2.654000000000000E-002  1.375752364574377E-011
  2.656000000000000E-002  1.375752364574377E-011
  2.658000000000000E-002  1.375752364574377E-011
  2.660000000000000E-002  1.375752364574377E-011
  2.662000000000000E-002  1.375752364574377E-011
  2.664000000000000E-002  1.375752364574377E-011
  2.666000000000000E-002  1.375752364574377E-011
  2.668000000000000E-002  1.375752364574377E-011
  2.670000000000000E-002  1.375752364574377E-011
  2.672000000000000E-002  1.375752364574377E-011
  2.674000000000000E-002  1.375752364574377E-011
  2.676000000000000E-002  1.375752364574377E-011
  2.678000000000000E-002  1.375752364574377E-011
  2.680000000000000E-002  1.375752364574377E-011
  2.682000000000000E-002  1.375752364574377E-011
  2.684000000000000E-002  1.375752364574377E-011
  2.686000000000000E-002  1.375752364574377E-011
  2.688000000000000E-002  1.375752364574377E-011
  2.690000000000000E-002  1.375752364574377E-011
  2.692000000000000E-002  1.375752364574377E-011
  2.694000000000000E-002  1.375752364574377E-011
  2.696000000000000E-002  1.375752364574377E-011
  2.698000000000000E-002  1.375752364574377E-011
  2.700000000000000E-002  1.375752364574377E-011
  2.702000000000000E-002  1.375752364574377E-011
  2.704000000000000E-002  1.375752364574377E-011
  2.706000000000000E-002  1.375752364574377E-011
  2.708000000000000E-002  1.375752364574377E-011
  2.710000000000000E-002  1.375752364574377E-011
  2.712000000000000E-002  1.375752364574377E-011
  2.714000000000000E-002  1.375752364574377E-011
  2.716000000000000E-002  1.375752364574377E-011
  2.718000000000000E-002  1.375752364574377E-011
  2.720000000000000E-002  1.375752364574377E-011
  2.722000000000000E-002  1.375752364574377E-011
  2.724000000000000E-002  1.375752364574377E-011
  2.726000000000000E-002  1.375752364574377E-011
  2.728000000000000E-002  1.375752364574377E-011
  2.730000000000000E-002  1.375752364574377E-011
  2.732000000000000E-002  1.375752364574377E-011
  2.734000000000000E-002  1.375752364574377E-011
  2.736000000000000E-002  1.375752364574377E-011
  2.738000000000000E-002  1.375752364574377E-011
  2.740000000000000E-002  1.375752364574377E-011
  2.742000000000000E-002  1.375752364574377E-011
  2.744000000000000E-002  1.375752364574377E-011
  2.746000000000000E-002  1.375752364574377E-011
  2.748000000000000E-002  1.375752364574377E-011
  2.750000000000000E-002  1.375752364574377E-011
  2.752000000000000E-002  1.375752364574377E-011
  2.754000000000000E-002  1.375752364574377E-011
  2.756000000000000E-002  1.375752364574377E-011
  2.758000000000000E-002  1.375752364574377E-011
  2.760000000000000E-002  1.375752364574377E-011
  2.762000000000000E-002  1.375752364574377E-011
  2.764000000000000E-002  1.375752364574377E-011
  2.766000000000000E-002  1.375752364574377E-011
  2.768000000000000E-002  1.375752364574377E-011
  2.770000000000000E-002  1.375752364574377E-011
  2.772000000000000E-002  1.375752364574377E-011
  2.774000000000000E-002  1.375752364574377E-011
  2.776000000000000E-002  1.375752364574377E-011
  2.778000000000000E-002  1.375752364574377E-011
  2.780000000000000E-002  1.375752364574377E-011
  2.782000000000000E-002  1.375752364574377E-011
  2.784000000000000E-002  1.375752364574377E-011
  2.786000000000000E-002  1.375752364574377E-011
  2.788000000000000E-002  1.375752364574377E-011
  2.790000000000000E-002  1.375752364574377E-011
  2.792000000000000E-002  1.375752364574377E-011
  2.794000000000000E-002  1.375752364574377E-011
  2.796000000000000E-002  1.375752364574377E-011
  2.798000000000000E-002  1.375752364574377E-011
  2.800000000000000E-002  1.375752364574377E-011
  2.802000000000000E-002  1.375752364574377E-011
  2.804000000000000E-002  1.375752364574377E-011
  2.806000000000000E-002  1.375752364574377E-011
  2.808000000000000E-002  1.375752364574377E-011
  2.810000000000000E-002  1.375752364574377E-011
  2.812000000000000E-002  1.375752364574377E-011
  2.814000000000000E-002  1.375752364574377E-011
  2.816000000000000E-002  1.375752364574377E-011
  2.818000000000000E-002  1.375752364574377E-011
  2.820000000000000E-002  1.375752364574377E-011
  2.822000000000000E-002  1.375752364574377E-011
  2.824000000000000E-002  1.375752364574377E-011
  2.826000000000000E-002  1.375752364574377E-011
  2.828000000000000E-002  1.375752364574377E-011
  2.830000000000000E-002  1.375752364574377E-011
  2.832000000000000E-002  1.375752364574377E-011
  2.834000000000000E-002  1.375752364574377E-011
  2.836000000000000E-002  1.375752364574377E-011
  2.838000000000000E-002  1.375752364574377E-011
  2.840000000000000E-002  1.375752364574377E-011
  2.842000000000000E-002  1.375752364574377E-011
  2.844000000000000E-002  1.375752364574377E-011
  2.846000000000000E-002  1.375752364574377E-011
  2.848000000000000E-002  1.375752364574377E-011
  2.850000000000000E-002  1.375752364574377E-011
  2.852000000000000E-002  1.375752364574377E-011
  2.854000000000000E-002  1.375752364574377E-011
  2.856000000000000E-002  1.375752364574377E-011
  2.858000000000000E-002  1.375752364574377E-011
  2.860000000000000E-002  1.375752364574377E-011
  2.862000000000000E-002  1.375752364574377E-011
  2.864000000000000E-002  1.375752364574377E-011
  2.866000000000000E-002  1.375752364574377E-011
  2.868000000000000E-002  1.375752364574377E-011
  2.870000000000000E-002  1.375752364574377E-011
  2.872000000000000E-002  1.375752364574377E-011
  2.874000000000000E-002  1.375752364574377E-011
  2.876000000000000E-002  1.375752364574377E-011
  2.878000000000000E-002  1.375752364574377E-011
  2.880000000000000E-002  1.375752364574377E-011
  2.882000000000000E-002  1.375752364574377E-011
  2.884000000000000E-002  1.375752364574377E-011
  2.886000000000000E-002  1.375752364574377E-011
  2.888000000000000E-002  1.375752364574377E-011
  2.890000000000000E-002  1.375752364574377E-011
  2.892000000000000E-002  1.375752364574377E-011
  2.894000000000000E-002  1.375752364574377E-011
  2.896000000000000E-002  1.375752364574377E-011
  2.898000000000000E-002  1.375752364574377E-011
  2.900000000000000E-002  1.375752364574377E-011
  2.902000000000000E-002  1.375752364574377E-011
  2.904000000000000E-002  1.375752364574377E-011
  2.906000000000000E-002  1.375752364574377E-011
  2.908000000000000E-002  1.375752364574377E-011
  2.910000000000000E-002  1.375752364574377E-011
  2.912000000000000E-002  1.375752364574377E-011
  2.914000000000000E-002  1.375752364574377E-011
  2.916000000000000E-002  1.375752364574377E-011
  2.918000000000000E-002  1.375752364574377E-011
  2.920000000000000E-002  1.375752364574377E-011
  2.922000000000000E-002  1.375752364574377E-011
  2.924000000000000E-002  1.375752364574377E-011
  2.926000000000000E-002  1.375752364574377E-011
  2.928000000000000E-002  1.375752364574377E-011
  2.930000000000000E-002  1.375752364574377E-011
  2.932000000000000E-002  1.375752364574377E-011
  2.934000000000000E-002  1.375752364574377E-011
  2.936000000000000E-002  1.375752364574377E-011
  2.938000000000000E-002  1.375752364574377E-011
  2.940000000000000E-002  1.375752364574377E-011
  2.942000000000000E-002  1.375752364574377E-011
  2.944000000000000E-002  1.375752364574377E-011
  2.946000000000000E-002  1.375752364574377E-011
  2.948000000000000E-002  1.375752364574377E-011
  2.950000000000000E-002  1.375752364574377E-011
  2.952000000000000E-002  1.375752364574377E-011
  2.954000000000000E-002  1.375752364574377E-011
  2.956000000000000E-002  1.375752364574377E-011
  2.958000000000000E-002  1.375752364574377E-011
  2.960000000000000E-002  1.375752364574377E-011
  2.962000000000000E-002  1.375752364574377E-011
  2.964000000000000E-002  1.375752364574377E-011
  2.966000000000000E-002  1.375752364574377E-011
  2.968000000000000E-002  1.375752364574377E-011
  2.970000000000000E-002  1.375752364574377E-011
  2.972000000000000E-002  1.375752364574377E-011
  2.974000000000000E-002  1.375752364574377E-011
  2.976000000000000E-002  1.375752364574377E-011
  2.978000000000000E-002  1.375752364574377E-011
  2.980000000000000E-002  1.375752364574377E-011
  2.982000000000000E-002  1.375752364574377E-011
  2.984000000000000E-002  1.375752364574377E-011
  2.986000000000000E-002  1.375752364574377E-011
  2.988000000000000E-002  1.375752364574377E-011
  2.990000000000000E-002  1.375752364574377E-011
  2.992000000000000E-002  1.375752364574377E-011
  2.994000000000000E-002  1.375752364574377E-011
  2.996000000000000E-002  1.375752364574377E-011
  2.998000000000000E-002  1.375752364574377E-011
  3.000000000000000E-002  1.375752364574377E-011
  3.002000000000000E-002  1.375752364574377E-011
  3.004000000000000E-002  1.375752364574377E-011
  3.006000000000000E-002  1.375752364574377E-011
  3.008000000000000E-002  1.375752364574377E-011
  3.010000000000000E-002  1.375752364574377E-011
  3.012000000000000E-002  1.375752364574377E-011
  3.014000000000000E-002  1.375752364574377E-011
  3.016000000000000E-002  1.375752364574377E-011
  3.018000000000000E-002  1.375752364574377E-011
  3.020000000000000E-002  1.375752364574377E-011
  3.022000000000000E-002  1.375752364574377E-011
  3.024000000000000E-002  1.375752364574377E-011
  3.026000000000000E-002  1.375752364574377E-011
  3.028000000000000E-002  1.375752364574377E-011
  3.030000000000000E-002  1.375752364574377E-011
  3.032000000000000E-002  1.375752364574377E-011
  3.034000000000000E-002  1.375752364574377E-011
  3.036000000000000E-002  1.375752364574377E-011
  3.038000000000000E-002  1.375752364574377E-011
  3.040000000000000E-002  1.375752364574377E-011
  3.042000000000000E-002  1.375752364574377E-011
  3.044000000000000E-002  1.375752364574377E-011
  3.046000000000000E-002  1.375752364574377E-011
  3.048000000000000E-002  1.375752364574377E-011
  3.050000000000000E-002  1.375752364574377E-011
  3.052000000000000E-002  1.375752364574377E-011
  3.054000000000000E-002  1.375752364574377E-011
  3.056000000000000E-002  1.375752364574377E-011
  3.058000000000000E-002  1.375752364574377E-011
  3.060000000000000E-002  1.375752364574377E-011
  3.062000000000000E-002  1.375752364574377E-011
  3.064000000000000E-002  1.375752364574377E-011
  3.066000000000000E-002  1.375752364574377E-011
  3.068000000000000E-002  1.375752364574377E-011
  3.070000000000000E-002  1.375752364574377E-011
  3.072000000000000E-002  1.375752364574377E-011
  3.074000000000000E-002  1.375752364574377E-011
  3.076000000000000E-002  1.375752364574377E-011
  3.078000000000000E-002  1.375752364574377E-011
  3.080000000000000E-002  1.375752364574377E-011
  3.082000000000000E-002  1.375752364574377E-011
  3.084000000000000E-002  1.375752364574377E-011
  3.086000000000000E-002  1.375752364574377E-011
  3.088000000000000E-002  1.375752364574377E-011
  3.090000000000000E-002  1.375752364574377E-011
  3.092000000000000E-002  1.375752364574377E-011
  3.094000000000000E-002  1.375752364574377E-011
  3.096000000000000E-002  1.375752364574377E-011
  3.098000000000000E-002  1.375752364574377E-011
  3.100000000000000E-002  1.375752364574377E-011
  3.102000000000000E-002  1.375752364574377E-011
  3.104000000000000E-002  1.375752364574377E-011
  3.106000000000000E-002  1.375752364574377E-011
  3.108000000000000E-002  1.375752364574377E-011
  3.110000000000000E-002  1.375752364574377E-011
  3.112000000000000E-002  1.375752364574377E-011
  3.114000000000000E-002  1.375752364574377E-011
  3.116000000000000E-002  1.375752364574377E-011
  3.118000000000000E-002  1.375752364574377E-011
  3.120000000000000E-002  1.375752364574377E-011
  3.122000000000000E-002  1.375752364574377E-011
  3.124000000000000E-002  1.375752364574377E-011
  3.126000000000000E-002  1.375752364574377E-011
  3.128000000000000E-002  1.375752364574377E-011
  3.130000000000000E-002  1.375752364574377E-011
  3.132000000000000E-002  1.375752364574377E-011
  3.134000000000000E-002  1.375752364574377E-011
  3.136000000000001E-002  1.375752364574377E-011
  3.138000000000001E-002  1.375752364574377E-011
  3.140000000000000E-002  1.375752364574377E-011
  3.142000000000000E-002  1.375752364574377E-011
  3.144000000000000E-002  1.375752364574377E-011
  3.146000000000000E-002  1.375752364574377E-011
  3.148000000000000E-002  1.375752364574377E-011
  3.150000000000000E-002  1.375752364574377E-011
  3.152000000000000E-002  1.375752364574377E-011
  3.154000000000001E-002  1.375752364574377E-011
  3.156000000000000E-002  1.375752364574377E-011
  3.158000000000000E-002  1.375752364574377E-011
  3.160000000000000E-002  1.375752364574377E-011
  3.162000000000000E-002  1.375752364574377E-011
  3.164000000000000E-002  1.375752364574377E-011
  3.166000000000000E-002  1.375752364574377E-011
  3.168000000000000E-002  1.375752364574377E-011
  3.170000000000001E-002  1.375752364574377E-011
  3.172000000000001E-002  1.375752364574377E-011
  3.174000000000000E-002  1.375752364574377E-011
  3.176000000000000E-002  1.375752364574377E-011
  3.178000000000000E-002  1.375752364574377E-011
  3.180000000000000E-002  1.375752364574377E-011
  3.182000000000000E-002  1.375752364574377E-011
  3.184000000000000E-002  1.375752364574377E-011
  3.186000000000000E-002  1.375752364574377E-011
  3.188000000000001E-002  1.375752364574377E-011
  3.190000000000000E-002  1.375752364574377E-011
  3.192000000000000E-002  1.375752364574377E-011
  3.194000000000000E-002  1.375752364574377E-011
  3.196000000000000E-002  1.375752364574377E-011
  3.198000000000000E-002  1.375752364574377E-011
  3.200000000000000E-002  1.375752364574377E-011
  3.202000000000000E-002  1.375752364574377E-011
  3.204000000000001E-002  1.375752364574377E-011
  3.206000000000001E-002  1.375752364574377E-011
  3.208000000000000E-002  1.375752364574377E-011
  3.210000000000000E-002  1.375752364574377E-011
  3.212000000000000E-002  1.375752364574377E-011
  3.214000000000000E-002  1.375752364574377E-011
  3.216000000000000E-002  1.375752364574377E-011
  3.218000000000000E-002  1.375752364574377E-011
  3.220000000000000E-002  1.375752364574377E-011
  3.222000000000001E-002  1.375752364574377E-011
  3.224000000000000E-002  1.375752364574377E-011
  3.226000000000000E-002  1.375752364574377E-011
  3.228000000000000E-002  1.375752364574377E-011
  3.230000000000000E-002  1.375752364574377E-011
  3.232000000000000E-002  1.375752364574377E-011
  3.234000000000000E-002  1.375752364574377E-011
  3.236000000000000E-002  1.375752364574377E-011
  3.238000000000001E-002  1.375752364574377E-011
  3.240000000000001E-002  1.375752364574377E-011
  3.242000000000000E-002  1.375752364574377E-011
  3.244000000000000E-002  1.375752364574377E-011
  3.246000000000000E-002  1.375752364574377E-011
  3.248000000000000E-002  1.375752364574377E-011
  3.250000000000000E-002  1.375752364574377E-011
  3.252000000000000E-002  1.375752364574377E-011
  3.254000000000000E-002  1.375752364574377E-011
  3.256000000000001E-002  1.375752364574377E-011
  3.258000000000000E-002  1.375752364574377E-011
  3.260000000000000E-002  1.375752364574377E-011
  3.262000000000000E-002  1.375752364574377E-011
  3.264000000000000E-002  1.375752364574377E-011
  3.266000000000000E-002  1.375752364574377E-011
  3.268000000000000E-002  1.375752364574377E-011
  3.270000000000000E-002  1.375752364574377E-011
  3.272000000000001E-002  1.375752364574377E-011
  3.274000000000001E-002  1.375752364574377E-011
  3.276000000000000E-002  1.375752364574377E-011
  3.278000000000000E-002  1.375752364574377E-011
  3.280000000000000E-002  1.375752364574377E-011
  3.282000000000000E-002  1.375752364574377E-011
  3.284000000000000E-002  1.375752364574377E-011
  3.286000000000000E-002  1.375752364574377E-011
  3.288000000000000E-002  1.375752364574377E-011
  3.290000000000001E-002  1.375752364574377E-011
  3.292000000000000E-002  1.375752364574377E-011
  3.294000000000000E-002  1.375752364574377E-011
  3.296000000000000E-002  1.375752364574377E-011
  3.298000000000000E-002  1.375752364574377E-011
  3.300000000000000E-002  1.375752364574377E-011
  3.302000000000000E-002  1.375752364574377E-011
  3.304000000000000E-002  1.375752364574377E-011
  3.306000000000001E-002  1.375752364574377E-011
  3.308000000000001E-002  1.375752364574377E-011
  3.310000000000000E-002  1.375752364574377E-011
  3.312000000000000E-002  1.375752364574377E-011
  3.314000000000000E-002  1.375752364574377E-011
  3.316000000000000E-002  1.375752364574377E-011
  3.318000000000000E-002  1.375752364574377E-011
  3.320000000000000E-002  1.375752364574377E-011
  3.322000000000000E-002  1.375752364574377E-011
  3.324000000000001E-002  1.375752364574377E-011
  3.326000000000000E-002  1.375752364574377E-011
  3.328000000000000E-002  1.375752364574377E-011
  3.330000000000000E-002  1.375752364574377E-011
  3.332000000000000E-002  1.375752364574377E-011
  3.334000000000000E-002  1.375752364574377E-011
  3.336000000000000E-002  1.375752364574377E-011
  3.338000000000000E-002  1.375752364574377E-011
  3.340000000000001E-002  1.375752364574377E-011
  3.342000000000001E-002  1.375752364574377E-011
  3.344000000000000E-002  1.375752364574377E-011
  3.346000000000000E-002  1.375752364574377E-011
  3.348000000000000E-002  1.375752364574377E-011
  3.350000000000000E-002  1.375752364574377E-011
  3.352000000000000E-002  1.375752364574377E-011
  3.354000000000000E-002  1.375752364574377E-011
  3.356000000000000E-002  1.375752364574377E-011
  3.358000000000001E-002  1.375752364574377E-011
  3.360000000000000E-002  1.375752364574377E-011
  3.362000000000000E-002  1.375752364574377E-011
  3.364000000000000E-002  1.375752364574377E-011
  3.366000000000000E-002  1.375752364574377E-011
  3.368000000000000E-002  1.375752364574377E-011
  3.370000000000000E-002  1.375752364574377E-011
  3.372000000000000E-002  1.375752364574377E-011
  3.374000000000001E-002  1.375752364574377E-011
  3.376000000000001E-002  1.375752364574377E-011
  3.378000000000000E-002  1.375752364574377E-011
  3.380000000000000E-002  1.375752364574377E-011
  3.382000000000000E-002  1.375752364574377E-011
  3.384000000000000E-002  1.375752364574377E-011
  3.386000000000000E-002  1.375752364574377E-011
  3.388000000000000E-002  1.375752364574377E-011
  3.390000000000000E-002  1.375752364574377E-011
  3.392000000000001E-002  1.375752364574377E-011
  3.394000000000000E-002  1.375752364574377E-011
  3.396000000000000E-002  1.375752364574377E-011
  3.398000000000000E-002  1.375752364574377E-011
  3.400000000000000E-002  1.375752364574377E-011
  3.402000000000000E-002  1.375752364574377E-011
  3.404000000000000E-002  1.375752364574377E-011
  3.406000000000000E-002  1.375752364574377E-011
  3.408000000000001E-002  1.375752364574377E-011
  3.410000000000001E-002  1.375752364574377E-011
  3.412000000000000E-002  1.375752364574377E-011
  3.414000000000000E-002  1.375752364574377E-011
  3.416000000000000E-002  1.375752364574377E-011
  3.418000000000000E-002  1.375752364574377E-011
  3.420000000000000E-002  1.375752364574377E-011
  3.422000000000000E-002  1.375752364574377E-011
  3.424000000000000E-002  1.375752364574377E-011
  3.426000000000001E-002  1.375752364574377E-011
  3.428000000000000E-002  1.375752364574377E-011
  3.430000000000000E-002  1.375752364574377E-011
  3.432000000000000E-002  1.375752364574377E-011
  3.434000000000000E-002  1.375752364574377E-011
  3.436000000000000E-002  1.375752364574377E-011
  3.438000000000000E-002  1.375752364574377E-011
  3.440000000000000E-002  1.375752364574377E-011
  3.442000000000001E-002  1.375752364574377E-011
  3.444000000000001E-002  1.375752364574377E-011
  3.446000000000000E-002  1.375752364574377E-011
  3.448000000000000E-002  1.375752364574377E-011
  3.450000000000000E-002  1.375752364574377E-011
  3.452000000000000E-002  1.375752364574377E-011
  3.454000000000000E-002  1.375752364574377E-011
  3.456000000000000E-002  1.375752364574377E-011
  3.458000000000000E-002  1.375752364574377E-011
  3.460000000000001E-002  1.375752364574377E-011
  3.462000000000000E-002  1.375752364574377E-011
  3.464000000000000E-002  1.375752364574377E-011
  3.466000000000000E-002  1.375752364574377E-011
  3.468000000000000E-002  1.375752364574377E-011
  3.470000000000000E-002  1.375752364574377E-011
  3.472000000000000E-002  1.375752364574377E-011
  3.474000000000000E-002  1.375752364574377E-011
  3.476000000000001E-002  1.375752364574377E-011
  3.478000000000001E-002  1.375752364574377E-011
  3.480000000000000E-002  1.375752364574377E-011
  3.482000000000000E-002  1.375752364574377E-011
  3.484000000000000E-002  1.375752364574377E-011
  3.486000000000000E-002  1.375752364574377E-011
  3.488000000000000E-002  1.375752364574377E-011
  3.490000000000000E-002  1.375752364574377E-011
  3.492000000000000E-002  1.375752364574377E-011
  3.494000000000001E-002  1.375752364574377E-011
  3.496000000000000E-002  1.375752364574377E-011
  3.498000000000000E-002  1.375752364574377E-011
  3.500000000000000E-002  1.375752364574377E-011
  3.502000000000000E-002  1.375752364574377E-011
  3.504000000000000E-002  1.375752364574377E-011
  3.506000000000000E-002  1.375752364574377E-011
  3.508000000000000E-002  1.375752364574377E-011
  3.510000000000001E-002  1.375752364574377E-011
  3.512000000000001E-002  1.375752364574377E-011
  3.514000000000000E-002  1.375752364574377E-011
  3.516000000000000E-002  1.375752364574377E-011
  3.518000000000000E-002  1.375752364574377E-011
  3.520000000000000E-002  1.375752364574377E-011
  3.522000000000000E-002  1.375752364574377E-011
  3.524000000000000E-002  1.375752364574377E-011
  3.526000000000000E-002  1.375752364574377E-011
  3.528000000000001E-002  1.375752364574377E-011
  3.530000000000000E-002  1.375752364574377E-011
  3.532000000000000E-002  1.375752364574377E-011
  3.534000000000000E-002  1.375752364574377E-011
  3.536000000000000E-002  1.375752364574377E-011
  3.538000000000000E-002  1.375752364574377E-011
  3.540000000000000E-002  1.375752364574377E-011
  3.542000000000000E-002  1.375752364574377E-011
  3.544000000000001E-002  1.375752364574377E-011
  3.546000000000001E-002  1.375752364574377E-011
  3.548000000000000E-002  1.375752364574377E-011
  3.550000000000000E-002  1.375752364574377E-011
  3.552000000000000E-002  1.375752364574377E-011
  3.554000000000000E-002  1.375752364574377E-011
  3.556000000000000E-002  1.375752364574377E-011
  3.558000000000000E-002  1.375752364574377E-011
  3.560000000000000E-002  1.375752364574377E-011
  3.562000000000001E-002  1.375752364574377E-011
  3.564000000000001E-002  1.375752364574377E-011
  3.566000000000000E-002  1.375752364574377E-011
  3.568000000000000E-002  1.375752364574377E-011
  3.570000000000000E-002  1.375752364574377E-011
  3.572000000000000E-002  1.375752364574377E-011
  3.574000000000000E-002  1.375752364574377E-011
  3.576000000000000E-002  1.375752364574377E-011
  3.578000000000001E-002  1.375752364574377E-011
  3.580000000000001E-002  1.375752364574377E-011
  3.582000000000000E-002  1.375752364574377E-011
  3.584000000000000E-002  1.375752364574377E-011
  3.586000000000000E-002  1.375752364574377E-011
  3.588000000000000E-002  1.375752364574377E-011
  3.590000000000000E-002  1.375752364574377E-011
  3.592000000000000E-002  1.375752364574377E-011
  3.594000000000000E-002  1.375752364574377E-011
  3.596000000000001E-002  1.375752364574377E-011
  3.598000000000001E-002  1.375752364574377E-011
  3.600000000000000E-002  1.375752364574377E-011
  3.602000000000000E-002  1.375752364574377E-011
  3.604000000000000E-002  1.375752364574377E-011
  3.606000000000000E-002  1.375752364574377E-011
  3.608000000000000E-002  1.375752364574377E-011
  3.610000000000000E-002  1.375752364574377E-011
  3.612000000000001E-002  1.375752364574377E-011
  3.614000000000001E-002  1.375752364574377E-011
  3.616000000000000E-002  1.375752364574377E-011
  3.618000000000000E-002  1.375752364574377E-011
  3.620000000000000E-002  1.375752364574377E-011
  3.622000000000000E-002  1.375752364574377E-011
  3.624000000000000E-002  1.375752364574377E-011
  3.626000000000000E-002  1.375752364574377E-011
  3.628000000000000E-002  1.375752364574377E-011
  3.630000000000001E-002  1.375752364574377E-011
  3.632000000000001E-002  1.375752364574377E-011
  3.634000000000000E-002  1.375752364574377E-011
  3.636000000000000E-002  1.375752364574377E-011
  3.638000000000000E-002  1.375752364574377E-011
  3.640000000000000E-002  1.375752364574377E-011
  3.642000000000000E-002  1.375752364574377E-011
  3.644000000000000E-002  1.375752364574377E-011
  3.646000000000001E-002  1.375752364574377E-011
  3.648000000000001E-002  1.375752364574377E-011
  3.650000000000000E-002  1.375752364574377E-011
  3.652000000000000E-002  1.375752364574377E-011
  3.654000000000000E-002  1.375752364574377E-011
  3.656000000000000E-002  1.375752364574377E-011
  3.658000000000000E-002  1.375752364574377E-011
  3.660000000000000E-002  1.375752364574377E-011
  3.662000000000000E-002  1.375752364574377E-011
  3.664000000000001E-002  1.375752364574377E-011
  3.666000000000001E-002  1.375752364574377E-011
  3.668000000000000E-002  1.375752364574377E-011
  3.670000000000000E-002  1.375752364574377E-011
  3.672000000000000E-002  1.375752364574377E-011
  3.674000000000000E-002  1.375752364574377E-011
  3.676000000000000E-002  1.375752364574377E-011
  3.678000000000000E-002  1.375752364574377E-011
  3.680000000000001E-002  1.375752364574377E-011
  3.682000000000001E-002  1.375752364574377E-011
  3.684000000000000E-002  1.375752364574377E-011
  3.686000000000000E-002  1.375752364574377E-011
  3.688000000000000E-002  1.375752364574377E-011
  3.690000000000000E-002  1.375752364574377E-011
  3.692000000000000E-002  1.375752364574377E-011
  3.694000000000000E-002  1.375752364574377E-011
  3.696000000000000E-002  1.375752364574377E-011
  3.698000000000001E-002  1.375752364574377E-011
  3.700000000000001E-002  1.375752364574377E-011
  3.702000000000000E-002  1.375752364574377E-011
  3.704000000000000E-002  1.375752364574377E-011
  3.706000000000000E-002  1.375752364574377E-011
  3.708000000000000E-002  1.375752364574377E-011
  3.710000000000000E-002  1.375752364574377E-011
  3.712000000000000E-002  1.375752364574377E-011
  3.714000000000001E-002  1.375752364574377E-011
  3.716000000000001E-002  1.375752364574377E-011
  3.718000000000000E-002  1.375752364574377E-011
  3.720000000000000E-002  1.375752364574377E-011
  3.722000000000000E-002  1.375752364574377E-011
  3.724000000000000E-002  1.375752364574377E-011
  3.726000000000000E-002  1.375752364574377E-011
  3.728000000000000E-002  1.375752364574377E-011
  3.730000000000000E-002  1.375752364574377E-011
  3.732000000000001E-002  1.375752364574377E-011
  3.734000000000001E-002  1.375752364574377E-011
  3.736000000000000E-002  1.375752364574377E-011
  3.738000000000000E-002  1.375752364574377E-011
  3.740000000000000E-002  1.375752364574377E-011
  3.742000000000000E-002  1.375752364574377E-011
  3.744000000000000E-002  1.375752364574377E-011
  3.746000000000000E-002  1.375752364574377E-011
  3.748000000000001E-002  1.375752364574377E-011
  3.750000000000001E-002  1.375752364574377E-011
  3.752000000000000E-002  1.375752364574377E-011
  3.754000000000000E-002  1.375752364574377E-011
  3.756000000000000E-002  1.375752364574377E-011
  3.758000000000000E-002  1.375752364574377E-011
  3.760000000000000E-002  1.375752364574377E-011
  3.762000000000000E-002  1.375752364574377E-011
  3.764000000000000E-002  1.375752364574377E-011
  3.766000000000001E-002  1.375752364574377E-011
  3.768000000000001E-002  1.375752364574377E-011
  3.770000000000000E-002  1.375752364574377E-011
  3.772000000000000E-002  1.375752364574377E-011
  3.774000000000000E-002  1.375752364574377E-011
  3.776000000000000E-002  1.375752364574377E-011
  3.778000000000000E-002  1.375752364574377E-011
  3.780000000000000E-002  1.375752364574377E-011
  3.782000000000001E-002  1.375752364574377E-011
  3.784000000000001E-002  1.375752364574377E-011
  3.786000000000000E-002  1.375752364574377E-011
  3.788000000000000E-002  1.375752364574377E-011
  3.790000000000000E-002  1.375752364574377E-011
  3.792000000000000E-002  1.375752364574377E-011
  3.794000000000000E-002  1.375752364574377E-011
  3.796000000000000E-002  1.375752364574377E-011
  3.798000000000000E-002  1.375752364574377E-011
  3.800000000000001E-002  1.375752364574377E-011
  3.802000000000001E-002  1.375752364574377E-011
  3.804000000000000E-002  1.375752364574377E-011
  3.806000000000000E-002  1.375752364574377E-011
  3.808000000000000E-002  1.375752364574377E-011
  3.810000000000000E-002  1.375752364574377E-011
  3.812000000000000E-002  1.375752364574377E-011
  3.814000000000000E-002  1.375752364574377E-011
  3.816000000000001E-002  1.375752364574377E-011
  3.818000000000001E-002  1.375752364574377E-011
  3.820000000000000E-002  1.375752364574377E-011
  3.822000000000000E-002  1.375752364574377E-011
  3.824000000000000E-002  1.375752364574377E-011
  3.826000000000000E-002  1.375752364574377E-011
  3.828000000000000E-002  1.375752364574377E-011
  3.830000000000000E-002  1.375752364574377E-011
  3.832000000000000E-002  1.375752364574377E-011
  3.834000000000001E-002  1.375752364574377E-011
  3.836000000000001E-002  1.375752364574377E-011
  3.838000000000000E-002  1.375752364574377E-011
  3.840000000000000E-002  1.375752364574377E-011
  3.842000000000000E-002  1.375752364574377E-011
  3.844000000000000E-002  1.375752364574377E-011
  3.846000000000000E-002  1.375752364574377E-011
  3.848000000000000E-002  1.375752364574377E-011
  3.850000000000001E-002  1.375752364574377E-011
  3.852000000000001E-002  1.375752364574377E-011
  3.854000000000000E-002  1.375752364574377E-011
  3.856000000000000E-002  1.375752364574377E-011
  3.858000000000000E-002  1.375752364574377E-011
  3.860000000000000E-002  1.375752364574377E-011
  3.862000000000000E-002  1.375752364574377E-011
  3.864000000000000E-002  1.375752364574377E-011
  3.866000000000000E-002  1.375752364574377E-011
  3.868000000000001E-002  1.375752364574377E-011
  3.870000000000001E-002  1.375752364574377E-011
  3.872000000000000E-002  1.375752364574377E-011
  3.874000000000000E-002  1.375752364574377E-011
  3.876000000000000E-002  1.375752364574377E-011
  3.878000000000000E-002  1.375752364574377E-011
  3.880000000000000E-002  1.375752364574377E-011
  3.882000000000000E-002  1.375752364574377E-011
  3.884000000000001E-002  1.375752364574377E-011
  3.886000000000001E-002  1.375752364574377E-011
  3.888000000000000E-002  1.375752364574377E-011
  3.890000000000000E-002  1.375752364574377E-011
  3.892000000000000E-002  1.375752364574377E-011
  3.894000000000000E-002  1.375752364574377E-011
  3.896000000000000E-002  1.375752364574377E-011
  3.898000000000000E-002  1.375752364574377E-011
  3.900000000000000E-002  1.375752364574377E-011
  3.902000000000001E-002  1.375752364574377E-011
  3.904000000000001E-002  1.375752364574377E-011
  3.906000000000000E-002  1.375752364574377E-011
  3.908000000000000E-002  1.375752364574377E-011
  3.910000000000000E-002  1.375752364574377E-011
  3.912000000000000E-002  1.375752364574377E-011
  3.914000000000000E-002  1.375752364574377E-011
  3.916000000000000E-002  1.375752364574377E-011
  3.918000000000001E-002  1.375752364574377E-011
  3.920000000000001E-002  1.375752364574377E-011
  3.922000000000000E-002  1.375752364574377E-011
  3.924000000000000E-002  1.375752364574377E-011
  3.926000000000000E-002  1.375752364574377E-011
  3.928000000000000E-002  1.375752364574377E-011
  3.930000000000000E-002  1.375752364574377E-011
  3.932000000000000E-002  1.375752364574377E-011
  3.934000000000000E-002  1.375752364574377E-011
  3.936000000000001E-002  1.375752364574377E-011
  3.938000000000001E-002  1.375752364574377E-011
  3.940000000000000E-002  1.375752364574377E-011
  3.942000000000000E-002  1.375752364574377E-011
  3.944000000000000E-002  1.375752364574377E-011
  3.946000000000000E-002  1.375752364574377E-011
  3.948000000000000E-002  1.375752364574377E-011
  3.950000000000000E-002  1.375752364574377E-011
  3.952000000000001E-002  1.375752364574377E-011
  3.954000000000001E-002  1.375752364574377E-011
  3.956000000000000E-002  1.375752364574377E-011
  3.958000000000000E-002  1.375752364574377E-011
  3.960000000000000E-002  1.375752364574377E-011
  3.962000000000000E-002  1.375752364574377E-011
  3.964000000000000E-002  1.375752364574377E-011
  3.966000000000000E-002  1.375752364574377E-011
  3.968000000000000E-002  1.375752364574377E-011
  3.970000000000001E-002  1.375752364574377E-011
  3.972000000000001E-002  1.375752364574377E-011
  3.974000000000000E-002  1.375752364574377E-011
  3.976000000000000E-002  1.375752364574377E-011
  3.978000000000000E-002  1.375752364574377E-011
  3.980000000000000E-002  1.375752364574377E-011
  3.982000000000000E-002  1.375752364574377E-011
  3.984000000000000E-002  1.375752364574377E-011
  3.986000000000001E-002  1.375752364574377E-011
  3.988000000000001E-002  1.375752364574377E-011
  3.990000000000000E-002  1.375752364574377E-011
  3.992000000000000E-002  1.375752364574377E-011
  3.994000000000000E-002  1.375752364574377E-011
  3.996000000000000E-002  1.375752364574377E-011
  3.998000000000000E-002  1.375752364574377E-011
  4.000000000000000E-002  1.375754016018804E-011
