  0.000000000000000E+000   2.61519000003575     
  2.000000000000000E-005   2.45952733043626     
  4.000000000000000E-005   2.43503375276218     
  6.000000000000001E-005   2.43388994461202     
  8.000000000000001E-005   2.43294279946696     
  1.000000000000000E-004   2.43199136986564     
  1.200000000000000E-004   2.43103877244363     
  1.400000000000000E-004   2.43008251056125     
  1.600000000000000E-004   2.42912392766707     
  1.800000000000000E-004   2.42816216702354     
  2.000000000000000E-004   2.42719743112838     
  2.200000000000000E-004   2.42622969632580     
  2.400000000000000E-004   2.42525883878051     
  2.600000000000000E-004   2.42428485300183     
  2.800000000000000E-004   2.42330779570960     
  3.000000000000000E-004   2.42232773150414     
  3.200000000000000E-004   2.42134483914819     
  3.400000000000000E-004   2.42035930172672     
  3.600000000000000E-004   2.41937139503653     
  3.800000000000000E-004   2.41838151976927     
  4.000000000000000E-004   2.41739013180314     
  4.200000000000000E-004   2.41639766870290     
  4.400000000000000E-004   2.41540423551841     
  4.600000000000000E-004   2.41440947462740     
  4.800000000000001E-004   2.41341332430321     
  5.000000000000000E-004   2.41241601996055     
  5.200000000000001E-004   2.41141818841234     
  5.400000000000000E-004   2.41042033968137     
  5.600000000000001E-004   2.40942242128465     
  5.800000000000000E-004   2.40842423950578     
  6.000000000000001E-004   2.40742574938825     
  6.200000000000000E-004   2.40642694281394     
  6.400000000000001E-004   2.40542808956157     
  6.600000000000001E-004   2.40442926664834     
  6.800000000000000E-004   2.40343054631171     
  7.000000000000001E-004   2.40243202074757     
  7.200000000000000E-004   2.40143377747965     
  7.400000000000001E-004   2.40043589222723     
  7.600000000000000E-004   2.39943840794221     
  7.800000000000001E-004   2.39844132136010     
  8.000000000000000E-004   2.39744460028944     
  8.200000000000001E-004   2.39644817847308     
  8.400000000000000E-004   2.39545195706713     
  8.600000000000001E-004   2.39445584893797     
  8.800000000000000E-004   2.39345982256632     
  9.000000000000001E-004   2.39246395488086     
  9.200000000000000E-004   2.39146851846609     
  9.400000000000001E-004   2.39047378776208     
  9.600000000000001E-004   2.38948012468785     
  9.800000000000002E-004   2.38848798621030     
  1.000000000000000E-003   2.38749781884231     
  1.020000000000000E-003   2.38651002329626     
  1.040000000000000E-003   2.38552491181415     
  1.060000000000000E-003   2.38454265555744     
  1.080000000000000E-003   2.38356329687189     
  1.100000000000000E-003   2.38258690819523     
  1.120000000000000E-003   2.38161334307205     
  1.140000000000000E-003   2.38064301997416     
  1.160000000000000E-003   2.37967626317153     
  1.180000000000000E-003   2.37871314290038     
  1.200000000000000E-003   2.37775268026463     
  1.220000000000000E-003   2.37679207535671     
  1.240000000000000E-003   2.37581949053421     
  1.260000000000000E-003   2.37474972382807     
  1.280000000000000E-003   2.37362277720313     
  1.300000000000000E-003   2.37292251010955     
  1.320000000000000E-003   2.37304911816179     
  1.340000000000000E-003   2.37789092773382     
  1.360000000000000E-003   2.41036376615777     
  1.380000000000000E-003   2.51897883425062     
  1.400000000000000E-003   2.60340092480666     
  1.420000000000000E-003   2.63124326250631     
  1.440000000000000E-003   2.63679343660361     
  1.460000000000000E-003   2.63697953710139     
  1.480000000000000E-003   2.63505511175191     
  1.500000000000000E-003   2.63200335216809     
  1.520000000000000E-003   2.62980781389372     
  1.540000000000000E-003   2.62773595505181     
  1.560000000000000E-003   2.62572412660625     
  1.580000000000000E-003   2.62380617138853     
  1.600000000000000E-003   2.62194359207764     
  1.620000000000000E-003   2.62015392339022     
  1.640000000000000E-003   2.61840280172982     
  1.660000000000000E-003   2.61666042817821     
  1.680000000000000E-003   2.61491863260934     
  1.700000000000000E-003   2.61319622523218     
  1.720000000000000E-003   2.61146782214505     
  1.740000000000000E-003   2.60974961184157     
  1.760000000000000E-003   2.60803845993051     
  1.780000000000000E-003   2.60633551638041     
  1.800000000000000E-003   2.60462234922938     
  1.820000000000000E-003   2.60285517613196     
  1.840000000000000E-003   2.60096762088684     
  1.860000000000000E-003   2.59914432637792     
  1.880000000000000E-003   2.59757701245314     
  1.900000000000000E-003   2.59643972999535     
  1.920000000000000E-003   2.59589599985389     
  1.940000000000000E-003   2.59584716970516     
  1.960000000000000E-003   2.59653690886264     
  1.980000000000000E-003   2.59928352940113     
  2.000000000000000E-003   2.60635626714370     
  2.020000000000000E-003   2.62142418837367     
  2.040000000000000E-003   2.64555298857227     
  2.060000000000000E-003   2.66571803660744     
  2.080000000000000E-003   2.67760866485933     
  2.100000000000000E-003   2.68373979010671     
  2.120000000000000E-003   2.68649386949630     
  2.140000000000000E-003   2.68745240813100     
  2.160000000000000E-003   2.68770476032620     
  2.180000000000000E-003   2.68698034558347     
  2.200000000000000E-003   2.68481856736510     
  2.220000000000000E-003   2.68250965398601     
  2.240000000000000E-003   2.68046402279788     
  2.260000000000000E-003   2.67857084525849     
  2.280000000000000E-003   2.67673784300576     
  2.300000000000000E-003   2.67492576251226     
  2.320000000000000E-003   2.67312509940841     
  2.340000000000000E-003   2.67133078376039     
  2.360000000000000E-003   2.66955727635882     
  2.380000000000000E-003   2.66781475759640     
  2.400000000000000E-003   2.66610320931350     
  2.420000000000000E-003   2.66441657176177     
  2.440000000000000E-003   2.66274218383163     
  2.460000000000000E-003   2.66107254826791     
  2.480000000000000E-003   2.65940253541192     
  2.500000000000000E-003   2.65772766324563     
  2.520000000000000E-003   2.65604395481259     
  2.540000000000000E-003   2.65435438186365     
  2.560000000000000E-003   2.65267174774886     
  2.580000000000000E-003   2.65100429917834     
  2.600000000000000E-003   2.64935921090764     
  2.620000000000000E-003   2.64774435872181     
  2.640000000000000E-003   2.64616410615355     
  2.660000000000000E-003   2.64461893268053     
  2.680000000000000E-003   2.64309841787749     
  2.700000000000000E-003   2.64159423411606     
  2.720000000000000E-003   2.64010303881364     
  2.740000000000000E-003   2.63861981168416     
  2.760000000000000E-003   2.63714167159778     
  2.780000000000000E-003   2.63567175583927     
  2.800000000000000E-003   2.63421804953793     
  2.820000000000000E-003   2.63279088795578     
  2.840000000000000E-003   2.63140253974928     
  2.860000000000000E-003   2.63006467492895     
  2.880000000000000E-003   2.62878301902092     
  2.900000000000000E-003   2.62755717869517     
  2.920000000000000E-003   2.62638175619965     
  2.940000000000000E-003   2.62524787167238     
  2.960000000000000E-003   2.62414354941321     
  2.980000000000000E-003   2.62305682066714     
  3.000000000000000E-003   2.62197748090720     
  3.020000000000000E-003   2.62089930827069     
  3.040000000000000E-003   2.61982133476200     
  3.060000000000000E-003   2.61874750225025     
  3.080000000000000E-003   2.61768537499032     
  3.100000000000000E-003   2.61664268794999     
  3.120000000000000E-003   2.61562138175718     
  3.140000000000000E-003   2.61462331148268     
  3.160000000000000E-003   2.61364815080680     
  3.180000000000000E-003   2.61268826197194     
  3.200000000000000E-003   2.61172993093754     
  3.220000000000000E-003   2.61076571721873     
  3.240000000000000E-003   2.60978767608379     
  3.260000000000000E-003   2.60878731453535     
  3.280000000000000E-003   2.60776109535711     
  3.300000000000000E-003   2.60670835878122     
  3.320000000000000E-003   2.60563090114692     
  3.340000000000000E-003   2.60453075190589     
  3.360000000000000E-003   2.60340769615522     
  3.380000000000000E-003   2.60225884526554     
  3.400000000000000E-003   2.60107654835555     
  3.420000000000000E-003   2.59984672272442     
  3.440000000000000E-003   2.59855150026393     
  3.460000000000000E-003   2.59726475132011     
  3.480000000000000E-003   2.59605935843475     
  3.500000000000000E-003   2.59493824084882     
  3.520000000000000E-003   2.59391144434071     
  3.540000000000000E-003   2.59298478665937     
  3.560000000000000E-003   2.59221841011231     
  3.580000000000000E-003   2.59169271125759     
  3.600000000000000E-003   2.59140900024756     
  3.620000000000000E-003   2.59133345072326     
  3.640000000000000E-003   2.59149945689059     
  3.660000000000000E-003   2.59204716759942     
  3.680000000000000E-003   2.59322320456985     
  3.700000000000000E-003   2.59527739030338     
  3.720000000000000E-003   2.59845465147194     
  3.740000000000000E-003   2.60228234458443     
  3.760000000000000E-003   2.60533616221280     
  3.780000000000000E-003   2.60741040603067     
  3.800000000000000E-003   2.60868037330985     
  3.820000000000000E-003   2.60935136712148     
  3.840000000000001E-003   2.60962295650404     
  3.860000000000000E-003   2.60968802432417     
  3.880000000000000E-003   2.60961549984561     
  3.900000000000000E-003   2.60922751062056     
  3.920000000000001E-003   2.60858101312375     
  3.940000000000000E-003   2.60789224090779     
  3.960000000000000E-003   2.60744131427036     
  3.980000000000000E-003   2.60735160458493     
  4.000000000000000E-003   2.60756048725635     
  4.020000000000000E-003   2.60840518708497     
  4.040000000000000E-003   2.61025129996028     
  4.060000000000000E-003   2.61359105511145     
  4.080000000000000E-003   2.61902691405276     
  4.100000000000000E-003   2.62714757978346     
  4.120000000000000E-003   2.63668213003629     
  4.140000000000000E-003   2.64432082599066     
  4.160000000000001E-003   2.64967094551196     
  4.180000000000001E-003   2.65317248337178     
  4.200000000000001E-003   2.65529080702131     
  4.220000000000001E-003   2.65644147949600     
  4.240000000000001E-003   2.65693469942218     
  4.260000000000001E-003   2.65687261261013     
  4.280000000000000E-003   2.65631698516760     
  4.300000000000000E-003   2.65529990748528     
  4.320000000000000E-003   2.65387983195350     
  4.340000000000000E-003   2.65226005707276     
  4.360000000000000E-003   2.65057259830161     
  4.380000000000000E-003   2.64886476099190     
  4.400000000000000E-003   2.64715079005085     
  4.420000000000000E-003   2.64543338938870     
  4.440000000000000E-003   2.64371252309880     
  4.460000000000000E-003   2.64199482064373     
  4.480000000000000E-003   2.64028585401896     
  4.500000000000001E-003   2.63858509131380     
  4.520000000000001E-003   2.63689338676930     
  4.540000000000001E-003   2.63521371584843     
  4.560000000000001E-003   2.63355311248564     
  4.580000000000001E-003   2.63192063698709     
  4.600000000000001E-003   2.63032386923817     
  4.620000000000000E-003   2.62876853338067     
  4.640000000000000E-003   2.62725973058993     
  4.660000000000000E-003   2.62580102302729     
  4.680000000000000E-003   2.62439189246368     
  4.700000000000000E-003   2.62302859788026     
  4.720000000000000E-003   2.62170821768291     
  4.740000000000000E-003   2.62043144011370     
  4.760000000000000E-003   2.61920245567388     
  4.780000000000000E-003   2.61803000456159     
  4.800000000000000E-003   2.61692681466889     
  4.820000000000000E-003   2.61591095021619     
  4.840000000000001E-003   2.61500052993099     
  4.860000000000001E-003   2.61421424715002     
  4.880000000000001E-003   2.61356104202310     
  4.900000000000001E-003   2.61304414169761     
  4.920000000000001E-003   2.61265714416339     
  4.940000000000001E-003   2.61237387835315     
  4.960000000000000E-003   2.61219173053799     
  4.980000000000000E-003   2.61204381088677     
  5.000000000000000E-003   2.61196063462161     
  5.020000000000000E-003   2.61193025459812     
  5.040000000000000E-003   2.61192677363891     
  5.060000000000000E-003   2.61193058324362     
  5.080000000000000E-003   2.61189274256065     
  5.100000000000000E-003   2.61180475217113     
  5.120000000000000E-003   2.61168104482690     
  5.140000000000000E-003   2.61148474278992     
  5.160000000000001E-003   2.61118336626722     
  5.180000000000001E-003   2.61075428267547     
  5.200000000000001E-003   2.61018600388083     
  5.220000000000001E-003   2.60947429343837     
  5.240000000000001E-003   2.60862415879211     
  5.260000000000001E-003   2.60764584527765     
  5.280000000000001E-003   2.60655928204456     
  5.300000000000000E-003   2.60538656629170     
  5.320000000000000E-003   2.60415120501905     
  5.340000000000000E-003   2.60287666822075     
  5.360000000000000E-003   2.60158274977790     
  5.380000000000000E-003   2.60027524890613     
  5.400000000000000E-003   2.59897310937956     
  5.420000000000000E-003   2.59768666059516     
  5.440000000000000E-003   2.59641317610766     
  5.460000000000000E-003   2.59515140981467     
  5.480000000000000E-003   2.59390143325569     
  5.500000000000001E-003   2.59266453764722     
  5.520000000000001E-003   2.59144313147760     
  5.540000000000001E-003   2.59024186995633     
  5.560000000000001E-003   2.58906650248394     
  5.580000000000001E-003   2.58792412262421     
  5.600000000000001E-003   2.58682097638312     
  5.620000000000001E-003   2.58576011472099     
  5.640000000000000E-003   2.58474135846912     
  5.660000000000000E-003   2.58376060787004     
  5.680000000000000E-003   2.58281039759912     
  5.700000000000000E-003   2.58188019037886     
  5.720000000000000E-003   2.58096136028637     
  5.740000000000000E-003   2.58004817402873     
  5.760000000000000E-003   2.57914059508089     
  5.780000000000000E-003   2.57825318905932     
  5.800000000000000E-003   2.57741362668934     
  5.820000000000001E-003   2.57663181186300     
  5.840000000000001E-003   2.57593915626330     
  5.860000000000001E-003   2.57537813490694     
  5.880000000000001E-003   2.57497850372039     
  5.900000000000001E-003   2.57475537523189     
  5.920000000000001E-003   2.57468872875033     
  5.940000000000001E-003   2.57474869625860     
  5.960000000000001E-003   2.57496555218889     
  5.980000000000000E-003   2.57541978737132     
  6.000000000000000E-003   2.57618275796516     
  6.020000000000000E-003   2.57733613630414     
  6.040000000000000E-003   2.57896027265148     
  6.060000000000000E-003   2.58113517234108     
  6.080000000000000E-003   2.58389991459955     
  6.100000000000000E-003   2.58668996149419     
  6.120000000000000E-003   2.58897435141688     
  6.140000000000000E-003   2.59073288308467     
  6.160000000000001E-003   2.59201042099493     
  6.180000000000001E-003   2.59287426321184     
  6.200000000000001E-003   2.59340637102126     
  6.220000000000001E-003   2.59369223021249     
  6.240000000000001E-003   2.59381216556438     
  6.260000000000001E-003   2.59381979877349     
  6.280000000000001E-003   2.59366159878533     
  6.300000000000001E-003   2.59329772451964     
  6.320000000000000E-003   2.59281150840717     
  6.340000000000000E-003   2.59226730388174     
  6.360000000000000E-003   2.59169540035452     
  6.380000000000000E-003   2.59110596604758     
  6.400000000000000E-003   2.59051040419134     
  6.420000000000000E-003   2.58992635008957     
  6.440000000000000E-003   2.58936589812309     
  6.460000000000000E-003   2.58883989340961     
  6.480000000000001E-003   2.58835694187436     
  6.500000000000001E-003   2.58792459552420     
  6.520000000000001E-003   2.58754773996871     
  6.540000000000001E-003   2.58722626744062     
  6.560000000000001E-003   2.58695356129770     
  6.580000000000001E-003   2.58671822308786     
  6.600000000000001E-003   2.58650550167636     
  6.620000000000001E-003   2.58630219273171     
  6.640000000000001E-003   2.58609676967629     
  6.660000000000000E-003   2.58588464909619     
  6.680000000000000E-003   2.58565826658412     
  6.700000000000000E-003   2.58541144847546     
  6.720000000000000E-003   2.58513690635246     
  6.740000000000000E-003   2.58482781725164     
  6.760000000000000E-003   2.58448124727528     
  6.780000000000000E-003   2.58409725919135     
  6.800000000000000E-003   2.58367611144984     
  6.820000000000001E-003   2.58321862912837     
  6.840000000000001E-003   2.58272590365470     
  6.860000000000001E-003   2.58220136332772     
  6.880000000000001E-003   2.58165031013663     
  6.900000000000001E-003   2.58108114816761     
  6.920000000000001E-003   2.58049975760137     
  6.940000000000001E-003   2.57990384382860     
  6.960000000000001E-003   2.57929337459658     
  6.980000000000001E-003   2.57867432452850     
  7.000000000000000E-003   2.57805667364824     
  7.020000000000000E-003   2.57744570461667     
  7.040000000000000E-003   2.57684326698787     
  7.060000000000000E-003   2.57625302816806     
  7.080000000000000E-003   2.57568055091576     
  7.100000000000000E-003   2.57513457561158     
  7.120000000000000E-003   2.57462971701918     
  7.140000000000001E-003   2.57418832704137     
  7.160000000000001E-003   2.57383801197065     
  7.180000000000001E-003   2.57359965481960     
  7.200000000000001E-003   2.57346727952577     
  7.220000000000001E-003   2.57345151392861     
  7.240000000000001E-003   2.57359039375755     
  7.260000000000001E-003   2.57396715889011     
  7.280000000000001E-003   2.57467784262417     
  7.300000000000001E-003   2.57584471259545     
  7.320000000000001E-003   2.57760806882397     
  7.340000000000000E-003   2.58012511020182     
  7.360000000000000E-003   2.58356204574770     
  7.380000000000000E-003   2.58807079563932     
  7.400000000000000E-003   2.59357132167949     
  7.420000000000000E-003   2.59881608625901     
  7.440000000000000E-003   2.60321630367149     
  7.460000000000000E-003   2.60682635395356     
  7.480000000000001E-003   2.60975911087484     
  7.500000000000001E-003   2.61213730768162     
  7.520000000000001E-003   2.61408742429876     
  7.540000000000001E-003   2.61572676493003     
  7.560000000000001E-003   2.61715378856781     
  7.580000000000001E-003   2.61844735246195     
  7.600000000000001E-003   2.61966977915609     
  7.620000000000001E-003   2.62086537572612     
  7.640000000000001E-003   2.62206737558313     
  7.660000000000001E-003   2.62329850485776     
  7.680000000000001E-003   2.62457994213551     
  7.700000000000000E-003   2.62592757879358     
  7.720000000000000E-003   2.62736712435124     
  7.740000000000000E-003   2.62893032520458     
  7.760000000000000E-003   2.63065205126211     
  7.780000000000000E-003   2.63256826911958     
  7.800000000000001E-003   2.63471056808320     
  7.820000000000001E-003   2.63686513568354     
  7.840000000000001E-003   2.63874671240323     
  7.860000000000001E-003   2.64030900375120     
  7.880000000000000E-003   2.64154918316201     
  7.900000000000001E-003   2.64248316108605     
  7.920000000000000E-003   2.64314459846883     
  7.940000000000001E-003   2.64357995674288     
  7.960000000000000E-003   2.64384192732082     
  7.980000000000001E-003   2.64397454273238     
  8.000000000000000E-003   2.64399992315061     
  8.020000000000001E-003   2.64384990521299     
  8.040000000000000E-003   2.64347033373132     
  8.060000000000001E-003   2.64287629196263     
  8.080000000000000E-003   2.64209293486201     
  8.100000000000001E-003   2.64117274875988     
  8.120000000000000E-003   2.64017002593331     
  8.140000000000001E-003   2.63909034441304     
  8.160000000000001E-003   2.63793720314090     
  8.180000000000002E-003   2.63671257607333     
  8.200000000000001E-003   2.63542556781612     
  8.220000000000000E-003   2.63409676023086     
  8.240000000000001E-003   2.63277095328013     
  8.260000000000000E-003   2.63145916041005     
  8.280000000000001E-003   2.63015174258300     
  8.300000000000000E-003   2.62884043553335     
  8.320000000000001E-003   2.62751552974809     
  8.340000000000000E-003   2.62618762953239     
  8.360000000000001E-003   2.62489692239615     
  8.380000000000000E-003   2.62366405779766     
  8.400000000000001E-003   2.62249406034648     
  8.420000000000000E-003   2.62138883286801     
  8.440000000000001E-003   2.62034921081136     
  8.460000000000001E-003   2.61937554474938     
  8.480000000000001E-003   2.61846882736904     
  8.500000000000001E-003   2.61763085182421     
  8.520000000000002E-003   2.61686447959929     
  8.540000000000001E-003   2.61617401681592     
  8.560000000000000E-003   2.61556351030117     
  8.580000000000001E-003   2.61503956671172     
  8.600000000000000E-003   2.61460666926826     
  8.620000000000001E-003   2.61426580192972     
  8.640000000000000E-003   2.61401201444029     
  8.660000000000001E-003   2.61381981312075     
  8.680000000000000E-003   2.61368044753317     
  8.700000000000001E-003   2.61359510618814     
  8.720000000000000E-003   2.61354281777008     
  8.740000000000001E-003   2.61350574088022     
  8.760000000000000E-003   2.61347289103275     
  8.780000000000001E-003   2.61343571794357     
  8.800000000000001E-003   2.61339531036207     
  8.820000000000001E-003   2.61335652321804     
  8.840000000000001E-003   2.61332849906657     
  8.860000000000002E-003   2.61332303574514     
  8.880000000000001E-003   2.61334625702367     
  8.900000000000000E-003   2.61341150057932     
  8.920000000000001E-003   2.61353582219635     
  8.940000000000000E-003   2.61373776253965     
  8.960000000000001E-003   2.61403331386447     
  8.980000000000000E-003   2.61441219265249     
  9.000000000000001E-003   2.61493380696714     
  9.020000000000000E-003   2.61566536384888     
  9.040000000000001E-003   2.61667484464851     
  9.060000000000000E-003   2.61802810247217     
  9.080000000000001E-003   2.61978346515925     
  9.100000000000000E-003   2.62198986565436     
  9.120000000000001E-003   2.62441713745916     
  9.140000000000001E-003   2.62654405163226     
  9.160000000000001E-003   2.62826066896323     
  9.180000000000001E-003   2.62958718073498     
  9.200000000000002E-003   2.63056273151586     
  9.220000000000001E-003   2.63123706453961     
  9.240000000000000E-003   2.63166700594390     
  9.260000000000001E-003   2.63191330388686     
  9.280000000000000E-003   2.63202856634026     
  9.300000000000001E-003   2.63201533115814     
  9.320000000000000E-003   2.63188398157371     
  9.340000000000001E-003   2.63162577101583     
  9.360000000000000E-003   2.63127276720435     
  9.380000000000001E-003   2.63085248489332     
  9.400000000000000E-003   2.63038154380680     
  9.420000000000001E-003   2.62986561048340     
  9.440000000000000E-003   2.62930481040085     
  9.460000000000001E-003   2.62871898802320     
  9.480000000000001E-003   2.62811225807125     
  9.500000000000001E-003   2.62747972076339     
  9.520000000000001E-003   2.62682729545326     
  9.540000000000002E-003   2.62614689078542     
  9.560000000000001E-003   2.62543328167520     
  9.580000000000000E-003   2.62468922855388     
  9.600000000000001E-003   2.62391389613662     
  9.620000000000000E-003   2.62310423227252     
  9.640000000000001E-003   2.62225462791774     
  9.660000000000000E-003   2.62136113087648     
  9.680000000000001E-003   2.62042190866202     
  9.700000000000000E-003   2.61943793814761     
  9.720000000000001E-003   2.61841120381696     
  9.740000000000000E-003   2.61734434123651     
  9.760000000000001E-003   2.61624160947972     
  9.780000000000000E-003   2.61510774696958     
  9.800000000000001E-003   2.61395350486606     
  9.820000000000001E-003   2.61278227535635     
  9.840000000000002E-003   2.61159911842102     
  9.860000000000001E-003   2.61042375842647     
  9.880000000000002E-003   2.60926496436804     
  9.900000000000001E-003   2.60812681125579     
  9.920000000000000E-003   2.60701279890106     
  9.940000000000001E-003   2.60592692432566     
  9.960000000000000E-003   2.60487379697995     
  9.980000000000001E-003   2.60385867105290     
  1.000000000000000E-002   2.60288715132205     
  1.002000000000000E-002   2.60196456553976     
  1.004000000000000E-002   2.60109529390435     
  1.006000000000000E-002   2.60028239209873     
  1.008000000000000E-002   2.59952760333152     
  1.010000000000000E-002   2.59883159426838     
  1.012000000000000E-002   2.59819413500961     
  1.014000000000000E-002   2.59761419765355     
  1.016000000000000E-002   2.59708988199902     
  1.018000000000000E-002   2.59661844409326     
  1.020000000000000E-002   2.59619614603287     
  1.022000000000000E-002   2.59581832860409     
  1.024000000000000E-002   2.59547920620913     
  1.026000000000000E-002   2.59517198071874     
  1.028000000000000E-002   2.59488871685712     
  1.030000000000000E-002   2.59462154735535     
  1.032000000000000E-002   2.59436240474466     
  1.034000000000000E-002   2.59410674073943     
  1.036000000000000E-002   2.59385134849619     
  1.038000000000000E-002   2.59359439498800     
  1.040000000000000E-002   2.59333391350397     
  1.042000000000000E-002   2.59306917383510     
  1.044000000000000E-002   2.59279900146980     
  1.046000000000000E-002   2.59252327590131     
  1.048000000000000E-002   2.59224169218335     
  1.050000000000000E-002   2.59195343391268     
  1.052000000000000E-002   2.59165957026787     
  1.054000000000000E-002   2.59136449267401     
  1.056000000000000E-002   2.59107072916427     
  1.058000000000000E-002   2.59078017196293     
  1.060000000000000E-002   2.59049448591550     
  1.062000000000000E-002   2.59021422595774     
  1.064000000000000E-002   2.58994003557612     
  1.066000000000000E-002   2.58967216928007     
  1.068000000000000E-002   2.58941051133508     
  1.070000000000000E-002   2.58915439704306     
  1.072000000000000E-002   2.58890275336149     
  1.074000000000000E-002   2.58865443136867     
  1.076000000000000E-002   2.58840849302178     
  1.078000000000000E-002   2.58816415541350     
  1.080000000000000E-002   2.58792058924288     
  1.082000000000000E-002   2.58767712145481     
  1.084000000000000E-002   2.58743417550289     
  1.086000000000000E-002   2.58719319774054     
  1.088000000000000E-002   2.58695641136737     
  1.090000000000000E-002   2.58672609709381     
  1.092000000000000E-002   2.58650366518238     
  1.094000000000000E-002   2.58628911317535     
  1.096000000000000E-002   2.58608129913790     
  1.098000000000000E-002   2.58587887270727     
  1.100000000000000E-002   2.58568149298252     
  1.102000000000000E-002   2.58549178750217     
  1.104000000000000E-002   2.58531496251660     
  1.106000000000000E-002   2.58516477664827     
  1.108000000000000E-002   2.58505403620782     
  1.110000000000000E-002   2.58499556946882     
  1.112000000000000E-002   2.58499899845621     
  1.114000000000000E-002   2.58506972898406     
  1.116000000000000E-002   2.58522332495903     
  1.118000000000000E-002   2.58544130159205     
  1.120000000000000E-002   2.58571971221683     
  1.122000000000000E-002   2.58609452913205     
  1.124000000000000E-002   2.58659377766824     
  1.126000000000000E-002   2.58725903941981     
  1.128000000000000E-002   2.58814451557043     
  1.130000000000000E-002   2.58931836210273     
  1.132000000000000E-002   2.59086099029843     
  1.134000000000000E-002   2.59285939148463     
  1.136000000000000E-002   2.59540006075915     
  1.138000000000000E-002   2.59856236261582     
  1.140000000000000E-002   2.60241463645435     
  1.142000000000000E-002   2.60658840014005     
  1.144000000000000E-002   2.61029764766484     
  1.146000000000000E-002   2.61335385552175     
  1.148000000000000E-002   2.61579965802776     
  1.150000000000000E-002   2.61769681753726     
  1.152000000000000E-002   2.61912051330318     
  1.154000000000000E-002   2.62015203492656     
  1.156000000000000E-002   2.62087112783146     
  1.158000000000000E-002   2.62134836149346     
  1.160000000000000E-002   2.62164763883968     
  1.162000000000000E-002   2.62181001385211     
  1.164000000000000E-002   2.62188747473825     
  1.166000000000000E-002   2.62191463507026     
  1.168000000000000E-002   2.62192477910747     
  1.170000000000000E-002   2.62195284134983     
  1.172000000000000E-002   2.62201473266909     
  1.174000000000000E-002   2.62211604555734     
  1.176000000000000E-002   2.62226753973372     
  1.178000000000000E-002   2.62252068129042     
  1.180000000000000E-002   2.62289496447955     
  1.182000000000000E-002   2.62339413795340     
  1.184000000000000E-002   2.62402726769085     
  1.186000000000000E-002   2.62480487286494     
  1.188000000000000E-002   2.62568443180749     
  1.190000000000000E-002   2.62651575059122     
  1.192000000000000E-002   2.62724173171772     
  1.194000000000000E-002   2.62784850894815     
  1.196000000000000E-002   2.62832426172474     
  1.198000000000000E-002   2.62866011248507     
  1.200000000000000E-002   2.62886541448820     
  1.202000000000000E-002   2.62897146709892     
  1.204000000000000E-002   2.62898494020518     
  1.206000000000000E-002   2.62892268127352     
  1.208000000000000E-002   2.62875859449055     
  1.210000000000000E-002   2.62848533717462     
  1.212000000000000E-002   2.62807380575628     
  1.214000000000000E-002   2.62754707774460     
  1.216000000000000E-002   2.62693512195589     
  1.218000000000000E-002   2.62625885540263     
  1.220000000000000E-002   2.62553156628254     
  1.222000000000000E-002   2.62476200556506     
  1.224000000000000E-002   2.62395940127396     
  1.226000000000000E-002   2.62313917082809     
  1.228000000000000E-002   2.62231881574891     
  1.230000000000000E-002   2.62151073491022     
  1.232000000000000E-002   2.62072169787005     
  1.234000000000000E-002   2.61995758530012     
  1.236000000000000E-002   2.61922375378783     
  1.238000000000000E-002   2.61852530049917     
  1.240000000000000E-002   2.61786594437213     
  1.242000000000000E-002   2.61724796862133     
  1.244000000000000E-002   2.61667306324730     
  1.246000000000000E-002   2.61614178081065     
  1.248000000000000E-002   2.61565384698130     
  1.250000000000000E-002   2.61520797774738     
  1.252000000000000E-002   2.61480244999173     
  1.254000000000000E-002   2.61443615045357     
  1.256000000000000E-002   2.61410898689698     
  1.258000000000000E-002   2.61382225805487     
  1.260000000000000E-002   2.61357744645086     
  1.262000000000000E-002   2.61337413504810     
  1.264000000000000E-002   2.61320847038798     
  1.266000000000000E-002   2.61307318997842     
  1.268000000000000E-002   2.61295895391702     
  1.270000000000000E-002   2.61285653249938     
  1.272000000000000E-002   2.61275410403662     
  1.274000000000000E-002   2.61264586538908     
  1.276000000000000E-002   2.61253672695133     
  1.278000000000000E-002   2.61243532065456     
  1.280000000000000E-002   2.61235228378683     
  1.282000000000000E-002   2.61230498013507     
  1.284000000000000E-002   2.61231015335231     
  1.286000000000000E-002   2.61237407670603     
  1.288000000000000E-002   2.61250623391789     
  1.290000000000000E-002   2.61271456808307     
  1.292000000000000E-002   2.61300558366350     
  1.294000000000000E-002   2.61338377277412     
  1.296000000000000E-002   2.61382105976957     
  1.298000000000000E-002   2.61427314769045     
  1.300000000000000E-002   2.61473610600100     
  1.302000000000000E-002   2.61520340818556     
  1.304000000000000E-002   2.61567512438569     
  1.306000000000000E-002   2.61615517117827     
  1.308000000000000E-002   2.61664686879896     
  1.310000000000000E-002   2.61715539588587     
  1.312000000000000E-002   2.61768762964900     
  1.314000000000000E-002   2.61825103291513     
  1.316000000000000E-002   2.61885242793882     
  1.318000000000000E-002   2.61950128999615     
  1.320000000000000E-002   2.62020606576167     
  1.322000000000000E-002   2.62098232443037     
  1.324000000000000E-002   2.62181927451915     
  1.326000000000000E-002   2.62271651934729     
  1.328000000000000E-002   2.62368019816413     
  1.330000000000000E-002   2.62471355349075     
  1.332000000000000E-002   2.62581750718653     
  1.334000000000000E-002   2.62699249174655     
  1.336000000000000E-002   2.62821070015779     
  1.338000000000000E-002   2.62941279657723     
  1.340000000000000E-002   2.63055255832219     
  1.342000000000000E-002   2.63161215199970     
  1.344000000000000E-002   2.63258516966591     
  1.346000000000000E-002   2.63346965477592     
  1.348000000000000E-002   2.63426444539994     
  1.350000000000000E-002   2.63497070288302     
  1.352000000000000E-002   2.63559273015100     
  1.354000000000000E-002   2.63613687833248     
  1.356000000000000E-002   2.63660992336328     
  1.358000000000000E-002   2.63701805563088     
  1.360000000000000E-002   2.63736733724933     
  1.362000000000000E-002   2.63766343433899     
  1.364000000000000E-002   2.63791930961661     
  1.366000000000000E-002   2.63812658732114     
  1.368000000000000E-002   2.63828904328962     
  1.370000000000000E-002   2.63840940589024     
  1.372000000000000E-002   2.63848757650752     
  1.374000000000000E-002   2.63852383048366     
  1.376000000000000E-002   2.63851590509913     
  1.378000000000000E-002   2.63847530982230     
  1.380000000000000E-002   2.63839232380103     
  1.382000000000000E-002   2.63827243590457     
  1.384000000000000E-002   2.63811135345347     
  1.386000000000000E-002   2.63791118996921     
  1.388000000000000E-002   2.63767386005370     
  1.390000000000000E-002   2.63740066295941     
  1.392000000000000E-002   2.63709252395646     
  1.394000000000000E-002   2.63674981007057     
  1.396000000000000E-002   2.63637341466788     
  1.398000000000000E-002   2.63596532176873     
  1.400000000000000E-002   2.63552874819290     
  1.402000000000000E-002   2.63506717669851     
  1.404000000000000E-002   2.63458459978233     
  1.406000000000000E-002   2.63408610402437     
  1.408000000000000E-002   2.63357662877569     
  1.410000000000000E-002   2.63306011911514     
  1.412000000000000E-002   2.63254062289182     
  1.414000000000000E-002   2.63202121344281     
  1.416000000000000E-002   2.63150419172475     
  1.418000000000000E-002   2.63099081919994     
  1.420000000000000E-002   2.63048214882457     
  1.422000000000000E-002   2.62997898221773     
  1.424000000000000E-002   2.62948181301371     
  1.426000000000000E-002   2.62899088597352     
  1.428000000000000E-002   2.62850648753146     
  1.430000000000000E-002   2.62802891687660     
  1.432000000000000E-002   2.62755844973852     
  1.434000000000000E-002   2.62709569276226     
  1.436000000000000E-002   2.62664188264598     
  1.438000000000000E-002   2.62619897512187     
  1.440000000000000E-002   2.62576941387242     
  1.442000000000000E-002   2.62535566097197     
  1.444000000000000E-002   2.62495972434454     
  1.446000000000000E-002   2.62458296691895     
  1.448000000000000E-002   2.62422632764068     
  1.450000000000000E-002   2.62389073859070     
  1.452000000000000E-002   2.62357739878601     
  1.454000000000000E-002   2.62328776505866     
  1.456000000000000E-002   2.62302290653854     
  1.458000000000000E-002   2.62278373980816     
  1.460000000000000E-002   2.62256734349603     
  1.462000000000000E-002   2.62237925786701     
  1.464000000000000E-002   2.62221668127768     
  1.466000000000000E-002   2.62207776252080     
  1.468000000000000E-002   2.62196071615530     
  1.470000000000000E-002   2.62186206334817     
  1.472000000000000E-002   2.62177567013685     
  1.474000000000000E-002   2.62169304703070     
  1.476000000000000E-002   2.62160817809858     
  1.478000000000000E-002   2.62151596892795     
  1.480000000000000E-002   2.62140962779500     
  1.482000000000000E-002   2.62128520413897     
  1.484000000000000E-002   2.62114453285043     
  1.486000000000000E-002   2.62098687811439     
  1.488000000000000E-002   2.62079128449377     
  1.490000000000000E-002   2.62054780946945     
  1.492000000000000E-002   2.62026703606163     
  1.494000000000000E-002   2.61995724711290     
  1.496000000000000E-002   2.61960775213510     
  1.498000000000000E-002   2.61922189039818     
  1.500000000000000E-002   2.61880259523083     
  1.502000000000000E-002   2.61834617391377     
  1.504000000000000E-002   2.61785580936529     
  1.506000000000000E-002   2.61733294593271     
  1.508000000000000E-002   2.61678060437404     
  1.510000000000000E-002   2.61620199032118     
  1.512000000000000E-002   2.61559925027366     
  1.514000000000000E-002   2.61497367288629     
  1.516000000000000E-002   2.61432543531393     
  1.518000000000000E-002   2.61365484916531     
  1.520000000000000E-002   2.61296322881839     
  1.522000000000000E-002   2.61225309919898     
  1.524000000000000E-002   2.61152765251488     
  1.526000000000000E-002   2.61078766481427     
  1.528000000000000E-002   2.61003305592003     
  1.530000000000000E-002   2.60926476669501     
  1.532000000000000E-002   2.60848429029399     
  1.534000000000000E-002   2.60769228083016     
  1.536000000000000E-002   2.60688991020715     
  1.538000000000000E-002   2.60608171640213     
  1.540000000000000E-002   2.60527565304731     
  1.542000000000000E-002   2.60447642215132     
  1.544000000000000E-002   2.60368653522265     
  1.546000000000000E-002   2.60290844034623     
  1.548000000000000E-002   2.60214438589011     
  1.550000000000000E-002   2.60139602766878     
  1.552000000000000E-002   2.60066426458570     
  1.554000000000000E-002   2.59994920437289     
  1.556000000000000E-002   2.59925007097164     
  1.558000000000000E-002   2.59856525414239     
  1.560000000000000E-002   2.59789268554708     
  1.562000000000000E-002   2.59722982321654     
  1.564000000000000E-002   2.59657420304629     
  1.566000000000000E-002   2.59592339076030     
  1.568000000000000E-002   2.59527539437925     
  1.570000000000000E-002   2.59462855447909     
  1.572000000000000E-002   2.59398169098827     
  1.574000000000000E-002   2.59333194636988     
  1.576000000000000E-002   2.59267672123970     
  1.578000000000000E-002   2.59201498207035     
  1.580000000000000E-002   2.59134693099180     
  1.582000000000000E-002   2.59067350231392     
  1.584000000000000E-002   2.58999509685376     
  1.586000000000000E-002   2.58931320215734     
  1.588000000000000E-002   2.58862852687140     
  1.590000000000000E-002   2.58794318496574     
  1.592000000000000E-002   2.58726194599821     
  1.594000000000000E-002   2.58658714162311     
  1.596000000000000E-002   2.58592139003241     
  1.598000000000000E-002   2.58526750636327     
  1.600000000000000E-002   2.58462886054349     
  1.602000000000000E-002   2.58400884315441     
  1.604000000000000E-002   2.58340954395304     
  1.606000000000000E-002   2.58282879749901     
  1.608000000000000E-002   2.58226317994520     
  1.610000000000000E-002   2.58171383190329     
  1.612000000000000E-002   2.58118237173951     
  1.614000000000000E-002   2.58066974758991     
  1.616000000000000E-002   2.58017643964915     
  1.618000000000000E-002   2.57970279043015     
  1.620000000000000E-002   2.57924914131849     
  1.622000000000000E-002   2.57881585713989     
  1.624000000000000E-002   2.57840331699644     
  1.626000000000000E-002   2.57801190269630     
  1.628000000000000E-002   2.57764202604545     
  1.630000000000000E-002   2.57729419286675     
  1.632000000000000E-002   2.57696911981368     
  1.634000000000000E-002   2.57666779497602     
  1.636000000000000E-002   2.57639142324451     
  1.638000000000000E-002   2.57614104593787     
  1.640000000000000E-002   2.57591711176469     
  1.642000000000000E-002   2.57571984314425     
  1.644000000000000E-002   2.57554834457614     
  1.646000000000000E-002   2.57540354679965     
  1.648000000000000E-002   2.57528096522878     
  1.650000000000000E-002   2.57517899924571     
  1.652000000000000E-002   2.57509767628352     
  1.654000000000000E-002   2.57503842541644     
  1.656000000000000E-002   2.57500328647935     
  1.658000000000000E-002   2.57499413152794     
  1.660000000000000E-002   2.57500904528448     
  1.662000000000000E-002   2.57504370386174     
  1.664000000000000E-002   2.57509092790729     
  1.666000000000000E-002   2.57514285319580     
  1.668000000000000E-002   2.57521166362050     
  1.670000000000000E-002   2.57531433544896     
  1.672000000000000E-002   2.57546684362837     
  1.674000000000000E-002   2.57569046273173     
  1.676000000000000E-002   2.57600619765826     
  1.678000000000000E-002   2.57643745458862     
  1.680000000000000E-002   2.57701049799759     
  1.682000000000000E-002   2.57775382049089     
  1.684000000000000E-002   2.57869767985145     
  1.686000000000000E-002   2.57987372653608     
  1.688000000000000E-002   2.58131349741259     
  1.690000000000000E-002   2.58304778918311     
  1.692000000000000E-002   2.58510506100100     
  1.694000000000000E-002   2.58751114316345     
  1.696000000000000E-002   2.59028706261760     
  1.698000000000000E-002   2.59333326324007     
  1.700000000000000E-002   2.59624988550931     
  1.702000000000000E-002   2.59887787152766     
  1.704000000000000E-002   2.60120680998961     
  1.706000000000000E-002   2.60325911576620     
  1.708000000000000E-002   2.60505499076027     
  1.710000000000000E-002   2.60661794931925     
  1.712000000000000E-002   2.60797082464830     
  1.714000000000000E-002   2.60913591074762     
  1.716000000000000E-002   2.61013400965143     
  1.718000000000000E-002   2.61098420696175     
  1.720000000000000E-002   2.61170384276876     
  1.722000000000000E-002   2.61230864349313     
  1.724000000000000E-002   2.61281284102465     
  1.726000000000000E-002   2.61322928450584     
  1.728000000000000E-002   2.61356942298074     
  1.730000000000000E-002   2.61384360249656     
  1.732000000000000E-002   2.61406143968200     
  1.734000000000000E-002   2.61423222282772     
  1.736000000000000E-002   2.61436638635893     
  1.738000000000000E-002   2.61447218239094     
  1.740000000000000E-002   2.61455803455015     
  1.742000000000000E-002   2.61463157870885     
  1.744000000000000E-002   2.61470026146689     
  1.746000000000000E-002   2.61476865418423     
  1.748000000000000E-002   2.61484069253486     
  1.750000000000000E-002   2.61491887313488     
  1.752000000000000E-002   2.61500882850132     
  1.754000000000000E-002   2.61511054446830     
  1.756000000000000E-002   2.61522589114417     
  1.758000000000000E-002   2.61535449698275     
  1.760000000000000E-002   2.61549463430686     
  1.762000000000000E-002   2.61564433901939     
  1.764000000000000E-002   2.61580065390844     
  1.766000000000000E-002   2.61596043471055     
  1.768000000000000E-002   2.61611817397386     
  1.770000000000000E-002   2.61627225580371     
  1.772000000000000E-002   2.61642080275964     
  1.774000000000000E-002   2.61656194722431     
  1.776000000000000E-002   2.61669428869157     
  1.778000000000000E-002   2.61681670842191     
  1.780000000000000E-002   2.61692849310010     
  1.782000000000000E-002   2.61702927888564     
  1.784000000000000E-002   2.61711958261068     
  1.786000000000000E-002   2.61719974839466     
  1.788000000000000E-002   2.61727004425945     
  1.790000000000000E-002   2.61733157628393     
  1.792000000000000E-002   2.61738579514256     
  1.794000000000000E-002   2.61742469349665     
  1.796000000000000E-002   2.61744341575499     
  1.798000000000000E-002   2.61744752023311     
  1.800000000000000E-002   2.61743667883042     
  1.802000000000000E-002   2.61741051743750     
  1.804000000000000E-002   2.61736812619826     
  1.806000000000000E-002   2.61730887364199     
  1.808000000000000E-002   2.61723202961665     
  1.810000000000000E-002   2.61713830631798     
  1.812000000000000E-002   2.61702807316033     
  1.814000000000000E-002   2.61690250487856     
  1.816000000000000E-002   2.61676287651566     
  1.818000000000000E-002   2.61661088993826     
  1.820000000000000E-002   2.61644824415779     
  1.822000000000000E-002   2.61627573858298     
  1.824000000000000E-002   2.61609923577590     
  1.826000000000000E-002   2.61592665431683     
  1.828000000000000E-002   2.61576130813150     
  1.830000000000000E-002   2.61560670666580     
  1.832000000000000E-002   2.61546664523699     
  1.834000000000000E-002   2.61534363994200     
  1.836000000000000E-002   2.61523924750371     
  1.838000000000000E-002   2.61515419585964     
  1.840000000000000E-002   2.61508767790276     
  1.842000000000000E-002   2.61504304930489     
  1.844000000000000E-002   2.61502346908408     
  1.846000000000000E-002   2.61502657253826     
  1.848000000000000E-002   2.61504736109756     
  1.850000000000000E-002   2.61508905861605     
  1.852000000000000E-002   2.61515285029098     
  1.854000000000000E-002   2.61523831304653     
  1.856000000000000E-002   2.61534463149221     
  1.858000000000000E-002   2.61547207815510     
  1.860000000000000E-002   2.61562325548828     
  1.862000000000000E-002   2.61579965935711     
  1.864000000000000E-002   2.61599463767197     
  1.866000000000000E-002   2.61620280391077     
  1.868000000000000E-002   2.61642293657464     
  1.870000000000000E-002   2.61665991161839     
  1.872000000000000E-002   2.61691270331444     
  1.874000000000000E-002   2.61717800110289     
  1.876000000000000E-002   2.61745811452509     
  1.878000000000000E-002   2.61774964197978     
  1.880000000000000E-002   2.61805346879801     
  1.882000000000000E-002   2.61837010285629     
  1.884000000000000E-002   2.61870031945898     
  1.886000000000000E-002   2.61904335207737     
  1.888000000000000E-002   2.61940018868698     
  1.890000000000000E-002   2.61976934107354     
  1.892000000000000E-002   2.62014469582856     
  1.894000000000000E-002   2.62052123742612     
  1.896000000000000E-002   2.62089662580144     
  1.898000000000000E-002   2.62126951681653     
  1.900000000000000E-002   2.62163803027116     
  1.902000000000000E-002   2.62200109117032     
  1.904000000000000E-002   2.62236076134147     
  1.906000000000000E-002   2.62272324958533     
  1.908000000000000E-002   2.62309407940285     
  1.910000000000000E-002   2.62348640033395     
  1.912000000000000E-002   2.62390082909905     
  1.914000000000000E-002   2.62431672969345     
  1.916000000000000E-002   2.62473862490077     
  1.918000000000000E-002   2.62516753088445     
  1.920000000000000E-002   2.62560309435385     
  1.922000000000000E-002   2.62604822683340     
  1.924000000000000E-002   2.62650767809022     
  1.926000000000000E-002   2.62698740430367     
  1.928000000000000E-002   2.62749322166178     
  1.930000000000000E-002   2.62802985306252     
  1.932000000000000E-002   2.62860010516212     
  1.934000000000000E-002   2.62920552955674     
  1.936000000000000E-002   2.62984634458010     
  1.938000000000000E-002   2.63052259003094     
  1.940000000000000E-002   2.63123262565062     
  1.942000000000000E-002   2.63197823307934     
  1.944000000000000E-002   2.63273913662400     
  1.946000000000000E-002   2.63347877905588     
  1.948000000000000E-002   2.63417159873469     
  1.950000000000000E-002   2.63481229433683     
  1.952000000000000E-002   2.63540989790261     
  1.954000000000000E-002   2.63596538792434     
  1.956000000000000E-002   2.63647992521296     
  1.958000000000000E-002   2.63695546129573     
  1.960000000000000E-002   2.63739221578181     
  1.962000000000000E-002   2.63778930472513     
  1.964000000000000E-002   2.63814482150740     
  1.966000000000000E-002   2.63845665304062     
  1.968000000000000E-002   2.63872293062678     
  1.970000000000000E-002   2.63894157502230     
  1.972000000000000E-002   2.63911168533843     
  1.974000000000000E-002   2.63923457650216     
  1.976000000000000E-002   2.63930961666100     
  1.978000000000000E-002   2.63932357581892     
  1.980000000000000E-002   2.63929119023405     
  1.982000000000000E-002   2.63920764769122     
  1.984000000000000E-002   2.63908666631280     
  1.986000000000000E-002   2.63892159108643     
  1.988000000000000E-002   2.63871323236635     
  1.990000000000000E-002   2.63846421849706     
  1.992000000000000E-002   2.63817825917281     
  1.994000000000000E-002   2.63785876974323     
  1.996000000000000E-002   2.63751042402586     
  1.998000000000000E-002   2.63713776775955     
  2.000000000000000E-002   2.63674415196513     
  2.002000000000000E-002   2.63633293320600     
  2.004000000000000E-002   2.63590755838807     
  2.006000000000000E-002   2.63547084693063     
  2.008000000000000E-002   2.63502464553340     
  2.010000000000000E-002   2.63457064191074     
  2.012000000000000E-002   2.63411107215901     
  2.014000000000000E-002   2.63364802678287     
  2.016000000000000E-002   2.63318301476739     
  2.018000000000000E-002   2.63271685800625     
  2.020000000000000E-002   2.63225009386651     
  2.022000000000000E-002   2.63178345906691     
  2.024000000000000E-002   2.63131936006003     
  2.026000000000000E-002   2.63086159813345     
  2.028000000000000E-002   2.63041089552885     
  2.030000000000000E-002   2.62996764015382     
  2.032000000000000E-002   2.62953699646306     
  2.034000000000000E-002   2.62912091031942     
  2.036000000000000E-002   2.62871859700647     
  2.038000000000000E-002   2.62833197675801     
  2.040000000000000E-002   2.62796292529744     
  2.042000000000000E-002   2.62761273045689     
  2.044000000000000E-002   2.62728247016950     
  2.046000000000000E-002   2.62697321154245     
  2.048000000000000E-002   2.62668544528220     
  2.050000000000000E-002   2.62641818223387     
  2.052000000000000E-002   2.62617144938421     
  2.054000000000000E-002   2.62594568747700     
  2.056000000000000E-002   2.62574165992288     
  2.058000000000000E-002   2.62556107638433     
  2.060000000000000E-002   2.62540669312414     
  2.062000000000000E-002   2.62527805435878     
  2.064000000000000E-002   2.62517206498495     
  2.066000000000000E-002   2.62508097644740     
  2.068000000000000E-002   2.62500102126627     
  2.070000000000000E-002   2.62493468346088     
  2.072000000000000E-002   2.62488415628872     
  2.074000000000000E-002   2.62484774696784     
  2.076000000000000E-002   2.62482480910750     
  2.078000000000000E-002   2.62481608373429     
  2.080000000000000E-002   2.62482183917706     
  2.082000000000000E-002   2.62483970330342     
  2.084000000000000E-002   2.62487079378409     
  2.086000000000000E-002   2.62491532798508     
  2.088000000000000E-002   2.62497381703406     
  2.090000000000000E-002   2.62504656811458     
  2.092000000000000E-002   2.62513433674166     
  2.094000000000000E-002   2.62523823670370     
  2.096000000000000E-002   2.62535894347607     
  2.098000000000000E-002   2.62549836661050     
  2.100000000000000E-002   2.62565707351920     
  2.102000000000000E-002   2.62583643501826     
  2.104000000000000E-002   2.62603821133902     
  2.106000000000000E-002   2.62626376154518     
  2.108000000000000E-002   2.62651486369173     
  2.110000000000000E-002   2.62679331360995     
  2.112000000000000E-002   2.62710083628029     
  2.114000000000000E-002   2.62743881831593     
  2.116000000000000E-002   2.62780874521549     
  2.118000000000000E-002   2.62821064374864     
  2.120000000000000E-002   2.62864657228064     
  2.122000000000000E-002   2.62911575571657     
  2.124000000000000E-002   2.62960723247612     
  2.126000000000000E-002   2.63010605240697     
  2.128000000000000E-002   2.63059890993239     
  2.130000000000000E-002   2.63108148968612     
  2.132000000000000E-002   2.63155175198591     
  2.134000000000000E-002   2.63200655794486     
  2.136000000000000E-002   2.63244359597065     
  2.138000000000000E-002   2.63286137183828     
  2.140000000000000E-002   2.63325888375093     
  2.142000000000000E-002   2.63363548862665     
  2.144000000000000E-002   2.63399081914725     
  2.146000000000000E-002   2.63432464922104     
  2.148000000000000E-002   2.63463683722064     
  2.150000000000000E-002   2.63492739341500     
  2.152000000000000E-002   2.63519650562172     
  2.154000000000000E-002   2.63544457959795     
  2.156000000000000E-002   2.63567229232501     
  2.158000000000000E-002   2.63588063869520     
  2.160000000000000E-002   2.63607095789986     
  2.162000000000000E-002   2.63624487499287     
  2.164000000000000E-002   2.63640429654556     
  2.166000000000000E-002   2.63655107803836     
  2.168000000000000E-002   2.63668711604362     
  2.170000000000000E-002   2.63681350268391     
  2.172000000000000E-002   2.63693172389673     
  2.174000000000000E-002   2.63704329296743     
  2.176000000000000E-002   2.63714951331947     
  2.178000000000000E-002   2.63725172096070     
  2.180000000000000E-002   2.63734979907335     
  2.182000000000000E-002   2.63744405531539     
  2.184000000000000E-002   2.63753401800016     
  2.186000000000000E-002   2.63761621835058     
  2.188000000000000E-002   2.63768896714129     
  2.190000000000000E-002   2.63774907889553     
  2.192000000000000E-002   2.63779816135118     
  2.194000000000000E-002   2.63783278143106     
  2.196000000000000E-002   2.63784821205847     
  2.198000000000000E-002   2.63783603211294     
  2.200000000000000E-002   2.63779982314716     
  2.202000000000000E-002   2.63773522455118     
  2.204000000000000E-002   2.63764840589484     
  2.206000000000000E-002   2.63754274326551     
  2.208000000000000E-002   2.63741964682925     
  2.210000000000000E-002   2.63728024540193     
  2.212000000000000E-002   2.63712591161783     
  2.214000000000000E-002   2.63695743551610     
  2.216000000000000E-002   2.63677396691080     
  2.218000000000000E-002   2.63657487436985     
  2.220000000000000E-002   2.63636001296347     
  2.222000000000000E-002   2.63612972135455     
  2.224000000000000E-002   2.63588533505911     
  2.226000000000000E-002   2.63562775612731     
  2.228000000000000E-002   2.63535760953775     
  2.230000000000000E-002   2.63507529679490     
  2.232000000000000E-002   2.63478118511542     
  2.234000000000000E-002   2.63447547495290     
  2.236000000000000E-002   2.63415828760151     
  2.238000000000000E-002   2.63382964358023     
  2.240000000000000E-002   2.63348954275000     
  2.242000000000000E-002   2.63313815533374     
  2.244000000000000E-002   2.63277588720612     
  2.246000000000000E-002   2.63240326554377     
  2.248000000000000E-002   2.63202074581884     
  2.250000000000000E-002   2.63162866498945     
  2.252000000000000E-002   2.63122729088066     
  2.254000000000000E-002   2.63081692307684     
  2.256000000000000E-002   2.63039792937501     
  2.258000000000000E-002   2.62997088608184     
  2.260000000000000E-002   2.62953640856646     
  2.262000000000000E-002   2.62909527319272     
  2.264000000000000E-002   2.62864820193571     
  2.266000000000000E-002   2.62819616191357     
  2.268000000000000E-002   2.62774060062180     
  2.270000000000000E-002   2.62728376815523     
  2.272000000000000E-002   2.62682840734301     
  2.274000000000000E-002   2.62637579274492     
  2.276000000000000E-002   2.62592651465844     
  2.278000000000000E-002   2.62548118119175     
  2.280000000000000E-002   2.62504053158122     
  2.282000000000000E-002   2.62460580424098     
  2.284000000000000E-002   2.62417720131883     
  2.286000000000000E-002   2.62375465822545     
  2.288000000000000E-002   2.62333807823271     
  2.290000000000000E-002   2.62292744365481     
  2.292000000000000E-002   2.62252268531048     
  2.294000000000000E-002   2.62212351533992     
  2.296000000000000E-002   2.62172926213625     
  2.298000000000000E-002   2.62133918284834     
  2.300000000000000E-002   2.62095266284666     
  2.302000000000000E-002   2.62056933352372     
  2.304000000000000E-002   2.62018911032974     
  2.306000000000000E-002   2.61981213858659     
  2.308000000000000E-002   2.61943865521803     
  2.310000000000000E-002   2.61906893325655     
  2.312000000000000E-002   2.61870311965275     
  2.314000000000000E-002   2.61834125588524     
  2.316000000000000E-002   2.61798321552165     
  2.318000000000000E-002   2.61762872021265     
  2.320000000000000E-002   2.61727732671569     
  2.322000000000000E-002   2.61692850365640     
  2.324000000000000E-002   2.61658164471014     
  2.326000000000000E-002   2.61623615933788     
  2.328000000000000E-002   2.61589165329251     
  2.330000000000000E-002   2.61554776478806     
  2.332000000000000E-002   2.61520423235211     
  2.334000000000000E-002   2.61486060406874     
  2.336000000000000E-002   2.61451637864334     
  2.338000000000000E-002   2.61417141905521     
  2.340000000000000E-002   2.61382566228293     
  2.342000000000000E-002   2.61347923767056     
  2.344000000000000E-002   2.61313255781330     
  2.346000000000000E-002   2.61278602589986     
  2.348000000000000E-002   2.61244019615434     
  2.350000000000000E-002   2.61209542288348     
  2.352000000000000E-002   2.61175200928217     
  2.354000000000000E-002   2.61141023551641     
  2.356000000000000E-002   2.61107050420606     
  2.358000000000000E-002   2.61073331719943     
  2.360000000000000E-002   2.61039897679687     
  2.362000000000000E-002   2.61006768034752     
  2.364000000000000E-002   2.60973956983782     
  2.366000000000000E-002   2.60941473304364     
  2.368000000000000E-002   2.60909315993532     
  2.370000000000000E-002   2.60877466842480     
  2.372000000000000E-002   2.60845916038798     
  2.374000000000000E-002   2.60814683324754     
  2.376000000000000E-002   2.60783823348735     
  2.378000000000000E-002   2.60753369523111     
  2.380000000000000E-002   2.60723344034045     
  2.382000000000000E-002   2.60693779726684     
  2.384000000000000E-002   2.60664705935934     
  2.386000000000000E-002   2.60636167284205     
  2.388000000000000E-002   2.60608228496328     
  2.390000000000000E-002   2.60580961684191     
  2.392000000000000E-002   2.60554440163605     
  2.394000000000000E-002   2.60528730439455     
  2.396000000000000E-002   2.60503882794998     
  2.398000000000000E-002   2.60479925211977     
  2.400000000000000E-002   2.60456859941939     
  2.402000000000000E-002   2.60434666776113     
  2.404000000000000E-002   2.60413306892292     
  2.406000000000000E-002   2.60392728871509     
  2.408000000000000E-002   2.60372883224405     
  2.410000000000000E-002   2.60353729176365     
  2.412000000000000E-002   2.60335229750421     
  2.414000000000000E-002   2.60317339451932     
  2.416000000000000E-002   2.60300011145820     
  2.418000000000000E-002   2.60283196826739     
  2.420000000000000E-002   2.60266842714334     
  2.422000000000000E-002   2.60250918443075     
  2.424000000000000E-002   2.60235412788593     
  2.426000000000000E-002   2.60220329193363     
  2.428000000000000E-002   2.60205699882401     
  2.430000000000000E-002   2.60191621221304     
  2.432000000000000E-002   2.60178204665060     
  2.434000000000000E-002   2.60165571620738     
  2.436000000000000E-002   2.60153841274066     
  2.438000000000000E-002   2.60143123628347     
  2.440000000000000E-002   2.60133523745215     
  2.442000000000000E-002   2.60125148062318     
  2.444000000000000E-002   2.60118107521224     
  2.446000000000000E-002   2.60112515988396     
  2.448000000000000E-002   2.60108478711508     
  2.450000000000000E-002   2.60106114389142     
  2.452000000000000E-002   2.60105403631756     
  2.454000000000000E-002   2.60106478740913     
  2.456000000000000E-002   2.60109080030579     
  2.458000000000000E-002   2.60113262457174     
  2.460000000000000E-002   2.60118946709237     
  2.462000000000000E-002   2.60125823083188     
  2.464000000000000E-002   2.60133524659192     
  2.466000000000000E-002   2.60141879517511     
  2.468000000000000E-002   2.60150910507316     
  2.470000000000000E-002   2.60160901703997     
  2.472000000000000E-002   2.60171921113653     
  2.474000000000000E-002   2.60184008534909     
  2.476000000000000E-002   2.60197306675414     
  2.478000000000000E-002   2.60212022854709     
  2.480000000000000E-002   2.60228297129696     
  2.482000000000000E-002   2.60246233775925     
  2.484000000000000E-002   2.60265959647802     
  2.486000000000000E-002   2.60287581703591     
  2.488000000000000E-002   2.60311138815279     
  2.490000000000000E-002   2.60336622295923     
  2.492000000000000E-002   2.60364027858824     
  2.494000000000000E-002   2.60393114111286     
  2.496000000000000E-002   2.60424225314114     
  2.498000000000000E-002   2.60456230904972     
  2.500000000000000E-002   2.60487794711908     
  2.502000000000000E-002   2.60516899302065     
  2.504000000000000E-002   2.60543196411894     
  2.506000000000000E-002   2.60566686686843     
  2.508000000000000E-002   2.60587327474647     
  2.510000000000000E-002   2.60605155334773     
  2.512000000000000E-002   2.60620466301036     
  2.514000000000000E-002   2.60633192659366     
  2.516000000000000E-002   2.60643772821778     
  2.518000000000000E-002   2.60652324508052     
  2.520000000000000E-002   2.60658961593435     
  2.522000000000000E-002   2.60663801682924     
  2.524000000000000E-002   2.60666906834416     
  2.526000000000000E-002   2.60668363115048     
  2.528000000000000E-002   2.60668215156478     
  2.530000000000000E-002   2.60666588723606     
  2.532000000000000E-002   2.60663515796903     
  2.534000000000000E-002   2.60659040219244     
  2.536000000000000E-002   2.60653247685002     
  2.538000000000000E-002   2.60646194456553     
  2.540000000000000E-002   2.60638153598488     
  2.542000000000000E-002   2.60629176327005     
  2.544000000000000E-002   2.60618979791421     
  2.546000000000000E-002   2.60606969138376     
  2.548000000000000E-002   2.60593280560994     
  2.550000000000000E-002   2.60578371921660     
  2.552000000000000E-002   2.60562529476939     
  2.554000000000000E-002   2.60545839973341     
  2.556000000000000E-002   2.60528473019943     
  2.558000000000000E-002   2.60510671044633     
  2.560000000000000E-002   2.60492563524203     
  2.562000000000000E-002   2.60474210800425     
  2.564000000000000E-002   2.60455675590628     
  2.566000000000000E-002   2.60437049065254     
  2.568000000000000E-002   2.60418421292054     
  2.570000000000000E-002   2.60399871691451     
  2.572000000000000E-002   2.60381455321845     
  2.574000000000000E-002   2.60363219845120     
  2.576000000000000E-002   2.60345220019236     
  2.578000000000000E-002   2.60327504164284     
  2.580000000000000E-002   2.60310099020483     
  2.582000000000000E-002   2.60293003322103     
  2.584000000000000E-002   2.60276190492386     
  2.586000000000000E-002   2.60259630147231     
  2.588000000000000E-002   2.60243284580791     
  2.590000000000000E-002   2.60227128533377     
  2.592000000000000E-002   2.60211143428730     
  2.594000000000000E-002   2.60195301994714     
  2.596000000000000E-002   2.60179580093997     
  2.598000000000000E-002   2.60163964121093     
  2.600000000000000E-002   2.60148462066279     
  2.602000000000000E-002   2.60133097096541     
  2.604000000000000E-002   2.60117906325602     
  2.606000000000000E-002   2.60102923207045     
  2.608000000000000E-002   2.60088172529025     
  2.610000000000000E-002   2.60073666692067     
  2.612000000000000E-002   2.60059408816340     
  2.614000000000000E-002   2.60045393251173     
  2.616000000000000E-002   2.60031623586799     
  2.618000000000000E-002   2.60018102843133     
  2.620000000000000E-002   2.60004841504838     
  2.622000000000000E-002   2.59991864887160     
  2.624000000000000E-002   2.59979189094556     
  2.626000000000000E-002   2.59966851378502     
  2.628000000000000E-002   2.59954908736050     
  2.630000000000000E-002   2.59943400349974     
  2.632000000000000E-002   2.59932373841458     
  2.634000000000000E-002   2.59921892572044     
  2.636000000000000E-002   2.59911979968000     
  2.638000000000000E-002   2.59902646813655     
  2.640000000000000E-002   2.59893937312623     
  2.642000000000000E-002   2.59885863220586     
  2.644000000000000E-002   2.59878375122484     
  2.646000000000000E-002   2.59871470114859     
  2.648000000000000E-002   2.59865144039640     
  2.650000000000000E-002   2.59859398284417     
  2.652000000000000E-002   2.59854198597654     
  2.654000000000000E-002   2.59849462040466     
  2.656000000000000E-002   2.59845441214349     
  2.658000000000000E-002   2.59842135810037     
  2.660000000000000E-002   2.59839534559566     
  2.662000000000000E-002   2.59837497959422     
  2.664000000000000E-002   2.59835911539590     
  2.666000000000000E-002   2.59834622257172     
  2.668000000000000E-002   2.59833521848567     
  2.670000000000000E-002   2.59832442528633     
  2.672000000000000E-002   2.59831287102269     
  2.674000000000000E-002   2.59830015027948     
  2.676000000000000E-002   2.59828562629576     
  2.678000000000000E-002   2.59826881499638     
  2.680000000000000E-002   2.59824918411129     
  2.682000000000000E-002   2.59822651204097     
  2.684000000000000E-002   2.59820063611318     
  2.686000000000000E-002   2.59817146482733     
  2.688000000000000E-002   2.59813896772564     
  2.690000000000000E-002   2.59810306312242     
  2.692000000000000E-002   2.59806372050650     
  2.694000000000000E-002   2.59802342735423     
  2.696000000000000E-002   2.59798540253018     
  2.698000000000000E-002   2.59795009674182     
  2.700000000000000E-002   2.59791745886360     
  2.702000000000000E-002   2.59788711522810     
  2.704000000000000E-002   2.59785870712878     
  2.706000000000000E-002   2.59783186276401     
  2.708000000000000E-002   2.59780622047816     
  2.710000000000000E-002   2.59778131176915     
  2.712000000000000E-002   2.59775678576965     
  2.714000000000000E-002   2.59773211467673     
  2.716000000000000E-002   2.59770668211040     
  2.718000000000000E-002   2.59768004080352     
  2.720000000000000E-002   2.59765165413282     
  2.722000000000000E-002   2.59762133342018     
  2.724000000000000E-002   2.59758847591853     
  2.726000000000000E-002   2.59755306608107     
  2.728000000000000E-002   2.59751442919124     
  2.730000000000000E-002   2.59747257111670     
  2.732000000000000E-002   2.59742635539236     
  2.734000000000000E-002   2.59737574003805     
  2.736000000000000E-002   2.59731976781364     
  2.738000000000000E-002   2.59725920337703     
  2.740000000000000E-002   2.59719272837379     
  2.742000000000000E-002   2.59712149166664     
  2.744000000000000E-002   2.59704671456305     
  2.746000000000000E-002   2.59696809111129     
  2.748000000000000E-002   2.59688552815787     
  2.750000000000000E-002   2.59679997972547     
  2.752000000000000E-002   2.59671310500643     
  2.754000000000000E-002   2.59662682676493     
  2.756000000000000E-002   2.59654237672627     
  2.758000000000000E-002   2.59646074177181     
  2.760000000000000E-002   2.59638286779328     
  2.762000000000000E-002   2.59630950683004     
  2.764000000000000E-002   2.59624109682968     
  2.766000000000000E-002   2.59617803752484     
  2.768000000000000E-002   2.59612099701666     
  2.770000000000000E-002   2.59607105710616     
  2.772000000000000E-002   2.59602975182831     
  2.774000000000000E-002   2.59599833200554     
  2.776000000000000E-002   2.59597570561807     
  2.778000000000000E-002   2.59596393250932     
  2.780000000000000E-002   2.59596437806106     
  2.782000000000000E-002   2.59597345941295     
  2.784000000000000E-002   2.59599176357393     
  2.786000000000000E-002   2.59601866068650     
  2.788000000000000E-002   2.59605328102404     
  2.790000000000000E-002   2.59609445456334     
  2.792000000000000E-002   2.59614061749305     
  2.794000000000000E-002   2.59618991901381     
  2.796000000000000E-002   2.59624003073866     
  2.798000000000000E-002   2.59629004066857     
  2.800000000000000E-002   2.59633958279212     
  2.802000000000000E-002   2.59638842377552     
  2.804000000000000E-002   2.59643614931475     
  2.806000000000000E-002   2.59648227753304     
  2.808000000000000E-002   2.59652642383051     
  2.810000000000000E-002   2.59656837541435     
  2.812000000000000E-002   2.59660825574709     
  2.814000000000000E-002   2.59664635316947     
  2.816000000000000E-002   2.59668333599692     
  2.818000000000000E-002   2.59671964208896     
  2.820000000000000E-002   2.59675619891065     
  2.822000000000000E-002   2.59679457956858     
  2.824000000000000E-002   2.59683518712756     
  2.826000000000000E-002   2.59687412622654     
  2.828000000000000E-002   2.59690847368854     
  2.830000000000000E-002   2.59693591080392     
  2.832000000000000E-002   2.59695457947934     
  2.834000000000000E-002   2.59696378054010     
  2.836000000000000E-002   2.59696124160983     
  2.838000000000000E-002   2.59695203448371     
  2.840000000000000E-002   2.59693282123705     
  2.842000000000000E-002   2.59690305958833     
  2.844000000000000E-002   2.59686313351531     
  2.846000000000000E-002   2.59681299054257     
  2.848000000000000E-002   2.59675230604567     
  2.850000000000000E-002   2.59668127998199     
  2.852000000000000E-002   2.59660239950366     
  2.854000000000000E-002   2.59651787422993     
  2.856000000000000E-002   2.59642657384216     
  2.858000000000000E-002   2.59633247494858     
  2.860000000000000E-002   2.59624118493685     
  2.862000000000000E-002   2.59615362078866     
  2.864000000000000E-002   2.59607029093115     
  2.866000000000000E-002   2.59599170577535     
  2.868000000000000E-002   2.59591843655675     
  2.870000000000000E-002   2.59585160573118     
  2.872000000000000E-002   2.59579243113491     
  2.874000000000000E-002   2.59574232282991     
  2.876000000000000E-002   2.59570212945323     
  2.878000000000000E-002   2.59567164443584     
  2.880000000000000E-002   2.59565176859730     
  2.882000000000000E-002   2.59563811848833     
  2.884000000000000E-002   2.59563684094712     
  2.886000000000000E-002   2.59564475578868     
  2.888000000000000E-002   2.59566316187489     
  2.890000000000000E-002   2.59569083319571     
  2.892000000000000E-002   2.59572703754790     
  2.894000000000000E-002   2.59577108626484     
  2.896000000000000E-002   2.59582290201490     
  2.898000000000000E-002   2.59588267887396     
  2.900000000000000E-002   2.59594962339067     
  2.902000000000000E-002   2.59602201272339     
  2.904000000000000E-002   2.59609954655203     
  2.906000000000000E-002   2.59618147755883     
  2.908000000000000E-002   2.59626666515722     
  2.910000000000000E-002   2.59635439727905     
  2.912000000000000E-002   2.59644395954608     
  2.914000000000000E-002   2.59653462016927     
  2.916000000000000E-002   2.59662539727743     
  2.918000000000000E-002   2.59671547646347     
  2.920000000000000E-002   2.59680390413667     
  2.922000000000000E-002   2.59688969724819     
  2.924000000000000E-002   2.59697186711736     
  2.926000000000000E-002   2.59704936576238     
  2.928000000000000E-002   2.59712110341945     
  2.930000000000000E-002   2.59718616751623     
  2.932000000000000E-002   2.59724380154612     
  2.934000000000000E-002   2.59729384887739     
  2.936000000000000E-002   2.59733658808897     
  2.938000000000000E-002   2.59737270314522     
  2.940000000000000E-002   2.59740338727721     
  2.942000000000000E-002   2.59742858940555     
  2.944000000000000E-002   2.59744906978219     
  2.946000000000000E-002   2.59746403654360     
  2.948000000000000E-002   2.59747362885468     
  2.950000000000000E-002   2.59747874286419     
  2.952000000000000E-002   2.59747802235232     
  2.954000000000000E-002   2.59747321013609     
  2.956000000000000E-002   2.59746390884555     
  2.958000000000000E-002   2.59745032303261     
  2.960000000000000E-002   2.59743296860272     
  2.962000000000000E-002   2.59741263139833     
  2.964000000000000E-002   2.59739001893462     
  2.966000000000000E-002   2.59736557168203     
  2.968000000000000E-002   2.59733970780824     
  2.970000000000000E-002   2.59731351593094     
  2.972000000000000E-002   2.59728867677547     
  2.974000000000000E-002   2.59726627605048     
  2.976000000000000E-002   2.59724690974662     
  2.978000000000000E-002   2.59723104145956     
  2.980000000000000E-002   2.59721920788563     
  2.982000000000000E-002   2.59721132799879     
  2.984000000000000E-002   2.59720706811763     
  2.986000000000000E-002   2.59720645105381     
  2.988000000000000E-002   2.59721001678564     
  2.990000000000000E-002   2.59721821379203     
  2.992000000000000E-002   2.59723137937723     
  2.994000000000000E-002   2.59724987523197     
  2.996000000000000E-002   2.59727404011990     
  2.998000000000000E-002   2.59730403730642     
  3.000000000000000E-002   2.59733984820920     
  3.002000000000000E-002   2.59738128793075     
  3.004000000000000E-002   2.59742794880254     
  3.006000000000000E-002   2.59747932273897     
  3.008000000000000E-002   2.59753488985546     
  3.010000000000000E-002   2.59759415019440     
  3.012000000000000E-002   2.59765664780720     
  3.014000000000000E-002   2.59772208125205     
  3.016000000000000E-002   2.59779035244303     
  3.018000000000000E-002   2.59786151655528     
  3.020000000000000E-002   2.59793559179803     
  3.022000000000000E-002   2.59801245639439     
  3.024000000000000E-002   2.59809167567295     
  3.026000000000000E-002   2.59817258490839     
  3.028000000000000E-002   2.59825434937878     
  3.030000000000000E-002   2.59833549319190     
  3.032000000000000E-002   2.59841559585995     
  3.034000000000000E-002   2.59849499830101     
  3.036000000000000E-002   2.59857415838357     
  3.038000000000000E-002   2.59865359657445     
  3.040000000000000E-002   2.59873409107967     
  3.042000000000000E-002   2.59881649993383     
  3.044000000000000E-002   2.59890142215930     
  3.046000000000000E-002   2.59898864506307     
  3.048000000000000E-002   2.59907678523132     
  3.050000000000000E-002   2.59916352352996     
  3.052000000000000E-002   2.59924774760359     
  3.054000000000000E-002   2.59932904059173     
  3.056000000000000E-002   2.59940729992935     
  3.058000000000000E-002   2.59948287509036     
  3.060000000000000E-002   2.59955629924892     
  3.062000000000000E-002   2.59962732135776     
  3.064000000000000E-002   2.59969521392450     
  3.066000000000000E-002   2.59975974090378     
  3.068000000000000E-002   2.59982078338553     
  3.070000000000000E-002   2.59987819755021     
  3.072000000000000E-002   2.59993296684942     
  3.074000000000000E-002   2.59998630164770     
  3.076000000000000E-002   2.60003865979524     
  3.078000000000000E-002   2.60009077573572     
  3.080000000000000E-002   2.60014284178931     
  3.082000000000000E-002   2.60019567791011     
  3.084000000000000E-002   2.60024896958764     
  3.086000000000000E-002   2.60030101093563     
  3.088000000000000E-002   2.60035207626728     
  3.090000000000000E-002   2.60040170209637     
  3.092000000000000E-002   2.60044983184242     
  3.094000000000000E-002   2.60049716875166     
  3.096000000000000E-002   2.60054298049511     
  3.098000000000000E-002   2.60058806008016     
  3.100000000000000E-002   2.60063276028374     
  3.102000000000000E-002   2.60067474700190     
  3.104000000000000E-002   2.60071504908727     
  3.106000000000000E-002   2.60075496641273     
  3.108000000000000E-002   2.60079248938037     
  3.110000000000000E-002   2.60082713938190     
  3.112000000000000E-002   2.60086073091521     
  3.114000000000000E-002   2.60089132793964     
  3.116000000000000E-002   2.60091581647415     
  3.118000000000000E-002   2.60093650470895     
  3.120000000000000E-002   2.60095638927725     
  3.122000000000000E-002   2.60097399269051     
  3.124000000000000E-002   2.60098660540822     
  3.126000000000000E-002   2.60099321867064     
  3.128000000000000E-002   2.60099451605862     
  3.130000000000000E-002   2.60099410108022     
  3.132000000000000E-002   2.60099285009757     
  3.134000000000000E-002   2.60098779905706     
  3.136000000000001E-002   2.60097850075843     
  3.138000000000001E-002   2.60096726092298     
  3.140000000000000E-002   2.60095477724047     
  3.142000000000000E-002   2.60094315180597     
  3.144000000000000E-002   2.60093234369633     
  3.146000000000000E-002   2.60092142056770     
  3.148000000000000E-002   2.60090907657367     
  3.150000000000000E-002   2.60089312034320     
  3.152000000000000E-002   2.60087080785491     
  3.154000000000001E-002   2.60083903555697     
  3.156000000000000E-002   2.60079433984310     
  3.158000000000000E-002   2.60073253273075     
  3.160000000000000E-002   2.60064738350545     
  3.162000000000000E-002   2.60052731563980     
  3.164000000000000E-002   2.60040531194546     
  3.166000000000000E-002   2.60035109468160     
  3.168000000000000E-002   2.60033975039250     
  3.170000000000001E-002   2.60034517523198     
  3.172000000000001E-002   2.60037320502712     
  3.174000000000000E-002   2.60043453827199     
  3.176000000000000E-002   2.60053524436392     
  3.178000000000000E-002   2.60068325826175     
  3.180000000000000E-002   2.60089096467723     
  3.182000000000000E-002   2.60117824947117     
  3.184000000000000E-002   2.60157349375696     
  3.186000000000000E-002   2.60211393341051     
  3.188000000000001E-002   2.60284311509817     
  3.190000000000000E-002   2.60380920233113     
  3.192000000000000E-002   2.60506528389563     
  3.194000000000000E-002   2.60666697526107     
  3.196000000000000E-002   2.60867373234215     
  3.198000000000000E-002   2.61114802632158     
  3.200000000000000E-002   2.61415547479876     
  3.202000000000000E-002   2.61776297986132     
  3.204000000000001E-002   2.62203802046217     
  3.206000000000001E-002   2.62704064996928     
  3.208000000000000E-002   2.63282200943379     
  3.210000000000000E-002   2.63941886568215     
  3.212000000000000E-002   2.64684134425530     
  3.214000000000000E-002   2.65508664282528     
  3.216000000000000E-002   2.66376526519099     
  3.218000000000000E-002   2.67133643112598     
  3.220000000000000E-002   2.67767388082602     
  3.222000000000001E-002   2.68284559118196     
  3.224000000000000E-002   2.68696160982767     
  3.226000000000000E-002   2.69014875237745     
  3.228000000000000E-002   2.69254847309862     
  3.230000000000000E-002   2.69430357894884     
  3.232000000000000E-002   2.69555026785899     
  3.234000000000000E-002   2.69641138050951     
  3.236000000000000E-002   2.69698680762805     
  3.238000000000001E-002   2.69734544051926     
  3.240000000000001E-002   2.69753522471036     
  3.242000000000000E-002   2.69760250011192     
  3.244000000000000E-002   2.69760593385999     
  3.246000000000000E-002   2.69757312548280     
  3.248000000000000E-002   2.69746835835367     
  3.250000000000000E-002   2.69725445030894     
  3.252000000000000E-002   2.69690119427620     
  3.254000000000000E-002   2.69639030913359     
  3.256000000000001E-002   2.69572211363709     
  3.258000000000000E-002   2.69492310008205     
  3.260000000000000E-002   2.69402343851250     
  3.262000000000000E-002   2.69309969088599     
  3.264000000000000E-002   2.69223857535888     
  3.266000000000000E-002   2.69140547368850     
  3.268000000000000E-002   2.69057864519849     
  3.270000000000000E-002   2.68975067486693     
  3.272000000000001E-002   2.68891422252739     
  3.274000000000001E-002   2.68805764402334     
  3.276000000000000E-002   2.68716822782888     
  3.278000000000000E-002   2.68623520587852     
  3.280000000000000E-002   2.68525151057960     
  3.282000000000000E-002   2.68421501781842     
  3.284000000000000E-002   2.68313019906509     
  3.286000000000000E-002   2.68200785242004     
  3.288000000000000E-002   2.68085380617827     
  3.290000000000001E-002   2.67966429009492     
  3.292000000000000E-002   2.67842870692416     
  3.294000000000000E-002   2.67711373039370     
  3.296000000000000E-002   2.67565515074410     
  3.298000000000000E-002   2.67393701995692     
  3.300000000000000E-002   2.67182013201493     
  3.302000000000000E-002   2.66913446396099     
  3.304000000000000E-002   2.66565775008282     
  3.306000000000001E-002   2.66111840904776     
  3.308000000000001E-002   2.65517457531902     
  3.310000000000000E-002   2.64744809048748     
  3.312000000000000E-002   2.63757917795375     
  3.314000000000000E-002   2.62516697658180     
  3.316000000000000E-002   2.60988104703273     
  3.318000000000000E-002   2.59155175933472     
  3.320000000000000E-002   2.57023382210207     
  3.322000000000000E-002   2.54924778637080     
  3.324000000000001E-002   2.53298075896512     
  3.326000000000000E-002   2.52096824584813     
  3.328000000000000E-002   2.51243675646455     
  3.330000000000000E-002   2.50667983717400     
  3.332000000000000E-002   2.50301489786231     
  3.334000000000000E-002   2.50085317233940     
  3.336000000000000E-002   2.49970912525145     
  3.338000000000000E-002   2.49920273820473     
  3.340000000000001E-002   2.49905694591614     
  3.342000000000001E-002   2.49906433383702     
  3.344000000000000E-002   2.49917752870932     
  3.346000000000000E-002   2.49942470991185     
  3.348000000000000E-002   2.49984302259162     
  3.350000000000000E-002   2.50042281528032     
  3.352000000000000E-002   2.50110999728649     
  3.354000000000000E-002   2.50172509379601     
  3.356000000000000E-002   2.50222599970622     
  3.358000000000001E-002   2.50261535277428     
  3.360000000000000E-002   2.50287800611109     
  3.362000000000000E-002   2.50305059115293     
  3.364000000000000E-002   2.50323260625283     
  3.366000000000000E-002   2.50349843248126     
  3.368000000000000E-002   2.50371169973426     
  3.370000000000000E-002   2.50395916800094     
  3.372000000000000E-002   2.50422819123325     
  3.374000000000001E-002   2.50451667794800     
  3.376000000000001E-002   2.50483281062231     
  3.378000000000000E-002   2.50518744396824     
  3.380000000000000E-002   2.50560027461729     
  3.382000000000000E-002   2.50610295602822     
  3.384000000000000E-002   2.50672131900513     
  3.386000000000000E-002   2.50749361845880     
  3.388000000000000E-002   2.50846984439676     
  3.390000000000000E-002   2.50971012519049     
  3.392000000000001E-002   2.51128355361349     
  3.394000000000000E-002   2.51326922715539     
  3.396000000000000E-002   2.51575103109774     
  3.398000000000000E-002   2.51882305940275     
  3.400000000000000E-002   2.52257378235134     
  3.402000000000000E-002   2.52707582097263     
  3.404000000000000E-002   2.53248878461484     
  3.406000000000000E-002   2.53885045374778     
  3.408000000000001E-002   2.54626487865456     
  3.410000000000001E-002   2.55477227017440     
  3.412000000000000E-002   2.56440006421787     
  3.414000000000000E-002   2.57514250534221     
  3.416000000000000E-002   2.58687743810703     
  3.418000000000000E-002   2.59790293822155     
  3.420000000000000E-002   2.60712102611912     
  3.422000000000000E-002   2.61471852432098     
  3.424000000000000E-002   2.62077997728364     
  3.426000000000001E-002   2.62539779287806     
  3.428000000000000E-002   2.62870155797975     
  3.430000000000000E-002   2.63085659957440     
  3.432000000000000E-002   2.63206767902747     
  3.434000000000000E-002   2.63258463808087     
  3.436000000000000E-002   2.63269275165483     
  3.438000000000000E-002   2.63262064507183     
  3.440000000000000E-002   2.63229265190016     
  3.442000000000001E-002   2.63153013041743     
  3.444000000000001E-002   2.63014754480642     
  3.446000000000000E-002   2.62794894015596     
  3.448000000000000E-002   2.62474997145389     
  3.450000000000000E-002   2.62031862850105     
  3.452000000000000E-002   2.61442408957771     
  3.454000000000000E-002   2.60684816391301     
  3.456000000000000E-002   2.59741142557377     
  3.458000000000000E-002   2.58601587440787     
  3.460000000000001E-002   2.57269458474069     
  3.462000000000000E-002   2.55840091660029     
  3.464000000000000E-002   2.54623995079022     
  3.466000000000000E-002   2.53615970432496     
  3.468000000000000E-002   2.52740630247941     
  3.470000000000000E-002   2.51930669273528     
  3.472000000000000E-002   2.51138793453145     
  3.474000000000000E-002   2.50343142920388     
  3.476000000000001E-002   2.49519723072622     
  3.478000000000001E-002   2.48621565176723     
  3.480000000000000E-002   2.47575182005095     
  3.482000000000000E-002   2.46277071860273     
  3.484000000000000E-002   2.44590334379877     
  3.486000000000000E-002   2.42342672677388     
  3.488000000000000E-002   2.39326760272502     
  3.490000000000000E-002   2.35306084215588     
  3.492000000000000E-002   2.30033816530749     
  3.494000000000001E-002   2.23257845088304     
  3.496000000000000E-002   2.14785486335502     
  3.498000000000000E-002   2.04531094749280     
  3.500000000000000E-002   1.92787662439686     
  3.502000000000000E-002   1.82343072448857     
  3.504000000000000E-002   1.74297696207900     
  3.506000000000000E-002   1.68125081502405     
  3.508000000000000E-002   1.63352929723197     
  3.510000000000001E-002   1.59568249074273     
  3.512000000000001E-002   1.56374557017857     
  3.514000000000000E-002   1.53509897100702     
  3.516000000000000E-002   1.50770837026225     
  3.518000000000000E-002   1.48037824527883     
  3.520000000000000E-002   1.45266822101045     
  3.522000000000000E-002   1.42388983225032     
  3.524000000000000E-002   1.39323144484016     
  3.526000000000000E-002   1.35989756965084     
  3.528000000000001E-002   1.32328616512479     
  3.530000000000000E-002   1.28327897325099     
  3.532000000000000E-002   1.24299729755076     
  3.534000000000000E-002   1.20647961765513     
  3.536000000000000E-002   1.17286607315241     
  3.538000000000000E-002   1.14130966397939     
  3.540000000000000E-002   1.11134003940428     
  3.542000000000000E-002   1.08280370216147     
  3.544000000000001E-002   1.05597352729274     
  3.546000000000001E-002   1.03099122495891     
  3.548000000000000E-002   1.00791210162219     
  3.550000000000000E-002  0.986615729657640     
  3.552000000000000E-002  0.966836752150713     
  3.554000000000000E-002  0.948096939624560     
  3.556000000000000E-002  0.929917090915767     
  3.558000000000000E-002  0.911928182596104     
  3.560000000000000E-002  0.893912890692929     
  3.562000000000001E-002  0.875591934545364     
  3.564000000000001E-002  0.856523708277184     
  3.566000000000000E-002  0.836119797122477     
  3.568000000000000E-002  0.813735143711135     
  3.570000000000000E-002  0.788794556901312     
  3.572000000000000E-002  0.760940161219864     
  3.574000000000000E-002  0.730264623835028     
  3.576000000000000E-002  0.700108862077485     
  3.578000000000001E-002  0.673243818806849     
  3.580000000000001E-002  0.649210138096532     
  3.582000000000000E-002  0.627672165493583     
  3.584000000000000E-002  0.608436931639792     
  3.586000000000000E-002  0.591361749140342     
  3.588000000000000E-002  0.576307199697740     
  3.590000000000000E-002  0.563115897529511     
  3.592000000000000E-002  0.551614691452031     
  3.594000000000000E-002  0.541619044508409     
  3.596000000000001E-002  0.532949377401944     
  3.598000000000001E-002  0.525429998298018     
  3.600000000000000E-002  0.518900861799437     
  3.602000000000000E-002  0.513221257465692     
  3.604000000000000E-002  0.508269785009384     
  3.606000000000000E-002  0.503946386342464     
  3.608000000000000E-002  0.500178707739407     
  3.610000000000000E-002  0.496912773682757     
  3.612000000000001E-002  0.494124615991632     
  3.614000000000001E-002  0.491791469953671     
  3.616000000000000E-002  0.489884872720304     
  3.618000000000000E-002  0.488417471762725     
  3.620000000000000E-002  0.487383983052339     
  3.622000000000000E-002  0.486813525140967     
  3.624000000000000E-002  0.486620022564259     
  3.626000000000000E-002  0.486804832294841     
  3.628000000000000E-002  0.487500394433887     
  3.630000000000001E-002  0.488761390307442     
  3.632000000000001E-002  0.490606005353405     
  3.634000000000000E-002  0.493118359779883     
  3.636000000000000E-002  0.496433971421558     
  3.638000000000000E-002  0.500732843565164     
  3.640000000000000E-002  0.506135910153435     
  3.642000000000000E-002  0.512793576883153     
  3.644000000000000E-002  0.520875435933634     
  3.646000000000001E-002  0.530555785610459     
  3.648000000000001E-002  0.541997703815698     
  3.650000000000000E-002  0.555334562200036     
  3.652000000000000E-002  0.570648887108790     
  3.654000000000000E-002  0.587974931241835     
  3.656000000000000E-002  0.607240482188083     
  3.658000000000000E-002  0.628430886049201     
  3.660000000000000E-002  0.651502768111048     
  3.662000000000000E-002  0.676390164438614     
  3.664000000000001E-002  0.702973824519158     
  3.666000000000001E-002  0.731056063680254     
  3.668000000000000E-002  0.760400458678740     
  3.670000000000000E-002  0.790806547904606     
  3.672000000000000E-002  0.822193148320326     
  3.674000000000000E-002  0.854675587071257     
  3.676000000000000E-002  0.888619493366794     
  3.678000000000000E-002  0.924627741470852     
  3.680000000000001E-002  0.963533676234989     
  3.682000000000001E-002   1.00641207611356     
  3.684000000000000E-002   1.05437763095296     
  3.686000000000000E-002   1.10839614086946     
  3.688000000000000E-002   1.16914400575564     
  3.690000000000000E-002   1.23694301721670     
  3.692000000000000E-002   1.31127468429914     
  3.694000000000000E-002   1.38449200459597     
  3.696000000000000E-002   1.45098980711882     
  3.698000000000001E-002   1.51301135421069     
  3.700000000000001E-002   1.57286928104585     
  3.702000000000000E-002   1.63219831570934     
  3.704000000000000E-002   1.69180513695164     
  3.706000000000000E-002   1.75263329704551     
  3.708000000000000E-002   1.81521630542808     
  3.710000000000000E-002   1.87469316918495     
  3.712000000000000E-002   1.92783272195981     
  3.714000000000001E-002   1.97387691346276     
  3.716000000000001E-002   2.01274092092453     
  3.718000000000000E-002   2.04537239037824     
  3.720000000000000E-002   2.07325614230763     
  3.722000000000000E-002   2.09801863034216     
  3.724000000000000E-002   2.12112303755847     
  3.726000000000000E-002   2.14365919240639     
  3.728000000000000E-002   2.16618458803561     
  3.730000000000000E-002   2.18901782062187     
  3.732000000000001E-002   2.21276865120726     
  3.734000000000001E-002   2.23826545894689     
  3.736000000000000E-002   2.26650413384548     
  3.738000000000000E-002   2.29851634875603     
  3.740000000000000E-002   2.33520371375304     
  3.742000000000000E-002   2.37745441923970     
  3.744000000000000E-002   2.42580870754758     
  3.746000000000000E-002   2.47993431135549     
  3.748000000000001E-002   2.53030795463535     
  3.750000000000001E-002   2.57074550821068     
  3.752000000000000E-002   2.60260780772843     
  3.754000000000000E-002   2.62739452560997     
  3.756000000000000E-002   2.64657643323052     
  3.758000000000000E-002   2.66123049327213     
  3.760000000000000E-002   2.67247079200488     
  3.762000000000000E-002   2.68120615993143     
  3.764000000000000E-002   2.68815023580417     
  3.766000000000001E-002   2.69383917571413     
  3.768000000000001E-002   2.69864113146116     
  3.770000000000000E-002   2.70276041905191     
  3.772000000000000E-002   2.70632285818803     
  3.774000000000000E-002   2.70942960776357     
  3.776000000000000E-002   2.71213568564518     
  3.778000000000000E-002   2.71451371796204     
  3.780000000000000E-002   2.71659989143627     
  3.782000000000001E-002   2.71845491749049     
  3.784000000000001E-002   2.72008800759273     
  3.786000000000000E-002   2.72153061426413     
  3.788000000000000E-002   2.72283619690195     
  3.790000000000000E-002   2.72394437450535     
  3.792000000000000E-002   2.72491614348542     
  3.794000000000000E-002   2.72580962507594     
  3.796000000000000E-002   2.72658932935311     
  3.798000000000000E-002   2.72732831740934     
  3.800000000000001E-002   2.72807801901987     
  3.802000000000001E-002   2.72882780750647     
  3.804000000000000E-002   2.72960073725681     
  3.806000000000000E-002   2.73044001652292     
  3.808000000000000E-002   2.73138707121891     
  3.810000000000000E-002   2.73244653153140     
  3.812000000000000E-002   2.73357087946078     
  3.814000000000000E-002   2.73471140271276     
  3.816000000000001E-002   2.73586805140453     
  3.818000000000001E-002   2.73706621985921     
  3.820000000000000E-002   2.73829636534880     
  3.822000000000000E-002   2.73953076943238     
  3.824000000000000E-002   2.74065263512319     
  3.826000000000000E-002   2.74163194503844     
  3.828000000000000E-002   2.74239142009278     
  3.830000000000000E-002   2.74293180376142     
  3.832000000000000E-002   2.74324722253436     
  3.834000000000001E-002   2.74345208516427     
  3.836000000000001E-002   2.74365708375666     
  3.838000000000000E-002   2.74390245368261     
  3.840000000000000E-002   2.74423141788576     
  3.842000000000000E-002   2.74468665814181     
  3.844000000000000E-002   2.74531441762977     
  3.846000000000000E-002   2.74617575510502     
  3.848000000000000E-002   2.74733915809170     
  3.850000000000001E-002   2.74888288248511     
  3.852000000000001E-002   2.75089882852305     
  3.854000000000000E-002   2.75349268817031     
  3.856000000000000E-002   2.75677801011244     
  3.858000000000000E-002   2.76087455449755     
  3.860000000000000E-002   2.76590351146394     
  3.862000000000000E-002   2.77197680737995     
  3.864000000000000E-002   2.77919343022431     
  3.866000000000000E-002   2.78762099026211     
  3.868000000000001E-002   2.79724213301003     
  3.870000000000001E-002   2.80722315281842     
  3.872000000000000E-002   2.81559877259865     
  3.874000000000000E-002   2.82238372636189     
  3.876000000000000E-002   2.82781008354685     
  3.878000000000000E-002   2.83214740331867     
  3.880000000000000E-002   2.83554745559573     
  3.882000000000000E-002   2.83791722758122     
  3.884000000000001E-002   2.83966106637497     
  3.886000000000001E-002   2.84102298775544     
  3.888000000000000E-002   2.84163913855769     
  3.890000000000000E-002   2.84170182381491     
  3.892000000000000E-002   2.84161090802959     
  3.894000000000000E-002   2.84136155547089     
  3.896000000000000E-002   2.84091304661344     
  3.898000000000000E-002   2.84019958371062     
  3.900000000000000E-002   2.83907551468972     
  3.902000000000001E-002   2.83740661593430     
  3.904000000000001E-002   2.83511353092360     
  3.906000000000000E-002   2.83217185402812     
  3.908000000000000E-002   2.82858849480673     
  3.910000000000000E-002   2.82437145566228     
  3.912000000000000E-002   2.81952945185164     
  3.914000000000000E-002   2.81403090972012     
  3.916000000000000E-002   2.80783841791530     
  3.918000000000001E-002   2.80096458456544     
  3.920000000000001E-002   2.79345499610931     
  3.922000000000000E-002   2.78549649947262     
  3.924000000000000E-002   2.77829573408818     
  3.926000000000000E-002   2.77245070016423     
  3.928000000000000E-002   2.76747596694166     
  3.930000000000000E-002   2.76310774673746     
  3.932000000000000E-002   2.75929894963409     
  3.934000000000000E-002   2.75588754104543     
  3.936000000000001E-002   2.75264048188614     
  3.938000000000001E-002   2.74950181566700     
  3.940000000000000E-002   2.74663144845676     
  3.942000000000000E-002   2.74391249840922     
  3.944000000000000E-002   2.74128011859174     
  3.946000000000000E-002   2.73892522130573     
  3.948000000000000E-002   2.73698920905042     
  3.950000000000000E-002   2.73543169797818     
  3.952000000000001E-002   2.73445069990259     
  3.954000000000001E-002   2.73373905939167     
  3.956000000000000E-002   2.73383623169365     
  3.958000000000000E-002   2.73422187727471     
  3.960000000000000E-002   2.73489061018255     
  3.962000000000000E-002   2.73594179099176     
  3.964000000000000E-002   2.73743809661717     
  3.966000000000000E-002   2.73939849362929     
  3.968000000000000E-002   2.74172280302245     
  3.970000000000001E-002   2.74404007866991     
  3.972000000000001E-002   2.74615753445398     
  3.974000000000000E-002   2.74814617593839     
  3.976000000000000E-002   2.75004575255634     
  3.978000000000000E-002   2.75189696664776     
  3.980000000000000E-002   2.75371304005839     
  3.982000000000000E-002   2.75555287441048     
  3.984000000000000E-002   2.75743927737241     
  3.986000000000001E-002   2.75935144423244     
  3.988000000000001E-002   2.76121810070862     
  3.990000000000000E-002   2.76309037468324     
  3.992000000000000E-002   2.76480346515248     
  3.994000000000000E-002   2.76654066157054     
  3.996000000000000E-002   2.76791034645284     
  3.998000000000000E-002   2.76937682471370     
  4.000000000000000E-002   1.16299860394384     
