  0.000000000000000E+000  1.000000000000000E-010
  2.000000000000000E-005  1.000000000000000E-010
  4.000000000000000E-005  1.000000000000000E-010
  6.000000000000001E-005  1.000000000000000E-010
  8.000000000000001E-005  1.000000000000000E-010
  1.000000000000000E-004  1.000000000000000E-010
  1.200000000000000E-004  1.000000000000000E-010
  1.400000000000000E-004  1.000000000000000E-010
  1.600000000000000E-004  1.000000000000000E-010
  1.800000000000000E-004  1.000000000000000E-010
  2.000000000000000E-004  1.000000000000000E-010
  2.200000000000000E-004  1.000000000000000E-010
  2.400000000000000E-004  1.000000000000000E-010
  2.600000000000000E-004  1.000000000000000E-010
  2.800000000000000E-004  1.000000000000000E-010
  3.000000000000000E-004  1.000000000000000E-010
  3.200000000000000E-004  1.000000000000000E-010
  3.400000000000000E-004  1.000000000000000E-010
  3.600000000000000E-004  1.000000000000000E-010
  3.800000000000000E-004  1.000000000000000E-010
  4.000000000000000E-004  1.000000000000000E-010
  4.200000000000000E-004  1.000000000000000E-010
  4.400000000000000E-004  1.000000000000000E-010
  4.600000000000000E-004  1.000000000000000E-010
  4.800000000000001E-004  1.000000000000000E-010
  5.000000000000000E-004  1.000000000000000E-010
  5.200000000000001E-004  1.000000000000000E-010
  5.400000000000000E-004  1.000000000000000E-010
  5.600000000000001E-004  1.000000000000000E-010
  5.800000000000000E-004  1.000000000000000E-010
  6.000000000000001E-004  1.000000000000000E-010
  6.200000000000000E-004  1.000000000000000E-010
  6.400000000000001E-004  1.000000000000000E-010
  6.600000000000001E-004  1.000000000000000E-010
  6.800000000000000E-004  1.000000000000000E-010
  7.000000000000001E-004  1.000000000000000E-010
  7.200000000000000E-004  1.000000000000000E-010
  7.400000000000001E-004  1.000000000000000E-010
  7.600000000000000E-004  1.000000000000000E-010
  7.800000000000001E-004  1.000000000000000E-010
  8.000000000000000E-004  1.000000000000000E-010
  8.200000000000001E-004  1.000000000000000E-010
  8.400000000000000E-004  1.000000000000000E-010
  8.600000000000001E-004  1.000000000000000E-010
  8.800000000000000E-004  1.000000000000000E-010
  9.000000000000001E-004  1.000000000000000E-010
  9.200000000000000E-004  1.000000000000000E-010
  9.400000000000001E-004  1.000000000000000E-010
  9.600000000000001E-004  1.000000000000000E-010
  9.800000000000002E-004  1.000000000000000E-010
  1.000000000000000E-003  1.000000000000000E-010
  1.020000000000000E-003  1.000000000000000E-010
  1.040000000000000E-003  1.000000000000000E-010
  1.060000000000000E-003  1.000000000000000E-010
  1.080000000000000E-003  1.000000000000000E-010
  1.100000000000000E-003  1.000000000000000E-010
  1.120000000000000E-003  1.000000000000000E-010
  1.140000000000000E-003  1.000000000000000E-010
  1.160000000000000E-003  1.000000000000000E-010
  1.180000000000000E-003  1.000000000000000E-010
  1.200000000000000E-003  1.000000000000000E-010
  1.220000000000000E-003  1.000000000000000E-010
  1.240000000000000E-003  1.000000000000000E-010
  1.260000000000000E-003  1.000000000000000E-010
  1.280000000000000E-003  1.000000000000000E-010
  1.300000000000000E-003  1.000000000000000E-010
  1.320000000000000E-003  1.000000000000000E-010
  1.340000000000000E-003  1.000000000000000E-010
  1.360000000000000E-003  1.000000000000000E-010
  1.380000000000000E-003  1.000000000000000E-010
  1.400000000000000E-003  1.000000000000000E-010
  1.420000000000000E-003  1.000000000000000E-010
  1.440000000000000E-003  1.000000000000000E-010
  1.460000000000000E-003  1.000000000000000E-010
  1.480000000000000E-003  1.000000000000000E-010
  1.500000000000000E-003  1.000000000000000E-010
  1.520000000000000E-003  1.000000000000000E-010
  1.540000000000000E-003  1.000000000000000E-010
  1.560000000000000E-003  1.000000000000000E-010
  1.580000000000000E-003  1.000000000000000E-010
  1.600000000000000E-003  1.000000000000000E-010
  1.620000000000000E-003  1.000000000000000E-010
  1.640000000000000E-003  1.000000000000000E-010
  1.660000000000000E-003  1.000000000000000E-010
  1.680000000000000E-003  1.000000000000000E-010
  1.700000000000000E-003  1.000000000000000E-010
  1.720000000000000E-003  1.000000000000000E-010
  1.740000000000000E-003  1.000000000000000E-010
  1.760000000000000E-003  1.000000000000000E-010
  1.780000000000000E-003  1.000000000000000E-010
  1.800000000000000E-003  1.000000000000000E-010
  1.820000000000000E-003  1.000000000000000E-010
  1.840000000000000E-003  1.000000000000000E-010
  1.860000000000000E-003  1.000000000000000E-010
  1.880000000000000E-003  1.000000000000000E-010
  1.900000000000000E-003  1.000000000000000E-010
  1.920000000000000E-003  1.000000000000000E-010
  1.940000000000000E-003  1.000000000000000E-010
  1.960000000000000E-003  1.000000000000000E-010
  1.980000000000000E-003  1.000000000000000E-010
  2.000000000000000E-003  1.000000000000000E-010
  2.020000000000000E-003  1.000000000000000E-010
  2.040000000000000E-003  1.000000000000000E-010
  2.060000000000000E-003  1.000000000000000E-010
  2.080000000000000E-003  1.000000000000000E-010
  2.100000000000000E-003  1.000000000000000E-010
  2.120000000000000E-003  1.000000000000000E-010
  2.140000000000000E-003  1.000000000000000E-010
  2.160000000000000E-003  1.000000000000000E-010
  2.180000000000000E-003  1.000000000000000E-010
  2.200000000000000E-003  1.000000000000000E-010
  2.220000000000000E-003  1.000000000000000E-010
  2.240000000000000E-003  1.000000000000000E-010
  2.260000000000000E-003  1.000000000000000E-010
  2.280000000000000E-003  1.000000000000000E-010
  2.300000000000000E-003  1.000000000000000E-010
  2.320000000000000E-003  1.000000000000000E-010
  2.340000000000000E-003  1.000000000000000E-010
  2.360000000000000E-003  1.000000000000000E-010
  2.380000000000000E-003  1.000000000000000E-010
  2.400000000000000E-003  1.000000000000000E-010
  2.420000000000000E-003  1.000000000000000E-010
  2.440000000000000E-003  1.000000000000000E-010
  2.460000000000000E-003  1.000000000000000E-010
  2.480000000000000E-003  1.000000000000000E-010
  2.500000000000000E-003  1.000000000000000E-010
  2.520000000000000E-003  1.000000000000000E-010
  2.540000000000000E-003  1.000000000000000E-010
  2.560000000000000E-003  1.000000000000000E-010
  2.580000000000000E-003  1.000000000000000E-010
  2.600000000000000E-003  1.000000000000000E-010
  2.620000000000000E-003  1.000000000000000E-010
  2.640000000000000E-003  1.000000000000000E-010
  2.660000000000000E-003  1.000000000000000E-010
  2.680000000000000E-003  1.000000000000000E-010
  2.700000000000000E-003  1.000000000000000E-010
  2.720000000000000E-003  1.000000000000000E-010
  2.740000000000000E-003  1.000000000000000E-010
  2.760000000000000E-003  1.000000000000000E-010
  2.780000000000000E-003  1.000000000000000E-010
  2.800000000000000E-003  1.000000000000000E-010
  2.820000000000000E-003  1.000000000000000E-010
  2.840000000000000E-003  1.000000000000000E-010
  2.860000000000000E-003  1.000000000000000E-010
  2.880000000000000E-003  1.000000000000000E-010
  2.900000000000000E-003  1.000000000000000E-010
  2.920000000000000E-003  1.000000000000000E-010
  2.940000000000000E-003  1.000000000000000E-010
  2.960000000000000E-003  1.000000000000000E-010
  2.980000000000000E-003  1.000000000000000E-010
  3.000000000000000E-003  1.000000000000000E-010
  3.020000000000000E-003  1.000000000000000E-010
  3.040000000000000E-003  1.000000000000000E-010
  3.060000000000000E-003  1.000000000000000E-010
  3.080000000000000E-003  1.000000000000000E-010
  3.100000000000000E-003  1.000000000000000E-010
  3.120000000000000E-003  1.000000000000000E-010
  3.140000000000000E-003  1.000000000000000E-010
  3.160000000000000E-003  1.000000000000000E-010
  3.180000000000000E-003  1.000000000000000E-010
  3.200000000000000E-003  1.000000000000000E-010
  3.220000000000000E-003  1.000000000000000E-010
  3.240000000000000E-003  1.000000000000000E-010
  3.260000000000000E-003  1.000001104554154E-010
  3.280000000000000E-003  1.000287060549924E-010
  3.300000000000000E-003  1.002771351156192E-010
  3.320000000000000E-003  1.010885077200304E-010
  3.340000000000000E-003  1.016294674508160E-010
  3.360000000000000E-003  1.017804529022833E-010
  3.380000000000000E-003  1.018008866113442E-010
  3.400000000000000E-003  1.017921683575811E-010
  3.420000000000000E-003  1.017669125723851E-010
  3.440000000000000E-003  1.017493146385917E-010
  3.460000000000000E-003  1.017346115077049E-010
  3.480000000000000E-003  1.017199193534519E-010
  3.500000000000000E-003  1.017045052385530E-010
  3.520000000000000E-003  1.016892346994908E-010
  3.540000000000000E-003  1.016752365256084E-010
  3.560000000000000E-003  1.016618148403010E-010
  3.580000000000000E-003  1.016486811491592E-010
  3.600000000000000E-003  1.016355043822800E-010
  3.620000000000000E-003  1.016219629148917E-010
  3.640000000000000E-003  1.016085423930113E-010
  3.660000000000000E-003  1.015953881952088E-010
  3.680000000000000E-003  1.015824273060661E-010
  3.700000000000000E-003  1.015696463294073E-010
  3.720000000000000E-003  1.015569570568946E-010
  3.740000000000000E-003  1.015442679793022E-010
  3.760000000000000E-003  1.015319984609037E-010
  3.780000000000000E-003  1.015206989953032E-010
  3.800000000000000E-003  1.015103399731550E-010
  3.820000000000000E-003  1.015008978441760E-010
  3.840000000000001E-003  1.014926518942270E-010
  3.860000000000000E-003  1.014862553357114E-010
  3.880000000000000E-003  1.014823278374690E-010
  3.900000000000000E-003  1.014804091425164E-010
  3.920000000000001E-003  1.014806367486185E-010
  3.940000000000000E-003  1.014830352131482E-010
  3.960000000000000E-003  1.014924709252308E-010
  3.980000000000000E-003  1.015163420351954E-010
  4.000000000000000E-003  1.015653950856946E-010
  4.020000000000000E-003  1.016466631173015E-010
  4.040000000000000E-003  1.017213275176722E-010
  4.060000000000000E-003  1.017692833297414E-010
  4.080000000000000E-003  1.017965477119375E-010
  4.100000000000000E-003  1.018108662352608E-010
  4.120000000000000E-003  1.018184227641143E-010
  4.140000000000000E-003  1.018229795704406E-010
  4.160000000000001E-003  1.018266772129554E-010
  4.180000000000001E-003  1.018307567355556E-010
  4.200000000000001E-003  1.018377324165698E-010
  4.220000000000001E-003  1.018517400008308E-010
  4.240000000000001E-003  1.018790893100626E-010
  4.260000000000001E-003  1.019280699600277E-010
  4.280000000000000E-003  1.020068371772321E-010
  4.300000000000000E-003  1.021051438033070E-010
  4.320000000000000E-003  1.021838475637790E-010
  4.340000000000000E-003  1.022384077971262E-010
  4.360000000000000E-003  1.022755732922261E-010
  4.380000000000000E-003  1.023009571820388E-010
  4.400000000000000E-003  1.023183781865319E-010
  4.420000000000000E-003  1.023302939792870E-010
  4.440000000000000E-003  1.023383219609675E-010
  4.460000000000000E-003  1.023434531531441E-010
  4.480000000000000E-003  1.023463229915310E-010
  4.500000000000001E-003  1.023475222798102E-010
  4.520000000000001E-003  1.023458228688947E-010
  4.540000000000001E-003  1.023413102029303E-010
  4.560000000000001E-003  1.023347553709196E-010
  4.580000000000001E-003  1.023269427553188E-010
  4.600000000000001E-003  1.023183996639722E-010
  4.620000000000000E-003  1.023093253180392E-010
  4.640000000000000E-003  1.022996773203243E-010
  4.660000000000000E-003  1.022895008562164E-010
  4.680000000000000E-003  1.022789560273626E-010
  4.700000000000000E-003  1.022681816750415E-010
  4.720000000000000E-003  1.022572380618747E-010
  4.740000000000000E-003  1.022461377289176E-010
  4.760000000000000E-003  1.022348847374037E-010
  4.780000000000000E-003  1.022234799795586E-010
  4.800000000000000E-003  1.022119232946212E-010
  4.820000000000000E-003  1.022002174684602E-010
  4.840000000000001E-003  1.021883735425873E-010
  4.860000000000001E-003  1.021764015927169E-010
  4.880000000000001E-003  1.021643035522093E-010
  4.900000000000001E-003  1.021520886815131E-010
  4.920000000000001E-003  1.021398067377840E-010
  4.940000000000001E-003  1.021274804829608E-010
  4.960000000000000E-003  1.021151258639377E-010
  4.980000000000000E-003  1.021027504469484E-010
  5.000000000000000E-003  1.020903802157102E-010
  5.020000000000000E-003  1.020780364769777E-010
  5.040000000000000E-003  1.020657317977908E-010
  5.060000000000000E-003  1.020534786888077E-010
  5.080000000000000E-003  1.020412890482948E-010
  5.100000000000000E-003  1.020291711878998E-010
  5.120000000000000E-003  1.020171318307817E-010
  5.140000000000000E-003  1.020051655508543E-010
  5.160000000000001E-003  1.019932352028364E-010
  5.180000000000001E-003  1.019812877040370E-010
  5.200000000000001E-003  1.019693046235254E-010
  5.220000000000001E-003  1.019572988249080E-010
  5.240000000000001E-003  1.019452753110039E-010
  5.260000000000001E-003  1.019332993313086E-010
  5.280000000000001E-003  1.019214439320063E-010
  5.300000000000000E-003  1.019097503522963E-010
  5.320000000000000E-003  1.018982229177098E-010
  5.340000000000000E-003  1.018868571833735E-010
  5.360000000000000E-003  1.018756316801016E-010
  5.380000000000000E-003  1.018645693862182E-010
  5.400000000000000E-003  1.018535855846748E-010
  5.420000000000000E-003  1.018426036360772E-010
  5.440000000000000E-003  1.018317408654175E-010
  5.460000000000000E-003  1.018211088737063E-010
  5.480000000000000E-003  1.018110739964686E-010
  5.500000000000001E-003  1.018018856950016E-010
  5.520000000000001E-003  1.017939705896116E-010
  5.540000000000001E-003  1.017874358384379E-010
  5.560000000000001E-003  1.017829657299862E-010
  5.580000000000001E-003  1.017806267385121E-010
  5.600000000000001E-003  1.017803575276725E-010
  5.620000000000001E-003  1.017819866514741E-010
  5.640000000000000E-003  1.017869399377147E-010
  5.660000000000000E-003  1.017971726303524E-010
  5.680000000000000E-003  1.018148671411176E-010
  5.700000000000000E-003  1.018422363817823E-010
  5.720000000000000E-003  1.018775454711512E-010
  5.740000000000000E-003  1.019079080195372E-010
  5.760000000000000E-003  1.019292458643040E-010
  5.780000000000000E-003  1.019431548166157E-010
  5.800000000000000E-003  1.019516237464118E-010
  5.820000000000001E-003  1.019563854624333E-010
  5.840000000000001E-003  1.019588151886286E-010
  5.860000000000001E-003  1.019597001538610E-010
  5.880000000000001E-003  1.019581816416179E-010
  5.900000000000001E-003  1.019538178330010E-010
  5.920000000000001E-003  1.019476805186086E-010
  5.940000000000001E-003  1.019410010579042E-010
  5.960000000000001E-003  1.019345459721059E-010
  5.980000000000000E-003  1.019283556336159E-010
  6.000000000000000E-003  1.019224216563065E-010
  6.020000000000000E-003  1.019167861201318E-010
  6.040000000000000E-003  1.019114476860753E-010
  6.060000000000000E-003  1.019063966925537E-010
  6.080000000000000E-003  1.019016073789240E-010
  6.100000000000000E-003  1.018971381962414E-010
  6.120000000000000E-003  1.018929916061443E-010
  6.140000000000000E-003  1.018893220109171E-010
  6.160000000000001E-003  1.018861580146398E-010
  6.180000000000001E-003  1.018837168315333E-010
  6.200000000000001E-003  1.018819794122036E-010
  6.220000000000001E-003  1.018809809056559E-010
  6.240000000000001E-003  1.018805628871054E-010
  6.260000000000001E-003  1.018806872235070E-010
  6.280000000000001E-003  1.018811967615910E-010
  6.300000000000001E-003  1.018821348861863E-010
  6.320000000000000E-003  1.018836570017361E-010
  6.340000000000000E-003  1.018858346195261E-010
  6.360000000000000E-003  1.018888347652228E-010
  6.380000000000000E-003  1.018917776922326E-010
  6.400000000000000E-003  1.018935138773147E-010
  6.420000000000000E-003  1.018939790223219E-010
  6.440000000000000E-003  1.018935728891102E-010
  6.460000000000000E-003  1.018926316179730E-010
  6.480000000000001E-003  1.018908420816356E-010
  6.500000000000001E-003  1.018882380387170E-010
  6.520000000000001E-003  1.018845568930645E-010
  6.540000000000001E-003  1.018794016515360E-010
  6.560000000000001E-003  1.018724907593396E-010
  6.580000000000001E-003  1.018638422792639E-010
  6.600000000000001E-003  1.018537067692534E-010
  6.620000000000001E-003  1.018422536238006E-010
  6.640000000000001E-003  1.018296978042734E-010
  6.660000000000000E-003  1.018161949600040E-010
  6.680000000000000E-003  1.018019870459966E-010
  6.700000000000000E-003  1.017872800124863E-010
  6.720000000000000E-003  1.017722284108612E-010
  6.740000000000000E-003  1.017569539319213E-010
  6.760000000000000E-003  1.017414958869276E-010
  6.780000000000000E-003  1.017259300203826E-010
  6.800000000000000E-003  1.017102648520976E-010
  6.820000000000001E-003  1.016945265682621E-010
  6.840000000000001E-003  1.016788413524309E-010
  6.860000000000001E-003  1.016632358006816E-010
  6.880000000000001E-003  1.016477186587312E-010
  6.900000000000001E-003  1.016323285348589E-010
  6.920000000000001E-003  1.016171270515989E-010
  6.940000000000001E-003  1.016022217319896E-010
  6.960000000000001E-003  1.015878295124076E-010
  6.980000000000001E-003  1.015743056851810E-010
  7.000000000000000E-003  1.015621137896452E-010
  7.020000000000000E-003  1.015516880517708E-010
  7.040000000000000E-003  1.015431571498444E-010
  7.060000000000000E-003  1.015369017022294E-010
  7.080000000000000E-003  1.015339204590930E-010
  7.100000000000000E-003  1.015346225082609E-010
  7.120000000000000E-003  1.015388394612602E-010
  7.140000000000001E-003  1.015488014695763E-010
  7.160000000000001E-003  1.015664923843411E-010
  7.180000000000001E-003  1.015942143132968E-010
  7.200000000000001E-003  1.016343453953006E-010
  7.220000000000001E-003  1.016870157915622E-010
  7.240000000000001E-003  1.017370951606660E-010
  7.260000000000001E-003  1.017764108046098E-010
  7.280000000000001E-003  1.018057589614898E-010
  7.300000000000001E-003  1.018267136545067E-010
  7.320000000000001E-003  1.018408926608997E-010
  7.340000000000000E-003  1.018498023353953E-010
  7.360000000000000E-003  1.018547152116845E-010
  7.380000000000000E-003  1.018566079447335E-010
  7.400000000000000E-003  1.018559928942057E-010
  7.420000000000000E-003  1.018536544817538E-010
  7.440000000000000E-003  1.018496724659746E-010
  7.460000000000000E-003  1.018439408679135E-010
  7.480000000000001E-003  1.018373339013009E-010
  7.500000000000001E-003  1.018305797920311E-010
  7.520000000000001E-003  1.018240293879779E-010
  7.540000000000001E-003  1.018178014807154E-010
  7.560000000000001E-003  1.018119435966031E-010
  7.580000000000001E-003  1.018064851704534E-010
  7.600000000000001E-003  1.018014360892936E-010
  7.620000000000001E-003  1.017967225006423E-010
  7.640000000000001E-003  1.017921712959743E-010
  7.660000000000001E-003  1.017878109587592E-010
  7.680000000000001E-003  1.017836552644115E-010
  7.700000000000000E-003  1.017798837610299E-010
  7.720000000000000E-003  1.017766739086055E-010
  7.740000000000000E-003  1.017740780328388E-010
  7.760000000000000E-003  1.017721887392494E-010
  7.780000000000000E-003  1.017709008492384E-010
  7.800000000000001E-003  1.017700887977944E-010
  7.820000000000001E-003  1.017697663337145E-010
  7.840000000000001E-003  1.017700241491789E-010
  7.860000000000001E-003  1.017708234622428E-010
  7.880000000000000E-003  1.017721791915012E-010
  7.900000000000001E-003  1.017740932265732E-010
  7.920000000000000E-003  1.017766250439466E-010
  7.940000000000001E-003  1.017797982534384E-010
  7.960000000000000E-003  1.017836687345432E-010
  7.980000000000001E-003  1.017882715858907E-010
  8.000000000000000E-003  1.017927704766434E-010
  8.020000000000001E-003  1.017966429660302E-010
  8.040000000000000E-003  1.017998861165436E-010
  8.060000000000001E-003  1.018022944817521E-010
  8.080000000000000E-003  1.018041083661084E-010
  8.100000000000001E-003  1.018053140542100E-010
  8.120000000000000E-003  1.018062295242871E-010
  8.140000000000001E-003  1.018066611136698E-010
  8.160000000000001E-003  1.018067638455080E-010
  8.180000000000002E-003  1.018066811685087E-010
  8.200000000000001E-003  1.018060629528940E-010
  8.220000000000000E-003  1.018048553055291E-010
  8.240000000000001E-003  1.018034412770233E-010
  8.260000000000000E-003  1.018020130436903E-010
  8.280000000000001E-003  1.018007161614098E-010
  8.300000000000000E-003  1.017996426416875E-010
  8.320000000000001E-003  1.017989698298160E-010
  8.340000000000000E-003  1.017988533790923E-010
  8.360000000000001E-003  1.017995198291414E-010
  8.380000000000000E-003  1.018010104576015E-010
  8.400000000000001E-003  1.018031046488736E-010
  8.420000000000000E-003  1.018053122465486E-010
  8.440000000000001E-003  1.018076208646150E-010
  8.460000000000001E-003  1.018101147684351E-010
  8.480000000000001E-003  1.018128841210171E-010
  8.500000000000001E-003  1.018159831832208E-010
  8.520000000000002E-003  1.018195128784980E-010
  8.540000000000001E-003  1.018238993927284E-010
  8.560000000000000E-003  1.018292445837868E-010
  8.580000000000001E-003  1.018356835093602E-010
  8.600000000000000E-003  1.018435219371163E-010
  8.620000000000001E-003  1.018531298301109E-010
  8.640000000000000E-003  1.018649994922020E-010
  8.660000000000001E-003  1.018798547653314E-010
  8.680000000000000E-003  1.018975815315070E-010
  8.700000000000001E-003  1.019140949446357E-010
  8.720000000000000E-003  1.019272926262267E-010
  8.740000000000001E-003  1.019376579600226E-010
  8.760000000000000E-003  1.019457205609207E-010
  8.780000000000001E-003  1.019519399724788E-010
  8.800000000000001E-003  1.019566285377620E-010
  8.820000000000001E-003  1.019600147579620E-010
  8.840000000000001E-003  1.019622934168418E-010
  8.860000000000002E-003  1.019635417773574E-010
  8.880000000000001E-003  1.019638351273484E-010
  8.900000000000000E-003  1.019634120005820E-010
  8.920000000000001E-003  1.019622788506303E-010
  8.940000000000000E-003  1.019605457422743E-010
  8.960000000000001E-003  1.019582548015387E-010
  8.980000000000000E-003  1.019554542246609E-010
  9.000000000000001E-003  1.019522458668821E-010
  9.020000000000000E-003  1.019487186736958E-010
  9.040000000000001E-003  1.019449297350611E-010
  9.060000000000000E-003  1.019408627193421E-010
  9.080000000000001E-003  1.019365020058736E-010
  9.100000000000000E-003  1.019318640931741E-010
  9.120000000000001E-003  1.019269549953215E-010
  9.140000000000001E-003  1.019217785375026E-010
  9.160000000000001E-003  1.019163378775169E-010
  9.180000000000001E-003  1.019106716717797E-010
  9.200000000000002E-003  1.019048176960807E-010
  9.220000000000001E-003  1.018988302723670E-010
  9.240000000000000E-003  1.018927694428161E-010
  9.260000000000001E-003  1.018866807259182E-010
  9.280000000000000E-003  1.018806414961700E-010
  9.300000000000001E-003  1.018746493406028E-010
  9.320000000000000E-003  1.018687115153160E-010
  9.340000000000001E-003  1.018628010832079E-010
  9.360000000000000E-003  1.018569453668715E-010
  9.380000000000001E-003  1.018510737371247E-010
  9.400000000000000E-003  1.018451805583401E-010
  9.420000000000001E-003  1.018392543454741E-010
  9.440000000000000E-003  1.018333155103625E-010
  9.460000000000001E-003  1.018273774913437E-010
  9.480000000000001E-003  1.018215573674674E-010
  9.500000000000001E-003  1.018159171066643E-010
  9.520000000000001E-003  1.018104981161676E-010
  9.540000000000002E-003  1.018053320821094E-010
  9.560000000000001E-003  1.018004468534986E-010
  9.580000000000000E-003  1.017958594729423E-010
  9.600000000000001E-003  1.017915545562568E-010
  9.620000000000000E-003  1.017875050339668E-010
  9.640000000000001E-003  1.017836880956106E-010
  9.660000000000000E-003  1.017800854263591E-010
  9.680000000000001E-003  1.017766944107769E-010
  9.700000000000000E-003  1.017734112504315E-010
  9.720000000000001E-003  1.017702430957014E-010
  9.740000000000000E-003  1.017671983695644E-010
  9.760000000000001E-003  1.017642838144915E-010
  9.780000000000000E-003  1.017615024868027E-010
  9.800000000000001E-003  1.017588484005479E-010
  9.820000000000001E-003  1.017563178900768E-010
  9.840000000000002E-003  1.017539260408595E-010
  9.860000000000001E-003  1.017517009548753E-010
  9.880000000000002E-003  1.017496818571586E-010
  9.900000000000001E-003  1.017479337097419E-010
  9.920000000000000E-003  1.017464923827614E-010
  9.940000000000001E-003  1.017453813875581E-010
  9.960000000000000E-003  1.017445665840215E-010
  9.980000000000001E-003  1.017441290215577E-010
  1.000000000000000E-002  1.017440803731113E-010
  1.002000000000000E-002  1.017442398878498E-010
  1.004000000000000E-002  1.017445210276791E-010
  1.006000000000000E-002  1.017448535650905E-010
  1.008000000000000E-002  1.017450755306513E-010
  1.010000000000000E-002  1.017450675100984E-010
  1.012000000000000E-002  1.017449573955086E-010
  1.014000000000000E-002  1.017447141762831E-010
  1.016000000000000E-002  1.017443402968007E-010
  1.018000000000000E-002  1.017438856688598E-010
  1.020000000000000E-002  1.017431615999562E-010
  1.022000000000000E-002  1.017420974284976E-010
  1.024000000000000E-002  1.017410387661302E-010
  1.026000000000000E-002  1.017400434970123E-010
  1.028000000000000E-002  1.017391634890797E-010
  1.030000000000000E-002  1.017383482911737E-010
  1.032000000000000E-002  1.017375660339074E-010
  1.034000000000000E-002  1.017368836423052E-010
  1.036000000000000E-002  1.017363005764525E-010
  1.038000000000000E-002  1.017357746847217E-010
  1.040000000000000E-002  1.017353009536655E-010
  1.042000000000000E-002  1.017348474697456E-010
  1.044000000000000E-002  1.017343732495669E-010
  1.046000000000000E-002  1.017338473886056E-010
  1.048000000000000E-002  1.017332612820957E-010
  1.050000000000000E-002  1.017326143539098E-010
  1.052000000000000E-002  1.017319134496412E-010
  1.054000000000000E-002  1.017311724601090E-010
  1.056000000000000E-002  1.017304083672151E-010
  1.058000000000000E-002  1.017296358309834E-010
  1.060000000000000E-002  1.017288624671959E-010
  1.062000000000000E-002  1.017280912969274E-010
  1.064000000000000E-002  1.017273233552652E-010
  1.066000000000000E-002  1.017265234250054E-010
  1.068000000000000E-002  1.017256477739866E-010
  1.070000000000000E-002  1.017246431624980E-010
  1.072000000000000E-002  1.017234557547547E-010
  1.074000000000000E-002  1.017220335094525E-010
  1.076000000000000E-002  1.017203344599148E-010
  1.078000000000000E-002  1.017183191665761E-010
  1.080000000000000E-002  1.017159557929112E-010
  1.082000000000000E-002  1.017132115890675E-010
  1.084000000000000E-002  1.017100817891957E-010
  1.086000000000000E-002  1.017065750522027E-010
  1.088000000000000E-002  1.017027268969868E-010
  1.090000000000000E-002  1.016985659196728E-010
  1.092000000000000E-002  1.016941151170642E-010
  1.094000000000000E-002  1.016894050460096E-010
  1.096000000000000E-002  1.016844858842447E-010
  1.098000000000000E-002  1.016794066348472E-010
  1.100000000000000E-002  1.016742110269016E-010
  1.102000000000000E-002  1.016689299070139E-010
  1.104000000000000E-002  1.016636369544661E-010
  1.106000000000000E-002  1.016584398275347E-010
  1.108000000000000E-002  1.016534160128898E-010
  1.110000000000000E-002  1.016486383172055E-010
  1.112000000000000E-002  1.016441523865143E-010
  1.114000000000000E-002  1.016399799232332E-010
  1.116000000000000E-002  1.016361371990221E-010
  1.118000000000000E-002  1.016326438726030E-010
  1.120000000000000E-002  1.016295161394847E-010
  1.122000000000000E-002  1.016267609549206E-010
  1.124000000000000E-002  1.016243788435194E-010
  1.126000000000000E-002  1.016223697706815E-010
  1.128000000000000E-002  1.016207418624528E-010
  1.130000000000000E-002  1.016195050456574E-010
  1.132000000000000E-002  1.016186634977933E-010
  1.134000000000000E-002  1.016182093255357E-010
  1.136000000000000E-002  1.016181893048419E-010
  1.138000000000000E-002  1.016185371142018E-010
  1.140000000000000E-002  1.016192613333940E-010
  1.142000000000000E-002  1.016202277839991E-010
  1.144000000000000E-002  1.016214051291908E-010
  1.146000000000000E-002  1.016227620477009E-010
  1.148000000000000E-002  1.016242928079653E-010
  1.150000000000000E-002  1.016259870946878E-010
  1.152000000000000E-002  1.016278119688970E-010
  1.154000000000000E-002  1.016297411082439E-010
  1.156000000000000E-002  1.016317474237991E-010
  1.158000000000000E-002  1.016338254515866E-010
  1.160000000000000E-002  1.016360080258887E-010
  1.162000000000000E-002  1.016383893821061E-010
  1.164000000000000E-002  1.016410871746500E-010
  1.166000000000000E-002  1.016441941032472E-010
  1.168000000000000E-002  1.016478010421108E-010
  1.170000000000000E-002  1.016519822699704E-010
  1.172000000000000E-002  1.016568002940204E-010
  1.174000000000000E-002  1.016623066256959E-010
  1.176000000000000E-002  1.016685481626460E-010
  1.178000000000000E-002  1.016755838653240E-010
  1.180000000000000E-002  1.016834800922526E-010
  1.182000000000000E-002  1.016923186189035E-010
  1.184000000000000E-002  1.017021930357638E-010
  1.186000000000000E-002  1.017132280198446E-010
  1.188000000000000E-002  1.017255947538905E-010
  1.190000000000000E-002  1.017395166108293E-010
  1.192000000000000E-002  1.017552731318217E-010
  1.194000000000000E-002  1.017732271300458E-010
  1.196000000000000E-002  1.017938318281196E-010
  1.198000000000000E-002  1.018176478690169E-010
  1.200000000000000E-002  1.018440101940299E-010
  1.202000000000000E-002  1.018696595638114E-010
  1.204000000000000E-002  1.018929675942558E-010
  1.206000000000000E-002  1.019135448481154E-010
  1.208000000000000E-002  1.019313056019921E-010
  1.210000000000000E-002  1.019463237639447E-010
  1.212000000000000E-002  1.019587864057605E-010
  1.214000000000000E-002  1.019689528254890E-010
  1.216000000000000E-002  1.019771234879978E-010
  1.218000000000000E-002  1.019836092644137E-010
  1.220000000000000E-002  1.019887024087846E-010
  1.222000000000000E-002  1.019926534983157E-010
  1.224000000000000E-002  1.019956625766678E-010
  1.226000000000000E-002  1.019978900587288E-010
  1.228000000000000E-002  1.019994724080973E-010
  1.230000000000000E-002  1.020005483354482E-010
  1.232000000000000E-002  1.020013077218961E-010
  1.234000000000000E-002  1.020017322421080E-010
  1.236000000000000E-002  1.020017855216908E-010
  1.238000000000000E-002  1.020013428839586E-010
  1.240000000000000E-002  1.020005604541311E-010
  1.242000000000000E-002  1.019994862076977E-010
  1.244000000000000E-002  1.019981675941533E-010
  1.246000000000000E-002  1.019966488665424E-010
  1.248000000000000E-002  1.019949708043312E-010
  1.250000000000000E-002  1.019931514696760E-010
  1.252000000000000E-002  1.019911972232331E-010
  1.254000000000000E-002  1.019891089803057E-010
  1.256000000000000E-002  1.019868801496999E-010
  1.258000000000000E-002  1.019845018650825E-010
  1.260000000000000E-002  1.019819685731602E-010
  1.262000000000000E-002  1.019792663992274E-010
  1.264000000000000E-002  1.019763788095495E-010
  1.266000000000000E-002  1.019732919761658E-010
  1.268000000000000E-002  1.019699994490539E-010
  1.270000000000000E-002  1.019665040493880E-010
  1.272000000000000E-002  1.019628196724912E-010
  1.274000000000000E-002  1.019589728450939E-010
  1.276000000000000E-002  1.019550005397321E-010
  1.278000000000000E-002  1.019509472426465E-010
  1.280000000000000E-002  1.019468544029040E-010
  1.282000000000000E-002  1.019427615361966E-010
  1.284000000000000E-002  1.019386876136818E-010
  1.286000000000000E-002  1.019346618454538E-010
  1.288000000000000E-002  1.019307235793743E-010
  1.290000000000000E-002  1.019269334949435E-010
  1.292000000000000E-002  1.019233114154931E-010
  1.294000000000000E-002  1.019198940188078E-010
  1.296000000000000E-002  1.019167208999470E-010
  1.298000000000000E-002  1.019138209717036E-010
  1.300000000000000E-002  1.019112021749698E-010
  1.302000000000000E-002  1.019088675272505E-010
  1.304000000000000E-002  1.019068105300694E-010
  1.306000000000000E-002  1.019050110576528E-010
  1.308000000000000E-002  1.019034459482583E-010
  1.310000000000000E-002  1.019020876480066E-010
  1.312000000000000E-002  1.019009089465984E-010
  1.314000000000000E-002  1.018998858306614E-010
  1.316000000000000E-002  1.018990037614389E-010
  1.318000000000000E-002  1.018982558644959E-010
  1.320000000000000E-002  1.018976476714022E-010
  1.322000000000000E-002  1.018971937617106E-010
  1.324000000000000E-002  1.018969192469992E-010
  1.326000000000000E-002  1.018968849156759E-010
  1.328000000000000E-002  1.018971497980452E-010
  1.330000000000000E-002  1.018976649577816E-010
  1.332000000000000E-002  1.018984835476896E-010
  1.334000000000000E-002  1.018996940695405E-010
  1.336000000000000E-002  1.019012784308829E-010
  1.338000000000000E-002  1.019032765436216E-010
  1.340000000000000E-002  1.019057052072128E-010
  1.342000000000000E-002  1.019085445963682E-010
  1.344000000000000E-002  1.019117767374266E-010
  1.346000000000000E-002  1.019153928384855E-010
  1.348000000000000E-002  1.019193965448092E-010
  1.350000000000000E-002  1.019238325582084E-010
  1.352000000000000E-002  1.019287485286187E-010
  1.354000000000000E-002  1.019341945394920E-010
  1.356000000000000E-002  1.019401899705779E-010
  1.358000000000000E-002  1.019467501846957E-010
  1.360000000000000E-002  1.019539048090853E-010
  1.362000000000000E-002  1.019616745164377E-010
  1.364000000000000E-002  1.019700758325780E-010
  1.366000000000000E-002  1.019791509727593E-010
  1.368000000000000E-002  1.019889728328120E-010
  1.370000000000000E-002  1.019996410792535E-010
  1.372000000000000E-002  1.020112624114789E-010
  1.374000000000000E-002  1.020240123453591E-010
  1.376000000000000E-002  1.020372825633476E-010
  1.378000000000000E-002  1.020500244719217E-010
  1.380000000000000E-002  1.020620022126244E-010
  1.382000000000000E-002  1.020732385412242E-010
  1.384000000000000E-002  1.020838083753824E-010
  1.386000000000000E-002  1.020937561246174E-010
  1.388000000000000E-002  1.021031038146134E-010
  1.390000000000000E-002  1.021118668981440E-010
  1.392000000000000E-002  1.021200778283913E-010
  1.394000000000000E-002  1.021277974091887E-010
  1.396000000000000E-002  1.021351006405506E-010
  1.398000000000000E-002  1.021420649059104E-010
  1.400000000000000E-002  1.021487512464739E-010
  1.402000000000000E-002  1.021552096990166E-010
  1.404000000000000E-002  1.021614827372182E-010
  1.406000000000000E-002  1.021675810429372E-010
  1.408000000000000E-002  1.021734987277977E-010
  1.410000000000000E-002  1.021793109466536E-010
  1.412000000000000E-002  1.021849263987947E-010
  1.414000000000000E-002  1.021902290128728E-010
  1.416000000000000E-002  1.021951837449212E-010
  1.418000000000000E-002  1.021998114204919E-010
  1.420000000000000E-002  1.022041401924180E-010
  1.422000000000000E-002  1.022081893557098E-010
  1.424000000000000E-002  1.022119622027233E-010
  1.426000000000000E-002  1.022154492777610E-010
  1.428000000000000E-002  1.022186074356884E-010
  1.430000000000000E-002  1.022213362996144E-010
  1.432000000000000E-002  1.022234846200409E-010
  1.434000000000000E-002  1.022251359029256E-010
  1.436000000000000E-002  1.022258843891095E-010
  1.438000000000000E-002  1.022259791086311E-010
  1.440000000000000E-002  1.022252825806673E-010
  1.442000000000000E-002  1.022238713702498E-010
  1.444000000000000E-002  1.022219521294727E-010
  1.446000000000000E-002  1.022195240642025E-010
  1.448000000000000E-002  1.022168895556175E-010
  1.450000000000000E-002  1.022142003474902E-010
  1.452000000000000E-002  1.022114417656656E-010
  1.454000000000000E-002  1.022086114237930E-010
  1.456000000000000E-002  1.022057131672103E-010
  1.458000000000000E-002  1.022027472714249E-010
  1.460000000000000E-002  1.021997219209585E-010
  1.462000000000000E-002  1.021966385104604E-010
  1.464000000000000E-002  1.021934989117620E-010
  1.466000000000000E-002  1.021903052691337E-010
  1.468000000000000E-002  1.021870555384881E-010
  1.470000000000000E-002  1.021837543308106E-010
  1.472000000000000E-002  1.021804666825709E-010
  1.474000000000000E-002  1.021772334630298E-010
  1.476000000000000E-002  1.021740317036036E-010
  1.478000000000000E-002  1.021708440088694E-010
  1.480000000000000E-002  1.021676479252613E-010
  1.482000000000000E-002  1.021644182692474E-010
  1.484000000000000E-002  1.021611231974501E-010
  1.486000000000000E-002  1.021576749857755E-010
  1.488000000000000E-002  1.021539476349911E-010
  1.490000000000000E-002  1.021498534286134E-010
  1.492000000000000E-002  1.021453496295563E-010
  1.494000000000000E-002  1.021404248302245E-010
  1.496000000000000E-002  1.021351149725914E-010
  1.498000000000000E-002  1.021294762746997E-010
  1.500000000000000E-002  1.021235578012942E-010
  1.502000000000000E-002  1.021174044145467E-010
  1.504000000000000E-002  1.021110604631855E-010
  1.506000000000000E-002  1.021045702296118E-010
  1.508000000000000E-002  1.020979607736132E-010
  1.510000000000000E-002  1.020912441317112E-010
  1.512000000000000E-002  1.020844151020281E-010
  1.514000000000000E-002  1.020775421507588E-010
  1.516000000000000E-002  1.020707673281366E-010
  1.518000000000000E-002  1.020641667715343E-010
  1.520000000000000E-002  1.020578198260340E-010
  1.522000000000000E-002  1.020517803262558E-010
  1.524000000000000E-002  1.020460778159980E-010
  1.526000000000000E-002  1.020407199857669E-010
  1.528000000000000E-002  1.020357072406154E-010
  1.530000000000000E-002  1.020310364675994E-010
  1.532000000000000E-002  1.020266963040186E-010
  1.534000000000000E-002  1.020226807568168E-010
  1.536000000000000E-002  1.020189458344684E-010
  1.538000000000000E-002  1.020155116134127E-010
  1.540000000000000E-002  1.020123390989750E-010
  1.542000000000000E-002  1.020094774139880E-010
  1.544000000000000E-002  1.020069449189546E-010
  1.546000000000000E-002  1.020047062218283E-010
  1.548000000000000E-002  1.020027069931427E-010
  1.550000000000000E-002  1.020008737973671E-010
  1.552000000000000E-002  1.019991467988115E-010
  1.554000000000000E-002  1.019974722776781E-010
  1.556000000000000E-002  1.019957911444091E-010
  1.558000000000000E-002  1.019940856099305E-010
  1.560000000000000E-002  1.019923423140347E-010
  1.562000000000000E-002  1.019905589959153E-010
  1.564000000000000E-002  1.019887608876354E-010
  1.566000000000000E-002  1.019869991309209E-010
  1.568000000000000E-002  1.019853425031019E-010
  1.570000000000000E-002  1.019838240332010E-010
  1.572000000000000E-002  1.019824961676967E-010
  1.574000000000000E-002  1.019814108318284E-010
  1.576000000000000E-002  1.019806261633345E-010
  1.578000000000000E-002  1.019802094223246E-010
  1.580000000000000E-002  1.019801986707828E-010
  1.582000000000000E-002  1.019806326880594E-010
  1.584000000000000E-002  1.019814603161388E-010
  1.586000000000000E-002  1.019827646146574E-010
  1.588000000000000E-002  1.019845575952544E-010
  1.590000000000000E-002  1.019868437457298E-010
  1.592000000000000E-002  1.019896418619615E-010
  1.594000000000000E-002  1.019929751152107E-010
  1.596000000000000E-002  1.019968474700905E-010
  1.598000000000000E-002  1.020012440133774E-010
  1.600000000000000E-002  1.020061366016264E-010
  1.602000000000000E-002  1.020115034050181E-010
  1.604000000000000E-002  1.020173300053082E-010
  1.606000000000000E-002  1.020235920360905E-010
  1.608000000000000E-002  1.020303433467603E-010
  1.610000000000000E-002  1.020374893450324E-010
  1.612000000000000E-002  1.020448484589147E-010
  1.614000000000000E-002  1.020521028142163E-010
  1.616000000000000E-002  1.020590402485202E-010
  1.618000000000000E-002  1.020656012869760E-010
  1.620000000000000E-002  1.020717686147342E-010
  1.622000000000000E-002  1.020775311976088E-010
  1.624000000000000E-002  1.020829032518057E-010
  1.626000000000000E-002  1.020879033145464E-010
  1.628000000000000E-002  1.020925301901398E-010
  1.630000000000000E-002  1.020967751894017E-010
  1.632000000000000E-002  1.021006367266092E-010
  1.634000000000000E-002  1.021041226994811E-010
  1.636000000000000E-002  1.021072397656862E-010
  1.638000000000000E-002  1.021099912508736E-010
  1.640000000000000E-002  1.021123772502804E-010
  1.642000000000000E-002  1.021144010473107E-010
  1.644000000000000E-002  1.021160741356885E-010
  1.646000000000000E-002  1.021174159876184E-010
  1.648000000000000E-002  1.021184516148589E-010
  1.650000000000000E-002  1.021192195875819E-010
  1.652000000000000E-002  1.021197406032741E-010
  1.654000000000000E-002  1.021200573745273E-010
  1.656000000000000E-002  1.021202069214082E-010
  1.658000000000000E-002  1.021202297803184E-010
  1.660000000000000E-002  1.021201424357201E-010
  1.662000000000000E-002  1.021199879287146E-010
  1.664000000000000E-002  1.021197965731748E-010
  1.666000000000000E-002  1.021195661892606E-010
  1.668000000000000E-002  1.021193012118193E-010
  1.670000000000000E-002  1.021190032272988E-010
  1.672000000000000E-002  1.021186864827122E-010
  1.674000000000000E-002  1.021183739543731E-010
  1.676000000000000E-002  1.021180572132530E-010
  1.678000000000000E-002  1.021176659633865E-010
  1.680000000000000E-002  1.021171315647663E-010
  1.682000000000000E-002  1.021164558916310E-010
  1.684000000000000E-002  1.021156646057424E-010
  1.686000000000000E-002  1.021147631089640E-010
  1.688000000000000E-002  1.021137380763591E-010
  1.690000000000000E-002  1.021125902884271E-010
  1.692000000000000E-002  1.021113259685951E-010
  1.694000000000000E-002  1.021099275046029E-010
  1.696000000000000E-002  1.021083997986353E-010
  1.698000000000000E-002  1.021067514814426E-010
  1.700000000000000E-002  1.021049736195986E-010
  1.702000000000000E-002  1.021030545075107E-010
  1.704000000000000E-002  1.021009868892342E-010
  1.706000000000000E-002  1.020987538175219E-010
  1.708000000000000E-002  1.020963414869404E-010
  1.710000000000000E-002  1.020937454595115E-010
  1.712000000000000E-002  1.020909490564522E-010
  1.714000000000000E-002  1.020879536909023E-010
  1.716000000000000E-002  1.020847603045750E-010
  1.718000000000000E-002  1.020813731996948E-010
  1.720000000000000E-002  1.020777954204354E-010
  1.722000000000000E-002  1.020740277857235E-010
  1.724000000000000E-002  1.020700760995270E-010
  1.726000000000000E-002  1.020659505984386E-010
  1.728000000000000E-002  1.020616657748262E-010
  1.730000000000000E-002  1.020572378973090E-010
  1.732000000000000E-002  1.020526871011543E-010
  1.734000000000000E-002  1.020480386231729E-010
  1.736000000000000E-002  1.020433207657065E-010
  1.738000000000000E-002  1.020385586710970E-010
  1.740000000000000E-002  1.020337734516307E-010
  1.742000000000000E-002  1.020289819793870E-010
  1.744000000000000E-002  1.020241959502454E-010
  1.746000000000000E-002  1.020194284446828E-010
  1.748000000000000E-002  1.020146855445322E-010
  1.750000000000000E-002  1.020099736259886E-010
  1.752000000000000E-002  1.020053033472473E-010
  1.754000000000000E-002  1.020006720238088E-010
  1.756000000000000E-002  1.019960878840679E-010
  1.758000000000000E-002  1.019915607683668E-010
  1.760000000000000E-002  1.019871016943649E-010
  1.762000000000000E-002  1.019827182811894E-010
  1.764000000000000E-002  1.019784130608494E-010
  1.766000000000000E-002  1.019741836458441E-010
  1.768000000000000E-002  1.019700244540432E-010
  1.770000000000000E-002  1.019659295104645E-010
  1.772000000000000E-002  1.019618926427946E-010
  1.774000000000000E-002  1.019579091794901E-010
  1.776000000000000E-002  1.019539765632541E-010
  1.778000000000000E-002  1.019500942969787E-010
  1.780000000000000E-002  1.019462628166321E-010
  1.782000000000000E-002  1.019424820339383E-010
  1.784000000000000E-002  1.019387502300608E-010
  1.786000000000000E-002  1.019350664858890E-010
  1.788000000000000E-002  1.019314297504902E-010
  1.790000000000000E-002  1.019278387770993E-010
  1.792000000000000E-002  1.019242931385261E-010
  1.794000000000000E-002  1.019207916366455E-010
  1.796000000000000E-002  1.019173322317697E-010
  1.798000000000000E-002  1.019139129563574E-010
  1.800000000000000E-002  1.019105331928281E-010
  1.802000000000000E-002  1.019071934966397E-010
  1.804000000000000E-002  1.019038992127833E-010
  1.806000000000000E-002  1.019006559948574E-010
  1.808000000000000E-002  1.018974722468396E-010
  1.810000000000000E-002  1.018943640083030E-010
  1.812000000000000E-002  1.018913303905153E-010
  1.814000000000000E-002  1.018883967520060E-010
  1.816000000000000E-002  1.018855624088966E-010
  1.818000000000000E-002  1.018828266572119E-010
  1.820000000000000E-002  1.018801893154982E-010
  1.822000000000000E-002  1.018776498770901E-010
  1.824000000000000E-002  1.018751964992741E-010
  1.826000000000000E-002  1.018727991855336E-010
  1.828000000000000E-002  1.018704674341869E-010
  1.830000000000000E-002  1.018681839605523E-010
  1.832000000000000E-002  1.018659000771947E-010
  1.834000000000000E-002  1.018635870846786E-010
  1.836000000000000E-002  1.018612239229444E-010
  1.838000000000000E-002  1.018588121078745E-010
  1.840000000000000E-002  1.018563682992967E-010
  1.842000000000000E-002  1.018539181903357E-010
  1.844000000000000E-002  1.018514532990230E-010
  1.846000000000000E-002  1.018490494445922E-010
  1.848000000000000E-002  1.018466904530143E-010
  1.850000000000000E-002  1.018443702212866E-010
  1.852000000000000E-002  1.018420296187034E-010
  1.854000000000000E-002  1.018398118177632E-010
  1.856000000000000E-002  1.018377287826811E-010
  1.858000000000000E-002  1.018357891425602E-010
  1.860000000000000E-002  1.018340612053522E-010
  1.862000000000000E-002  1.018325096406103E-010
  1.864000000000000E-002  1.018312993036464E-010
  1.866000000000000E-002  1.018303173533281E-010
  1.868000000000000E-002  1.018297087811519E-010
  1.870000000000000E-002  1.018292440269074E-010
  1.872000000000000E-002  1.018292363437939E-010
  1.874000000000000E-002  1.018294144728934E-010
  1.876000000000000E-002  1.018298447838097E-010
  1.878000000000000E-002  1.018305617895135E-010
  1.880000000000000E-002  1.018315849229059E-010
  1.882000000000000E-002  1.018329761414526E-010
  1.884000000000000E-002  1.018347558766931E-010
  1.886000000000000E-002  1.018369975224232E-010
  1.888000000000000E-002  1.018397200020605E-010
  1.890000000000000E-002  1.018429223500337E-010
  1.892000000000000E-002  1.018466124101621E-010
  1.894000000000000E-002  1.018507512830587E-010
  1.896000000000000E-002  1.018552838606029E-010
  1.898000000000000E-002  1.018601229156654E-010
  1.900000000000000E-002  1.018652182166181E-010
  1.902000000000000E-002  1.018705339067190E-010
  1.904000000000000E-002  1.018760390071469E-010
  1.906000000000000E-002  1.018816710058699E-010
  1.908000000000000E-002  1.018874013148721E-010
  1.910000000000000E-002  1.018932078289645E-010
  1.912000000000000E-002  1.018990582638850E-010
  1.914000000000000E-002  1.019049170295320E-010
  1.916000000000000E-002  1.019107329908516E-010
  1.918000000000000E-002  1.019164837771696E-010
  1.920000000000000E-002  1.019221327788234E-010
  1.922000000000000E-002  1.019276410881822E-010
  1.924000000000000E-002  1.019329765026590E-010
  1.926000000000000E-002  1.019380871047880E-010
  1.928000000000000E-002  1.019429807712777E-010
  1.930000000000000E-002  1.019476379566952E-010
  1.932000000000000E-002  1.019520148906983E-010
  1.934000000000000E-002  1.019560255554431E-010
  1.936000000000000E-002  1.019596517520584E-010
  1.938000000000000E-002  1.019629571942818E-010
  1.940000000000000E-002  1.019660131225082E-010
  1.942000000000000E-002  1.019688223067973E-010
  1.944000000000000E-002  1.019714251072544E-010
  1.946000000000000E-002  1.019738872365895E-010
  1.948000000000000E-002  1.019761699351362E-010
  1.950000000000000E-002  1.019782559720374E-010
  1.952000000000000E-002  1.019802005526389E-010
  1.954000000000000E-002  1.019820324405799E-010
  1.956000000000000E-002  1.019837693339403E-010
  1.958000000000000E-002  1.019854326773700E-010
  1.960000000000000E-002  1.019870403238278E-010
  1.962000000000000E-002  1.019886124762537E-010
  1.964000000000000E-002  1.019901635366986E-010
  1.966000000000000E-002  1.019916950814473E-010
  1.968000000000000E-002  1.019932116555393E-010
  1.970000000000000E-002  1.019947131244762E-010
  1.972000000000000E-002  1.019961948843513E-010
  1.974000000000000E-002  1.019976530775932E-010
  1.976000000000000E-002  1.019990865623815E-010
  1.978000000000000E-002  1.020005027066295E-010
  1.980000000000000E-002  1.020019004809852E-010
  1.982000000000000E-002  1.020032749980968E-010
  1.984000000000000E-002  1.020046305671635E-010
  1.986000000000000E-002  1.020059636280023E-010
  1.988000000000000E-002  1.020072689784480E-010
  1.990000000000000E-002  1.020085452287081E-010
  1.992000000000000E-002  1.020097836733609E-010
  1.994000000000000E-002  1.020109750848042E-010
  1.996000000000000E-002  1.020121076036899E-010
  1.998000000000000E-002  1.020131611810127E-010
  2.000000000000000E-002  1.020141236184027E-010
  2.002000000000000E-002  1.020149843711205E-010
  2.004000000000000E-002  1.020157560743128E-010
  2.006000000000000E-002  1.020164012568112E-010
  2.008000000000000E-002  1.020169467801567E-010
  2.010000000000000E-002  1.020173623164137E-010
  2.012000000000000E-002  1.020176559224765E-010
  2.014000000000000E-002  1.020178533648586E-010
  2.016000000000000E-002  1.020178481591881E-010
  2.018000000000000E-002  1.020177503561522E-010
  2.020000000000000E-002  1.020175313260098E-010
  2.022000000000000E-002  1.020171888906279E-010
  2.024000000000000E-002  1.020167294454894E-010
  2.026000000000000E-002  1.020161700109980E-010
  2.028000000000000E-002  1.020155381650215E-010
  2.030000000000000E-002  1.020148601284197E-010
  2.032000000000000E-002  1.020141470420194E-010
  2.034000000000000E-002  1.020134076097505E-010
  2.036000000000000E-002  1.020126515646980E-010
  2.038000000000000E-002  1.020118898604401E-010
  2.040000000000000E-002  1.020111313741064E-010
  2.042000000000000E-002  1.020103852262816E-010
  2.044000000000000E-002  1.020096502110297E-010
  2.046000000000000E-002  1.020089130572334E-010
  2.048000000000000E-002  1.020082163309503E-010
  2.050000000000000E-002  1.020075811100242E-010
  2.052000000000000E-002  1.020070145922422E-010
  2.054000000000000E-002  1.020065316604435E-010
  2.056000000000000E-002  1.020061452327577E-010
  2.058000000000000E-002  1.020058550327161E-010
  2.060000000000000E-002  1.020056469356666E-010
  2.062000000000000E-002  1.020055034430498E-010
  2.064000000000000E-002  1.020054119752002E-010
  2.066000000000000E-002  1.020053876818568E-010
  2.068000000000000E-002  1.020054519128920E-010
  2.070000000000000E-002  1.020055382235979E-010
  2.072000000000000E-002  1.020056734663219E-010
  2.074000000000000E-002  1.020058303765921E-010
  2.076000000000000E-002  1.020059898841064E-010
  2.078000000000000E-002  1.020060941070942E-010
  2.080000000000000E-002  1.020061044616465E-010
  2.082000000000000E-002  1.020060130775805E-010
  2.084000000000000E-002  1.020057909478992E-010
  2.086000000000000E-002  1.020054353307979E-010
  2.088000000000000E-002  1.020049364746819E-010
  2.090000000000000E-002  1.020042843826558E-010
  2.092000000000000E-002  1.020034702214802E-010
  2.094000000000000E-002  1.020024857096890E-010
  2.096000000000000E-002  1.020013236828447E-010
  2.098000000000000E-002  1.019999799839596E-010
  2.100000000000000E-002  1.019984541149362E-010
  2.102000000000000E-002  1.019967477249037E-010
  2.104000000000000E-002  1.019948622489830E-010
  2.106000000000000E-002  1.019927957699847E-010
  2.108000000000000E-002  1.019905439265544E-010
  2.110000000000000E-002  1.019881015048557E-010
  2.112000000000000E-002  1.019854638404805E-010
  2.114000000000000E-002  1.019826274950464E-010
  2.116000000000000E-002  1.019795858037086E-010
  2.118000000000000E-002  1.019763347529000E-010
  2.120000000000000E-002  1.019728796484303E-010
  2.122000000000000E-002  1.019692322387887E-010
  2.124000000000000E-002  1.019654148601366E-010
  2.126000000000000E-002  1.019614412656806E-010
  2.128000000000000E-002  1.019572984458824E-010
  2.130000000000000E-002  1.019529759889639E-010
  2.132000000000000E-002  1.019484604719441E-010
  2.134000000000000E-002  1.019437330854829E-010
  2.136000000000000E-002  1.019387676106701E-010
  2.138000000000000E-002  1.019335317937240E-010
  2.140000000000000E-002  1.019279851808465E-010
  2.142000000000000E-002  1.019220695691505E-010
  2.144000000000000E-002  1.019157113079871E-010
  2.146000000000000E-002  1.019088113795268E-010
  2.148000000000000E-002  1.019012392723594E-010
  2.150000000000000E-002  1.018928160122750E-010
  2.152000000000000E-002  1.018832777755032E-010
  2.154000000000000E-002  1.018722090040493E-010
  2.156000000000000E-002  1.018603583835133E-010
  2.158000000000000E-002  1.018519527763095E-010
  2.160000000000000E-002  1.018474603765933E-010
  2.162000000000000E-002  1.018459804834014E-010
  2.164000000000000E-002  1.018459927120351E-010
  2.166000000000000E-002  1.018470399161439E-010
  2.168000000000000E-002  1.018501945586397E-010
  2.170000000000000E-002  1.018568257492792E-010
  2.172000000000000E-002  1.018687652361368E-010
  2.174000000000000E-002  1.018885561669716E-010
  2.176000000000000E-002  1.019197591023437E-010
  2.178000000000000E-002  1.019675748727259E-010
  2.180000000000000E-002  1.020395301649298E-010
  2.182000000000000E-002  1.021465088507723E-010
  2.184000000000000E-002  1.023044194143645E-010
  2.186000000000000E-002  1.025367931648590E-010
  2.188000000000000E-002  1.028785151050788E-010
  2.190000000000000E-002  1.033814820773270E-010
  2.192000000000000E-002  1.041229694847572E-010
  2.194000000000000E-002  1.052179235275665E-010
  2.196000000000000E-002  1.068367551892953E-010
  2.198000000000000E-002  1.092314714372029E-010
  2.200000000000000E-002  1.127722017372721E-010
  2.202000000000000E-002  1.179989989319123E-010
  2.204000000000000E-002  1.256936116891166E-010
  2.206000000000000E-002  1.369769845917243E-010
  2.208000000000000E-002  1.534396750055921E-010
  2.210000000000000E-002  1.773125291967324E-010
  2.212000000000000E-002  2.116851038982771E-010
  2.214000000000000E-002  2.607781856745784E-010
  2.216000000000000E-002  3.302743076386666E-010
  2.218000000000000E-002  4.277062217370463E-010
  2.220000000000000E-002  5.628979278728125E-010
  2.222000000000000E-002  7.484477372120588E-010
  2.224000000000000E-002  1.000239349409464E-009
  2.226000000000000E-002  1.337971387534068E-009
  2.228000000000000E-002  1.785710617953423E-009
  2.230000000000000E-002  2.372511698436245E-009
  2.232000000000000E-002  3.133208793765683E-009
  2.234000000000000E-002  4.109589525586620E-009
  2.236000000000000E-002  5.352310509590491E-009
  2.238000000000000E-002  6.924072071461652E-009
  2.240000000000000E-002  8.904821693563801E-009
  2.242000000000000E-002  1.140006514329646E-008
  2.244000000000000E-002  1.455311378720871E-008
  2.246000000000000E-002  1.855956714350527E-008
  2.248000000000000E-002  2.367676192375503E-008
  2.250000000000000E-002  3.023090498206398E-008
  2.252000000000000E-002  3.862369861409970E-008
  2.254000000000000E-002  4.933812011217198E-008
  2.256000000000000E-002  6.294279361688887E-008
  2.258000000000000E-002  8.009416033200065E-008
  2.260000000000000E-002  1.015357326945704E-007
  2.262000000000000E-002  1.280939475514544E-007
  2.264000000000000E-002  1.606701324317403E-007
  2.266000000000000E-002  2.002274142790291E-007
  2.268000000000000E-002  2.472056764062693E-007
  2.270000000000000E-002  2.889480599814768E-007
  2.272000000000000E-002  3.159217384571511E-007
  2.274000000000000E-002  3.302491917636742E-007
  2.276000000000000E-002  3.356190890634451E-007
  2.278000000000000E-002  3.363097939402397E-007
  2.280000000000000E-002  3.351339831116083E-007
  2.282000000000000E-002  3.309561316374417E-007
  2.284000000000000E-002  3.223107302888812E-007
  2.286000000000000E-002  3.080569354542823E-007
  2.288000000000000E-002  2.873602553603849E-007
  2.290000000000000E-002  2.596875875473216E-007
  2.292000000000000E-002  2.247490124428228E-007
  2.294000000000000E-002  1.823790632168908E-007
  2.296000000000000E-002  1.349721543416687E-007
  2.298000000000000E-002  9.747374355929683E-008
  2.300000000000000E-002  7.316062896554979E-008
  2.302000000000000E-002  6.022871591081835E-008
  2.304000000000000E-002  5.568587101960838E-008
  2.306000000000000E-002  5.549184420261229E-008
  2.308000000000000E-002  5.806942540150008E-008
  2.310000000000000E-002  6.670452338571165E-008
  2.312000000000000E-002  8.591614064784021E-008
  2.314000000000000E-002  1.220074113146233E-007
  2.316000000000000E-002  1.839981273461329E-007
  2.318000000000000E-002  2.849829896968481E-007
  2.320000000000000E-002  4.439669015788105E-007
  2.322000000000000E-002  6.883025772718875E-007
  2.324000000000000E-002  1.056872328889475E-006
  2.326000000000000E-002  1.604156620839014E-006
  2.328000000000000E-002  2.405327152103278E-006
  2.330000000000000E-002  3.562476453916744E-006
  2.332000000000000E-002  5.212038946921353E-006
  2.334000000000000E-002  7.533354681117883E-006
  2.336000000000000E-002  1.075815876605393E-005
  2.338000000000000E-002  1.518052811686681E-005
  2.340000000000000E-002  2.116646882836078E-005
  2.342000000000000E-002  2.916188923651446E-005
  2.344000000000000E-002  3.969722270638905E-005
  2.346000000000000E-002  5.338652888333100E-005
  2.348000000000000E-002  7.091863235082318E-005
  2.350000000000000E-002  9.303788863300110E-005
  2.352000000000000E-002  1.205126414714069E-004
  2.354000000000000E-002  1.540905014039228E-004
  2.356000000000000E-002  1.944413668148911E-004
  2.358000000000000E-002  2.420917841647017E-004
  2.360000000000000E-002  2.973577573262795E-004
  2.362000000000000E-002  3.602879575532753E-004
  2.364000000000000E-002  4.306361370202259E-004
  2.366000000000000E-002  5.078916130096618E-004
  2.368000000000000E-002  5.914127572282893E-004
  2.370000000000000E-002  6.807353693396698E-004
  2.372000000000000E-002  7.744075591238426E-004
  2.374000000000000E-002  8.607302037948902E-004
  2.376000000000000E-002  9.366309927198571E-004
  2.378000000000000E-002  1.004459141274470E-003
  2.380000000000000E-002  1.067286891978497E-003
  2.382000000000000E-002  1.128032213036466E-003
  2.384000000000000E-002  1.188578245391458E-003
  2.386000000000000E-002  1.250159519829351E-003
  2.388000000000000E-002  1.315498126015835E-003
  2.390000000000000E-002  1.389208804158535E-003
  2.392000000000000E-002  1.477960177214421E-003
  2.394000000000000E-002  1.590557324153234E-003
  2.396000000000000E-002  1.737990473098279E-003
  2.398000000000000E-002  1.933516449410977E-003
  2.400000000000000E-002  2.192834353259533E-003
  2.402000000000000E-002  2.534409509230410E-003
  2.404000000000000E-002  2.979978891137986E-003
  2.406000000000000E-002  3.555241294838946E-003
  2.408000000000000E-002  4.290700290789671E-003
  2.410000000000000E-002  5.222588104646001E-003
  2.412000000000000E-002  6.393755287467161E-003
  2.414000000000000E-002  7.854362963973259E-003
  2.416000000000000E-002  9.662157626768536E-003
  2.418000000000000E-002  1.188203972015344E-002
  2.420000000000000E-002  1.458454419554853E-002
  2.422000000000000E-002  1.784271427772012E-002
  2.424000000000000E-002  2.172663118684532E-002
  2.426000000000000E-002  2.629041592106243E-002
  2.428000000000000E-002  3.074330370714867E-002
  2.430000000000000E-002  3.400907921354494E-002
  2.432000000000000E-002  3.624857188942374E-002
  2.434000000000000E-002  3.777595124580222E-002
  2.436000000000000E-002  3.892426960717023E-002
  2.438000000000000E-002  3.995363441537256E-002
  2.440000000000000E-002  4.099232779337141E-002
  2.442000000000000E-002  4.215835855890638E-002
  2.444000000000000E-002  4.368258331654948E-002
  2.446000000000000E-002  4.593587826505281E-002
  2.448000000000000E-002  4.946411767712031E-002
  2.450000000000000E-002  5.501615155496082E-002
  2.452000000000000E-002  6.356298749481439E-002
  2.454000000000000E-002  7.629803314637253E-002
  2.456000000000000E-002  9.460942019969149E-002
  2.458000000000000E-002  0.120018954871117     
  2.460000000000000E-002  0.154088784041848     
  2.462000000000000E-002  0.198304731347829     
  2.464000000000000E-002  0.253949787101762     
  2.466000000000000E-002  0.321974807919661     
  2.468000000000000E-002  0.402827806531941     
  2.470000000000000E-002  0.490316754708514     
  2.472000000000000E-002  0.561346261481741     
  2.474000000000000E-002  0.613783100906353     
  2.476000000000000E-002  0.650696720432041     
  2.478000000000000E-002  0.675534921828776     
  2.480000000000000E-002  0.691755896436776     
  2.482000000000000E-002  0.702430079145056     
  2.484000000000000E-002  0.709999217542556     
  2.486000000000000E-002  0.716182002974657     
  2.488000000000000E-002  0.722018523376059     
  2.490000000000000E-002  0.728043423529070     
  2.492000000000000E-002  0.734859854924795     
  2.494000000000000E-002  0.743384976394099     
  2.496000000000000E-002  0.754687488915390     
  2.498000000000000E-002  0.769799140179656     
  2.500000000000000E-002  0.789492013259799     
  2.502000000000000E-002  0.814019881973675     
  2.504000000000000E-002  0.838701902271169     
  2.506000000000000E-002  0.857280929882849     
  2.508000000000000E-002  0.870553892261623     
  2.510000000000000E-002  0.879669523757519     
  2.512000000000000E-002  0.885728160275055     
  2.514000000000000E-002  0.889731378470862     
  2.516000000000000E-002  0.892540009477151     
  2.518000000000000E-002  0.894825399803096     
  2.520000000000000E-002  0.897008018507913     
  2.522000000000000E-002  0.899292352947484     
  2.524000000000000E-002  0.901974890240366     
  2.526000000000000E-002  0.905431486822854     
  2.528000000000000E-002  0.909920829244428     
  2.530000000000000E-002  0.914385172317711     
  2.532000000000000E-002  0.917135668605104     
  2.534000000000000E-002  0.918395771737849     
  2.536000000000000E-002  0.918736953832997     
  2.538000000000000E-002  0.918625015218901     
  2.540000000000000E-002  0.917930912345099     
  2.542000000000000E-002  0.916389959753517     
  2.544000000000000E-002  0.914122396105160     
  2.546000000000000E-002  0.912292454511331     
  2.548000000000000E-002  0.911148827726478     
  2.550000000000000E-002  0.910322796258501     
  2.552000000000000E-002  0.909571758900810     
  2.554000000000000E-002  0.908714324093810     
  2.556000000000000E-002  0.907596810031406     
  2.558000000000000E-002  0.906192799763895     
  2.560000000000000E-002  0.904747493545449     
  2.562000000000000E-002  0.903676260065466     
  2.564000000000000E-002  0.903168891141911     
  2.566000000000000E-002  0.903262155720598     
  2.568000000000000E-002  0.904172617880259     
  2.570000000000000E-002  0.906014833053555     
  2.572000000000000E-002  0.908518994788160     
  2.574000000000000E-002  0.911327213289144     
  2.576000000000000E-002  0.914027412618937     
  2.578000000000000E-002  0.916454659361090     
  2.580000000000000E-002  0.918590862376802     
  2.582000000000000E-002  0.920472089685651     
  2.584000000000000E-002  0.922176952295923     
  2.586000000000000E-002  0.923794910333003     
  2.588000000000000E-002  0.925399347349628     
  2.590000000000000E-002  0.927026958381095     
  2.592000000000000E-002  0.928716985200905     
  2.594000000000000E-002  0.930534656207764     
  2.596000000000000E-002  0.932574348801419     
  2.598000000000000E-002  0.934951917676639     
  2.600000000000000E-002  0.937792476422460     
  2.602000000000000E-002  0.940800504491644     
  2.604000000000000E-002  0.942936305339187     
  2.606000000000000E-002  0.944159100822931     
  2.608000000000000E-002  0.944610457766699     
  2.610000000000000E-002  0.944639545653676     
  2.612000000000000E-002  0.944440073705511     
  2.614000000000000E-002  0.943780787270852     
  2.616000000000000E-002  0.942368447003310     
  2.618000000000000E-002  0.939858864113906     
  2.620000000000000E-002  0.935844926357997     
  2.622000000000000E-002  0.929838320204099     
  2.624000000000000E-002  0.921246118117514     
  2.626000000000000E-002  0.909338975199921     
  2.628000000000000E-002  0.893206635292854     
  2.630000000000000E-002  0.871699698498903     
  2.632000000000000E-002  0.843360501864328     
  2.634000000000000E-002  0.806363402558417     
  2.636000000000000E-002  0.758506509370008     
  2.638000000000000E-002  0.706277860853215     
  2.640000000000000E-002  0.673363318710877     
  2.642000000000000E-002  0.658918317000044     
  2.644000000000000E-002  0.656098742916070     
  2.646000000000000E-002  0.658516002008861     
  2.648000000000000E-002  0.668691206940068     
  2.650000000000000E-002  0.691145398747591     
  2.652000000000000E-002  0.728051609963233     
  2.654000000000000E-002  0.774904916272412     
  2.656000000000000E-002  0.809710629552683     
  2.658000000000000E-002  0.829502853483034     
  2.660000000000000E-002  0.839704270519300     
  2.662000000000000E-002  0.843800844561505     
  2.664000000000000E-002  0.843940325213742     
  2.666000000000000E-002  0.841953475871873     
  2.668000000000000E-002  0.836743969199093     
  2.670000000000000E-002  0.827494798329737     
  2.672000000000000E-002  0.813950427672507     
  2.674000000000000E-002  0.796500107834980     
  2.676000000000000E-002  0.776089743751156     
  2.678000000000000E-002  0.754580104566646     
  2.680000000000000E-002  0.735143141660410     
  2.682000000000000E-002  0.717163229986761     
  2.684000000000000E-002  0.699756515407877     
  2.686000000000000E-002  0.682434491596773     
  2.688000000000000E-002  0.664963543871331     
  2.690000000000000E-002  0.646946049682647     
  2.692000000000000E-002  0.627800978601989     
  2.694000000000000E-002  0.606832201057290     
  2.696000000000000E-002  0.583297399798006     
  2.698000000000000E-002  0.556479976870719     
  2.700000000000000E-002  0.525757863115462     
  2.702000000000000E-002  0.490667954951932     
  2.704000000000000E-002  0.450968753641195     
  2.706000000000000E-002  0.406707368978306     
  2.708000000000000E-002  0.358393108181809     
  2.710000000000000E-002  0.311354622030681     
  2.712000000000000E-002  0.270350154656086     
  2.714000000000000E-002  0.234683223524593     
  2.716000000000000E-002  0.203460000843441     
  2.718000000000000E-002  0.175883375647626     
  2.720000000000000E-002  0.151324480920316     
  2.722000000000000E-002  0.129293579816887     
  2.724000000000000E-002  0.109421872489118     
  2.726000000000000E-002  9.146947284695869E-002
  2.728000000000000E-002  7.532013391594111E-002
  2.730000000000000E-002  6.095246505994609E-002
  2.732000000000000E-002  4.838937453581767E-002
  2.734000000000000E-002  3.764317214184709E-002
  2.736000000000000E-002  2.867593558077433E-002
  2.738000000000000E-002  2.138317630254327E-002
  2.740000000000000E-002  1.559959871758091E-002
  2.742000000000000E-002  1.112131906095297E-002
  2.744000000000000E-002  7.738035847778523E-003
  2.746000000000000E-002  5.259789730124842E-003
  2.748000000000000E-002  3.505022097221425E-003
  2.750000000000000E-002  2.308780212002661E-003
  2.752000000000000E-002  1.536983888442553E-003
  2.754000000000000E-002  1.080557548677454E-003
  2.756000000000000E-002  8.483071209067350E-004
  2.758000000000000E-002  7.603895439236658E-004
  2.760000000000000E-002  7.494125908785861E-004
  2.762000000000000E-002  7.750345616600173E-004
  2.764000000000000E-002  8.655763496703804E-004
  2.766000000000000E-002  1.059952413545591E-003
  2.768000000000000E-002  1.399426785454004E-003
  2.770000000000000E-002  1.929321492557374E-003
  2.772000000000000E-002  2.700350479618766E-003
  2.774000000000000E-002  3.769600535786866E-003
  2.776000000000000E-002  5.200514613509370E-003
  2.778000000000000E-002  7.061465888667316E-003
  2.780000000000000E-002  9.422471316095053E-003
  2.782000000000000E-002  1.234968695674502E-002
  2.784000000000000E-002  1.589752785855857E-002
  2.786000000000000E-002  1.973566297057417E-002
  2.788000000000000E-002  2.259876516285067E-002
  2.790000000000000E-002  2.441533141414859E-002
  2.792000000000000E-002  2.537864958249167E-002
  2.794000000000000E-002  2.574176615395492E-002
  2.796000000000000E-002  2.578477801131557E-002
  2.798000000000000E-002  2.568164360489287E-002
  2.800000000000000E-002  2.531381930575361E-002
  2.802000000000000E-002  2.453129003559578E-002
  2.804000000000000E-002  2.320569600381973E-002
  2.806000000000000E-002  2.124242317113004E-002
  2.808000000000000E-002  1.859470047991592E-002
  2.810000000000000E-002  1.527574917510490E-002
  2.812000000000000E-002  1.148891790549909E-002
  2.814000000000000E-002  8.297668353895451E-003
  2.816000000000000E-002  5.913866234832593E-003
  2.818000000000000E-002  4.159527248774000E-003
  2.820000000000000E-002  2.888698830027268E-003
  2.822000000000000E-002  1.981807132226661E-003
  2.824000000000000E-002  1.343753747703188E-003
  2.826000000000000E-002  9.008681163164317E-004
  2.828000000000000E-002  5.973895639265379E-004
  2.830000000000000E-002  3.919853930831992E-004
  2.832000000000000E-002  2.545947228313321E-004
  2.834000000000000E-002  1.637340532715775E-004
  2.836000000000000E-002  1.042974253265267E-004
  2.838000000000000E-002  6.582345929084553E-005
  2.840000000000000E-002  4.116998532733400E-005
  2.842000000000000E-002  2.552623162568056E-005
  2.844000000000000E-002  1.569297439417424E-005
  2.846000000000000E-002  9.568347059836991E-006
  2.848000000000000E-002  5.787316991003358E-006
  2.850000000000000E-002  3.473106556961437E-006
  2.852000000000000E-002  2.068463929118096E-006
  2.854000000000000E-002  1.222792479790119E-006
  2.856000000000000E-002  7.176581370829130E-007
  2.858000000000000E-002  4.182425411517040E-007
  2.860000000000000E-002  2.420883343112673E-007
  2.862000000000000E-002  1.392045039406381E-007
  2.864000000000000E-002  7.953986613144540E-008
  2.866000000000000E-002  4.517781483281265E-008
  2.868000000000000E-002  2.552130619938626E-008
  2.870000000000000E-002  1.435089355095284E-008
  2.872000000000000E-002  8.043704071463773E-009
  2.874000000000000E-002  4.504762256433195E-009
  2.876000000000000E-002  2.531210258547598E-009
  2.878000000000000E-002  1.437181159585547E-009
  2.880000000000000E-002  8.342273881869273E-010
  2.882000000000000E-002  5.037907369823081E-010
  2.884000000000000E-002  3.236865841609524E-010
  2.886000000000000E-002  2.260337031393594E-010
  2.888000000000000E-002  1.733490596093006E-010
  2.890000000000000E-002  1.450572438843217E-010
  2.892000000000000E-002  1.299287161044896E-010
  2.894000000000000E-002  1.218684641451748E-010
  2.896000000000000E-002  1.175859011743338E-010
  2.898000000000000E-002  1.153139886655002E-010
  2.900000000000000E-002  1.141086310655375E-010
  2.902000000000000E-002  1.134679399614055E-010
  2.904000000000000E-002  1.131261075323386E-010
  2.906000000000000E-002  1.129427308248108E-010
  2.908000000000000E-002  1.128436835646571E-010
  2.910000000000000E-002  1.127896398351014E-010
  2.912000000000000E-002  1.127597716281318E-010
  2.914000000000000E-002  1.127430555384159E-010
  2.916000000000000E-002  1.127336139402028E-010
  2.918000000000000E-002  1.127287849917317E-010
  2.920000000000000E-002  1.127262408777336E-010
  2.922000000000000E-002  1.127251401096266E-010
  2.924000000000000E-002  1.127251260718049E-010
  2.926000000000000E-002  1.127253149588224E-010
  2.928000000000000E-002  1.127257919294598E-010
  2.930000000000000E-002  1.127266551360471E-010
  2.932000000000000E-002  1.127279943214886E-010
  2.934000000000000E-002  1.127297451124786E-010
  2.936000000000000E-002  1.127318844816180E-010
  2.938000000000000E-002  1.127343472353965E-010
  2.940000000000000E-002  1.127370521344761E-010
  2.942000000000000E-002  1.127398142269098E-010
  2.944000000000000E-002  1.127424264641814E-010
  2.946000000000000E-002  1.127449218128025E-010
  2.948000000000000E-002  1.127473275895526E-010
  2.950000000000000E-002  1.127496435242500E-010
  2.952000000000000E-002  1.127518736657834E-010
  2.954000000000000E-002  1.127540563191175E-010
  2.956000000000000E-002  1.127562543546263E-010
  2.958000000000000E-002  1.127585846849286E-010
  2.960000000000000E-002  1.127610816727467E-010
  2.962000000000000E-002  1.127637047959681E-010
  2.964000000000000E-002  1.127664212543508E-010
  2.966000000000000E-002  1.127692123256117E-010
  2.968000000000000E-002  1.127721010712576E-010
  2.970000000000000E-002  1.127751275670591E-010
  2.972000000000000E-002  1.127782831628730E-010
  2.974000000000000E-002  1.127814779282472E-010
  2.976000000000000E-002  1.127845787723477E-010
  2.978000000000000E-002  1.127876303582943E-010
  2.980000000000000E-002  1.127906752862739E-010
  2.982000000000000E-002  1.127937380570289E-010
  2.984000000000000E-002  1.127968286659357E-010
  2.986000000000000E-002  1.127999396507266E-010
  2.988000000000000E-002  1.128030780745368E-010
  2.990000000000000E-002  1.128062780444577E-010
  2.992000000000000E-002  1.128095267261969E-010
  2.994000000000000E-002  1.128124970928623E-010
  2.996000000000000E-002  1.128154713243073E-010
  2.998000000000000E-002  1.128181131990685E-010
  3.000000000000000E-002  1.128206398155010E-010
  3.002000000000000E-002  1.128230159990503E-010
  3.004000000000000E-002  1.128252159347042E-010
  3.006000000000000E-002  1.128272483394947E-010
  3.008000000000000E-002  1.128291225077736E-010
  3.010000000000000E-002  1.128308607919080E-010
  3.012000000000000E-002  1.128325636420893E-010
  3.014000000000000E-002  1.128343447084648E-010
  3.016000000000000E-002  1.128362865357248E-010
  3.018000000000000E-002  1.128384128833926E-010
  3.020000000000000E-002  1.128407177951226E-010
  3.022000000000000E-002  1.128431805831315E-010
  3.024000000000000E-002  1.128457770273796E-010
  3.026000000000000E-002  1.128484900132428E-010
  3.028000000000000E-002  1.128513497256176E-010
  3.030000000000000E-002  1.128544354722986E-010
  3.032000000000000E-002  1.128578053644259E-010
  3.034000000000000E-002  1.128614538101236E-010
  3.036000000000000E-002  1.128653370461615E-010
  3.038000000000000E-002  1.128694097586499E-010
  3.040000000000000E-002  1.128736371826449E-010
  3.042000000000000E-002  1.128779892000096E-010
  3.044000000000000E-002  1.128824384987931E-010
  3.046000000000000E-002  1.128869668921840E-010
  3.048000000000000E-002  1.128915597766561E-010
  3.050000000000000E-002  1.128961896472394E-010
  3.052000000000000E-002  1.129008198185644E-010
  3.054000000000000E-002  1.129054168296586E-010
  3.056000000000000E-002  1.129099298925221E-010
  3.058000000000000E-002  1.129143372680601E-010
  3.060000000000000E-002  1.129186393054661E-010
  3.062000000000000E-002  1.129228096146786E-010
  3.064000000000000E-002  1.129268138500014E-010
  3.066000000000000E-002  1.129306361340772E-010
  3.068000000000000E-002  1.129342491093743E-010
  3.070000000000000E-002  1.129376511760947E-010
  3.072000000000000E-002  1.129408427767857E-010
  3.074000000000000E-002  1.129438015429740E-010
  3.076000000000000E-002  1.129465386519240E-010
  3.078000000000000E-002  1.129490119059393E-010
  3.080000000000000E-002  1.129511759276119E-010
  3.082000000000000E-002  1.129530382592464E-010
  3.084000000000000E-002  1.129546283810443E-010
  3.086000000000000E-002  1.129559352575950E-010
  3.088000000000000E-002  1.129569684447458E-010
  3.090000000000000E-002  1.129577313395691E-010
  3.092000000000000E-002  1.129582575265749E-010
  3.094000000000000E-002  1.129586103512296E-010
  3.096000000000000E-002  1.129586741316713E-010
  3.098000000000000E-002  1.129586172114723E-010
  3.100000000000000E-002  1.129584683257268E-010
  3.102000000000000E-002  1.129582159226491E-010
  3.104000000000000E-002  1.129579045027920E-010
  3.106000000000000E-002  1.129575550486664E-010
  3.108000000000000E-002  1.129571598910745E-010
  3.110000000000000E-002  1.129567358196961E-010
  3.112000000000000E-002  1.129563045503160E-010
  3.114000000000000E-002  1.129558469624652E-010
  3.116000000000000E-002  1.129555013513243E-010
  3.118000000000000E-002  1.129551460061590E-010
  3.120000000000000E-002  1.129547075200131E-010
  3.122000000000000E-002  1.129542019353952E-010
  3.124000000000000E-002  1.129535635004949E-010
  3.126000000000000E-002  1.129526846603425E-010
  3.128000000000000E-002  1.129514749814800E-010
  3.130000000000000E-002  1.129497849573923E-010
  3.132000000000000E-002  1.129474981927500E-010
  3.134000000000000E-002  1.129444796994290E-010
  3.136000000000001E-002  1.129405880432924E-010
  3.138000000000001E-002  1.129356726520506E-010
  3.140000000000000E-002  1.129295747583772E-010
  3.142000000000000E-002  1.129221163796621E-010
  3.144000000000000E-002  1.129131100925274E-010
  3.146000000000000E-002  1.129023739982697E-010
  3.148000000000000E-002  1.128897421305701E-010
  3.150000000000000E-002  1.128750687540523E-010
  3.152000000000000E-002  1.128582383042651E-010
  3.154000000000001E-002  1.128391756825443E-010
  3.156000000000000E-002  1.128178689542951E-010
  3.158000000000000E-002  1.127943098021512E-010
  3.160000000000000E-002  1.127686785323589E-010
  3.162000000000000E-002  1.127431227319236E-010
  3.164000000000000E-002  1.127207185169829E-010
  3.166000000000000E-002  1.127016000089416E-010
  3.168000000000000E-002  1.126857783275887E-010
  3.170000000000001E-002  1.126730860304546E-010
  3.172000000000001E-002  1.126631782125965E-010
  3.174000000000000E-002  1.126556095149789E-010
  3.176000000000000E-002  1.126498851266923E-010
  3.178000000000000E-002  1.126455889307616E-010
  3.180000000000000E-002  1.126427947687462E-010
  3.182000000000000E-002  1.126412701263004E-010
  3.184000000000000E-002  1.126408080974744E-010
  3.186000000000000E-002  1.126408403226810E-010
  3.188000000000001E-002  1.126413288102344E-010
  3.190000000000000E-002  1.126427817349606E-010
  3.192000000000000E-002  1.126456005212380E-010
  3.194000000000000E-002  1.126499964013568E-010
  3.196000000000000E-002  1.126559641978916E-010
  3.198000000000000E-002  1.126633653784873E-010
  3.200000000000000E-002  1.126720581412909E-010
  3.202000000000000E-002  1.126819054192350E-010
  3.204000000000001E-002  1.126927293065958E-010
  3.206000000000001E-002  1.127043147897504E-010
  3.208000000000000E-002  1.127155333782620E-010
  3.210000000000000E-002  1.127257532991412E-010
  3.212000000000000E-002  1.127351980884077E-010
  3.214000000000000E-002  1.127440698421461E-010
  3.216000000000000E-002  1.127525303865352E-010
  3.218000000000000E-002  1.127606994344777E-010
  3.220000000000000E-002  1.127685989550844E-010
  3.222000000000001E-002  1.127761267393638E-010
  3.224000000000000E-002  1.127831693510564E-010
  3.226000000000000E-002  1.127897116961828E-010
  3.228000000000000E-002  1.127957406851424E-010
  3.230000000000000E-002  1.128012468514974E-010
  3.232000000000000E-002  1.128062743100255E-010
  3.234000000000000E-002  1.128109561350618E-010
  3.236000000000000E-002  1.128153489807190E-010
  3.238000000000001E-002  1.128194349832038E-010
  3.240000000000001E-002  1.128232159748628E-010
  3.242000000000000E-002  1.128267022377399E-010
  3.244000000000000E-002  1.128299101451854E-010
  3.246000000000000E-002  1.128328574884052E-010
  3.248000000000000E-002  1.128355615390326E-010
  3.250000000000000E-002  1.128380448500143E-010
  3.252000000000000E-002  1.128403745109636E-010
  3.254000000000000E-002  1.128426623317863E-010
  3.256000000000001E-002  1.128449691554524E-010
  3.258000000000000E-002  1.128473539262841E-010
  3.260000000000000E-002  1.128498773514848E-010
  3.262000000000000E-002  1.128525838150934E-010
  3.264000000000000E-002  1.128554833338814E-010
  3.266000000000000E-002  1.128585395922927E-010
  3.268000000000000E-002  1.128617275955461E-010
  3.270000000000000E-002  1.128651180833863E-010
  3.272000000000001E-002  1.128687878961775E-010
  3.274000000000001E-002  1.128727052029786E-010
  3.276000000000000E-002  1.128767981840409E-010
  3.278000000000000E-002  1.128810247406858E-010
  3.280000000000000E-002  1.128853808896594E-010
  3.282000000000000E-002  1.128898795920293E-010
  3.284000000000000E-002  1.128945306865226E-010
  3.286000000000000E-002  1.128993321184979E-010
  3.288000000000000E-002  1.129042709004637E-010
  3.290000000000001E-002  1.129093280148958E-010
  3.292000000000000E-002  1.129144819891030E-010
  3.294000000000000E-002  1.129197033491171E-010
  3.296000000000000E-002  1.129249888825702E-010
  3.298000000000000E-002  1.129303214733789E-010
  3.300000000000000E-002  1.129356586231813E-010
  3.302000000000000E-002  1.129409670435506E-010
  3.304000000000000E-002  1.129462187563356E-010
  3.306000000000001E-002  1.129513980132939E-010
  3.308000000000001E-002  1.129564710169789E-010
  3.310000000000000E-002  1.129613491164694E-010
  3.312000000000000E-002  1.129659519141713E-010
  3.314000000000000E-002  1.129702233308130E-010
  3.316000000000000E-002  1.129741601467398E-010
  3.318000000000000E-002  1.129777595848697E-010
  3.320000000000000E-002  1.129809658514804E-010
  3.322000000000000E-002  1.129837550467965E-010
  3.324000000000001E-002  1.129861343976940E-010
  3.326000000000000E-002  1.129881156804863E-010
  3.328000000000000E-002  1.129897298436443E-010
  3.330000000000000E-002  1.129910202503253E-010
  3.332000000000000E-002  1.129919967918960E-010
  3.334000000000000E-002  1.129926375669112E-010
  3.336000000000000E-002  1.129929246335826E-010
  3.338000000000000E-002  1.129928085587279E-010
  3.340000000000001E-002  1.129922087921963E-010
  3.342000000000001E-002  1.129911966015045E-010
  3.344000000000000E-002  1.129897238776719E-010
  3.346000000000000E-002  1.129878235703637E-010
  3.348000000000000E-002  1.129855928375185E-010
  3.350000000000000E-002  1.129829283121375E-010
  3.352000000000000E-002  1.129797828094077E-010
  3.354000000000000E-002  1.129763538939755E-010
  3.356000000000000E-002  1.129726298955997E-010
  3.358000000000001E-002  1.129686734904131E-010
  3.360000000000000E-002  1.129645023458370E-010
  3.362000000000000E-002  1.129601103625005E-010
  3.364000000000000E-002  1.129554867923083E-010
  3.366000000000000E-002  1.129506336345503E-010
  3.368000000000000E-002  1.129455698800303E-010
  3.370000000000000E-002  1.129403435206029E-010
  3.372000000000000E-002  1.129350448795045E-010
  3.374000000000001E-002  1.129296859915057E-010
  3.376000000000001E-002  1.129243179564070E-010
  3.378000000000000E-002  1.129190345064186E-010
  3.380000000000000E-002  1.129138467679518E-010
  3.382000000000000E-002  1.129087227862865E-010
  3.384000000000000E-002  1.129036313489699E-010
  3.386000000000000E-002  1.128985665928507E-010
  3.388000000000000E-002  1.128935201841347E-010
  3.390000000000000E-002  1.128884920671378E-010
  3.392000000000001E-002  1.128835222407362E-010
  3.394000000000000E-002  1.128785683518666E-010
  3.396000000000000E-002  1.128736345406428E-010
  3.398000000000000E-002  1.128687328437069E-010
  3.400000000000000E-002  1.128638832298562E-010
  3.402000000000000E-002  1.128592896870473E-010
  3.404000000000000E-002  1.128553094381725E-010
  3.406000000000000E-002  1.128520169295360E-010
  3.408000000000001E-002  1.128493124791318E-010
  3.410000000000001E-002  1.128471497739396E-010
  3.412000000000000E-002  1.128454915355395E-010
  3.414000000000000E-002  1.128443283838887E-010
  3.416000000000000E-002  1.128436760221395E-010
  3.418000000000000E-002  1.128435068329020E-010
  3.420000000000000E-002  1.128437891016113E-010
  3.422000000000000E-002  1.128445795064935E-010
  3.424000000000000E-002  1.128457789090752E-010
  3.426000000000001E-002  1.128473033775918E-010
  3.428000000000000E-002  1.128490884635142E-010
  3.430000000000000E-002  1.128510369783892E-010
  3.432000000000000E-002  1.128530809292122E-010
  3.434000000000000E-002  1.128551428751078E-010
  3.436000000000000E-002  1.128571931530239E-010
  3.438000000000000E-002  1.128593058247607E-010
  3.440000000000000E-002  1.128615447941154E-010
  3.442000000000001E-002  1.128638846318034E-010
  3.444000000000001E-002  1.128662805953310E-010
  3.446000000000000E-002  1.128687183998418E-010
  3.448000000000000E-002  1.128712085007753E-010
  3.450000000000000E-002  1.128737455925986E-010
  3.452000000000000E-002  1.128762363193332E-010
  3.454000000000000E-002  1.128781271635689E-010
  3.456000000000000E-002  1.128796362336571E-010
  3.458000000000000E-002  1.128805808780889E-010
  3.460000000000001E-002  1.128806099245759E-010
  3.462000000000000E-002  1.128802334847290E-010
  3.464000000000000E-002  1.128794467451138E-010
  3.466000000000000E-002  1.128781070924806E-010
  3.468000000000000E-002  1.128761578286551E-010
  3.470000000000000E-002  1.128739532840456E-010
  3.472000000000000E-002  1.128713690864442E-010
  3.474000000000000E-002  1.128683693425959E-010
  3.476000000000001E-002  1.128647772951204E-010
  3.478000000000001E-002  1.128604131008630E-010
  3.480000000000000E-002  1.128551676747922E-010
  3.482000000000000E-002  1.128490091360265E-010
  3.484000000000000E-002  1.128419428614689E-010
  3.486000000000000E-002  1.128339530024449E-010
  3.488000000000000E-002  1.128254975628673E-010
  3.490000000000000E-002  1.128187568469867E-010
  3.492000000000000E-002  1.128137826491983E-010
  3.494000000000001E-002  1.128102506853934E-010
  3.496000000000000E-002  1.128079033872048E-010
  3.498000000000000E-002  1.128063442645179E-010
  3.500000000000000E-002  1.128057141101780E-010
  3.502000000000000E-002  1.128057692469569E-010
  3.504000000000000E-002  1.128062506434736E-010
  3.506000000000000E-002  1.128072534181353E-010
  3.508000000000000E-002  1.128087368631298E-010
  3.510000000000001E-002  1.128107459078752E-010
  3.512000000000001E-002  1.128131160290255E-010
  3.514000000000000E-002  1.128154485768011E-010
  3.516000000000000E-002  1.128179781053968E-010
  3.518000000000000E-002  1.128207783089236E-010
  3.520000000000000E-002  1.128236668829928E-010
  3.522000000000000E-002  1.128266192680355E-010
  3.524000000000000E-002  1.128297009127480E-010
  3.526000000000000E-002  1.128324598053050E-010
  3.528000000000001E-002  1.128347148579104E-010
  3.530000000000000E-002  1.128364441615217E-010
  3.532000000000000E-002  1.128376990501439E-010
  3.534000000000000E-002  1.128385572106923E-010
  3.536000000000000E-002  1.128391000492518E-010
  3.538000000000000E-002  1.128394208342499E-010
  3.540000000000000E-002  1.128396239899296E-010
  3.542000000000000E-002  1.128398143087693E-010
  3.544000000000001E-002  1.128401119154829E-010
  3.546000000000001E-002  1.128406331997154E-010
  3.548000000000000E-002  1.128414082640549E-010
  3.550000000000000E-002  1.128424354584038E-010
  3.552000000000000E-002  1.128437298247550E-010
  3.554000000000000E-002  1.128453074796669E-010
  3.556000000000000E-002  1.128471498950445E-010
  3.558000000000000E-002  1.128492473979442E-010
  3.560000000000000E-002  1.128516706691673E-010
  3.562000000000001E-002  1.128545074099948E-010
  3.564000000000001E-002  1.128577371859820E-010
  3.566000000000000E-002  1.128612870698252E-010
  3.568000000000000E-002  1.128650526407198E-010
  3.570000000000000E-002  1.128689086432615E-010
  3.572000000000000E-002  1.128728606037099E-010
  3.574000000000000E-002  1.128769155921863E-010
  3.576000000000000E-002  1.128810779620903E-010
  3.578000000000001E-002  1.128853450964445E-010
  3.580000000000001E-002  1.128897066707389E-010
  3.582000000000000E-002  1.128941450033667E-010
  3.584000000000000E-002  1.128986370799835E-010
  3.586000000000000E-002  1.129031321454451E-010
  3.588000000000000E-002  1.129074910737840E-010
  3.590000000000000E-002  1.129116567135251E-010
  3.592000000000000E-002  1.129156262844102E-010
  3.594000000000000E-002  1.129193904034288E-010
  3.596000000000001E-002  1.129229402808753E-010
  3.598000000000001E-002  1.129262751483534E-010
  3.600000000000000E-002  1.129293827084470E-010
  3.602000000000000E-002  1.129322378518740E-010
  3.604000000000000E-002  1.129348338059354E-010
  3.606000000000000E-002  1.129372117517737E-010
  3.608000000000000E-002  1.129393403921773E-010
  3.610000000000000E-002  1.129412190733377E-010
  3.612000000000001E-002  1.129428778414274E-010
  3.614000000000001E-002  1.129443353698556E-010
  3.616000000000000E-002  1.129455873738524E-010
  3.618000000000000E-002  1.129466037590421E-010
  3.620000000000000E-002  1.129473225617979E-010
  3.622000000000000E-002  1.129477574895217E-010
  3.624000000000000E-002  1.129480179913938E-010
  3.626000000000000E-002  1.129481800449317E-010
  3.628000000000000E-002  1.129484386484641E-010
  3.630000000000001E-002  1.129488524809877E-010
  3.632000000000001E-002  1.129493298506101E-010
  3.634000000000000E-002  1.129498582305119E-010
  3.636000000000000E-002  1.129505101482275E-010
  3.638000000000000E-002  1.129513718807238E-010
  3.640000000000000E-002  1.129524968793607E-010
  3.642000000000000E-002  1.129538780797752E-010
  3.644000000000000E-002  1.129554180317890E-010
  3.646000000000001E-002  1.129571011989462E-010
  3.648000000000001E-002  1.129590116554427E-010
  3.650000000000000E-002  1.129612261216128E-010
  3.652000000000000E-002  1.129638218615357E-010
  3.654000000000000E-002  1.129668468288487E-010
  3.656000000000000E-002  1.129703295343228E-010
  3.658000000000000E-002  1.129742828474534E-010
  3.660000000000000E-002  1.129787144658533E-010
  3.662000000000000E-002  1.129836175515717E-010
  3.664000000000001E-002  1.129889729411099E-010
  3.666000000000001E-002  1.129947518164994E-010
  3.668000000000000E-002  1.130009137622446E-010
  3.670000000000000E-002  1.130074170225445E-010
  3.672000000000000E-002  1.130142144589960E-010
  3.674000000000000E-002  1.130212545486764E-010
  3.676000000000000E-002  1.130284854212186E-010
  3.678000000000000E-002  1.130358524157233E-010
  3.680000000000001E-002  1.130433203614207E-010
  3.682000000000001E-002  1.130508200501066E-010
  3.684000000000000E-002  1.130582480870971E-010
  3.686000000000000E-002  1.130655537153969E-010
  3.688000000000000E-002  1.130727263401342E-010
  3.690000000000000E-002  1.130797885693787E-010
  3.692000000000000E-002  1.130867660008249E-010
  3.694000000000000E-002  1.130936807497017E-010
  3.696000000000000E-002  1.131005389394115E-010
  3.698000000000001E-002  1.131073444791801E-010
  3.700000000000001E-002  1.131140904699931E-010
  3.702000000000000E-002  1.131207616955580E-010
  3.704000000000000E-002  1.131273274970633E-010
  3.706000000000000E-002  1.131337385578734E-010
  3.708000000000000E-002  1.131399392583856E-010
  3.710000000000000E-002  1.131458828576139E-010
  3.712000000000000E-002  1.131515463275976E-010
  3.714000000000001E-002  1.131569126044572E-010
  3.716000000000001E-002  1.131619760414881E-010
  3.718000000000000E-002  1.131667535572306E-010
  3.720000000000000E-002  1.131712736880047E-010
  3.722000000000000E-002  1.131755486441870E-010
  3.724000000000000E-002  1.131795812343480E-010
  3.726000000000000E-002  1.131833058809668E-010
  3.728000000000000E-002  1.131867024907942E-010
  3.730000000000000E-002  1.131898262997268E-010
  3.732000000000001E-002  1.131925592224922E-010
  3.734000000000001E-002  1.131947570716976E-010
  3.736000000000000E-002  1.131962833076660E-010
  3.738000000000000E-002  1.131970192083646E-010
  3.740000000000000E-002  1.131969634366424E-010
  3.742000000000000E-002  1.131959800655158E-010
  3.744000000000000E-002  1.131939987526717E-010
  3.746000000000000E-002  1.131911197375565E-010
  3.748000000000001E-002  1.131870969188367E-010
  3.750000000000001E-002  1.131816517246435E-010
  3.752000000000000E-002  1.131744716339277E-010
  3.754000000000000E-002  1.131651787430190E-010
  3.756000000000000E-002  1.131533825302032E-010
  3.758000000000000E-002  1.131387280300663E-010
  3.760000000000000E-002  1.131209180534643E-010
  3.762000000000000E-002  1.130997175238056E-010
  3.764000000000000E-002  1.130749138464350E-010
  3.766000000000001E-002  1.130468840679406E-010
  3.768000000000001E-002  1.130194644992030E-010
  3.770000000000000E-002  1.129955942107055E-010
  3.772000000000000E-002  1.129750692191542E-010
  3.774000000000000E-002  1.129575929912956E-010
  3.776000000000000E-002  1.129427993534825E-010
  3.778000000000000E-002  1.129302638254508E-010
  3.780000000000000E-002  1.129195532004141E-010
  3.782000000000001E-002  1.129102838156726E-010
  3.784000000000001E-002  1.129021419664405E-010
  3.786000000000000E-002  1.128948501828189E-010
  3.788000000000000E-002  1.128880433120908E-010
  3.790000000000000E-002  1.128813404506668E-010
  3.792000000000000E-002  1.128745023412356E-010
  3.794000000000000E-002  1.128672704438910E-010
  3.796000000000000E-002  1.128593354585733E-010
  3.798000000000000E-002  1.128506253612002E-010
  3.800000000000001E-002  1.128415049176545E-010
  3.802000000000001E-002  1.128322136608036E-010
  3.804000000000000E-002  1.128223725093022E-010
  3.806000000000000E-002  1.128118111725948E-010
  3.808000000000000E-002  1.128006024242894E-010
  3.810000000000000E-002  1.127894629572251E-010
  3.812000000000000E-002  1.127790614611935E-010
  3.814000000000000E-002  1.127696860266366E-010
  3.816000000000001E-002  1.127612441079046E-010
  3.818000000000001E-002  1.127537962503623E-010
  3.820000000000000E-002  1.127473519221060E-010
  3.822000000000000E-002  1.127419458504452E-010
  3.824000000000000E-002  1.127376415905983E-010
  3.826000000000000E-002  1.127344018093198E-010
  3.828000000000000E-002  1.127321710690272E-010
  3.830000000000000E-002  1.127308735850643E-010
  3.832000000000000E-002  1.127303086817895E-010
  3.834000000000001E-002  1.127302811515641E-010
  3.836000000000001E-002  1.127308922767684E-010
  3.838000000000000E-002  1.127322370935440E-010
  3.840000000000000E-002  1.127340731974527E-010
  3.842000000000000E-002  1.127363589772525E-010
  3.844000000000000E-002  1.127390810334139E-010
  3.846000000000000E-002  1.127422448934210E-010
  3.848000000000000E-002  1.127457823310976E-010
  3.850000000000001E-002  1.127496583133387E-010
  3.852000000000001E-002  1.127538735849239E-010
  3.854000000000000E-002  1.127583746196117E-010
  3.856000000000000E-002  1.127631124656989E-010
  3.858000000000000E-002  1.127680781449775E-010
  3.860000000000000E-002  1.127732909355786E-010
  3.862000000000000E-002  1.127787728660354E-010
  3.864000000000000E-002  1.127845344816396E-010
  3.866000000000000E-002  1.127905769643114E-010
  3.868000000000001E-002  1.127968982781055E-010
  3.870000000000001E-002  1.128034963380369E-010
  3.872000000000000E-002  1.128103692467095E-010
  3.874000000000000E-002  1.128175160617663E-010
  3.876000000000000E-002  1.128249362568395E-010
  3.878000000000000E-002  1.128326314865630E-010
  3.880000000000000E-002  1.128406104942452E-010
  3.882000000000000E-002  1.128488713040599E-010
  3.884000000000001E-002  1.128574161223385E-010
  3.886000000000001E-002  1.128662628620635E-010
  3.888000000000000E-002  1.128754321787077E-010
  3.890000000000000E-002  1.128849443976657E-010
  3.892000000000000E-002  1.128948143034564E-010
  3.894000000000000E-002  1.129050495214574E-010
  3.896000000000000E-002  1.129156499859587E-010
  3.898000000000000E-002  1.129266100254158E-010
  3.900000000000000E-002  1.129379182546943E-010
  3.902000000000001E-002  1.129495596598435E-010
  3.904000000000001E-002  1.129615138407363E-010
  3.906000000000000E-002  1.129737599926357E-010
  3.908000000000000E-002  1.129862835747826E-010
  3.910000000000000E-002  1.129990967461484E-010
  3.912000000000000E-002  1.130122244692267E-010
  3.914000000000000E-002  1.130252345306265E-010
  3.916000000000000E-002  1.130376694045237E-010
  3.918000000000001E-002  1.130491400258198E-010
  3.920000000000001E-002  1.130593971178766E-010
  3.922000000000000E-002  1.130682780469473E-010
  3.924000000000000E-002  1.130757194678005E-010
  3.926000000000000E-002  1.130816976751904E-010
  3.928000000000000E-002  1.130862594763350E-010
  3.930000000000000E-002  1.130894966901725E-010
  3.932000000000000E-002  1.130916561467184E-010
  3.934000000000000E-002  1.130931213514885E-010
  3.936000000000001E-002  1.130940048743596E-010
  3.938000000000001E-002  1.130941900389397E-010
  3.940000000000000E-002  1.130937303274343E-010
  3.942000000000000E-002  1.130919831405760E-010
  3.944000000000000E-002  1.130883523421594E-010
  3.946000000000000E-002  1.130822901988014E-010
  3.948000000000000E-002  1.130732925336325E-010
  3.950000000000000E-002  1.130609645234751E-010
  3.952000000000001E-002  1.130450412417237E-010
  3.954000000000001E-002  1.130256366913177E-010
  3.956000000000000E-002  1.130049195362847E-010
  3.958000000000000E-002  1.129874463426636E-010
  3.960000000000000E-002  1.129730450955962E-010
  3.962000000000000E-002  1.129614298894186E-010
  3.964000000000000E-002  1.129526063377885E-010
  3.966000000000000E-002  1.129463451850787E-010
  3.968000000000000E-002  1.129417943797024E-010
  3.970000000000001E-002  1.129375303115825E-010
  3.972000000000001E-002  1.129319850591026E-010
  3.974000000000000E-002  1.129221630032293E-010
  3.976000000000000E-002  1.128919601749977E-010
  3.978000000000000E-002  1.127825111008102E-010
  3.980000000000000E-002  1.123808548008141E-010
  3.982000000000000E-002  1.109863076364999E-010
  3.984000000000000E-002  1.069646127396090E-010
  3.986000000000001E-002  1.017814332973279E-010
  3.988000000000001E-002  1.002745187235991E-010
  3.990000000000000E-002  1.000350478798163E-010
  3.992000000000000E-002  1.000043343210606E-010
  3.994000000000000E-002  1.000005339196659E-010
  3.996000000000000E-002  1.000000657920609E-010
  3.998000000000000E-002  1.000000074234893E-010
  4.000000000000000E-002  1.000000074234893E-010
