  0.000000000000000E+000   1.00001390775085     
  2.000000000000000E-005   1.00001390775114     
  4.000000000000000E-005   1.00001511385308     
  6.000000000000001E-005   1.00001584841090     
  8.000000000000001E-005   1.00001630442424     
  1.000000000000000E-004   1.00001663185492     
  1.200000000000000E-004   1.00001687267961     
  1.400000000000000E-004   1.00001705011512     
  1.600000000000000E-004   1.00001717769094     
  1.800000000000000E-004   1.00001726022664     
  2.000000000000000E-004   1.00001730792171     
  2.200000000000000E-004   1.00001732005351     
  2.400000000000000E-004   1.00001730594157     
  2.600000000000000E-004   1.00001726570679     
  2.800000000000000E-004   1.00001719974622     
  3.000000000000000E-004   1.00001710990212     
  3.200000000000000E-004   1.00001699809491     
  3.400000000000000E-004   1.00001686617509     
  3.600000000000000E-004   1.00001671552030     
  3.800000000000000E-004   1.00001654730149     
  4.000000000000000E-004   1.00001636253155     
  4.200000000000000E-004   1.00001616204175     
  4.400000000000000E-004   1.00001594648438     
  4.600000000000000E-004   1.00001571651771     
  4.800000000000001E-004   1.00001547336274     
  5.000000000000000E-004   1.00001521848139     
  5.200000000000001E-004   1.00001495326978     
  5.400000000000000E-004   1.00001467845530     
  5.600000000000001E-004   1.00001439424807     
  5.800000000000000E-004   1.00001410105062     
  6.000000000000001E-004   1.00001380004341     
  6.200000000000000E-004   1.00001349330521     
  6.400000000000001E-004   1.00001318153837     
  6.600000000000001E-004   1.00001286464700     
  6.800000000000000E-004   1.00001254318389     
  7.000000000000001E-004   1.00001221925782     
  7.200000000000000E-004   1.00001189367523     
  7.400000000000001E-004   1.00001156616700     
  7.600000000000000E-004   1.00001123710750     
  7.800000000000001E-004   1.00001090872396     
  8.000000000000000E-004   1.00001058106805     
  8.200000000000001E-004   1.00001025398135     
  8.400000000000000E-004   1.00000992915711     
  8.600000000000001E-004   1.00000960734709     
  8.800000000000000E-004   1.00000928788414     
  9.000000000000001E-004   1.00000897223161     
  9.200000000000000E-004   1.00000866120555     
  9.400000000000001E-004   1.00000835388815     
  9.600000000000001E-004   1.00000805142606     
  9.800000000000002E-004   1.00000775462915     
  1.000000000000000E-003   1.00000746272858     
  1.020000000000000E-003   1.00000717694705     
  1.040000000000000E-003   1.00000689741740     
  1.060000000000000E-003   1.00000662377333     
  1.080000000000000E-003   1.00000635740269     
  1.100000000000000E-003   1.00000609713704     
  1.120000000000000E-003   1.00000584351423     
  1.140000000000000E-003   1.00000559705845     
  1.160000000000000E-003   1.00000535715646     
  1.180000000000000E-003   1.00000512503201     
  1.200000000000000E-003   1.00000489936361     
  1.220000000000000E-003   1.00000468092896     
  1.240000000000000E-003   1.00000446935420     
  1.260000000000000E-003   1.00000426449607     
  1.280000000000000E-003   1.00000406674997     
  1.300000000000000E-003   1.00000387548915     
  1.320000000000000E-003   1.00000369147344     
  1.340000000000000E-003   1.00000351358472     
  1.360000000000000E-003   1.00000334272041     
  1.380000000000000E-003   1.00000317775226     
  1.400000000000000E-003   1.00000301946595     
  1.420000000000000E-003   1.00000286689716     
  1.440000000000000E-003   1.00000272078590     
  1.460000000000000E-003   1.00000258014158     
  1.480000000000000E-003   1.00000244554477     
  1.500000000000000E-003   1.00000231619949     
  1.520000000000000E-003   1.00000219263768     
  1.540000000000000E-003   1.00000207407177     
  1.560000000000000E-003   1.00000196100222     
  1.580000000000000E-003   1.00000185264826     
  1.600000000000000E-003   1.00000174928477     
  1.620000000000000E-003   1.00000165047230     
  1.640000000000000E-003   1.00000155625022     
  1.660000000000000E-003   1.00000146643014     
  1.680000000000000E-003   1.00000138080466     
  1.700000000000000E-003   1.00000129937289     
  1.720000000000000E-003   1.00000122179088     
  1.740000000000000E-003   1.00000114820482     
  1.760000000000000E-003   1.00000107819921     
  1.780000000000000E-003   1.00000101176308     
  1.800000000000000E-003   1.00000094874413     
  1.820000000000000E-003   1.00000088895034     
  1.840000000000000E-003   1.00000083242183     
  1.860000000000000E-003   1.00000077886116     
  1.880000000000000E-003   1.00000072820744     
  1.900000000000000E-003   1.00000068034691     
  1.920000000000000E-003   1.00000063510135     
  1.940000000000000E-003   1.00000059245570     
  1.960000000000000E-003   1.00000055222059     
  1.980000000000000E-003   1.00000051428443     
  2.000000000000000E-003   1.00000047859585     
  2.020000000000000E-003   1.00000044500054     
  2.040000000000000E-003   1.00000041341547     
  2.060000000000000E-003   1.00000038376212     
  2.080000000000000E-003   1.00000035591550     
  2.100000000000000E-003   1.00000032979406     
  2.120000000000000E-003   1.00000030533233     
  2.140000000000000E-003   1.00000028241726     
  2.160000000000000E-003   1.00000026096991     
  2.180000000000000E-003   1.00000024092792     
  2.200000000000000E-003   1.00000022220092     
  2.220000000000000E-003   1.00000020472138     
  2.240000000000000E-003   1.00000018842907     
  2.260000000000000E-003   1.00000017324798     
  2.280000000000000E-003   1.00000015911553     
  2.300000000000000E-003   1.00000014597681     
  2.320000000000000E-003   1.00000013377890     
  2.340000000000000E-003   1.00000012247303     
  2.360000000000000E-003   1.00000011202821     
  2.380000000000000E-003   1.00000010240582     
  2.400000000000000E-003   1.00000009356734     
  2.420000000000000E-003   1.00000008547432     
  2.440000000000000E-003   1.00000007807799     
  2.460000000000000E-003   1.00000007133391     
  2.480000000000000E-003   1.00000006519050     
  2.500000000000000E-003   1.00000005959602     
  2.520000000000000E-003   1.00000005450505     
  2.540000000000000E-003   1.00000004986581     
  2.560000000000000E-003   1.00000004563114     
  2.580000000000000E-003   1.00000004176064     
  2.600000000000000E-003   1.00000003821297     
  2.620000000000000E-003   1.00000003494824     
  2.640000000000000E-003   1.00000003193715     
  2.660000000000000E-003   1.00000002915183     
  2.680000000000000E-003   1.00000002656080     
  2.700000000000000E-003   1.00000002414387     
  2.720000000000000E-003   1.00000002188515     
  2.740000000000000E-003   1.00000001976564     
  2.760000000000000E-003   1.00000001776669     
  2.780000000000000E-003   1.00000001587996     
  2.800000000000000E-003   1.00000001409722     
  2.820000000000000E-003   1.00000001240461     
  2.840000000000000E-003   1.00000001079186     
  2.860000000000000E-003   1.00000000925589     
  2.880000000000000E-003   1.00000000779273     
  2.900000000000000E-003   1.00000000639128     
  2.920000000000000E-003   1.00000000504653     
  2.940000000000000E-003   1.00000000375787     
  2.960000000000000E-003   1.00000000252356     
  2.980000000000000E-003   1.00000000133414     
  3.000000000000000E-003   1.00000000018791     
  3.020000000000000E-003  0.999999999084711     
  3.040000000000000E-003  0.999999998023515     
  3.060000000000000E-003  0.999999996997202     
  3.080000000000000E-003  0.999999996006918     
  3.100000000000000E-003  0.999999995051977     
  3.120000000000000E-003  0.999999994129849     
  3.140000000000000E-003  0.999999993237598     
  3.160000000000000E-003  0.999999992377082     
  3.180000000000000E-003  0.999999991548481     
  3.200000000000000E-003  0.999999990746666     
  3.220000000000000E-003  0.999999989973269     
  3.240000000000000E-003  0.999999989228330     
  3.260000000000000E-003  0.999999988509487     
  3.280000000000000E-003  0.999999987816452     
  3.300000000000000E-003  0.999999987149664     
  3.320000000000000E-003  0.999999986508335     
  3.340000000000000E-003  0.999999985890964     
  3.360000000000000E-003  0.999999985298197     
  3.380000000000000E-003  0.999999984729553     
  3.400000000000000E-003  0.999999984183398     
  3.420000000000000E-003  0.999999983660213     
  3.440000000000000E-003  0.999999983159351     
  3.460000000000000E-003  0.999999982679645     
  3.480000000000000E-003  0.999999982221368     
  3.500000000000000E-003  0.999999981783270     
  3.520000000000000E-003  0.999999981365176     
  3.540000000000000E-003  0.999999980967225     
  3.560000000000000E-003  0.999999980587662     
  3.580000000000000E-003  0.999999980226737     
  3.600000000000000E-003  0.999999979884122     
  3.620000000000000E-003  0.999999979558651     
  3.640000000000000E-003  0.999999979250472     
  3.660000000000000E-003  0.999999978958527     
  3.680000000000000E-003  0.999999978682844     
  3.700000000000000E-003  0.999999978423183     
  3.720000000000000E-003  0.999999978179226     
  3.740000000000000E-003  0.999999977951323     
  3.760000000000000E-003  0.999999977739381     
  3.780000000000000E-003  0.999999977543847     
  3.800000000000000E-003  0.999999977364775     
  3.820000000000000E-003  0.999999977202058     
  3.840000000000001E-003  0.999999977055194     
  3.860000000000000E-003  0.999999976922562     
  3.880000000000000E-003  0.999999976802260     
  3.900000000000000E-003  0.999999976691848     
  3.920000000000001E-003  0.999999976586520     
  3.940000000000000E-003  0.999999976477231     
  3.960000000000000E-003  0.999999976335121     
  3.980000000000000E-003  0.999999976101960     
  4.000000000000000E-003  0.999999976101960     
