  0.000000000000000E+000   333.540299994229     
  2.000000000000000E-005   333.540299994229     
  4.000000000000000E-005   333.540299994229     
  6.000000000000001E-005   333.540299994229     
  8.000000000000001E-005   333.540299994229     
  1.000000000000000E-004   333.540299994229     
  1.200000000000000E-004   333.540299994229     
  1.400000000000000E-004   333.540299994229     
  1.600000000000000E-004   333.540299994229     
  1.800000000000000E-004   333.540299994229     
  2.000000000000000E-004   333.540299994228     
  2.200000000000000E-004   333.540299994227     
  2.400000000000000E-004   333.540299994227     
  2.600000000000000E-004   333.540299994226     
  2.800000000000000E-004   333.540299994226     
  3.000000000000000E-004   333.540299994226     
  3.200000000000000E-004   333.540299994226     
  3.400000000000000E-004   333.540299994225     
  3.600000000000000E-004   333.540299994224     
  3.800000000000000E-004   333.540299994224     
  4.000000000000000E-004   333.540299994223     
  4.200000000000000E-004   333.540299994223     
  4.400000000000000E-004   333.540299994223     
  4.600000000000000E-004   333.540299994229     
  4.800000000000001E-004   333.540299994246     
  5.000000000000000E-004   333.540299994288     
  5.200000000000001E-004   333.540299994393     
  5.400000000000000E-004   333.540299994644     
  5.600000000000001E-004   333.540299995244     
  5.800000000000000E-004   333.540299996669     
  6.000000000000001E-004   333.540300000015     
  6.200000000000000E-004   333.540300007782     
  6.400000000000001E-004   333.540300025586     
  6.600000000000001E-004   333.540300065869     
  6.800000000000000E-004   333.540300155821     
  7.000000000000001E-004   333.540300354020     
  7.200000000000000E-004   333.540300784795     
  7.400000000000001E-004   333.540301708065     
  7.600000000000000E-004   333.540303658828     
  7.800000000000001E-004   333.540307720799     
  8.000000000000000E-004   333.540316053266     
  8.200000000000001E-004   333.540332885933     
  8.400000000000000E-004   333.540366359468     
  8.600000000000001E-004   333.540431858245     
  8.800000000000000E-004   333.540557909387     
  9.000000000000001E-004   333.540796374553     
  9.200000000000000E-004   333.541239607340     
  9.400000000000001E-004   333.542048537928     
  9.600000000000001E-004   333.543497257181     
  9.800000000000002E-004   333.546041436576     
  1.000000000000000E-003   333.550419416053     
  1.020000000000000E-003   333.557795234724     
  1.040000000000000E-003   333.569951089933     
  1.060000000000000E-003   333.589531299797     
  1.080000000000000E-003   333.620329838560     
  1.100000000000000E-003   333.667599613484     
  1.120000000000000E-003   333.738348084448     
  1.140000000000000E-003   333.841582195828     
  1.160000000000000E-003   333.988530767680     
  1.180000000000000E-003   334.192993868900     
  1.200000000000000E-003   334.429503095628     
  1.220000000000000E-003   334.630095304709     
  1.240000000000000E-003   334.784301281162     
  1.260000000000000E-003   334.891060843387     
  1.280000000000000E-003   334.954654047148     
  1.300000000000000E-003   334.983946345567     
  1.320000000000000E-003   334.991161261869     
  1.340000000000000E-003   334.983633922196     
  1.360000000000000E-003   334.938414069143     
  1.380000000000000E-003   334.826962690510     
  1.400000000000000E-003   334.633625836316     
  1.420000000000000E-003   334.440456842410     
  1.440000000000000E-003   334.291993247881     
  1.460000000000000E-003   334.181279719714     
  1.480000000000000E-003   334.099715934867     
  1.500000000000000E-003   334.038930523943     
  1.520000000000000E-003   333.992139303045     
  1.540000000000000E-003   333.954449397973     
  1.560000000000000E-003   333.922712860435     
  1.580000000000000E-003   333.895001529425     
  1.600000000000000E-003   333.870019381730     
  1.620000000000000E-003   333.846859437087     
  1.640000000000000E-003   333.824888260065     
  1.660000000000000E-003   333.803837024073     
  1.680000000000000E-003   333.783767236679     
  1.700000000000000E-003   333.764968809888     
  1.720000000000000E-003   333.747845735932     
  1.740000000000000E-003   333.732661738911     
  1.760000000000000E-003   333.719463937725     
  1.780000000000000E-003   333.708117047369     
  1.800000000000000E-003   333.698397486433     
  1.820000000000000E-003   333.690070542146     
  1.840000000000000E-003   333.682907731576     
  1.860000000000000E-003   333.676704026088     
  1.880000000000000E-003   333.671287538000     
  1.900000000000000E-003   333.666520061936     
  1.920000000000000E-003   333.662295654592     
  1.940000000000000E-003   333.658540436666     
  1.960000000000000E-003   333.655206748056     
  1.980000000000000E-003   333.652259501944     
  2.000000000000000E-003   333.649659044571     
  2.020000000000000E-003   333.647350753442     
  2.040000000000000E-003   333.645258774623     
  2.060000000000000E-003   333.643293078035     
  2.080000000000000E-003   333.641373296974     
  2.100000000000000E-003   333.639454529632     
  2.120000000000000E-003   333.637470895129     
  2.140000000000000E-003   333.635425577613     
  2.160000000000000E-003   333.633530907678     
  2.180000000000000E-003   333.631961411224     
  2.200000000000000E-003   333.630791205548     
  2.220000000000000E-003   333.630096377304     
  2.240000000000000E-003   333.629798015643     
  2.260000000000000E-003   333.629842670240     
  2.280000000000000E-003   333.630158504729     
  2.300000000000000E-003   333.631182624246     
  2.320000000000000E-003   333.633472155894     
  2.340000000000000E-003   333.637819686923     
  2.360000000000000E-003   333.645368881197     
  2.380000000000000E-003   333.657757801854     
  2.400000000000000E-003   333.677268461052     
  2.420000000000000E-003   333.706979070239     
  2.440000000000000E-003   333.750868996133     
  2.460000000000000E-003   333.813831621558     
  2.480000000000000E-003   333.901537313693     
  2.500000000000000E-003   334.020106315439     
  2.520000000000000E-003   334.175590227772     
  2.540000000000000E-003   334.373320508565     
  2.560000000000000E-003   334.617243372221     
  2.580000000000000E-003   334.909392452868     
  2.600000000000000E-003   335.249625709216     
  2.620000000000000E-003   335.635663104678     
  2.640000000000000E-003   336.063491249319     
  2.660000000000000E-003   336.527902695121     
  2.680000000000000E-003   337.023096157243     
  2.700000000000000E-003   337.543196528245     
  2.720000000000000E-003   338.082416512226     
  2.740000000000000E-003   338.635563103658     
  2.760000000000000E-003   339.198440338917     
  2.780000000000000E-003   339.767905617198     
  2.800000000000000E-003   340.341804894154     
  2.820000000000000E-003   340.918795841945     
  2.840000000000000E-003   341.498107908756     
  2.860000000000000E-003   342.078944837932     
  2.880000000000000E-003   342.660871556173     
  2.900000000000000E-003   343.243967356160     
  2.920000000000000E-003   343.828400792145     
  2.940000000000000E-003   344.414478350121     
  2.960000000000000E-003   345.003043519615     
  2.980000000000000E-003   345.595171863811     
  3.000000000000000E-003   346.187521400587     
  3.020000000000000E-003   346.777102831098     
  3.040000000000000E-003   347.362084086503     
  3.060000000000000E-003   347.940724077956     
  3.080000000000000E-003   348.510920389939     
  3.100000000000000E-003   349.070516530969     
  3.120000000000000E-003   349.618159736998     
  3.140000000000000E-003   350.152554527108     
  3.160000000000000E-003   350.672856117306     
  3.180000000000000E-003   351.178794019722     
  3.200000000000000E-003   351.670685358876     
  3.220000000000000E-003   352.149439781034     
  3.240000000000000E-003   352.616445929636     
  3.260000000000000E-003   353.073513956364     
  3.280000000000000E-003   353.522685592262     
  3.300000000000000E-003   353.966083502411     
  3.320000000000000E-003   354.405821700858     
  3.340000000000000E-003   354.843586063220     
  3.360000000000000E-003   355.281043906845     
  3.380000000000000E-003   355.719069333512     
  3.400000000000000E-003   356.159006001047     
  3.420000000000000E-003   356.603881649321     
  3.440000000000000E-003   357.058473840434     
  3.460000000000000E-003   357.528637549005     
  3.480000000000000E-003   358.020597858360     
  3.500000000000000E-003   358.538360604969     
  3.520000000000000E-003   359.083069858414     
  3.540000000000000E-003   359.653872913984     
  3.560000000000000E-003   360.235399842668     
  3.580000000000000E-003   360.809998441883     
  3.600000000000000E-003   361.378409312521     
  3.620000000000000E-003   361.942249332041     
  3.640000000000000E-003   362.502531979560     
  3.660000000000000E-003   363.059851926357     
  3.680000000000000E-003   363.614508447692     
  3.700000000000000E-003   364.166647075010     
  3.720000000000000E-003   364.716285170130     
  3.740000000000000E-003   365.263294147948     
  3.760000000000000E-003   365.807457699213     
  3.780000000000000E-003   366.348520867216     
  3.800000000000000E-003   366.886207599778     
  3.820000000000000E-003   367.420294660559     
  3.840000000000001E-003   367.950599779207     
  3.860000000000000E-003   368.476973488876     
  3.880000000000000E-003   368.999302719483     
  3.900000000000000E-003   369.517500412252     
  3.920000000000001E-003   370.031493253625     
  3.940000000000000E-003   370.541220852143     
  3.960000000000000E-003   371.046635062501     
  3.980000000000000E-003   371.547684501233     
  4.000000000000000E-003   372.044310112142     
  4.020000000000000E-003   372.536418771223     
  4.040000000000000E-003   373.023845248113     
  4.060000000000000E-003   373.506346049839     
  4.080000000000000E-003   373.983585553018     
  4.100000000000000E-003   374.455131357603     
  4.120000000000000E-003   374.920492959647     
  4.140000000000000E-003   375.379280741724     
  4.160000000000001E-003   375.831794128564     
  4.180000000000001E-003   376.279050247345     
  4.200000000000001E-003   376.721538640097     
  4.220000000000001E-003   377.158927807403     
  4.240000000000001E-003   377.590243664311     
  4.260000000000001E-003   378.014069645562     
  4.280000000000000E-003   378.428476561288     
  4.300000000000000E-003   378.830739181767     
  4.320000000000000E-003   379.216750503041     
  4.340000000000000E-003   379.578373714048     
  4.360000000000000E-003   379.900946201262     
  4.380000000000000E-003   380.167638596929     
  4.400000000000000E-003   380.337771077391     
  4.420000000000000E-003   380.456521127906     
  4.440000000000000E-003   380.427045486104     
  4.460000000000000E-003   380.259170646368     
  4.480000000000000E-003   379.903929391870     
  4.500000000000001E-003   379.489315418441     
  4.520000000000001E-003   379.173416596858     
  4.540000000000001E-003   378.974845507040     
  4.560000000000001E-003   378.882481744928     
  4.580000000000001E-003   378.863152651425     
  4.600000000000001E-003   378.874631184796     
  4.620000000000000E-003   378.893244967401     
  4.640000000000000E-003   378.927332132565     
  4.660000000000000E-003   379.004377657775     
  4.680000000000000E-003   379.098444417757     
  4.700000000000000E-003   379.206215650498     
  4.720000000000000E-003   379.304932986097     
  4.740000000000000E-003   379.387596020880     
  4.760000000000000E-003   379.461869556111     
  4.780000000000000E-003   379.533269499953     
  4.800000000000000E-003   379.615360401683     
  4.820000000000000E-003   379.719368040772     
  4.840000000000001E-003   379.849102683276     
  4.860000000000001E-003   380.004044887895     
  4.880000000000001E-003   380.177777041089     
  4.900000000000001E-003   380.347105117668     
  4.920000000000001E-003   380.495863664498     
  4.940000000000001E-003   380.616187585702     
  4.960000000000000E-003   380.711717335885     
  4.980000000000000E-003   380.792295088640     
  5.000000000000000E-003   380.869983894224     
  5.020000000000000E-003   380.952394923220     
  5.040000000000000E-003   381.058639157217     
  5.060000000000000E-003   381.212990633116     
  5.080000000000000E-003   381.418917935741     
  5.100000000000000E-003   381.608541221437     
  5.120000000000000E-003   381.764430629824     
  5.140000000000000E-003   381.868728649139     
  5.160000000000001E-003   381.933381221147     
  5.180000000000001E-003   381.947000244993     
  5.200000000000001E-003   381.927575804360     
  5.220000000000001E-003   381.890733487628     
  5.240000000000001E-003   381.848459554223     
  5.260000000000001E-003   381.829401251489     
  5.280000000000001E-003   381.835955667071     
  5.300000000000000E-003   381.859229938774     
  5.320000000000000E-003   381.896071162789     
  5.340000000000000E-003   381.942783562022     
  5.360000000000000E-003   381.990397342963     
  5.380000000000000E-003   382.034842313436     
  5.400000000000000E-003   382.078427299773     
  5.420000000000000E-003   382.125193782935     
  5.440000000000000E-003   382.169026386451     
  5.460000000000000E-003   382.205504328128     
  5.480000000000000E-003   382.199297557808     
  5.500000000000001E-003   382.160771949638     
  5.520000000000001E-003   382.093297085915     
  5.540000000000001E-003   381.990217331686     
  5.560000000000001E-003   381.850707346072     
  5.580000000000001E-003   381.675176169560     
  5.600000000000001E-003   381.467572613274     
  5.620000000000001E-003   381.253080624657     
  5.640000000000000E-003   381.033392876807     
  5.660000000000000E-003   380.773699511499     
  5.680000000000000E-003   380.397966949058     
  5.700000000000000E-003   379.709036439860     
  5.720000000000000E-003   378.199256280792     
  5.740000000000000E-003   374.852581424541     
  5.760000000000000E-003   370.553463185244     
  5.780000000000000E-003   367.727398279708     
  5.800000000000000E-003   366.124264911541     
  5.820000000000001E-003   365.212535143414     
  5.840000000000001E-003   364.665123040446     
  5.860000000000001E-003   364.326345790686     
  5.880000000000001E-003   364.116040359513     
  5.900000000000001E-003   363.985335487161     
  5.920000000000001E-003   363.924450268490     
  5.940000000000001E-003   363.926909752353     
  5.960000000000001E-003   363.917038788340     
  5.980000000000000E-003   363.873384806333     
  6.000000000000000E-003   363.784198595745     
  6.020000000000000E-003   363.639677829301     
  6.040000000000000E-003   363.448156493657     
  6.060000000000000E-003   363.216907609960     
  6.080000000000000E-003   362.933764177310     
  6.100000000000000E-003   362.589415535446     
  6.120000000000000E-003   362.168542566247     
  6.140000000000000E-003   361.636047516393     
  6.160000000000001E-003   360.926530121889     
  6.180000000000001E-003   359.913172417132     
  6.200000000000001E-003   358.364666084901     
  6.220000000000001E-003   355.888115437599     
  6.240000000000001E-003   351.953588271812     
  6.260000000000001E-003   347.415612431020     
  6.280000000000001E-003   344.225266618883     
  6.300000000000001E-003   342.203050327275     
  6.320000000000000E-003   340.907198584520     
  6.340000000000000E-003   340.022135051026     
  6.360000000000000E-003   339.362724573294     
  6.380000000000000E-003   338.831825337900     
  6.400000000000000E-003   338.376068913765     
  6.420000000000000E-003   337.951758785094     
  6.440000000000000E-003   337.536258550428     
  6.460000000000000E-003   337.105401479135     
  6.480000000000001E-003   336.696671217111     
  6.500000000000001E-003   336.333679485816     
  6.520000000000001E-003   336.018541909573     
  6.540000000000001E-003   335.739169611332     
  6.560000000000001E-003   335.480634864330     
  6.580000000000001E-003   335.234834891112     
  6.600000000000001E-003   335.010487142619     
  6.620000000000001E-003   334.807295138333     
  6.640000000000001E-003   334.616043407068     
  6.660000000000000E-003   334.436799506532     
  6.680000000000000E-003   334.256408763037     
  6.700000000000000E-003   334.063703565930     
  6.720000000000000E-003   333.838304326969     
  6.740000000000000E-003   333.588928292412     
  6.760000000000000E-003   333.380079471094     
  6.780000000000000E-003   333.231307787108     
  6.800000000000000E-003   333.132566020013     
  6.820000000000001E-003   333.059771350778     
  6.840000000000001E-003   332.998983134358     
  6.860000000000001E-003   332.924979004825     
  6.880000000000001E-003   332.834633256296     
  6.900000000000001E-003   332.706483874506     
  6.920000000000001E-003   332.459292373154     
  6.940000000000001E-003   332.000902190870     
  6.960000000000001E-003   331.232208253334     
  6.980000000000001E-003   330.079826812701     
  7.000000000000000E-003   328.834299281520     
  7.020000000000000E-003   327.803799967162     
  7.040000000000000E-003   326.981065744149     
  7.060000000000000E-003   326.324091554415     
  7.080000000000000E-003   325.806306538908     
  7.100000000000000E-003   325.402386753814     
  7.120000000000000E-003   325.080242745632     
  7.140000000000001E-003   324.831199351614     
  7.160000000000001E-003   324.659566518893     
  7.180000000000001E-003   324.560119264109     
  7.200000000000001E-003   324.521661943918     
  7.220000000000001E-003   324.524824090525     
  7.240000000000001E-003   324.565987737068     
  7.260000000000001E-003   324.631680287404     
  7.280000000000001E-003   324.682642990016     
  7.300000000000001E-003   324.682449401001     
  7.320000000000001E-003   324.645597526798     
  7.340000000000000E-003   324.577092518900     
  7.360000000000000E-003   324.441106323370     
  7.380000000000000E-003   324.232071767070     
  7.400000000000000E-003   323.981271554215     
  7.420000000000000E-003   323.757768079819     
  7.440000000000000E-003   323.575383536051     
  7.460000000000000E-003   323.438489633206     
  7.480000000000001E-003   323.333707836141     
  7.500000000000001E-003   323.271801888120     
  7.520000000000001E-003   323.252698343180     
  7.540000000000001E-003   323.254352737263     
  7.560000000000001E-003   323.282786710152     
  7.580000000000001E-003   323.337024930449     
  7.600000000000001E-003   323.395216325741     
  7.620000000000001E-003   323.450685386896     
  7.640000000000001E-003   323.502003327957     
  7.660000000000001E-003   323.547822573665     
  7.680000000000001E-003   323.587190756642     
  7.700000000000000E-003   323.618636184377     
  7.720000000000000E-003   323.639914496476     
  7.740000000000000E-003   323.651206947532     
  7.760000000000000E-003   323.649959582130     
  7.780000000000000E-003   323.639595395003     
  7.800000000000001E-003   323.615968724675     
  7.820000000000001E-003   323.579391517511     
  7.840000000000001E-003   323.531984733350     
  7.860000000000001E-003   323.469794486045     
  7.880000000000000E-003   323.391882556868     
  7.900000000000001E-003   323.298862788565     
  7.920000000000000E-003   323.192693635299     
  7.940000000000001E-003   323.076449301644     
  7.960000000000000E-003   322.953396464847     
  7.980000000000001E-003   322.825989422709     
  8.000000000000000E-003   322.694094787930     
  8.020000000000001E-003   322.554990175376     
  8.040000000000000E-003   322.403805099338     
  8.060000000000001E-003   322.233421293597     
  8.080000000000000E-003   322.033888583973     
  8.100000000000001E-003   321.791068271238     
  8.120000000000000E-003   321.482887647734     
  8.140000000000001E-003   321.137516175593     
  8.160000000000001E-003   320.841938879098     
  8.180000000000002E-003   320.619650617348     
  8.200000000000001E-003   320.469622292159     
  8.220000000000000E-003   320.385422971009     
  8.240000000000001E-003   320.353177329905     
  8.260000000000000E-003   320.374453918954     
  8.280000000000001E-003   320.479637505772     
  8.300000000000000E-003   320.691248276560     
  8.320000000000001E-003   320.981448445148     
  8.340000000000000E-003   321.271625139465     
  8.360000000000001E-003   321.547668353098     
  8.380000000000000E-003   321.824834766961     
  8.400000000000001E-003   322.104235446726     
  8.420000000000000E-003   322.382310872698     
  8.440000000000001E-003   322.656801375115     
  8.460000000000001E-003   322.929676697382     
  8.480000000000001E-003   323.198747748600     
  8.500000000000001E-003   323.465791451514     
  8.520000000000002E-003   323.722040623574     
  8.540000000000001E-003   323.964452127102     
  8.560000000000000E-003   324.194250110692     
  8.580000000000001E-003   324.413596975690     
  8.600000000000000E-003   324.624322244985     
  8.620000000000001E-003   324.828309860390     
  8.640000000000000E-003   325.028336388968     
  8.660000000000001E-003   325.225573019417     
  8.680000000000000E-003   325.421329887849     
  8.700000000000001E-003   325.618486580909     
  8.720000000000000E-003   325.818759095741     
  8.740000000000001E-003   326.022711439415     
  8.760000000000000E-003   326.229790814485     
  8.780000000000001E-003   326.439145931104     
  8.800000000000001E-003   326.649826187566     
  8.820000000000001E-003   326.861846734729     
  8.840000000000001E-003   327.073737527698     
  8.860000000000002E-003   327.276739035195     
  8.880000000000001E-003   327.467683834141     
  8.900000000000000E-003   327.645079020442     
  8.920000000000001E-003   327.809380726010     
  8.940000000000000E-003   327.962009940226     
  8.960000000000001E-003   328.105224844862     
  8.980000000000000E-003   328.241716387780     
  9.000000000000001E-003   328.374083120839     
  9.020000000000000E-003   328.504611882111     
  9.040000000000001E-003   328.634636795076     
  9.060000000000000E-003   328.766544842566     
  9.080000000000001E-003   328.903223728003     
  9.100000000000000E-003   329.047361093746     
  9.120000000000001E-003   329.200033446259     
  9.140000000000001E-003   329.358581663471     
  9.160000000000001E-003   329.521270384965     
  9.180000000000001E-003   329.681298255843     
  9.200000000000002E-003   329.833913009899     
  9.220000000000001E-003   329.976113219164     
  9.240000000000000E-003   330.101647164604     
  9.260000000000001E-003   330.209141475475     
  9.280000000000000E-003   330.282288260858     
  9.300000000000001E-003   330.330283029753     
  9.320000000000000E-003   330.315563465698     
  9.340000000000001E-003   330.242280731337     
  9.360000000000000E-003   330.096679837326     
  9.380000000000001E-003   329.878718932934     
  9.400000000000000E-003   329.599835888759     
  9.420000000000001E-003   329.279130453552     
  9.440000000000000E-003   328.924356275581     
  9.460000000000001E-003   328.549590373553     
  9.480000000000001E-003   328.170336132603     
  9.500000000000001E-003   327.791561475095     
  9.520000000000001E-003   327.421050539300     
  9.540000000000002E-003   327.071294915322     
  9.560000000000001E-003   326.741012442869     
  9.580000000000000E-003   326.427280700104     
  9.600000000000001E-003   326.123194729851     
  9.620000000000000E-003   325.821899872157     
  9.640000000000001E-003   325.512807239405     
  9.660000000000000E-003   325.175047229304     
  9.680000000000001E-003   324.799565525602     
  9.700000000000000E-003   324.378244043286     
  9.720000000000001E-003   323.904427108891     
  9.740000000000000E-003   323.378848236688     
  9.760000000000001E-003   322.806487112903     
  9.780000000000000E-003   322.188272727616     
  9.800000000000001E-003   321.533750727013     
  9.820000000000001E-003   320.865193849922     
  9.840000000000002E-003   320.182081547100     
  9.860000000000001E-003   319.511891483199     
  9.880000000000002E-003   318.855662851429     
  9.900000000000001E-003   318.223170558964     
  9.920000000000000E-003   317.625856050138     
  9.940000000000001E-003   317.071085406812     
  9.960000000000000E-003   316.558081798459     
  9.980000000000001E-003   316.079464085010     
  1.000000000000000E-002   315.627822491817     
  1.002000000000000E-002   315.203044195471     
  1.004000000000000E-002   314.815035079729     
  1.006000000000000E-002   314.478113333344     
  1.008000000000000E-002   314.199731836696     
  1.010000000000000E-002   313.972222102682     
  1.012000000000000E-002   313.768916140609     
  1.014000000000000E-002   313.549048974734     
  1.016000000000000E-002   313.284735954992     
  1.018000000000000E-002   312.939606939384     
  1.020000000000000E-002   312.486064748999     
  1.022000000000000E-002   311.938822585898     
  1.024000000000000E-002   311.334694038828     
  1.026000000000000E-002   310.681437148468     
  1.028000000000000E-002   309.970962378997     
  1.030000000000000E-002   309.223104940744     
  1.032000000000000E-002   308.453771246224     
  1.034000000000000E-002   307.659372944057     
  1.036000000000000E-002   306.818734756685     
  1.038000000000000E-002   305.905425971928     
  1.040000000000000E-002   304.896428428668     
  1.042000000000000E-002   303.745419339829     
  1.044000000000000E-002   302.408436577544     
  1.046000000000000E-002   300.859223014719     
  1.048000000000000E-002   299.121476991862     
  1.050000000000000E-002   297.295762916100     
  1.052000000000000E-002   295.558665916544     
  1.054000000000000E-002   294.192665178440     
  1.056000000000000E-002   293.255324391899     
  1.058000000000000E-002   292.634820653000     
  1.060000000000000E-002   292.240818090356     
  1.062000000000000E-002   291.994931745842     
  1.064000000000000E-002   291.864579735917     
  1.066000000000000E-002   291.840315562491     
  1.068000000000000E-002   291.894798413385     
  1.070000000000000E-002   292.017773293063     
  1.072000000000000E-002   292.161900444871     
  1.074000000000000E-002   292.277541103557     
  1.076000000000000E-002   292.365951272211     
  1.078000000000000E-002   292.430021808060     
  1.080000000000000E-002   292.455964448823     
  1.082000000000000E-002   292.431794062263     
  1.084000000000000E-002   292.355213316552     
  1.086000000000000E-002   292.220625658646     
  1.088000000000000E-002   292.024140146576     
  1.090000000000000E-002   291.765721465859     
  1.092000000000000E-002   291.447079134524     
  1.094000000000000E-002   291.070003188847     
  1.096000000000000E-002   290.636366603706     
  1.098000000000000E-002   290.147085097908     
  1.100000000000000E-002   289.602622971800     
  1.102000000000000E-002   289.002462173575     
  1.104000000000000E-002   288.343070250313     
  1.106000000000000E-002   287.620138526805     
  1.108000000000000E-002   286.830175946587     
  1.110000000000000E-002   285.968114996562     
  1.112000000000000E-002   285.031709717685     
  1.114000000000000E-002   284.020429267581     
  1.116000000000000E-002   282.936517038578     
  1.118000000000000E-002   281.781621587023     
  1.120000000000000E-002   280.558818863541     
  1.122000000000000E-002   279.268088195138     
  1.124000000000000E-002   277.908340231391     
  1.126000000000000E-002   276.477910211101     
  1.128000000000000E-002   274.974752461580     
  1.130000000000000E-002   273.394544875572     
  1.132000000000000E-002   271.729343266269     
  1.134000000000000E-002   269.969555961951     
  1.136000000000000E-002   268.107651544393     
  1.138000000000000E-002   266.143725221515     
  1.140000000000000E-002   264.082984156281     
  1.142000000000000E-002   261.914129805770     
  1.144000000000000E-002   259.623830205395     
  1.146000000000000E-002   257.203703048848     
  1.148000000000000E-002   254.647952526420     
  1.150000000000000E-002   251.952614751028     
  1.152000000000000E-002   249.116748094261     
  1.154000000000000E-002   246.141795304839     
  1.156000000000000E-002   243.032477826189     
  1.158000000000000E-002   239.800830958844     
  1.160000000000000E-002   236.468368876826     
  1.162000000000000E-002   233.064305962425     
  1.164000000000000E-002   229.631603140711     
  1.166000000000000E-002   226.210603311596     
  1.168000000000000E-002   222.808174340417     
  1.170000000000000E-002   219.401961500959     
  1.172000000000000E-002   215.950816945389     
  1.174000000000000E-002   212.390587920609     
  1.176000000000000E-002   208.607778741999     
  1.178000000000000E-002   204.555380146512     
  1.180000000000000E-002   200.296252909215     
  1.182000000000000E-002   195.986641728705     
  1.184000000000000E-002   191.794756628818     
  1.186000000000000E-002   187.881349883390     
  1.188000000000000E-002   184.342246196161     
  1.190000000000000E-002   181.227028609060     
  1.192000000000000E-002   178.529669574852     
  1.194000000000000E-002   176.219458522809     
  1.196000000000000E-002   174.324180561749     
  1.198000000000000E-002   172.931488645571     
  1.200000000000000E-002   172.048086346645     
  1.202000000000000E-002   171.894599896677     
  1.204000000000000E-002   172.420362768977     
  1.206000000000000E-002   173.624317294763     
  1.208000000000000E-002   175.545266653506     
  1.210000000000000E-002   178.057103033665     
  1.212000000000000E-002   181.022891178149     
  1.214000000000000E-002   184.295774125687     
  1.216000000000000E-002   187.662013959594     
  1.218000000000000E-002   190.953446184876     
  1.220000000000000E-002   194.121411553890     
  1.222000000000000E-002   197.169547329827     
  1.224000000000000E-002   200.097371446458     
  1.226000000000000E-002   202.891389107090     
  1.228000000000000E-002   205.549428725831     
  1.230000000000000E-002   208.077588759048     
  1.232000000000000E-002   210.481039690946     
  1.234000000000000E-002   212.766558955154     
  1.236000000000000E-002   214.940606279042     
  1.238000000000000E-002   217.012090037200     
  1.240000000000000E-002   218.990408308397     
  1.242000000000000E-002   220.883674431652     
  1.244000000000000E-002   222.702023903714     
  1.246000000000000E-002   224.460677893425     
  1.248000000000000E-002   226.181576275963     
  1.250000000000000E-002   227.867742890548     
  1.252000000000000E-002   229.522472205229     
  1.254000000000000E-002   231.148656276478     
  1.256000000000000E-002   232.748184014990     
  1.258000000000000E-002   234.322163410497     
  1.260000000000000E-002   235.871985654513     
  1.262000000000000E-002   237.399476621962     
  1.264000000000000E-002   238.907159386925     
  1.266000000000000E-002   240.397985482951     
  1.268000000000000E-002   241.872283164740     
  1.270000000000000E-002   243.327983673961     
  1.272000000000000E-002   244.761749309616     
  1.274000000000000E-002   246.171345218856     
  1.276000000000000E-002   247.556886777142     
  1.278000000000000E-002   248.919147867866     
  1.280000000000000E-002   250.258816832217     
  1.282000000000000E-002   251.578461858552     
  1.284000000000000E-002   252.880391601495     
  1.286000000000000E-002   254.162712656724     
  1.288000000000000E-002   255.420054483276     
  1.290000000000000E-002   256.653073897766     
  1.292000000000000E-002   257.858741927486     
  1.294000000000000E-002   259.036458678816     
  1.296000000000000E-002   260.195054250049     
  1.298000000000000E-002   261.339736208207     
  1.300000000000000E-002   262.470300851940     
  1.302000000000000E-002   263.589410034726     
  1.304000000000000E-002   264.700850405260     
  1.306000000000000E-002   265.807440313117     
  1.308000000000000E-002   266.912851010966     
  1.310000000000000E-002   268.021794406493     
  1.312000000000000E-002   269.141622781464     
  1.314000000000000E-002   270.279708663485     
  1.316000000000000E-002   271.441632737545     
  1.318000000000000E-002   272.630990000279     
  1.320000000000000E-002   273.849932646045     
  1.322000000000000E-002   275.099910799131     
  1.324000000000000E-002   276.382287076365     
  1.326000000000000E-002   277.697785526012     
  1.328000000000000E-002   279.045380510203     
  1.330000000000000E-002   280.422397246295     
  1.332000000000000E-002   281.824347491382     
  1.334000000000000E-002   283.246910069067     
  1.336000000000000E-002   284.684988040619     
  1.338000000000000E-002   286.119785255144     
  1.340000000000000E-002   287.515862267573     
  1.342000000000000E-002   288.874817802944     
  1.344000000000000E-002   290.202205195378     
  1.346000000000000E-002   291.503488299443     
  1.348000000000000E-002   292.783156616634     
  1.350000000000000E-002   294.044743705342     
  1.352000000000000E-002   295.294791576190     
  1.354000000000000E-002   296.542702772675     
  1.356000000000000E-002   297.796715021143     
  1.358000000000000E-002   299.067444180637     
  1.360000000000000E-002   300.367043569972     
  1.362000000000000E-002   301.706059756476     
  1.364000000000000E-002   303.082792407201     
  1.366000000000000E-002   304.402802396515     
  1.368000000000000E-002   305.622387321800     
  1.370000000000000E-002   306.750539392062     
  1.372000000000000E-002   307.795298631109     
  1.374000000000000E-002   308.759085223332     
  1.376000000000000E-002   309.637573130975     
  1.378000000000000E-002   310.421540482230     
  1.380000000000000E-002   311.100689412460     
  1.382000000000000E-002   311.666765905249     
  1.384000000000000E-002   312.119094490900     
  1.386000000000000E-002   312.470872026503     
  1.388000000000000E-002   312.748811220553     
  1.390000000000000E-002   312.980491068087     
  1.392000000000000E-002   313.142831506868     
  1.394000000000000E-002   313.213281085574     
  1.396000000000000E-002   313.206123622941     
  1.398000000000000E-002   313.139686701643     
  1.400000000000000E-002   313.008035766243     
  1.402000000000000E-002   312.843310789011     
  1.404000000000000E-002   312.737400307476     
  1.406000000000000E-002   312.693206157948     
  1.408000000000000E-002   312.698793658265     
  1.410000000000000E-002   312.762155536296     
  1.412000000000000E-002   312.879511923529     
  1.414000000000000E-002   313.013466553985     
  1.416000000000000E-002   313.131051972672     
  1.418000000000000E-002   313.213102688877     
  1.420000000000000E-002   313.243443728809     
  1.422000000000000E-002   313.225695582996     
  1.424000000000000E-002   313.156789105527     
  1.426000000000000E-002   313.026272105965     
  1.428000000000000E-002   312.829307646854     
  1.430000000000000E-002   312.565135950617     
  1.432000000000000E-002   312.237405868546     
  1.434000000000000E-002   311.882785812869     
  1.436000000000000E-002   311.600769357914     
  1.438000000000000E-002   311.397067449040     
  1.440000000000000E-002   311.261848340522     
  1.442000000000000E-002   311.183988904780     
  1.444000000000000E-002   311.151237317628     
  1.446000000000000E-002   311.152022702155     
  1.448000000000000E-002   311.198023988765     
  1.450000000000000E-002   311.306312411875     
  1.452000000000000E-002   311.454393880409     
  1.454000000000000E-002   311.638429073644     
  1.456000000000000E-002   311.873324598075     
  1.458000000000000E-002   312.170455784805     
  1.460000000000000E-002   312.535815675910     
  1.462000000000000E-002   312.968566337551     
  1.464000000000000E-002   313.462714877425     
  1.466000000000000E-002   314.008126589015     
  1.468000000000000E-002   314.597062585182     
  1.470000000000000E-002   315.225166089983     
  1.472000000000000E-002   315.888980565097     
  1.474000000000000E-002   316.587948535554     
  1.476000000000000E-002   317.321887899822     
  1.478000000000000E-002   318.086740914429     
  1.480000000000000E-002   318.877274843837     
  1.482000000000000E-002   319.682242697534     
  1.484000000000000E-002   320.493191562771     
  1.486000000000000E-002   321.354754450075     
  1.488000000000000E-002   322.323177786583     
  1.490000000000000E-002   323.414958552208     
  1.492000000000000E-002   324.601467403860     
  1.494000000000000E-002   325.872115845817     
  1.496000000000000E-002   327.251395244322     
  1.498000000000000E-002   328.826165358791     
  1.500000000000000E-002   330.731773107628     
  1.502000000000000E-002   333.123823830613     
  1.504000000000000E-002   336.165160696947     
  1.506000000000000E-002   339.999808891589     
  1.508000000000000E-002   344.680263075715     
  1.510000000000000E-002   349.766138831778     
  1.512000000000000E-002   353.912604036583     
  1.514000000000000E-002   356.986678142371     
  1.516000000000000E-002   359.167746577620     
  1.518000000000000E-002   360.652103478527     
  1.520000000000000E-002   361.614250367455     
  1.522000000000000E-002   362.214518867392     
  1.524000000000000E-002   362.583149339957     
  1.526000000000000E-002   362.702449180745     
  1.528000000000000E-002   362.653893923725     
  1.530000000000000E-002   362.480707106238     
  1.532000000000000E-002   362.244447813377     
  1.534000000000000E-002   362.040290195394     
  1.536000000000000E-002   361.886140734528     
  1.538000000000000E-002   361.781495604710     
  1.540000000000000E-002   361.687505579262     
  1.542000000000000E-002   361.579154538319     
  1.544000000000000E-002   361.434213517159     
  1.546000000000000E-002   361.235707529139     
  1.548000000000000E-002   360.975769344777     
  1.550000000000000E-002   360.670720395927     
  1.552000000000000E-002   360.338849599813     
  1.554000000000000E-002   359.972428872626     
  1.556000000000000E-002   359.563293819267     
  1.558000000000000E-002   359.082629472647     
  1.560000000000000E-002   358.452603349221     
  1.562000000000000E-002   357.383014450775     
  1.564000000000000E-002   354.786665368049     
  1.566000000000000E-002   346.490569827505     
  1.568000000000000E-002   317.652153069362     
  1.570000000000000E-002   224.567197214819     
  1.572000000000000E-002   67.2882663187896     
  1.574000000000000E-002   9.34225265828064     
  1.576000000000000E-002   1.07783388549545     
  1.578000000000000E-002  0.121868593234485     
  1.580000000000000E-002  1.375897396367467E-002
  1.582000000000000E-002  1.553340292110100E-003
  1.584000000000000E-002  1.753729911359128E-004
  1.586000000000000E-002  1.980138514384775E-005
  1.588000000000000E-002  2.235971483834630E-006
  1.590000000000000E-002  2.525055198920625E-007
  1.592000000000000E-002  2.851700866231336E-008
  1.594000000000000E-002  3.220747448207850E-009
  1.596000000000000E-002  3.637297781201749E-010
  1.598000000000000E-002  4.105295448193367E-011
  1.600000000000000E-002  4.627520302553852E-012
  1.602000000000000E-002  4.878108044569461E-013
  1.604000000000000E-002  3.675286882895122E-014
  1.606000000000000E-002  0.000000000000000E+000
  1.608000000000000E-002  0.000000000000000E+000
  1.610000000000000E-002  0.000000000000000E+000
  1.612000000000000E-002  0.000000000000000E+000
  1.614000000000000E-002  0.000000000000000E+000
  1.616000000000000E-002  0.000000000000000E+000
  1.618000000000000E-002  0.000000000000000E+000
  1.620000000000000E-002  0.000000000000000E+000
  1.622000000000000E-002  0.000000000000000E+000
  1.624000000000000E-002  0.000000000000000E+000
  1.626000000000000E-002  0.000000000000000E+000
  1.628000000000000E-002  0.000000000000000E+000
  1.630000000000000E-002  0.000000000000000E+000
  1.632000000000000E-002  0.000000000000000E+000
  1.634000000000000E-002  0.000000000000000E+000
  1.636000000000000E-002  0.000000000000000E+000
  1.638000000000000E-002  0.000000000000000E+000
  1.640000000000000E-002  0.000000000000000E+000
  1.642000000000000E-002  0.000000000000000E+000
  1.644000000000000E-002  0.000000000000000E+000
  1.646000000000000E-002  0.000000000000000E+000
  1.648000000000000E-002  0.000000000000000E+000
  1.650000000000000E-002  0.000000000000000E+000
  1.652000000000000E-002  0.000000000000000E+000
  1.654000000000000E-002  0.000000000000000E+000
  1.656000000000000E-002  0.000000000000000E+000
  1.658000000000000E-002  0.000000000000000E+000
  1.660000000000000E-002  0.000000000000000E+000
  1.662000000000000E-002  0.000000000000000E+000
  1.664000000000000E-002  0.000000000000000E+000
  1.666000000000000E-002  0.000000000000000E+000
  1.668000000000000E-002  0.000000000000000E+000
  1.670000000000000E-002  0.000000000000000E+000
  1.672000000000000E-002  0.000000000000000E+000
  1.674000000000000E-002  0.000000000000000E+000
  1.676000000000000E-002  0.000000000000000E+000
  1.678000000000000E-002  0.000000000000000E+000
  1.680000000000000E-002  0.000000000000000E+000
  1.682000000000000E-002  0.000000000000000E+000
  1.684000000000000E-002  0.000000000000000E+000
  1.686000000000000E-002  0.000000000000000E+000
  1.688000000000000E-002  0.000000000000000E+000
  1.690000000000000E-002  0.000000000000000E+000
  1.692000000000000E-002  0.000000000000000E+000
  1.694000000000000E-002  0.000000000000000E+000
  1.696000000000000E-002  0.000000000000000E+000
  1.698000000000000E-002  0.000000000000000E+000
  1.700000000000000E-002  0.000000000000000E+000
  1.702000000000000E-002  0.000000000000000E+000
  1.704000000000000E-002  0.000000000000000E+000
  1.706000000000000E-002  0.000000000000000E+000
  1.708000000000000E-002  0.000000000000000E+000
  1.710000000000000E-002  0.000000000000000E+000
  1.712000000000000E-002  0.000000000000000E+000
  1.714000000000000E-002  0.000000000000000E+000
  1.716000000000000E-002  0.000000000000000E+000
  1.718000000000000E-002  0.000000000000000E+000
  1.720000000000000E-002  0.000000000000000E+000
  1.722000000000000E-002  0.000000000000000E+000
  1.724000000000000E-002  0.000000000000000E+000
  1.726000000000000E-002  0.000000000000000E+000
  1.728000000000000E-002  0.000000000000000E+000
  1.730000000000000E-002  0.000000000000000E+000
  1.732000000000000E-002  0.000000000000000E+000
  1.734000000000000E-002  0.000000000000000E+000
  1.736000000000000E-002  0.000000000000000E+000
  1.738000000000000E-002  0.000000000000000E+000
  1.740000000000000E-002  0.000000000000000E+000
  1.742000000000000E-002  0.000000000000000E+000
  1.744000000000000E-002  0.000000000000000E+000
  1.746000000000000E-002  0.000000000000000E+000
  1.748000000000000E-002  0.000000000000000E+000
  1.750000000000000E-002  0.000000000000000E+000
  1.752000000000000E-002  0.000000000000000E+000
  1.754000000000000E-002  0.000000000000000E+000
  1.756000000000000E-002  0.000000000000000E+000
  1.758000000000000E-002  0.000000000000000E+000
  1.760000000000000E-002  0.000000000000000E+000
  1.762000000000000E-002  0.000000000000000E+000
  1.764000000000000E-002  0.000000000000000E+000
  1.766000000000000E-002  0.000000000000000E+000
  1.768000000000000E-002  0.000000000000000E+000
  1.770000000000000E-002  0.000000000000000E+000
  1.772000000000000E-002  0.000000000000000E+000
  1.774000000000000E-002  0.000000000000000E+000
  1.776000000000000E-002  0.000000000000000E+000
  1.778000000000000E-002  0.000000000000000E+000
  1.780000000000000E-002  0.000000000000000E+000
  1.782000000000000E-002  0.000000000000000E+000
  1.784000000000000E-002  0.000000000000000E+000
  1.786000000000000E-002  0.000000000000000E+000
  1.788000000000000E-002  0.000000000000000E+000
  1.790000000000000E-002  0.000000000000000E+000
  1.792000000000000E-002  0.000000000000000E+000
  1.794000000000000E-002  0.000000000000000E+000
  1.796000000000000E-002  0.000000000000000E+000
  1.798000000000000E-002  0.000000000000000E+000
  1.800000000000000E-002  0.000000000000000E+000
  1.802000000000000E-002  0.000000000000000E+000
  1.804000000000000E-002  0.000000000000000E+000
  1.806000000000000E-002  0.000000000000000E+000
  1.808000000000000E-002  0.000000000000000E+000
  1.810000000000000E-002  0.000000000000000E+000
  1.812000000000000E-002  0.000000000000000E+000
  1.814000000000000E-002  0.000000000000000E+000
  1.816000000000000E-002  0.000000000000000E+000
  1.818000000000000E-002  0.000000000000000E+000
  1.820000000000000E-002  0.000000000000000E+000
  1.822000000000000E-002  0.000000000000000E+000
  1.824000000000000E-002  0.000000000000000E+000
  1.826000000000000E-002  0.000000000000000E+000
  1.828000000000000E-002  0.000000000000000E+000
  1.830000000000000E-002  0.000000000000000E+000
  1.832000000000000E-002  0.000000000000000E+000
  1.834000000000000E-002  0.000000000000000E+000
  1.836000000000000E-002  0.000000000000000E+000
  1.838000000000000E-002  0.000000000000000E+000
  1.840000000000000E-002  0.000000000000000E+000
  1.842000000000000E-002  0.000000000000000E+000
  1.844000000000000E-002  0.000000000000000E+000
  1.846000000000000E-002  0.000000000000000E+000
  1.848000000000000E-002  0.000000000000000E+000
  1.850000000000000E-002  0.000000000000000E+000
  1.852000000000000E-002  0.000000000000000E+000
  1.854000000000000E-002  0.000000000000000E+000
  1.856000000000000E-002  0.000000000000000E+000
  1.858000000000000E-002  0.000000000000000E+000
  1.860000000000000E-002  0.000000000000000E+000
  1.862000000000000E-002  0.000000000000000E+000
  1.864000000000000E-002  0.000000000000000E+000
  1.866000000000000E-002  0.000000000000000E+000
  1.868000000000000E-002  0.000000000000000E+000
  1.870000000000000E-002  0.000000000000000E+000
  1.872000000000000E-002  0.000000000000000E+000
  1.874000000000000E-002  0.000000000000000E+000
  1.876000000000000E-002  0.000000000000000E+000
  1.878000000000000E-002  0.000000000000000E+000
  1.880000000000000E-002  0.000000000000000E+000
  1.882000000000000E-002  0.000000000000000E+000
  1.884000000000000E-002  0.000000000000000E+000
  1.886000000000000E-002  0.000000000000000E+000
  1.888000000000000E-002  0.000000000000000E+000
  1.890000000000000E-002  0.000000000000000E+000
  1.892000000000000E-002  0.000000000000000E+000
  1.894000000000000E-002  0.000000000000000E+000
  1.896000000000000E-002  0.000000000000000E+000
  1.898000000000000E-002  0.000000000000000E+000
  1.900000000000000E-002  0.000000000000000E+000
  1.902000000000000E-002  0.000000000000000E+000
  1.904000000000000E-002  0.000000000000000E+000
  1.906000000000000E-002  0.000000000000000E+000
  1.908000000000000E-002  0.000000000000000E+000
  1.910000000000000E-002  0.000000000000000E+000
  1.912000000000000E-002  0.000000000000000E+000
  1.914000000000000E-002  0.000000000000000E+000
  1.916000000000000E-002  0.000000000000000E+000
  1.918000000000000E-002  0.000000000000000E+000
  1.920000000000000E-002  0.000000000000000E+000
  1.922000000000000E-002  0.000000000000000E+000
  1.924000000000000E-002  0.000000000000000E+000
  1.926000000000000E-002  0.000000000000000E+000
  1.928000000000000E-002  0.000000000000000E+000
  1.930000000000000E-002  0.000000000000000E+000
  1.932000000000000E-002  0.000000000000000E+000
  1.934000000000000E-002  0.000000000000000E+000
  1.936000000000000E-002  0.000000000000000E+000
  1.938000000000000E-002  0.000000000000000E+000
  1.940000000000000E-002  0.000000000000000E+000
  1.942000000000000E-002  0.000000000000000E+000
  1.944000000000000E-002  0.000000000000000E+000
  1.946000000000000E-002  0.000000000000000E+000
  1.948000000000000E-002  0.000000000000000E+000
  1.950000000000000E-002  0.000000000000000E+000
  1.952000000000000E-002  0.000000000000000E+000
  1.954000000000000E-002  0.000000000000000E+000
  1.956000000000000E-002  0.000000000000000E+000
  1.958000000000000E-002  0.000000000000000E+000
  1.960000000000000E-002  0.000000000000000E+000
  1.962000000000000E-002  0.000000000000000E+000
  1.964000000000000E-002  0.000000000000000E+000
  1.966000000000000E-002  0.000000000000000E+000
  1.968000000000000E-002  0.000000000000000E+000
  1.970000000000000E-002  0.000000000000000E+000
  1.972000000000000E-002  0.000000000000000E+000
  1.974000000000000E-002  0.000000000000000E+000
  1.976000000000000E-002  0.000000000000000E+000
  1.978000000000000E-002  0.000000000000000E+000
  1.980000000000000E-002  0.000000000000000E+000
  1.982000000000000E-002  0.000000000000000E+000
  1.984000000000000E-002  0.000000000000000E+000
  1.986000000000000E-002  0.000000000000000E+000
  1.988000000000000E-002  0.000000000000000E+000
  1.990000000000000E-002  0.000000000000000E+000
  1.992000000000000E-002  0.000000000000000E+000
  1.994000000000000E-002  0.000000000000000E+000
  1.996000000000000E-002  0.000000000000000E+000
  1.998000000000000E-002  0.000000000000000E+000
  2.000000000000000E-002  0.000000000000000E+000
  2.002000000000000E-002  0.000000000000000E+000
  2.004000000000000E-002  0.000000000000000E+000
  2.006000000000000E-002  0.000000000000000E+000
  2.008000000000000E-002  0.000000000000000E+000
  2.010000000000000E-002  0.000000000000000E+000
  2.012000000000000E-002  0.000000000000000E+000
  2.014000000000000E-002  0.000000000000000E+000
  2.016000000000000E-002  0.000000000000000E+000
  2.018000000000000E-002  0.000000000000000E+000
  2.020000000000000E-002  0.000000000000000E+000
  2.022000000000000E-002  0.000000000000000E+000
  2.024000000000000E-002  0.000000000000000E+000
  2.026000000000000E-002  0.000000000000000E+000
  2.028000000000000E-002  0.000000000000000E+000
  2.030000000000000E-002  0.000000000000000E+000
  2.032000000000000E-002  0.000000000000000E+000
  2.034000000000000E-002  0.000000000000000E+000
  2.036000000000000E-002  0.000000000000000E+000
  2.038000000000000E-002  0.000000000000000E+000
  2.040000000000000E-002  0.000000000000000E+000
  2.042000000000000E-002  0.000000000000000E+000
  2.044000000000000E-002  0.000000000000000E+000
  2.046000000000000E-002  0.000000000000000E+000
  2.048000000000000E-002  0.000000000000000E+000
  2.050000000000000E-002  0.000000000000000E+000
  2.052000000000000E-002  0.000000000000000E+000
  2.054000000000000E-002  0.000000000000000E+000
  2.056000000000000E-002  0.000000000000000E+000
  2.058000000000000E-002  0.000000000000000E+000
  2.060000000000000E-002  0.000000000000000E+000
  2.062000000000000E-002  0.000000000000000E+000
  2.064000000000000E-002  0.000000000000000E+000
  2.066000000000000E-002  0.000000000000000E+000
  2.068000000000000E-002  0.000000000000000E+000
  2.070000000000000E-002  0.000000000000000E+000
  2.072000000000000E-002  0.000000000000000E+000
  2.074000000000000E-002  0.000000000000000E+000
  2.076000000000000E-002  0.000000000000000E+000
  2.078000000000000E-002  0.000000000000000E+000
  2.080000000000000E-002  0.000000000000000E+000
  2.082000000000000E-002  0.000000000000000E+000
  2.084000000000000E-002  0.000000000000000E+000
  2.086000000000000E-002  0.000000000000000E+000
  2.088000000000000E-002  0.000000000000000E+000
  2.090000000000000E-002  0.000000000000000E+000
  2.092000000000000E-002  0.000000000000000E+000
  2.094000000000000E-002  0.000000000000000E+000
  2.096000000000000E-002  0.000000000000000E+000
  2.098000000000000E-002  0.000000000000000E+000
  2.100000000000000E-002  0.000000000000000E+000
  2.102000000000000E-002  0.000000000000000E+000
  2.104000000000000E-002  0.000000000000000E+000
  2.106000000000000E-002  0.000000000000000E+000
  2.108000000000000E-002  0.000000000000000E+000
  2.110000000000000E-002  0.000000000000000E+000
  2.112000000000000E-002  0.000000000000000E+000
  2.114000000000000E-002  0.000000000000000E+000
  2.116000000000000E-002  0.000000000000000E+000
  2.118000000000000E-002  0.000000000000000E+000
  2.120000000000000E-002  0.000000000000000E+000
  2.122000000000000E-002  0.000000000000000E+000
  2.124000000000000E-002  0.000000000000000E+000
  2.126000000000000E-002  0.000000000000000E+000
  2.128000000000000E-002  0.000000000000000E+000
  2.130000000000000E-002  0.000000000000000E+000
  2.132000000000000E-002  0.000000000000000E+000
  2.134000000000000E-002  0.000000000000000E+000
  2.136000000000000E-002  0.000000000000000E+000
  2.138000000000000E-002  0.000000000000000E+000
  2.140000000000000E-002  0.000000000000000E+000
  2.142000000000000E-002  0.000000000000000E+000
  2.144000000000000E-002  0.000000000000000E+000
  2.146000000000000E-002  0.000000000000000E+000
  2.148000000000000E-002  0.000000000000000E+000
  2.150000000000000E-002  0.000000000000000E+000
  2.152000000000000E-002  0.000000000000000E+000
  2.154000000000000E-002  0.000000000000000E+000
  2.156000000000000E-002  0.000000000000000E+000
  2.158000000000000E-002  0.000000000000000E+000
  2.160000000000000E-002  0.000000000000000E+000
  2.162000000000000E-002  0.000000000000000E+000
  2.164000000000000E-002  0.000000000000000E+000
  2.166000000000000E-002  0.000000000000000E+000
  2.168000000000000E-002  0.000000000000000E+000
  2.170000000000000E-002  0.000000000000000E+000
  2.172000000000000E-002  0.000000000000000E+000
  2.174000000000000E-002  0.000000000000000E+000
  2.176000000000000E-002  0.000000000000000E+000
  2.178000000000000E-002  0.000000000000000E+000
  2.180000000000000E-002  0.000000000000000E+000
  2.182000000000000E-002  0.000000000000000E+000
  2.184000000000000E-002  0.000000000000000E+000
  2.186000000000000E-002  0.000000000000000E+000
  2.188000000000000E-002  0.000000000000000E+000
  2.190000000000000E-002  0.000000000000000E+000
  2.192000000000000E-002  0.000000000000000E+000
  2.194000000000000E-002  0.000000000000000E+000
  2.196000000000000E-002  0.000000000000000E+000
  2.198000000000000E-002  0.000000000000000E+000
  2.200000000000000E-002  0.000000000000000E+000
  2.202000000000000E-002  0.000000000000000E+000
  2.204000000000000E-002  0.000000000000000E+000
  2.206000000000000E-002  0.000000000000000E+000
  2.208000000000000E-002  0.000000000000000E+000
  2.210000000000000E-002  0.000000000000000E+000
  2.212000000000000E-002  0.000000000000000E+000
  2.214000000000000E-002  0.000000000000000E+000
  2.216000000000000E-002  0.000000000000000E+000
  2.218000000000000E-002  0.000000000000000E+000
  2.220000000000000E-002  0.000000000000000E+000
  2.222000000000000E-002  0.000000000000000E+000
  2.224000000000000E-002  0.000000000000000E+000
  2.226000000000000E-002  0.000000000000000E+000
  2.228000000000000E-002  0.000000000000000E+000
  2.230000000000000E-002  0.000000000000000E+000
  2.232000000000000E-002  0.000000000000000E+000
  2.234000000000000E-002  0.000000000000000E+000
  2.236000000000000E-002  0.000000000000000E+000
  2.238000000000000E-002  0.000000000000000E+000
  2.240000000000000E-002  0.000000000000000E+000
  2.242000000000000E-002  0.000000000000000E+000
  2.244000000000000E-002  0.000000000000000E+000
  2.246000000000000E-002  0.000000000000000E+000
  2.248000000000000E-002  0.000000000000000E+000
  2.250000000000000E-002  0.000000000000000E+000
  2.252000000000000E-002  0.000000000000000E+000
  2.254000000000000E-002  0.000000000000000E+000
  2.256000000000000E-002  0.000000000000000E+000
  2.258000000000000E-002  0.000000000000000E+000
  2.260000000000000E-002  0.000000000000000E+000
  2.262000000000000E-002  0.000000000000000E+000
  2.264000000000000E-002  0.000000000000000E+000
  2.266000000000000E-002  0.000000000000000E+000
  2.268000000000000E-002  0.000000000000000E+000
  2.270000000000000E-002  0.000000000000000E+000
  2.272000000000000E-002  0.000000000000000E+000
  2.274000000000000E-002  0.000000000000000E+000
  2.276000000000000E-002  0.000000000000000E+000
  2.278000000000000E-002  0.000000000000000E+000
  2.280000000000000E-002  0.000000000000000E+000
  2.282000000000000E-002  0.000000000000000E+000
  2.284000000000000E-002  0.000000000000000E+000
  2.286000000000000E-002  0.000000000000000E+000
  2.288000000000000E-002  0.000000000000000E+000
  2.290000000000000E-002  0.000000000000000E+000
  2.292000000000000E-002  0.000000000000000E+000
  2.294000000000000E-002  0.000000000000000E+000
  2.296000000000000E-002  0.000000000000000E+000
  2.298000000000000E-002  0.000000000000000E+000
  2.300000000000000E-002  0.000000000000000E+000
  2.302000000000000E-002  0.000000000000000E+000
  2.304000000000000E-002  0.000000000000000E+000
  2.306000000000000E-002  0.000000000000000E+000
  2.308000000000000E-002  0.000000000000000E+000
  2.310000000000000E-002  0.000000000000000E+000
  2.312000000000000E-002  0.000000000000000E+000
  2.314000000000000E-002  0.000000000000000E+000
  2.316000000000000E-002  0.000000000000000E+000
  2.318000000000000E-002  0.000000000000000E+000
  2.320000000000000E-002  0.000000000000000E+000
  2.322000000000000E-002  0.000000000000000E+000
  2.324000000000000E-002  0.000000000000000E+000
  2.326000000000000E-002  0.000000000000000E+000
  2.328000000000000E-002  0.000000000000000E+000
  2.330000000000000E-002  0.000000000000000E+000
  2.332000000000000E-002  0.000000000000000E+000
  2.334000000000000E-002  0.000000000000000E+000
  2.336000000000000E-002  0.000000000000000E+000
  2.338000000000000E-002  0.000000000000000E+000
  2.340000000000000E-002  0.000000000000000E+000
  2.342000000000000E-002  0.000000000000000E+000
  2.344000000000000E-002  0.000000000000000E+000
  2.346000000000000E-002  0.000000000000000E+000
  2.348000000000000E-002  0.000000000000000E+000
  2.350000000000000E-002  0.000000000000000E+000
  2.352000000000000E-002  0.000000000000000E+000
  2.354000000000000E-002  0.000000000000000E+000
  2.356000000000000E-002  0.000000000000000E+000
  2.358000000000000E-002  0.000000000000000E+000
  2.360000000000000E-002  0.000000000000000E+000
  2.362000000000000E-002  0.000000000000000E+000
  2.364000000000000E-002  0.000000000000000E+000
  2.366000000000000E-002  0.000000000000000E+000
  2.368000000000000E-002  0.000000000000000E+000
  2.370000000000000E-002  0.000000000000000E+000
  2.372000000000000E-002  0.000000000000000E+000
  2.374000000000000E-002  0.000000000000000E+000
  2.376000000000000E-002  0.000000000000000E+000
  2.378000000000000E-002  0.000000000000000E+000
  2.380000000000000E-002  0.000000000000000E+000
  2.382000000000000E-002  0.000000000000000E+000
  2.384000000000000E-002  0.000000000000000E+000
  2.386000000000000E-002  0.000000000000000E+000
  2.388000000000000E-002  0.000000000000000E+000
  2.390000000000000E-002  0.000000000000000E+000
  2.392000000000000E-002  0.000000000000000E+000
  2.394000000000000E-002  0.000000000000000E+000
  2.396000000000000E-002  0.000000000000000E+000
  2.398000000000000E-002  0.000000000000000E+000
  2.400000000000000E-002  0.000000000000000E+000
  2.402000000000000E-002  0.000000000000000E+000
  2.404000000000000E-002  0.000000000000000E+000
  2.406000000000000E-002  0.000000000000000E+000
  2.408000000000000E-002  0.000000000000000E+000
  2.410000000000000E-002  0.000000000000000E+000
  2.412000000000000E-002  0.000000000000000E+000
  2.414000000000000E-002  0.000000000000000E+000
  2.416000000000000E-002  0.000000000000000E+000
  2.418000000000000E-002  0.000000000000000E+000
  2.420000000000000E-002  0.000000000000000E+000
  2.422000000000000E-002  0.000000000000000E+000
  2.424000000000000E-002  0.000000000000000E+000
  2.426000000000000E-002  0.000000000000000E+000
  2.428000000000000E-002  0.000000000000000E+000
  2.430000000000000E-002  0.000000000000000E+000
  2.432000000000000E-002  0.000000000000000E+000
  2.434000000000000E-002  0.000000000000000E+000
  2.436000000000000E-002  0.000000000000000E+000
  2.438000000000000E-002  0.000000000000000E+000
  2.440000000000000E-002  0.000000000000000E+000
  2.442000000000000E-002  0.000000000000000E+000
  2.444000000000000E-002  0.000000000000000E+000
  2.446000000000000E-002  0.000000000000000E+000
  2.448000000000000E-002  0.000000000000000E+000
  2.450000000000000E-002  0.000000000000000E+000
  2.452000000000000E-002  0.000000000000000E+000
  2.454000000000000E-002  0.000000000000000E+000
  2.456000000000000E-002  0.000000000000000E+000
  2.458000000000000E-002  0.000000000000000E+000
  2.460000000000000E-002  0.000000000000000E+000
  2.462000000000000E-002  0.000000000000000E+000
  2.464000000000000E-002  0.000000000000000E+000
  2.466000000000000E-002  0.000000000000000E+000
  2.468000000000000E-002  0.000000000000000E+000
  2.470000000000000E-002  0.000000000000000E+000
  2.472000000000000E-002  0.000000000000000E+000
  2.474000000000000E-002  0.000000000000000E+000
  2.476000000000000E-002  0.000000000000000E+000
  2.478000000000000E-002  0.000000000000000E+000
  2.480000000000000E-002  0.000000000000000E+000
  2.482000000000000E-002  0.000000000000000E+000
  2.484000000000000E-002  0.000000000000000E+000
  2.486000000000000E-002  0.000000000000000E+000
  2.488000000000000E-002  0.000000000000000E+000
  2.490000000000000E-002  0.000000000000000E+000
  2.492000000000000E-002  0.000000000000000E+000
  2.494000000000000E-002  0.000000000000000E+000
  2.496000000000000E-002  0.000000000000000E+000
  2.498000000000000E-002  0.000000000000000E+000
  2.500000000000000E-002  0.000000000000000E+000
  2.502000000000000E-002  0.000000000000000E+000
  2.504000000000000E-002  0.000000000000000E+000
  2.506000000000000E-002  0.000000000000000E+000
  2.508000000000000E-002  0.000000000000000E+000
  2.510000000000000E-002  0.000000000000000E+000
  2.512000000000000E-002  0.000000000000000E+000
  2.514000000000000E-002  0.000000000000000E+000
  2.516000000000000E-002  0.000000000000000E+000
  2.518000000000000E-002  0.000000000000000E+000
  2.520000000000000E-002  0.000000000000000E+000
  2.522000000000000E-002  0.000000000000000E+000
  2.524000000000000E-002  0.000000000000000E+000
  2.526000000000000E-002  0.000000000000000E+000
  2.528000000000000E-002  0.000000000000000E+000
  2.530000000000000E-002  0.000000000000000E+000
  2.532000000000000E-002  0.000000000000000E+000
  2.534000000000000E-002  0.000000000000000E+000
  2.536000000000000E-002  0.000000000000000E+000
  2.538000000000000E-002  0.000000000000000E+000
  2.540000000000000E-002  0.000000000000000E+000
  2.542000000000000E-002  0.000000000000000E+000
  2.544000000000000E-002  0.000000000000000E+000
  2.546000000000000E-002  0.000000000000000E+000
  2.548000000000000E-002  0.000000000000000E+000
  2.550000000000000E-002  0.000000000000000E+000
  2.552000000000000E-002  0.000000000000000E+000
  2.554000000000000E-002  0.000000000000000E+000
  2.556000000000000E-002  0.000000000000000E+000
  2.558000000000000E-002  0.000000000000000E+000
  2.560000000000000E-002  0.000000000000000E+000
  2.562000000000000E-002  0.000000000000000E+000
  2.564000000000000E-002  0.000000000000000E+000
  2.566000000000000E-002  0.000000000000000E+000
  2.568000000000000E-002  0.000000000000000E+000
  2.570000000000000E-002  0.000000000000000E+000
  2.572000000000000E-002  0.000000000000000E+000
  2.574000000000000E-002  0.000000000000000E+000
  2.576000000000000E-002  0.000000000000000E+000
  2.578000000000000E-002  0.000000000000000E+000
  2.580000000000000E-002  0.000000000000000E+000
  2.582000000000000E-002  0.000000000000000E+000
  2.584000000000000E-002  0.000000000000000E+000
  2.586000000000000E-002  0.000000000000000E+000
  2.588000000000000E-002  0.000000000000000E+000
  2.590000000000000E-002  0.000000000000000E+000
  2.592000000000000E-002  0.000000000000000E+000
  2.594000000000000E-002  0.000000000000000E+000
  2.596000000000000E-002  0.000000000000000E+000
  2.598000000000000E-002  0.000000000000000E+000
  2.600000000000000E-002  0.000000000000000E+000
  2.602000000000000E-002  0.000000000000000E+000
  2.604000000000000E-002  0.000000000000000E+000
  2.606000000000000E-002  0.000000000000000E+000
  2.608000000000000E-002  0.000000000000000E+000
  2.610000000000000E-002  0.000000000000000E+000
  2.612000000000000E-002  0.000000000000000E+000
  2.614000000000000E-002  0.000000000000000E+000
  2.616000000000000E-002  0.000000000000000E+000
  2.618000000000000E-002  0.000000000000000E+000
  2.620000000000000E-002  0.000000000000000E+000
  2.622000000000000E-002  0.000000000000000E+000
  2.624000000000000E-002  0.000000000000000E+000
  2.626000000000000E-002  0.000000000000000E+000
  2.628000000000000E-002  0.000000000000000E+000
  2.630000000000000E-002  0.000000000000000E+000
  2.632000000000000E-002  0.000000000000000E+000
  2.634000000000000E-002  0.000000000000000E+000
  2.636000000000000E-002  0.000000000000000E+000
  2.638000000000000E-002  0.000000000000000E+000
  2.640000000000000E-002  0.000000000000000E+000
  2.642000000000000E-002  0.000000000000000E+000
  2.644000000000000E-002  0.000000000000000E+000
  2.646000000000000E-002  0.000000000000000E+000
  2.648000000000000E-002  0.000000000000000E+000
  2.650000000000000E-002  0.000000000000000E+000
  2.652000000000000E-002  0.000000000000000E+000
  2.654000000000000E-002  0.000000000000000E+000
  2.656000000000000E-002  0.000000000000000E+000
  2.658000000000000E-002  0.000000000000000E+000
  2.660000000000000E-002  0.000000000000000E+000
  2.662000000000000E-002  0.000000000000000E+000
  2.664000000000000E-002  0.000000000000000E+000
  2.666000000000000E-002  0.000000000000000E+000
  2.668000000000000E-002  0.000000000000000E+000
  2.670000000000000E-002  0.000000000000000E+000
  2.672000000000000E-002  0.000000000000000E+000
  2.674000000000000E-002  0.000000000000000E+000
  2.676000000000000E-002  0.000000000000000E+000
  2.678000000000000E-002  0.000000000000000E+000
  2.680000000000000E-002  0.000000000000000E+000
  2.682000000000000E-002  0.000000000000000E+000
  2.684000000000000E-002  0.000000000000000E+000
  2.686000000000000E-002  0.000000000000000E+000
  2.688000000000000E-002  0.000000000000000E+000
  2.690000000000000E-002  0.000000000000000E+000
  2.692000000000000E-002  0.000000000000000E+000
  2.694000000000000E-002  0.000000000000000E+000
  2.696000000000000E-002  0.000000000000000E+000
  2.698000000000000E-002  0.000000000000000E+000
  2.700000000000000E-002  0.000000000000000E+000
  2.702000000000000E-002  0.000000000000000E+000
  2.704000000000000E-002  0.000000000000000E+000
  2.706000000000000E-002  0.000000000000000E+000
  2.708000000000000E-002  0.000000000000000E+000
  2.710000000000000E-002  0.000000000000000E+000
  2.712000000000000E-002  0.000000000000000E+000
  2.714000000000000E-002  0.000000000000000E+000
  2.716000000000000E-002  0.000000000000000E+000
  2.718000000000000E-002  0.000000000000000E+000
  2.720000000000000E-002  0.000000000000000E+000
  2.722000000000000E-002  0.000000000000000E+000
  2.724000000000000E-002  0.000000000000000E+000
  2.726000000000000E-002  0.000000000000000E+000
  2.728000000000000E-002  0.000000000000000E+000
  2.730000000000000E-002  0.000000000000000E+000
  2.732000000000000E-002  0.000000000000000E+000
  2.734000000000000E-002  0.000000000000000E+000
  2.736000000000000E-002  0.000000000000000E+000
  2.738000000000000E-002  0.000000000000000E+000
  2.740000000000000E-002  0.000000000000000E+000
  2.742000000000000E-002  0.000000000000000E+000
  2.744000000000000E-002  0.000000000000000E+000
  2.746000000000000E-002  0.000000000000000E+000
  2.748000000000000E-002  0.000000000000000E+000
  2.750000000000000E-002  0.000000000000000E+000
  2.752000000000000E-002  0.000000000000000E+000
  2.754000000000000E-002  0.000000000000000E+000
  2.756000000000000E-002  0.000000000000000E+000
  2.758000000000000E-002  0.000000000000000E+000
  2.760000000000000E-002  0.000000000000000E+000
  2.762000000000000E-002  0.000000000000000E+000
  2.764000000000000E-002  0.000000000000000E+000
  2.766000000000000E-002  0.000000000000000E+000
  2.768000000000000E-002  0.000000000000000E+000
  2.770000000000000E-002  0.000000000000000E+000
  2.772000000000000E-002  0.000000000000000E+000
  2.774000000000000E-002  0.000000000000000E+000
  2.776000000000000E-002  0.000000000000000E+000
  2.778000000000000E-002  0.000000000000000E+000
  2.780000000000000E-002  0.000000000000000E+000
  2.782000000000000E-002  0.000000000000000E+000
  2.784000000000000E-002  0.000000000000000E+000
  2.786000000000000E-002  0.000000000000000E+000
  2.788000000000000E-002  0.000000000000000E+000
  2.790000000000000E-002  0.000000000000000E+000
  2.792000000000000E-002  0.000000000000000E+000
  2.794000000000000E-002  0.000000000000000E+000
  2.796000000000000E-002  0.000000000000000E+000
  2.798000000000000E-002  0.000000000000000E+000
  2.800000000000000E-002  0.000000000000000E+000
  2.802000000000000E-002  0.000000000000000E+000
  2.804000000000000E-002  0.000000000000000E+000
  2.806000000000000E-002  0.000000000000000E+000
  2.808000000000000E-002  0.000000000000000E+000
  2.810000000000000E-002  0.000000000000000E+000
  2.812000000000000E-002  0.000000000000000E+000
  2.814000000000000E-002  0.000000000000000E+000
  2.816000000000000E-002  0.000000000000000E+000
  2.818000000000000E-002  0.000000000000000E+000
  2.820000000000000E-002  0.000000000000000E+000
  2.822000000000000E-002  0.000000000000000E+000
  2.824000000000000E-002  0.000000000000000E+000
  2.826000000000000E-002  0.000000000000000E+000
  2.828000000000000E-002  0.000000000000000E+000
  2.830000000000000E-002  0.000000000000000E+000
  2.832000000000000E-002  0.000000000000000E+000
  2.834000000000000E-002  0.000000000000000E+000
  2.836000000000000E-002  0.000000000000000E+000
  2.838000000000000E-002  0.000000000000000E+000
  2.840000000000000E-002  0.000000000000000E+000
  2.842000000000000E-002  0.000000000000000E+000
  2.844000000000000E-002  0.000000000000000E+000
  2.846000000000000E-002  0.000000000000000E+000
  2.848000000000000E-002  0.000000000000000E+000
  2.850000000000000E-002  0.000000000000000E+000
  2.852000000000000E-002  0.000000000000000E+000
  2.854000000000000E-002  0.000000000000000E+000
  2.856000000000000E-002  0.000000000000000E+000
  2.858000000000000E-002  0.000000000000000E+000
  2.860000000000000E-002  0.000000000000000E+000
  2.862000000000000E-002  0.000000000000000E+000
  2.864000000000000E-002  0.000000000000000E+000
  2.866000000000000E-002  0.000000000000000E+000
  2.868000000000000E-002  0.000000000000000E+000
  2.870000000000000E-002  0.000000000000000E+000
  2.872000000000000E-002  0.000000000000000E+000
  2.874000000000000E-002  0.000000000000000E+000
  2.876000000000000E-002  0.000000000000000E+000
  2.878000000000000E-002  0.000000000000000E+000
  2.880000000000000E-002  0.000000000000000E+000
  2.882000000000000E-002  0.000000000000000E+000
  2.884000000000000E-002  0.000000000000000E+000
  2.886000000000000E-002  0.000000000000000E+000
  2.888000000000000E-002  0.000000000000000E+000
  2.890000000000000E-002  0.000000000000000E+000
  2.892000000000000E-002  0.000000000000000E+000
  2.894000000000000E-002  0.000000000000000E+000
  2.896000000000000E-002  0.000000000000000E+000
  2.898000000000000E-002  0.000000000000000E+000
  2.900000000000000E-002  0.000000000000000E+000
  2.902000000000000E-002  0.000000000000000E+000
  2.904000000000000E-002  0.000000000000000E+000
  2.906000000000000E-002  0.000000000000000E+000
  2.908000000000000E-002  0.000000000000000E+000
  2.910000000000000E-002  0.000000000000000E+000
  2.912000000000000E-002  0.000000000000000E+000
  2.914000000000000E-002  0.000000000000000E+000
  2.916000000000000E-002  0.000000000000000E+000
  2.918000000000000E-002  0.000000000000000E+000
  2.920000000000000E-002  0.000000000000000E+000
  2.922000000000000E-002  0.000000000000000E+000
  2.924000000000000E-002  0.000000000000000E+000
  2.926000000000000E-002  0.000000000000000E+000
  2.928000000000000E-002  0.000000000000000E+000
  2.930000000000000E-002  0.000000000000000E+000
  2.932000000000000E-002  0.000000000000000E+000
  2.934000000000000E-002  0.000000000000000E+000
  2.936000000000000E-002  0.000000000000000E+000
  2.938000000000000E-002  0.000000000000000E+000
  2.940000000000000E-002  0.000000000000000E+000
  2.942000000000000E-002  0.000000000000000E+000
  2.944000000000000E-002  0.000000000000000E+000
  2.946000000000000E-002  0.000000000000000E+000
  2.948000000000000E-002  0.000000000000000E+000
  2.950000000000000E-002  0.000000000000000E+000
  2.952000000000000E-002  0.000000000000000E+000
  2.954000000000000E-002  0.000000000000000E+000
  2.956000000000000E-002  0.000000000000000E+000
  2.958000000000000E-002  0.000000000000000E+000
  2.960000000000000E-002  0.000000000000000E+000
  2.962000000000000E-002  0.000000000000000E+000
  2.964000000000000E-002  0.000000000000000E+000
  2.966000000000000E-002  0.000000000000000E+000
  2.968000000000000E-002  0.000000000000000E+000
  2.970000000000000E-002  0.000000000000000E+000
  2.972000000000000E-002  0.000000000000000E+000
  2.974000000000000E-002  0.000000000000000E+000
  2.976000000000000E-002  0.000000000000000E+000
  2.978000000000000E-002  0.000000000000000E+000
  2.980000000000000E-002  0.000000000000000E+000
  2.982000000000000E-002  0.000000000000000E+000
  2.984000000000000E-002  0.000000000000000E+000
  2.986000000000000E-002  0.000000000000000E+000
  2.988000000000000E-002  0.000000000000000E+000
  2.990000000000000E-002  0.000000000000000E+000
  2.992000000000000E-002  0.000000000000000E+000
  2.994000000000000E-002  0.000000000000000E+000
  2.996000000000000E-002  0.000000000000000E+000
  2.998000000000000E-002  0.000000000000000E+000
  3.000000000000000E-002  0.000000000000000E+000
  3.002000000000000E-002  0.000000000000000E+000
  3.004000000000000E-002  0.000000000000000E+000
  3.006000000000000E-002  0.000000000000000E+000
  3.008000000000000E-002  0.000000000000000E+000
  3.010000000000000E-002  0.000000000000000E+000
  3.012000000000000E-002  0.000000000000000E+000
  3.014000000000000E-002  0.000000000000000E+000
  3.016000000000000E-002  0.000000000000000E+000
  3.018000000000000E-002  0.000000000000000E+000
  3.020000000000000E-002  0.000000000000000E+000
  3.022000000000000E-002  0.000000000000000E+000
  3.024000000000000E-002  0.000000000000000E+000
  3.026000000000000E-002  0.000000000000000E+000
  3.028000000000000E-002  0.000000000000000E+000
  3.030000000000000E-002  0.000000000000000E+000
  3.032000000000000E-002  0.000000000000000E+000
  3.034000000000000E-002  0.000000000000000E+000
  3.036000000000000E-002  0.000000000000000E+000
  3.038000000000000E-002  0.000000000000000E+000
  3.040000000000000E-002  0.000000000000000E+000
  3.042000000000000E-002  0.000000000000000E+000
  3.044000000000000E-002  0.000000000000000E+000
  3.046000000000000E-002  0.000000000000000E+000
  3.048000000000000E-002  0.000000000000000E+000
  3.050000000000000E-002  0.000000000000000E+000
  3.052000000000000E-002  0.000000000000000E+000
  3.054000000000000E-002  0.000000000000000E+000
  3.056000000000000E-002  0.000000000000000E+000
  3.058000000000000E-002  0.000000000000000E+000
  3.060000000000000E-002  0.000000000000000E+000
  3.062000000000000E-002  0.000000000000000E+000
  3.064000000000000E-002  0.000000000000000E+000
  3.066000000000000E-002  0.000000000000000E+000
  3.068000000000000E-002  0.000000000000000E+000
  3.070000000000000E-002  0.000000000000000E+000
  3.072000000000000E-002  0.000000000000000E+000
  3.074000000000000E-002  0.000000000000000E+000
  3.076000000000000E-002  0.000000000000000E+000
  3.078000000000000E-002  0.000000000000000E+000
  3.080000000000000E-002  0.000000000000000E+000
  3.082000000000000E-002  0.000000000000000E+000
  3.084000000000000E-002  0.000000000000000E+000
  3.086000000000000E-002  0.000000000000000E+000
  3.088000000000000E-002  0.000000000000000E+000
  3.090000000000000E-002  0.000000000000000E+000
  3.092000000000000E-002  0.000000000000000E+000
  3.094000000000000E-002  0.000000000000000E+000
  3.096000000000000E-002  0.000000000000000E+000
  3.098000000000000E-002  0.000000000000000E+000
  3.100000000000000E-002  0.000000000000000E+000
  3.102000000000000E-002  0.000000000000000E+000
  3.104000000000000E-002  0.000000000000000E+000
  3.106000000000000E-002  0.000000000000000E+000
  3.108000000000000E-002  0.000000000000000E+000
  3.110000000000000E-002  0.000000000000000E+000
  3.112000000000000E-002  0.000000000000000E+000
  3.114000000000000E-002  0.000000000000000E+000
  3.116000000000000E-002  0.000000000000000E+000
  3.118000000000000E-002  0.000000000000000E+000
  3.120000000000000E-002  0.000000000000000E+000
  3.122000000000000E-002  0.000000000000000E+000
  3.124000000000000E-002  0.000000000000000E+000
  3.126000000000000E-002  0.000000000000000E+000
  3.128000000000000E-002  0.000000000000000E+000
  3.130000000000000E-002  0.000000000000000E+000
  3.132000000000000E-002  0.000000000000000E+000
  3.134000000000000E-002  0.000000000000000E+000
  3.136000000000001E-002  0.000000000000000E+000
  3.138000000000001E-002  0.000000000000000E+000
  3.140000000000000E-002  0.000000000000000E+000
  3.142000000000000E-002  0.000000000000000E+000
  3.144000000000000E-002  0.000000000000000E+000
  3.146000000000000E-002  0.000000000000000E+000
  3.148000000000000E-002  0.000000000000000E+000
  3.150000000000000E-002  0.000000000000000E+000
  3.152000000000000E-002  0.000000000000000E+000
  3.154000000000001E-002  0.000000000000000E+000
  3.156000000000000E-002  0.000000000000000E+000
  3.158000000000000E-002  0.000000000000000E+000
  3.160000000000000E-002  0.000000000000000E+000
  3.162000000000000E-002  0.000000000000000E+000
  3.164000000000000E-002  0.000000000000000E+000
  3.166000000000000E-002  0.000000000000000E+000
  3.168000000000000E-002  0.000000000000000E+000
  3.170000000000001E-002  0.000000000000000E+000
  3.172000000000001E-002  0.000000000000000E+000
  3.174000000000000E-002  0.000000000000000E+000
  3.176000000000000E-002  0.000000000000000E+000
  3.178000000000000E-002  0.000000000000000E+000
  3.180000000000000E-002  0.000000000000000E+000
  3.182000000000000E-002  0.000000000000000E+000
  3.184000000000000E-002  0.000000000000000E+000
  3.186000000000000E-002  0.000000000000000E+000
  3.188000000000001E-002  0.000000000000000E+000
  3.190000000000000E-002  0.000000000000000E+000
  3.192000000000000E-002  0.000000000000000E+000
  3.194000000000000E-002  0.000000000000000E+000
  3.196000000000000E-002  0.000000000000000E+000
  3.198000000000000E-002  0.000000000000000E+000
  3.200000000000000E-002  0.000000000000000E+000
  3.202000000000000E-002  0.000000000000000E+000
  3.204000000000001E-002  0.000000000000000E+000
  3.206000000000001E-002  0.000000000000000E+000
  3.208000000000000E-002  0.000000000000000E+000
  3.210000000000000E-002  0.000000000000000E+000
  3.212000000000000E-002  0.000000000000000E+000
  3.214000000000000E-002  0.000000000000000E+000
  3.216000000000000E-002  0.000000000000000E+000
  3.218000000000000E-002  0.000000000000000E+000
  3.220000000000000E-002  0.000000000000000E+000
  3.222000000000001E-002  0.000000000000000E+000
  3.224000000000000E-002  0.000000000000000E+000
  3.226000000000000E-002  0.000000000000000E+000
  3.228000000000000E-002  0.000000000000000E+000
  3.230000000000000E-002  0.000000000000000E+000
  3.232000000000000E-002  0.000000000000000E+000
  3.234000000000000E-002  0.000000000000000E+000
  3.236000000000000E-002  0.000000000000000E+000
  3.238000000000001E-002  0.000000000000000E+000
  3.240000000000001E-002  0.000000000000000E+000
  3.242000000000000E-002  0.000000000000000E+000
  3.244000000000000E-002  0.000000000000000E+000
  3.246000000000000E-002  0.000000000000000E+000
  3.248000000000000E-002  0.000000000000000E+000
  3.250000000000000E-002  0.000000000000000E+000
  3.252000000000000E-002  0.000000000000000E+000
  3.254000000000000E-002  0.000000000000000E+000
  3.256000000000001E-002  0.000000000000000E+000
  3.258000000000000E-002  0.000000000000000E+000
  3.260000000000000E-002  0.000000000000000E+000
  3.262000000000000E-002  0.000000000000000E+000
  3.264000000000000E-002  0.000000000000000E+000
  3.266000000000000E-002  0.000000000000000E+000
  3.268000000000000E-002  0.000000000000000E+000
  3.270000000000000E-002  0.000000000000000E+000
  3.272000000000001E-002  0.000000000000000E+000
  3.274000000000001E-002  0.000000000000000E+000
  3.276000000000000E-002  0.000000000000000E+000
  3.278000000000000E-002  0.000000000000000E+000
  3.280000000000000E-002  0.000000000000000E+000
  3.282000000000000E-002  0.000000000000000E+000
  3.284000000000000E-002  0.000000000000000E+000
  3.286000000000000E-002  0.000000000000000E+000
  3.288000000000000E-002  0.000000000000000E+000
  3.290000000000001E-002  0.000000000000000E+000
  3.292000000000000E-002  0.000000000000000E+000
  3.294000000000000E-002  0.000000000000000E+000
  3.296000000000000E-002  0.000000000000000E+000
  3.298000000000000E-002  0.000000000000000E+000
  3.300000000000000E-002  0.000000000000000E+000
  3.302000000000000E-002  0.000000000000000E+000
  3.304000000000000E-002  0.000000000000000E+000
  3.306000000000001E-002  0.000000000000000E+000
  3.308000000000001E-002  0.000000000000000E+000
  3.310000000000000E-002  0.000000000000000E+000
  3.312000000000000E-002  0.000000000000000E+000
  3.314000000000000E-002  0.000000000000000E+000
  3.316000000000000E-002  0.000000000000000E+000
  3.318000000000000E-002  0.000000000000000E+000
  3.320000000000000E-002  0.000000000000000E+000
  3.322000000000000E-002  0.000000000000000E+000
  3.324000000000001E-002  0.000000000000000E+000
  3.326000000000000E-002  0.000000000000000E+000
  3.328000000000000E-002  0.000000000000000E+000
  3.330000000000000E-002  0.000000000000000E+000
  3.332000000000000E-002  0.000000000000000E+000
  3.334000000000000E-002  0.000000000000000E+000
  3.336000000000000E-002  0.000000000000000E+000
  3.338000000000000E-002  0.000000000000000E+000
  3.340000000000001E-002  0.000000000000000E+000
  3.342000000000001E-002  0.000000000000000E+000
  3.344000000000000E-002  0.000000000000000E+000
  3.346000000000000E-002  0.000000000000000E+000
  3.348000000000000E-002  0.000000000000000E+000
  3.350000000000000E-002  0.000000000000000E+000
  3.352000000000000E-002  0.000000000000000E+000
  3.354000000000000E-002  0.000000000000000E+000
  3.356000000000000E-002  0.000000000000000E+000
  3.358000000000001E-002  0.000000000000000E+000
  3.360000000000000E-002  0.000000000000000E+000
  3.362000000000000E-002  0.000000000000000E+000
  3.364000000000000E-002  0.000000000000000E+000
  3.366000000000000E-002  0.000000000000000E+000
  3.368000000000000E-002  0.000000000000000E+000
  3.370000000000000E-002  0.000000000000000E+000
  3.372000000000000E-002  0.000000000000000E+000
  3.374000000000001E-002  0.000000000000000E+000
  3.376000000000001E-002  0.000000000000000E+000
  3.378000000000000E-002  0.000000000000000E+000
  3.380000000000000E-002  0.000000000000000E+000
  3.382000000000000E-002  0.000000000000000E+000
  3.384000000000000E-002  0.000000000000000E+000
  3.386000000000000E-002  0.000000000000000E+000
  3.388000000000000E-002  0.000000000000000E+000
  3.390000000000000E-002  0.000000000000000E+000
  3.392000000000001E-002  0.000000000000000E+000
  3.394000000000000E-002  0.000000000000000E+000
  3.396000000000000E-002  0.000000000000000E+000
  3.398000000000000E-002  0.000000000000000E+000
  3.400000000000000E-002  0.000000000000000E+000
  3.402000000000000E-002  0.000000000000000E+000
  3.404000000000000E-002  0.000000000000000E+000
  3.406000000000000E-002  0.000000000000000E+000
  3.408000000000001E-002  0.000000000000000E+000
  3.410000000000001E-002  0.000000000000000E+000
  3.412000000000000E-002  0.000000000000000E+000
  3.414000000000000E-002  0.000000000000000E+000
  3.416000000000000E-002  0.000000000000000E+000
  3.418000000000000E-002  0.000000000000000E+000
  3.420000000000000E-002  0.000000000000000E+000
  3.422000000000000E-002  0.000000000000000E+000
  3.424000000000000E-002  0.000000000000000E+000
  3.426000000000001E-002  0.000000000000000E+000
  3.428000000000000E-002  0.000000000000000E+000
  3.430000000000000E-002  0.000000000000000E+000
  3.432000000000000E-002  0.000000000000000E+000
  3.434000000000000E-002  0.000000000000000E+000
  3.436000000000000E-002  0.000000000000000E+000
  3.438000000000000E-002  0.000000000000000E+000
  3.440000000000000E-002  0.000000000000000E+000
  3.442000000000001E-002  0.000000000000000E+000
  3.444000000000001E-002  0.000000000000000E+000
  3.446000000000000E-002  0.000000000000000E+000
  3.448000000000000E-002  0.000000000000000E+000
  3.450000000000000E-002  0.000000000000000E+000
  3.452000000000000E-002  0.000000000000000E+000
  3.454000000000000E-002  0.000000000000000E+000
  3.456000000000000E-002  0.000000000000000E+000
  3.458000000000000E-002  0.000000000000000E+000
  3.460000000000001E-002  0.000000000000000E+000
  3.462000000000000E-002  0.000000000000000E+000
  3.464000000000000E-002  0.000000000000000E+000
  3.466000000000000E-002  0.000000000000000E+000
  3.468000000000000E-002  0.000000000000000E+000
  3.470000000000000E-002  0.000000000000000E+000
  3.472000000000000E-002  0.000000000000000E+000
  3.474000000000000E-002  0.000000000000000E+000
  3.476000000000001E-002  0.000000000000000E+000
  3.478000000000001E-002  0.000000000000000E+000
  3.480000000000000E-002  0.000000000000000E+000
  3.482000000000000E-002  0.000000000000000E+000
  3.484000000000000E-002  0.000000000000000E+000
  3.486000000000000E-002  0.000000000000000E+000
  3.488000000000000E-002  0.000000000000000E+000
  3.490000000000000E-002  0.000000000000000E+000
  3.492000000000000E-002  0.000000000000000E+000
  3.494000000000001E-002  0.000000000000000E+000
  3.496000000000000E-002  0.000000000000000E+000
  3.498000000000000E-002  0.000000000000000E+000
  3.500000000000000E-002  0.000000000000000E+000
  3.502000000000000E-002  0.000000000000000E+000
  3.504000000000000E-002  0.000000000000000E+000
  3.506000000000000E-002  0.000000000000000E+000
  3.508000000000000E-002  0.000000000000000E+000
  3.510000000000001E-002  0.000000000000000E+000
  3.512000000000001E-002  0.000000000000000E+000
  3.514000000000000E-002  0.000000000000000E+000
  3.516000000000000E-002  0.000000000000000E+000
  3.518000000000000E-002  0.000000000000000E+000
  3.520000000000000E-002  0.000000000000000E+000
  3.522000000000000E-002  0.000000000000000E+000
  3.524000000000000E-002  0.000000000000000E+000
  3.526000000000000E-002  0.000000000000000E+000
  3.528000000000001E-002  0.000000000000000E+000
  3.530000000000000E-002  0.000000000000000E+000
  3.532000000000000E-002  0.000000000000000E+000
  3.534000000000000E-002  0.000000000000000E+000
  3.536000000000000E-002  0.000000000000000E+000
  3.538000000000000E-002  0.000000000000000E+000
  3.540000000000000E-002  0.000000000000000E+000
  3.542000000000000E-002  0.000000000000000E+000
  3.544000000000001E-002  0.000000000000000E+000
  3.546000000000001E-002  0.000000000000000E+000
  3.548000000000000E-002  0.000000000000000E+000
  3.550000000000000E-002  0.000000000000000E+000
  3.552000000000000E-002  0.000000000000000E+000
  3.554000000000000E-002  0.000000000000000E+000
  3.556000000000000E-002  0.000000000000000E+000
  3.558000000000000E-002  0.000000000000000E+000
  3.560000000000000E-002  0.000000000000000E+000
  3.562000000000001E-002  0.000000000000000E+000
  3.564000000000001E-002  0.000000000000000E+000
  3.566000000000000E-002  0.000000000000000E+000
  3.568000000000000E-002  0.000000000000000E+000
  3.570000000000000E-002  0.000000000000000E+000
  3.572000000000000E-002  0.000000000000000E+000
  3.574000000000000E-002  0.000000000000000E+000
  3.576000000000000E-002  0.000000000000000E+000
  3.578000000000001E-002  0.000000000000000E+000
  3.580000000000001E-002  0.000000000000000E+000
  3.582000000000000E-002  0.000000000000000E+000
  3.584000000000000E-002  0.000000000000000E+000
  3.586000000000000E-002  0.000000000000000E+000
  3.588000000000000E-002  0.000000000000000E+000
  3.590000000000000E-002  0.000000000000000E+000
  3.592000000000000E-002  0.000000000000000E+000
  3.594000000000000E-002  0.000000000000000E+000
  3.596000000000001E-002  0.000000000000000E+000
  3.598000000000001E-002  0.000000000000000E+000
  3.600000000000000E-002  0.000000000000000E+000
  3.602000000000000E-002  0.000000000000000E+000
  3.604000000000000E-002  0.000000000000000E+000
  3.606000000000000E-002  0.000000000000000E+000
  3.608000000000000E-002  0.000000000000000E+000
  3.610000000000000E-002  0.000000000000000E+000
  3.612000000000001E-002  0.000000000000000E+000
  3.614000000000001E-002  0.000000000000000E+000
  3.616000000000000E-002  0.000000000000000E+000
  3.618000000000000E-002  0.000000000000000E+000
  3.620000000000000E-002  0.000000000000000E+000
  3.622000000000000E-002  0.000000000000000E+000
  3.624000000000000E-002  0.000000000000000E+000
  3.626000000000000E-002  0.000000000000000E+000
  3.628000000000000E-002  0.000000000000000E+000
  3.630000000000001E-002  0.000000000000000E+000
  3.632000000000001E-002  0.000000000000000E+000
  3.634000000000000E-002  0.000000000000000E+000
  3.636000000000000E-002  0.000000000000000E+000
  3.638000000000000E-002  0.000000000000000E+000
  3.640000000000000E-002  0.000000000000000E+000
  3.642000000000000E-002  0.000000000000000E+000
  3.644000000000000E-002  0.000000000000000E+000
  3.646000000000001E-002  0.000000000000000E+000
  3.648000000000001E-002  0.000000000000000E+000
  3.650000000000000E-002  0.000000000000000E+000
  3.652000000000000E-002  0.000000000000000E+000
  3.654000000000000E-002  0.000000000000000E+000
  3.656000000000000E-002  0.000000000000000E+000
  3.658000000000000E-002  0.000000000000000E+000
  3.660000000000000E-002  0.000000000000000E+000
  3.662000000000000E-002  0.000000000000000E+000
  3.664000000000001E-002  0.000000000000000E+000
  3.666000000000001E-002  0.000000000000000E+000
  3.668000000000000E-002  0.000000000000000E+000
  3.670000000000000E-002  0.000000000000000E+000
  3.672000000000000E-002  0.000000000000000E+000
  3.674000000000000E-002  0.000000000000000E+000
  3.676000000000000E-002  0.000000000000000E+000
  3.678000000000000E-002  0.000000000000000E+000
  3.680000000000001E-002  0.000000000000000E+000
  3.682000000000001E-002  0.000000000000000E+000
  3.684000000000000E-002  0.000000000000000E+000
  3.686000000000000E-002  0.000000000000000E+000
  3.688000000000000E-002  0.000000000000000E+000
  3.690000000000000E-002  0.000000000000000E+000
  3.692000000000000E-002  0.000000000000000E+000
  3.694000000000000E-002  0.000000000000000E+000
  3.696000000000000E-002  0.000000000000000E+000
  3.698000000000001E-002  0.000000000000000E+000
  3.700000000000001E-002  0.000000000000000E+000
  3.702000000000000E-002  0.000000000000000E+000
  3.704000000000000E-002  0.000000000000000E+000
  3.706000000000000E-002  0.000000000000000E+000
  3.708000000000000E-002  0.000000000000000E+000
  3.710000000000000E-002  0.000000000000000E+000
  3.712000000000000E-002  0.000000000000000E+000
  3.714000000000001E-002  0.000000000000000E+000
  3.716000000000001E-002  0.000000000000000E+000
  3.718000000000000E-002  0.000000000000000E+000
  3.720000000000000E-002  0.000000000000000E+000
  3.722000000000000E-002  0.000000000000000E+000
  3.724000000000000E-002  0.000000000000000E+000
  3.726000000000000E-002  0.000000000000000E+000
  3.728000000000000E-002  0.000000000000000E+000
  3.730000000000000E-002  0.000000000000000E+000
  3.732000000000001E-002  0.000000000000000E+000
  3.734000000000001E-002  0.000000000000000E+000
  3.736000000000000E-002  0.000000000000000E+000
  3.738000000000000E-002  0.000000000000000E+000
  3.740000000000000E-002  0.000000000000000E+000
  3.742000000000000E-002  0.000000000000000E+000
  3.744000000000000E-002  0.000000000000000E+000
  3.746000000000000E-002  0.000000000000000E+000
  3.748000000000001E-002  0.000000000000000E+000
  3.750000000000001E-002  0.000000000000000E+000
  3.752000000000000E-002  0.000000000000000E+000
  3.754000000000000E-002  0.000000000000000E+000
  3.756000000000000E-002  0.000000000000000E+000
  3.758000000000000E-002  0.000000000000000E+000
  3.760000000000000E-002  0.000000000000000E+000
  3.762000000000000E-002  0.000000000000000E+000
  3.764000000000000E-002  0.000000000000000E+000
  3.766000000000001E-002  0.000000000000000E+000
  3.768000000000001E-002  0.000000000000000E+000
  3.770000000000000E-002  0.000000000000000E+000
  3.772000000000000E-002  0.000000000000000E+000
  3.774000000000000E-002  0.000000000000000E+000
  3.776000000000000E-002  0.000000000000000E+000
  3.778000000000000E-002  0.000000000000000E+000
  3.780000000000000E-002  0.000000000000000E+000
  3.782000000000001E-002  0.000000000000000E+000
  3.784000000000001E-002  0.000000000000000E+000
  3.786000000000000E-002  0.000000000000000E+000
  3.788000000000000E-002  0.000000000000000E+000
  3.790000000000000E-002  0.000000000000000E+000
  3.792000000000000E-002  0.000000000000000E+000
  3.794000000000000E-002  0.000000000000000E+000
  3.796000000000000E-002  0.000000000000000E+000
  3.798000000000000E-002  0.000000000000000E+000
  3.800000000000001E-002  0.000000000000000E+000
  3.802000000000001E-002  0.000000000000000E+000
  3.804000000000000E-002  0.000000000000000E+000
  3.806000000000000E-002  0.000000000000000E+000
  3.808000000000000E-002  0.000000000000000E+000
  3.810000000000000E-002  0.000000000000000E+000
  3.812000000000000E-002  0.000000000000000E+000
  3.814000000000000E-002  0.000000000000000E+000
  3.816000000000001E-002  0.000000000000000E+000
  3.818000000000001E-002  0.000000000000000E+000
  3.820000000000000E-002  0.000000000000000E+000
  3.822000000000000E-002  0.000000000000000E+000
  3.824000000000000E-002  0.000000000000000E+000
  3.826000000000000E-002  0.000000000000000E+000
  3.828000000000000E-002  0.000000000000000E+000
  3.830000000000000E-002  0.000000000000000E+000
  3.832000000000000E-002  0.000000000000000E+000
  3.834000000000001E-002  0.000000000000000E+000
  3.836000000000001E-002  0.000000000000000E+000
  3.838000000000000E-002  0.000000000000000E+000
  3.840000000000000E-002  0.000000000000000E+000
  3.842000000000000E-002  0.000000000000000E+000
  3.844000000000000E-002  0.000000000000000E+000
  3.846000000000000E-002  0.000000000000000E+000
  3.848000000000000E-002  0.000000000000000E+000
  3.850000000000001E-002  0.000000000000000E+000
  3.852000000000001E-002  0.000000000000000E+000
  3.854000000000000E-002  0.000000000000000E+000
  3.856000000000000E-002  0.000000000000000E+000
  3.858000000000000E-002  0.000000000000000E+000
  3.860000000000000E-002  0.000000000000000E+000
  3.862000000000000E-002  0.000000000000000E+000
  3.864000000000000E-002  0.000000000000000E+000
  3.866000000000000E-002  0.000000000000000E+000
  3.868000000000001E-002  0.000000000000000E+000
  3.870000000000001E-002  0.000000000000000E+000
  3.872000000000000E-002  0.000000000000000E+000
  3.874000000000000E-002  0.000000000000000E+000
  3.876000000000000E-002  0.000000000000000E+000
  3.878000000000000E-002  0.000000000000000E+000
  3.880000000000000E-002  0.000000000000000E+000
  3.882000000000000E-002  0.000000000000000E+000
  3.884000000000001E-002  0.000000000000000E+000
  3.886000000000001E-002  0.000000000000000E+000
  3.888000000000000E-002  0.000000000000000E+000
  3.890000000000000E-002  0.000000000000000E+000
  3.892000000000000E-002  0.000000000000000E+000
  3.894000000000000E-002  0.000000000000000E+000
  3.896000000000000E-002  0.000000000000000E+000
  3.898000000000000E-002  0.000000000000000E+000
  3.900000000000000E-002  0.000000000000000E+000
  3.902000000000001E-002  0.000000000000000E+000
  3.904000000000001E-002  0.000000000000000E+000
  3.906000000000000E-002  0.000000000000000E+000
  3.908000000000000E-002  0.000000000000000E+000
  3.910000000000000E-002  0.000000000000000E+000
  3.912000000000000E-002  0.000000000000000E+000
  3.914000000000000E-002  0.000000000000000E+000
  3.916000000000000E-002  0.000000000000000E+000
  3.918000000000001E-002  0.000000000000000E+000
  3.920000000000001E-002  0.000000000000000E+000
  3.922000000000000E-002  0.000000000000000E+000
  3.924000000000000E-002  0.000000000000000E+000
  3.926000000000000E-002  0.000000000000000E+000
  3.928000000000000E-002  0.000000000000000E+000
  3.930000000000000E-002  0.000000000000000E+000
  3.932000000000000E-002  0.000000000000000E+000
  3.934000000000000E-002  0.000000000000000E+000
  3.936000000000001E-002  0.000000000000000E+000
  3.938000000000001E-002  0.000000000000000E+000
  3.940000000000000E-002  0.000000000000000E+000
  3.942000000000000E-002  0.000000000000000E+000
  3.944000000000000E-002  0.000000000000000E+000
  3.946000000000000E-002  0.000000000000000E+000
  3.948000000000000E-002  0.000000000000000E+000
  3.950000000000000E-002  0.000000000000000E+000
  3.952000000000001E-002  0.000000000000000E+000
  3.954000000000001E-002  0.000000000000000E+000
  3.956000000000000E-002  0.000000000000000E+000
  3.958000000000000E-002  0.000000000000000E+000
  3.960000000000000E-002  0.000000000000000E+000
  3.962000000000000E-002  0.000000000000000E+000
  3.964000000000000E-002  0.000000000000000E+000
  3.966000000000000E-002  0.000000000000000E+000
  3.968000000000000E-002  0.000000000000000E+000
  3.970000000000001E-002  0.000000000000000E+000
  3.972000000000001E-002  0.000000000000000E+000
  3.974000000000000E-002  0.000000000000000E+000
  3.976000000000000E-002  0.000000000000000E+000
  3.978000000000000E-002  0.000000000000000E+000
  3.980000000000000E-002  0.000000000000000E+000
  3.982000000000000E-002  0.000000000000000E+000
  3.984000000000000E-002  0.000000000000000E+000
  3.986000000000001E-002  0.000000000000000E+000
  3.988000000000001E-002  0.000000000000000E+000
  3.990000000000000E-002  0.000000000000000E+000
  3.992000000000000E-002  0.000000000000000E+000
  3.994000000000000E-002  0.000000000000000E+000
  3.996000000000000E-002  0.000000000000000E+000
  3.998000000000000E-002  0.000000000000000E+000
  4.000000000000000E-002 -4.742372028103742E-009
