  0.000000000000000E+000   333.540299994229     
  2.000000000000000E-005   333.647796179460     
  4.000000000000000E-005   333.640071344846     
  6.000000000000001E-005   333.635662440053     
  8.000000000000001E-005   333.631447833358     
  1.000000000000000E-004   333.627284246432     
  1.200000000000000E-004   333.623056535094     
  1.400000000000000E-004   333.618559156523     
  1.600000000000000E-004   333.613681184250     
  1.800000000000000E-004   333.609244828759     
  2.000000000000000E-004   333.605704187582     
  2.200000000000000E-004   333.603354640875     
  2.400000000000000E-004   333.602200234210     
  2.600000000000000E-004   333.601866086487     
  2.800000000000000E-004   333.602007976932     
  3.000000000000000E-004   333.602731707211     
  3.200000000000000E-004   333.604184029853     
  3.400000000000000E-004   333.606504974766     
  3.600000000000000E-004   333.609950054782     
  3.800000000000000E-004   333.614920998738     
  4.000000000000000E-004   333.621924948733     
  4.200000000000000E-004   333.631479754073     
  4.400000000000000E-004   333.644070380494     
  4.600000000000000E-004   333.660236668950     
  4.800000000000001E-004   333.680541394373     
  5.000000000000000E-004   333.705670446630     
  5.200000000000001E-004   333.736259471713     
  5.400000000000000E-004   333.772718958514     
  5.600000000000001E-004   333.815533011772     
  5.800000000000000E-004   333.865447136640     
  6.000000000000001E-004   333.923505208931     
  6.200000000000000E-004   333.991105392564     
  6.400000000000001E-004   334.070011353638     
  6.600000000000001E-004   334.162094309882     
  6.800000000000000E-004   334.269003099516     
  7.000000000000001E-004   334.391924573787     
  7.200000000000000E-004   334.531455608970     
  7.400000000000001E-004   334.687585553053     
  7.600000000000000E-004   334.859770844795     
  7.800000000000001E-004   335.047053871646     
  8.000000000000000E-004   335.248182163581     
  8.200000000000001E-004   335.461764226883     
  8.400000000000000E-004   335.686359478081     
  8.600000000000001E-004   335.920546266374     
  8.800000000000000E-004   336.162954547141     
  9.000000000000001E-004   336.412268450027     
  9.200000000000000E-004   336.667239017653     
  9.400000000000001E-004   336.926708424711     
  9.600000000000001E-004   337.189644298069     
  9.800000000000002E-004   337.455167657957     
  1.000000000000000E-003   337.722556845711     
  1.020000000000000E-003   337.991236068511     
  1.040000000000000E-003   338.260770695673     
  1.060000000000000E-003   338.530752201273     
  1.080000000000000E-003   338.800915798078     
  1.100000000000000E-003   339.071146703537     
  1.120000000000000E-003   339.341346227330     
  1.140000000000000E-003   339.611385186425     
  1.160000000000000E-003   339.881178229215     
  1.180000000000000E-003   340.150678237064     
  1.200000000000000E-003   340.419887456554     
  1.220000000000000E-003   340.688841683259     
  1.240000000000000E-003   340.957620128078     
  1.260000000000000E-003   341.226281212184     
  1.280000000000000E-003   341.494973898237     
  1.300000000000000E-003   341.763818853664     
  1.320000000000000E-003   342.032926444237     
  1.340000000000000E-003   342.302361230417     
  1.360000000000000E-003   342.572232112089     
  1.380000000000000E-003   342.842712888555     
  1.400000000000000E-003   343.114010580467     
  1.420000000000000E-003   343.386228723340     
  1.440000000000000E-003   343.658613393446     
  1.460000000000000E-003   343.930934089852     
  1.480000000000000E-003   344.203290947563     
  1.500000000000000E-003   344.475781667035     
  1.520000000000000E-003   344.748549140128     
  1.540000000000000E-003   345.021799685180     
  1.560000000000000E-003   345.295770185248     
  1.580000000000000E-003   345.570757894661     
  1.600000000000000E-003   345.847096871334     
  1.620000000000000E-003   346.125230901371     
  1.640000000000000E-003   346.405548725250     
  1.660000000000000E-003   346.688651299763     
  1.680000000000000E-003   346.974799079067     
  1.700000000000000E-003   347.264587544541     
  1.720000000000000E-003   347.559547038725     
  1.740000000000000E-003   347.858711461596     
  1.760000000000000E-003   348.163312240248     
  1.780000000000000E-003   348.471298196786     
  1.800000000000000E-003   348.782934347108     
  1.820000000000000E-003   349.098535732842     
  1.840000000000000E-003   349.418235808692     
  1.860000000000000E-003   349.742074022441     
  1.880000000000000E-003   350.070037224976     
  1.900000000000000E-003   350.402059419935     
  1.920000000000000E-003   350.738004010085     
  1.940000000000000E-003   351.077636282394     
  1.960000000000000E-003   351.420593491806     
  1.980000000000000E-003   351.766351254478     
  2.000000000000000E-003   352.113988532039     
  2.020000000000000E-003   352.461464078670     
  2.040000000000000E-003   352.808275691624     
  2.060000000000000E-003   353.154616638448     
  2.080000000000000E-003   353.500808522531     
  2.100000000000000E-003   353.847157150976     
  2.120000000000000E-003   354.193880439514     
  2.140000000000000E-003   354.541218968056     
  2.160000000000000E-003   354.889662579854     
  2.180000000000000E-003   355.239839186903     
  2.200000000000000E-003   355.592452670920     
  2.220000000000000E-003   355.947968076209     
  2.240000000000000E-003   356.303645251110     
  2.260000000000000E-003   356.657974560126     
  2.280000000000000E-003   357.010688024389     
  2.300000000000000E-003   357.361714847867     
  2.320000000000000E-003   357.711122122193     
  2.340000000000000E-003   358.059067671738     
  2.360000000000000E-003   358.405804236625     
  2.380000000000000E-003   358.751679913759     
  2.400000000000000E-003   359.097064233584     
  2.420000000000000E-003   359.442264568230     
  2.440000000000000E-003   359.787579177178     
  2.460000000000000E-003   360.133169222069     
  2.480000000000000E-003   360.479188868839     
  2.500000000000000E-003   360.825973873735     
  2.520000000000000E-003   361.173959375297     
  2.540000000000000E-003   361.523612115018     
  2.560000000000000E-003   361.875359784585     
  2.580000000000000E-003   362.229527053198     
  2.600000000000000E-003   362.586309624885     
  2.620000000000000E-003   362.945796737809     
  2.640000000000000E-003   363.308000002844     
  2.660000000000000E-003   363.672874767985     
  2.680000000000000E-003   364.040453216046     
  2.700000000000000E-003   364.408649435293     
  2.720000000000000E-003   364.775450159093     
  2.740000000000000E-003   365.139998743031     
  2.760000000000000E-003   365.501931789546     
  2.780000000000000E-003   365.861096007851     
  2.800000000000000E-003   366.217437637656     
  2.820000000000000E-003   366.570951949894     
  2.840000000000000E-003   366.921654317156     
  2.860000000000000E-003   367.269563581115     
  2.880000000000000E-003   367.614711136749     
  2.900000000000000E-003   367.957114945920     
  2.920000000000000E-003   368.296859218797     
  2.940000000000000E-003   368.634061143148     
  2.960000000000000E-003   368.968848278404     
  2.980000000000000E-003   369.301341742584     
  3.000000000000000E-003   369.631661253802     
  3.020000000000000E-003   369.959931785691     
  3.040000000000000E-003   370.286279963279     
  3.060000000000000E-003   370.610828106192     
  3.080000000000000E-003   370.933691681575     
  3.100000000000000E-003   371.254989122324     
  3.120000000000000E-003   371.574854856165     
  3.140000000000000E-003   371.893461803986     
  3.160000000000000E-003   372.211026980499     
  3.180000000000000E-003   372.527798919726     
  3.200000000000000E-003   372.844020301696     
  3.220000000000000E-003   373.159845868160     
  3.240000000000000E-003   373.475399621673     
  3.260000000000000E-003   373.790895516968     
  3.280000000000000E-003   374.106512696685     
  3.300000000000000E-003   374.422334083678     
  3.320000000000000E-003   374.738403010249     
  3.340000000000000E-003   375.055029171624     
  3.360000000000000E-003   375.373306372910     
  3.380000000000000E-003   375.693232100519     
  3.400000000000000E-003   376.013227349492     
  3.420000000000000E-003   376.332595549776     
  3.440000000000000E-003   376.650777427756     
  3.460000000000000E-003   376.967347740447     
  3.480000000000000E-003   377.281796182120     
  3.500000000000000E-003   377.593610170805     
  3.520000000000000E-003   377.902336586133     
  3.540000000000000E-003   378.207588185819     
  3.560000000000000E-003   378.509025175410     
  3.580000000000000E-003   378.806337009058     
  3.600000000000000E-003   379.099220392308     
  3.620000000000000E-003   379.387362404889     
  3.640000000000000E-003   379.670428261770     
  3.660000000000000E-003   379.948054418876     
  3.680000000000000E-003   380.219847581031     
  3.700000000000000E-003   380.485394249094     
  3.720000000000000E-003   380.744282902378     
  3.740000000000000E-003   380.996142525241     
  3.760000000000000E-003   381.240699624485     
  3.780000000000000E-003   381.477848865623     
  3.800000000000000E-003   381.707719990064     
  3.820000000000000E-003   381.930711759741     
  3.840000000000001E-003   382.147461714888     
  3.860000000000000E-003   382.358732480917     
  3.880000000000000E-003   382.565221425898     
  3.900000000000000E-003   382.767331171234     
  3.920000000000001E-003   382.964963885873     
  3.940000000000000E-003   383.157406443399     
  3.960000000000000E-003   383.343358815545     
  3.980000000000000E-003   383.521116286003     
  4.000000000000000E-003   383.688877847834     
  4.020000000000000E-003   383.845107013179     
  4.040000000000000E-003   383.988863953004     
  4.060000000000000E-003   384.120024848162     
  4.080000000000000E-003   384.239344100961     
  4.100000000000000E-003   384.348374420132     
  4.120000000000000E-003   384.449332029513     
  4.140000000000000E-003   384.544863183774     
  4.160000000000001E-003   384.637625180154     
  4.180000000000001E-003   384.729517069627     
  4.200000000000001E-003   384.821924392452     
  4.220000000000001E-003   384.916670581918     
  4.240000000000001E-003   385.021970960442     
  4.260000000000001E-003   385.139417651877     
  4.280000000000000E-003   385.250894213131     
  4.300000000000000E-003   385.342970095621     
  4.320000000000000E-003   385.396663490301     
  4.340000000000000E-003   385.390691155769     
  4.360000000000000E-003   385.157661950751     
  4.380000000000000E-003   383.814116529609     
  4.400000000000000E-003   377.925921283871     
  4.420000000000000E-003   365.413873196961     
  4.440000000000000E-003   357.817411152703     
  4.460000000000000E-003   355.398021435047     
  4.480000000000000E-003   354.924190989610     
  4.500000000000001E-003   354.992174091016     
  4.520000000000001E-003   355.634902470269     
  4.540000000000001E-003   356.235947891861     
  4.560000000000001E-003   356.598446941519     
  4.580000000000001E-003   356.793700100184     
  4.600000000000001E-003   356.865488520315     
  4.620000000000000E-003   356.830378511593     
  4.640000000000000E-003   356.691396118053     
  4.660000000000000E-003   356.255034005528     
  4.680000000000000E-003   355.209496024296     
  4.700000000000000E-003   353.090580488962     
  4.720000000000000E-003   349.990913776785     
  4.740000000000000E-003   347.519919688032     
  4.760000000000000E-003   345.932030817857     
  4.780000000000000E-003   344.932174213671     
  4.800000000000000E-003   344.294915300330     
  4.820000000000000E-003   343.878116200123     
  4.840000000000001E-003   343.606951354096     
  4.860000000000001E-003   343.426101178633     
  4.880000000000001E-003   343.323253853492     
  4.900000000000001E-003   343.250705213540     
  4.920000000000001E-003   343.235491674477     
  4.940000000000001E-003   343.262252833013     
  4.960000000000000E-003   343.289463682877     
  4.980000000000000E-003   343.309009106967     
  5.000000000000000E-003   343.341268639877     
  5.020000000000000E-003   343.442687485620     
  5.040000000000000E-003   343.590903290319     
  5.060000000000000E-003   343.720316494400     
  5.080000000000000E-003   343.805050615528     
  5.100000000000000E-003   343.817709226247     
  5.120000000000000E-003   343.784544023552     
  5.140000000000000E-003   343.659215504684     
  5.160000000000001E-003   343.395516347735     
  5.180000000000001E-003   342.908545323613     
  5.200000000000001E-003   342.072580045320     
  5.220000000000001E-003   340.709804298836     
  5.240000000000001E-003   338.618759051444     
  5.260000000000001E-003   336.352461006054     
  5.280000000000001E-003   334.702910032494     
  5.300000000000000E-003   333.632688383626     
  5.320000000000000E-003   332.989582462723     
  5.340000000000000E-003   332.623840371812     
  5.360000000000000E-003   332.435738802289     
  5.380000000000000E-003   332.360401124594     
  5.400000000000000E-003   332.323062296181     
  5.420000000000000E-003   332.299533655035     
  5.440000000000000E-003   332.262220965703     
  5.460000000000000E-003   332.205223989012     
  5.480000000000000E-003   332.123755384177     
  5.500000000000001E-003   332.018676902603     
  5.520000000000001E-003   331.893157466717     
  5.540000000000001E-003   331.757415989605     
  5.560000000000001E-003   331.631089344568     
  5.580000000000001E-003   331.517237628254     
  5.600000000000001E-003   331.412316357717     
  5.620000000000001E-003   331.312097174747     
  5.640000000000000E-003   331.212814988118     
  5.660000000000000E-003   331.109991004580     
  5.680000000000000E-003   330.990775259827     
  5.700000000000000E-003   330.833740822683     
  5.720000000000000E-003   330.613786368853     
  5.740000000000000E-003   330.305256773099     
  5.760000000000000E-003   329.880738689475     
  5.780000000000000E-003   329.301200318749     
  5.800000000000000E-003   328.580899394854     
  5.820000000000001E-003   327.923320684908     
  5.840000000000001E-003   327.353710990163     
  5.860000000000001E-003   326.840678392656     
  5.880000000000001E-003   326.361333626751     
  5.900000000000001E-003   325.874140321543     
  5.920000000000001E-003   325.359672485295     
  5.940000000000001E-003   324.929373070261     
  5.960000000000001E-003   324.655037914744     
  5.980000000000000E-003   324.527914872283     
  6.000000000000000E-003   324.529177266306     
  6.020000000000000E-003   324.572763331250     
  6.040000000000000E-003   324.694749096229     
  6.060000000000000E-003   324.879886377550     
  6.080000000000000E-003   325.102706064454     
  6.100000000000000E-003   325.357126714908     
  6.120000000000000E-003   325.651347349767     
  6.140000000000000E-003   325.965958405518     
  6.160000000000001E-003   326.272010176510     
  6.180000000000001E-003   326.562782316097     
  6.200000000000001E-003   326.821936089357     
  6.220000000000001E-003   327.032969917486     
  6.240000000000001E-003   327.173036881915     
  6.260000000000001E-003   327.211296405943     
  6.280000000000001E-003   327.174431386357     
  6.300000000000001E-003   326.967490258718     
  6.320000000000000E-003   326.517761532907     
  6.340000000000000E-003   325.706836874703     
  6.360000000000000E-003   324.451480371091     
  6.380000000000000E-003   323.099394836679     
  6.400000000000000E-003   322.096895403929     
  6.420000000000000E-003   321.438698337686     
  6.440000000000000E-003   321.050222867845     
  6.460000000000000E-003   320.853961668379     
  6.480000000000001E-003   320.778953772833     
  6.500000000000001E-003   320.755908874454     
  6.520000000000001E-003   320.845500944565     
  6.540000000000001E-003   321.010364761190     
  6.560000000000001E-003   321.215504395900     
  6.580000000000001E-003   321.447594355491     
  6.600000000000001E-003   321.696588182441     
  6.620000000000001E-003   321.953819204297     
  6.640000000000001E-003   322.210224631972     
  6.660000000000000E-003   322.463213710792     
  6.680000000000000E-003   322.712170983519     
  6.700000000000000E-003   322.957073035782     
  6.720000000000000E-003   323.198174593193     
  6.740000000000000E-003   323.435729070244     
  6.760000000000000E-003   323.669947240258     
  6.780000000000000E-003   323.901010857525     
  6.800000000000000E-003   324.129057874683     
  6.820000000000001E-003   324.354230299670     
  6.840000000000001E-003   324.576728338421     
  6.860000000000001E-003   324.796707273002     
  6.880000000000001E-003   325.014131517216     
  6.900000000000001E-003   325.228666514482     
  6.920000000000001E-003   325.439608819292     
  6.940000000000001E-003   325.645856760093     
  6.960000000000001E-003   325.845976554197     
  6.980000000000001E-003   326.038410618401     
  7.000000000000000E-003   326.221821126611     
  7.020000000000000E-003   326.395435954824     
  7.040000000000000E-003   326.559272074701     
  7.060000000000000E-003   326.714076595358     
  7.080000000000000E-003   326.861137622078     
  7.100000000000000E-003   327.001999595629     
  7.120000000000000E-003   327.138549021393     
  7.140000000000001E-003   327.272833919428     
  7.160000000000001E-003   327.407562803752     
  7.180000000000001E-003   327.544271535834     
  7.200000000000001E-003   327.686622978945     
  7.220000000000001E-003   327.840393564358     
  7.240000000000001E-003   328.009122243223     
  7.260000000000001E-003   328.193858865878     
  7.280000000000001E-003   328.395182112089     
  7.300000000000001E-003   328.612858484399     
  7.320000000000001E-003   328.845618455660     
  7.340000000000000E-003   329.091504430161     
  7.360000000000000E-003   329.349127800673     
  7.380000000000000E-003   329.613734270693     
  7.400000000000000E-003   329.875995107693     
  7.420000000000000E-003   330.133877682889     
  7.440000000000000E-003   330.387801895196     
  7.460000000000000E-003   330.638651051263     
  7.480000000000001E-003   330.887510810211     
  7.500000000000001E-003   331.136195160334     
  7.520000000000001E-003   331.386205136079     
  7.540000000000001E-003   331.639850296117     
  7.560000000000001E-003   331.899645865967     
  7.580000000000001E-003   332.167935414335     
  7.600000000000001E-003   332.446635499103     
  7.620000000000001E-003   332.736980487589     
  7.640000000000001E-003   333.039381229629     
  7.660000000000001E-003   333.353436889506     
  7.680000000000001E-003   333.678648949004     
  7.700000000000000E-003   334.015287270028     
  7.720000000000000E-003   334.351040198259     
  7.740000000000000E-003   334.675406612266     
  7.760000000000000E-003   334.985421139022     
  7.780000000000000E-003   335.280632822523     
  7.800000000000001E-003   335.561662289310     
  7.820000000000001E-003   335.829416247004     
  7.840000000000001E-003   336.084887371002     
  7.860000000000001E-003   336.329127952854     
  7.880000000000000E-003   336.563349482608     
  7.900000000000001E-003   336.789032290093     
  7.920000000000000E-003   337.007900300416     
  7.940000000000001E-003   337.221645438960     
  7.960000000000000E-003   337.431348760992     
  7.980000000000001E-003   337.636947186794     
  8.000000000000000E-003   337.837064467196     
  8.020000000000001E-003   338.029309855647     
  8.040000000000000E-003   338.210786619921     
  8.060000000000001E-003   338.378501966121     
  8.080000000000000E-003   338.529581597011     
  8.100000000000001E-003   338.661439882536     
  8.120000000000000E-003   338.771966038677     
  8.140000000000001E-003   338.859560802290     
  8.160000000000001E-003   338.923007761081     
  8.180000000000002E-003   338.960969893126     
  8.200000000000001E-003   338.973822388908     
  8.220000000000000E-003   338.964954708581     
  8.240000000000001E-003   338.941354407984     
  8.260000000000000E-003   338.900371240663     
  8.280000000000001E-003   338.848122602298     
  8.300000000000000E-003   338.783693258772     
  8.320000000000001E-003   338.709789587543     
  8.340000000000000E-003   338.627283803798     
  8.360000000000001E-003   338.534924715138     
  8.380000000000000E-003   338.429938810275     
  8.400000000000001E-003   338.307469270372     
  8.420000000000000E-003   338.161206689018     
  8.440000000000001E-003   337.984290688233     
  8.460000000000001E-003   337.768959866788     
  8.480000000000001E-003   337.506357402218     
  8.500000000000001E-003   337.187504163082     
  8.520000000000002E-003   336.803571129431     
  8.540000000000001E-003   336.344945265729     
  8.560000000000000E-003   335.828765153329     
  8.580000000000001E-003   335.373969771965     
  8.600000000000000E-003   334.993382024674     
  8.620000000000001E-003   334.686252480807     
  8.640000000000000E-003   334.445878614456     
  8.660000000000001E-003   334.267512610648     
  8.680000000000000E-003   334.147170565271     
  8.700000000000001E-003   334.079729552729     
  8.720000000000000E-003   334.056436617331     
  8.740000000000001E-003   334.066730885421     
  8.760000000000000E-003   334.088260170644     
  8.780000000000001E-003   334.114343326808     
  8.800000000000001E-003   334.141576612108     
  8.820000000000001E-003   334.163145686674     
  8.840000000000001E-003   334.174986731985     
  8.860000000000002E-003   334.176340680819     
  8.880000000000001E-003   334.161513404910     
  8.900000000000000E-003   334.128218200342     
  8.920000000000001E-003   334.090733887951     
  8.940000000000000E-003   334.057361265510     
  8.960000000000001E-003   334.036045489050     
  8.980000000000000E-003   334.030344020783     
  9.000000000000001E-003   334.041253628928     
  9.020000000000000E-003   334.063194293567     
  9.040000000000001E-003   334.106896634553     
  9.060000000000000E-003   334.173890007826     
  9.080000000000001E-003   334.258580928463     
  9.100000000000000E-003   334.355249950294     
  9.120000000000001E-003   334.455035665946     
  9.140000000000001E-003   334.550362159572     
  9.160000000000001E-003   334.640733523328     
  9.180000000000001E-003   334.727588594108     
  9.200000000000002E-003   334.812721855584     
  9.220000000000001E-003   334.896651502220     
  9.240000000000000E-003   334.979414230113     
  9.260000000000001E-003   335.060791783365     
  9.280000000000000E-003   335.141408250077     
  9.300000000000001E-003   335.222641253345     
  9.320000000000000E-003   335.306700913301     
  9.340000000000001E-003   335.394843738890     
  9.360000000000000E-003   335.487693134628     
  9.380000000000001E-003   335.584926254130     
  9.400000000000000E-003   335.686451114562     
  9.420000000000001E-003   335.791112746695     
  9.440000000000000E-003   335.897529081915     
  9.460000000000001E-003   336.005262058061     
  9.480000000000001E-003   336.112948500355     
  9.500000000000001E-003   336.219802380649     
  9.520000000000001E-003   336.324436202986     
  9.540000000000002E-003   336.424304465834     
  9.560000000000001E-003   336.516112278408     
  9.580000000000000E-003   336.596299266511     
  9.600000000000001E-003   336.660797094576     
  9.620000000000000E-003   336.701906437962     
  9.640000000000001E-003   336.716582810275     
  9.660000000000000E-003   336.710332992290     
  9.680000000000001E-003   336.684060154658     
  9.700000000000000E-003   336.636025139672     
  9.720000000000001E-003   336.566715310851     
  9.740000000000000E-003   336.476769882119     
  9.760000000000001E-003   336.363425821737     
  9.780000000000000E-003   336.227266588102     
  9.800000000000001E-003   336.066472387510     
  9.820000000000001E-003   335.877317778429     
  9.840000000000002E-003   335.659707577912     
  9.860000000000001E-003   335.423480724979     
  9.880000000000002E-003   335.186503730691     
  9.900000000000001E-003   334.955788532232     
  9.920000000000000E-003   334.729673792447     
  9.940000000000001E-003   334.503917786737     
  9.960000000000000E-003   334.297710480680     
  9.980000000000001E-003   334.132118345769     
  1.000000000000000E-002   334.009073637802     
  1.002000000000000E-002   333.926575668231     
  1.004000000000000E-002   333.882429170082     
  1.006000000000000E-002   333.870055664921     
  1.008000000000000E-002   333.890151498494     
  1.010000000000000E-002   333.936376743767     
  1.012000000000000E-002   334.001603256381     
  1.014000000000000E-002   334.075741748313     
  1.016000000000000E-002   334.155100241431     
  1.018000000000000E-002   334.234272981361     
  1.020000000000000E-002   334.310275761926     
  1.022000000000000E-002   334.382119422996     
  1.024000000000000E-002   334.448704540734     
  1.026000000000000E-002   334.508574151787     
  1.028000000000000E-002   334.561537400711     
  1.030000000000000E-002   334.607208707371     
  1.032000000000000E-002   334.647392864410     
  1.034000000000000E-002   334.685087445035     
  1.036000000000000E-002   334.722228276190     
  1.038000000000000E-002   334.761506086937     
  1.040000000000000E-002   334.805255905155     
  1.042000000000000E-002   334.856161434209     
  1.044000000000000E-002   334.915092003464     
  1.046000000000000E-002   334.982011873133     
  1.048000000000000E-002   335.056342022290     
  1.050000000000000E-002   335.136872285328     
  1.052000000000000E-002   335.221861821310     
  1.054000000000000E-002   335.308592619354     
  1.056000000000000E-002   335.394447666381     
  1.058000000000000E-002   335.476752717230     
  1.060000000000000E-002   335.556574290502     
  1.062000000000000E-002   335.633783144290     
  1.064000000000000E-002   335.708931922667     
  1.066000000000000E-002   335.782767787679     
  1.068000000000000E-002   335.855816787158     
  1.070000000000000E-002   335.928545491531     
  1.072000000000000E-002   336.000840088509     
  1.074000000000000E-002   336.072328301315     
  1.076000000000000E-002   336.142048090259     
  1.078000000000000E-002   336.208481939892     
  1.080000000000000E-002   336.269848967757     
  1.082000000000000E-002   336.324217962365     
  1.084000000000000E-002   336.369886689548     
  1.086000000000000E-002   336.405342364441     
  1.088000000000000E-002   336.428905176476     
  1.090000000000000E-002   336.441309346305     
  1.092000000000000E-002   336.438885117347     
  1.094000000000000E-002   336.426992913013     
  1.096000000000000E-002   336.405211758325     
  1.098000000000000E-002   336.371083793363     
  1.100000000000000E-002   336.324806621097     
  1.102000000000000E-002   336.267072624287     
  1.104000000000000E-002   336.198584679687     
  1.106000000000000E-002   336.120493148460     
  1.108000000000000E-002   336.034892768723     
  1.110000000000000E-002   335.942410960889     
  1.112000000000000E-002   335.845904690575     
  1.114000000000000E-002   335.747591293013     
  1.116000000000000E-002   335.651046680029     
  1.118000000000000E-002   335.559370805858     
  1.120000000000000E-002   335.471989644631     
  1.122000000000000E-002   335.387827672585     
  1.124000000000000E-002   335.305543585619     
  1.126000000000000E-002   335.222907004017     
  1.128000000000000E-002   335.138709529856     
  1.130000000000000E-002   335.051372808125     
  1.132000000000000E-002   334.958782379039     
  1.134000000000000E-002   334.859839564947     
  1.136000000000000E-002   334.754249158846     
  1.138000000000000E-002   334.641408497004     
  1.140000000000000E-002   334.519869304377     
  1.142000000000000E-002   334.389173875923     
  1.144000000000000E-002   334.249397791731     
  1.146000000000000E-002   334.102086071837     
  1.148000000000000E-002   333.954588282206     
  1.150000000000000E-002   333.811507852879     
  1.152000000000000E-002   333.676464064356     
  1.154000000000000E-002   333.551395555731     
  1.156000000000000E-002   333.436789175817     
  1.158000000000000E-002   333.333000106208     
  1.160000000000000E-002   333.238971401316     
  1.162000000000000E-002   333.153315231580     
  1.164000000000000E-002   333.074859103424     
  1.166000000000000E-002   333.002912389444     
  1.168000000000000E-002   332.937287126596     
  1.170000000000000E-002   332.878110160539     
  1.172000000000000E-002   332.825651293543     
  1.174000000000000E-002   332.780480925301     
  1.176000000000000E-002   332.743751868988     
  1.178000000000000E-002   332.714308362217     
  1.180000000000000E-002   332.693276437206     
  1.182000000000000E-002   332.681020251301     
  1.184000000000000E-002   332.680610973771     
  1.186000000000000E-002   332.689842555301     
  1.188000000000000E-002   332.710352887301     
  1.190000000000000E-002   332.742773700806     
  1.192000000000000E-002   332.787699050844     
  1.194000000000000E-002   332.844525403632     
  1.196000000000000E-002   332.912564369399     
  1.198000000000000E-002   332.991451104969     
  1.200000000000000E-002   333.080191657385     
  1.202000000000000E-002   333.176641596188     
  1.204000000000000E-002   333.277588890907     
  1.206000000000000E-002   333.378325412891     
  1.208000000000000E-002   333.476291895065     
  1.210000000000000E-002   333.569903172083     
  1.212000000000000E-002   333.658790965208     
  1.214000000000000E-002   333.742767310598     
  1.216000000000000E-002   333.821774735490     
  1.218000000000000E-002   333.895798400530     
  1.220000000000000E-002   333.965041712620     
  1.222000000000000E-002   334.030018635115     
  1.224000000000000E-002   334.091730803332     
  1.226000000000000E-002   334.151176664081     
  1.228000000000000E-002   334.209769076135     
  1.230000000000000E-002   334.268950132447     
  1.232000000000000E-002   334.329760191908     
  1.234000000000000E-002   334.393162180508     
  1.236000000000000E-002   334.459917190843     
  1.238000000000000E-002   334.530630643130     
  1.240000000000000E-002   334.605607780553     
  1.242000000000000E-002   334.684673849290     
  1.244000000000000E-002   334.765940289857     
  1.246000000000000E-002   334.847176428739     
  1.248000000000000E-002   334.925122582789     
  1.250000000000000E-002   334.997844713050     
  1.252000000000000E-002   335.064083248707     
  1.254000000000000E-002   335.122976520015     
  1.256000000000000E-002   335.173941684426     
  1.258000000000000E-002   335.216718016355     
  1.260000000000000E-002   335.251343408992     
  1.262000000000000E-002   335.279965265490     
  1.264000000000000E-002   335.300033033047     
  1.266000000000000E-002   335.313138000007     
  1.268000000000000E-002   335.318973084067     
  1.270000000000000E-002   335.317159054104     
  1.272000000000000E-002   335.308783908501     
  1.274000000000000E-002   335.292912623365     
  1.276000000000000E-002   335.269372095989     
  1.278000000000000E-002   335.238240678427     
  1.280000000000000E-002   335.199404539077     
  1.282000000000000E-002   335.152855576644     
  1.284000000000000E-002   335.098529110676     
  1.286000000000000E-002   335.036582344696     
  1.288000000000000E-002   334.966623853766     
  1.290000000000000E-002   334.887476649405     
  1.292000000000000E-002   334.801774314953     
  1.294000000000000E-002   334.711037272394     
  1.296000000000000E-002   334.619194625110     
  1.298000000000000E-002   334.527120788956     
  1.300000000000000E-002   334.435543185786     
  1.302000000000000E-002   334.345262493142     
  1.304000000000000E-002   334.257105836886     
  1.306000000000000E-002   334.171862625862     
  1.308000000000000E-002   334.090154806467     
  1.310000000000000E-002   334.012351796582     
  1.312000000000000E-002   333.938724033922     
  1.314000000000000E-002   333.869637036623     
  1.316000000000000E-002   333.805558252598     
  1.318000000000000E-002   333.746978287288     
  1.320000000000000E-002   333.694519265971     
  1.322000000000000E-002   333.649605721597     
  1.324000000000000E-002   333.613884600566     
  1.326000000000000E-002   333.587973702577     
  1.328000000000000E-002   333.572997303448     
  1.330000000000000E-002   333.570295907888     
  1.332000000000000E-002   333.579521706222     
  1.334000000000000E-002   333.597435046145     
  1.336000000000000E-002   333.627648354309     
  1.338000000000000E-002   333.669721309745     
  1.340000000000000E-002   333.724435394446     
  1.342000000000000E-002   333.790741922458     
  1.344000000000000E-002   333.866073979826     
  1.346000000000000E-002   333.939217293227     
  1.348000000000000E-002   334.003664989646     
  1.350000000000000E-002   334.057376331218     
  1.352000000000000E-002   334.099424529708     
  1.354000000000000E-002   334.129712231395     
  1.356000000000000E-002   334.147931757855     
  1.358000000000000E-002   334.154378559816     
  1.360000000000000E-002   334.150931560847     
  1.362000000000000E-002   334.132946288066     
  1.364000000000000E-002   334.098969953518     
  1.366000000000000E-002   334.052049705624     
  1.368000000000000E-002   333.994189793030     
  1.370000000000000E-002   333.926178948974     
  1.372000000000000E-002   333.848996118648     
  1.374000000000000E-002   333.763972400741     
  1.376000000000000E-002   333.672874262756     
  1.378000000000000E-002   333.577792967633     
  1.380000000000000E-002   333.480415537363     
  1.382000000000000E-002   333.381727754043     
  1.384000000000000E-002   333.282227703526     
  1.386000000000000E-002   333.182964602016     
  1.388000000000000E-002   333.085046542956     
  1.390000000000000E-002   332.989190138229     
  1.392000000000000E-002   332.896142316139     
  1.394000000000000E-002   332.806344627423     
  1.396000000000000E-002   332.720003761346     
  1.398000000000000E-002   332.637332582377     
  1.400000000000000E-002   332.558799935573     
  1.402000000000000E-002   332.485177850867     
  1.404000000000000E-002   332.417332984727     
  1.406000000000000E-002   332.356046584057     
  1.408000000000000E-002   332.301981602308     
  1.410000000000000E-002   332.255780385772     
  1.412000000000000E-002   332.218130629828     
  1.414000000000000E-002   332.189671481745     
  1.416000000000000E-002   332.170826881177     
  1.418000000000000E-002   332.161173495619     
  1.420000000000000E-002   332.158336386828     
  1.422000000000000E-002   332.163398461286     
  1.424000000000000E-002   332.176395699782     
  1.426000000000000E-002   332.196290257676     
  1.428000000000000E-002   332.221570244065     
  1.430000000000000E-002   332.251332147940     
  1.432000000000000E-002   332.284989621426     
  1.434000000000000E-002   332.321830730125     
  1.436000000000000E-002   332.361113427740     
  1.438000000000000E-002   332.402113104618     
  1.440000000000000E-002   332.444354728076     
  1.442000000000000E-002   332.487465271797     
  1.444000000000000E-002   332.531164668044     
  1.446000000000000E-002   332.575139215664     
  1.448000000000000E-002   332.619020185667     
  1.450000000000000E-002   332.662384061103     
  1.452000000000000E-002   332.704961818067     
  1.454000000000000E-002   332.745578184702     
  1.456000000000000E-002   332.783017222685     
  1.458000000000000E-002   332.814560563837     
  1.460000000000000E-002   332.836829172809     
  1.462000000000000E-002   332.850063563494     
  1.464000000000000E-002   332.847978674064     
  1.466000000000000E-002   332.832685165378     
  1.468000000000000E-002   332.804332897151     
  1.470000000000000E-002   332.765982633705     
  1.472000000000000E-002   332.712546879776     
  1.474000000000000E-002   332.643938905114     
  1.476000000000000E-002   332.563164403411     
  1.478000000000000E-002   332.471588970449     
  1.480000000000000E-002   332.370203239154     
  1.482000000000000E-002   332.259952666334     
  1.484000000000000E-002   332.141790013367     
  1.486000000000000E-002   332.017318973528     
  1.488000000000000E-002   331.888397622046     
  1.490000000000000E-002   331.757291579679     
  1.492000000000000E-002   331.626558587770     
  1.494000000000000E-002   331.498965054108     
  1.496000000000000E-002   331.376386847412     
  1.498000000000000E-002   331.260128190640     
  1.500000000000000E-002   331.150746629646     
  1.502000000000000E-002   331.048175309642     
  1.504000000000000E-002   330.951576355834     
  1.506000000000000E-002   330.859870877467     
  1.508000000000000E-002   330.771210328487     
  1.510000000000000E-002   330.684425120298     
  1.512000000000000E-002   330.597113641018     
  1.514000000000000E-002   330.507315737969     
  1.516000000000000E-002   330.413526877061     
  1.518000000000000E-002   330.314248212972     
  1.520000000000000E-002   330.207318802186     
  1.522000000000000E-002   330.091484259923     
  1.524000000000000E-002   329.966184793175     
  1.526000000000000E-002   329.831160411151     
  1.528000000000000E-002   329.686761775870     
  1.530000000000000E-002   329.533943595101     
  1.532000000000000E-002   329.373798620650     
  1.534000000000000E-002   329.208641824661     
  1.536000000000000E-002   329.039803933621     
  1.538000000000000E-002   328.868466602666     
  1.540000000000000E-002   328.695613468845     
  1.542000000000000E-002   328.522047342961     
  1.544000000000000E-002   328.348445111510     
  1.546000000000000E-002   328.174330538429     
  1.548000000000000E-002   327.999023358399     
  1.550000000000000E-002   327.823516403753     
  1.552000000000000E-002   327.646901722388     
  1.554000000000000E-002   327.468470004023     
  1.556000000000000E-002   327.287800201848     
  1.558000000000000E-002   327.104808694186     
  1.560000000000000E-002   326.919464248866     
  1.562000000000000E-002   326.731503779123     
  1.564000000000000E-002   326.540141842225     
  1.566000000000000E-002   326.344291048710     
  1.568000000000000E-002   326.143761810223     
  1.570000000000000E-002   325.939511340881     
  1.572000000000000E-002   325.729853556521     
  1.574000000000000E-002   325.510878281641     
  1.576000000000000E-002   325.284260389814     
  1.578000000000000E-002   325.048225655030     
  1.580000000000000E-002   324.800767420824     
  1.582000000000000E-002   324.540075582405     
  1.584000000000000E-002   324.264052859019     
  1.586000000000000E-002   323.970866705413     
  1.588000000000000E-002   323.659073112520     
  1.590000000000000E-002   323.327749206870     
  1.592000000000000E-002   322.976669783330     
  1.594000000000000E-002   322.606507379058     
  1.596000000000000E-002   322.218995339265     
  1.598000000000000E-002   321.817504806588     
  1.600000000000000E-002   321.405643651983     
  1.602000000000000E-002   320.987497242338     
  1.604000000000000E-002   320.570798082316     
  1.606000000000000E-002   320.163592245389     
  1.608000000000000E-002   319.778549184230     
  1.610000000000000E-002   319.430401913253     
  1.612000000000000E-002   319.131115255475     
  1.614000000000000E-002   318.891000211781     
  1.616000000000000E-002   318.720305298553     
  1.618000000000000E-002   318.632970756763     
  1.620000000000000E-002   318.647475872629     
  1.622000000000000E-002   318.714015695939     
  1.624000000000000E-002   318.761227308627     
  1.626000000000000E-002   318.779555399295     
  1.628000000000000E-002   318.775540829047     
  1.630000000000000E-002   318.748208565811     
  1.632000000000000E-002   318.690469577519     
  1.634000000000000E-002   318.596519844400     
  1.636000000000000E-002   318.458666652040     
  1.638000000000000E-002   318.271625095889     
  1.640000000000000E-002   318.033780596689     
  1.642000000000000E-002   317.744310852401     
  1.644000000000000E-002   317.404359342920     
  1.646000000000000E-002   317.013255101436     
  1.648000000000000E-002   316.570241979208     
  1.650000000000000E-002   316.073066064348     
  1.652000000000000E-002   315.518333089972     
  1.654000000000000E-002   314.896837580571     
  1.656000000000000E-002   314.190542819409     
  1.658000000000000E-002   313.393445521553     
  1.660000000000000E-002   312.531167763143     
  1.662000000000000E-002   311.652290074583     
  1.664000000000000E-002   310.808934279224     
  1.666000000000000E-002   310.002792377518     
  1.668000000000000E-002   309.177710084386     
  1.670000000000000E-002   308.330853360377     
  1.672000000000000E-002   307.457267664848     
  1.674000000000000E-002   306.532709642409     
  1.676000000000000E-002   305.527152319358     
  1.678000000000000E-002   304.401650462605     
  1.680000000000000E-002   303.160864340066     
  1.682000000000000E-002   301.872072852300     
  1.684000000000000E-002   300.646186873081     
  1.686000000000000E-002   299.616830549070     
  1.688000000000000E-002   298.877352771490     
  1.690000000000000E-002   298.426973279623     
  1.692000000000000E-002   298.175480848023     
  1.694000000000000E-002   298.008997948045     
  1.696000000000000E-002   297.868188657857     
  1.698000000000000E-002   297.743888988010     
  1.700000000000000E-002   297.636896909121     
  1.702000000000000E-002   297.544726583867     
  1.704000000000000E-002   297.469019784722     
  1.706000000000000E-002   297.391707327612     
  1.708000000000000E-002   297.285814495912     
  1.710000000000000E-002   297.125535109164     
  1.712000000000000E-002   296.884031087531     
  1.714000000000000E-002   296.539664454184     
  1.716000000000000E-002   296.083196862120     
  1.718000000000000E-002   295.516811926064     
  1.720000000000000E-002   294.846363316144     
  1.722000000000000E-002   294.067742207296     
  1.724000000000000E-002   293.171548633343     
  1.726000000000000E-002   292.138298124649     
  1.728000000000000E-002   290.939002000648     
  1.730000000000000E-002   289.528961322891     
  1.732000000000000E-002   287.864630516411     
  1.734000000000000E-002   285.941937371290     
  1.736000000000000E-002   283.970727503083     
  1.738000000000000E-002   282.263010895293     
  1.740000000000000E-002   280.834685935811     
  1.742000000000000E-002   279.663036175463     
  1.744000000000000E-002   278.719843793970     
  1.746000000000000E-002   278.042304356322     
  1.748000000000000E-002   277.624613575560     
  1.750000000000000E-002   277.421026890715     
  1.752000000000000E-002   277.360981316617     
  1.754000000000000E-002   277.385069842770     
  1.756000000000000E-002   277.456060095953     
  1.758000000000000E-002   277.547268371030     
  1.760000000000000E-002   277.632404761029     
  1.762000000000000E-002   277.686148704013     
  1.764000000000000E-002   277.687029069102     
  1.766000000000000E-002   277.629546385898     
  1.768000000000000E-002   277.491059123473     
  1.770000000000000E-002   277.255313578015     
  1.772000000000000E-002   276.915815570515     
  1.774000000000000E-002   276.473406067940     
  1.776000000000000E-002   275.930748675567     
  1.778000000000000E-002   275.286500165919     
  1.780000000000000E-002   274.531748033975     
  1.782000000000000E-002   273.648780979684     
  1.784000000000000E-002   272.611639218594     
  1.786000000000000E-002   271.389905586436     
  1.788000000000000E-002   269.979527897704     
  1.790000000000000E-002   268.524647651697     
  1.792000000000000E-002   267.143145180376     
  1.794000000000000E-002   265.858560228641     
  1.796000000000000E-002   264.665430788704     
  1.798000000000000E-002   263.531821603620     
  1.800000000000000E-002   262.416104137841     
  1.802000000000000E-002   261.339007726589     
  1.804000000000000E-002   260.316326402502     
  1.806000000000000E-002   259.333529709274     
  1.808000000000000E-002   258.428095672548     
  1.810000000000000E-002   257.591665632941     
  1.812000000000000E-002   256.765867847798     
  1.814000000000000E-002   255.921004308078     
  1.816000000000000E-002   255.032668947281     
  1.818000000000000E-002   254.080739708779     
  1.820000000000000E-002   253.052128755360     
  1.822000000000000E-002   251.939692978423     
  1.824000000000000E-002   250.739152886438     
  1.826000000000000E-002   249.445581870104     
  1.828000000000000E-002   248.049795509808     
  1.830000000000000E-002   246.528653965829     
  1.832000000000000E-002   244.835133636058     
  1.834000000000000E-002   242.925072381218     
  1.836000000000000E-002   240.777702391812     
  1.838000000000000E-002   238.343494090757     
  1.840000000000000E-002   235.525343395189     
  1.842000000000000E-002   232.196370860986     
  1.844000000000000E-002   228.212267464782     
  1.846000000000000E-002   223.411722118740     
  1.848000000000000E-002   217.631400966057     
  1.850000000000000E-002   210.722819170983     
  1.852000000000000E-002   202.581272752165     
  1.854000000000000E-002   193.218637299670     
  1.856000000000000E-002   183.529885132736     
  1.858000000000000E-002   174.684545585572     
  1.860000000000000E-002   166.892167500805     
  1.862000000000000E-002   160.345089611353     
  1.864000000000000E-002   155.143630916291     
  1.866000000000000E-002   151.283989593334     
  1.868000000000000E-002   148.740413731451     
  1.870000000000000E-002   147.267117733208     
  1.872000000000000E-002   146.559776515107     
  1.874000000000000E-002   146.314282567448     
  1.876000000000000E-002   146.320782022727     
  1.878000000000000E-002   146.570127748234     
  1.880000000000000E-002   147.173834058348     
  1.882000000000000E-002   147.960846844675     
  1.884000000000000E-002   148.549777131984     
  1.886000000000000E-002   148.822618643105     
  1.888000000000000E-002   148.870239972329     
  1.890000000000000E-002   148.782979854495     
  1.892000000000000E-002   148.457347066194     
  1.894000000000000E-002   147.769249314033     
  1.896000000000000E-002   146.642525592703     
  1.898000000000000E-002   145.060014877445     
  1.900000000000000E-002   143.054719107880     
  1.902000000000000E-002   140.708699758024     
  1.904000000000000E-002   138.140748234216     
  1.906000000000000E-002   135.547552295088     
  1.908000000000000E-002   133.173491102202     
  1.910000000000000E-002   131.128515252066     
  1.912000000000000E-002   129.558504437095     
  1.914000000000000E-002   128.438356554077     
  1.916000000000000E-002   127.874536050645     
  1.918000000000000E-002   127.827379016872     
  1.920000000000000E-002   128.532138785365     
  1.922000000000000E-002   129.978224359179     
  1.924000000000000E-002   132.029301087842     
  1.926000000000000E-002   134.650644448232     
  1.928000000000000E-002   137.796398695668     
  1.930000000000000E-002   141.417019558117     
  1.932000000000000E-002   145.444768731460     
  1.934000000000000E-002   149.795297783209     
  1.936000000000000E-002   154.390627446158     
  1.938000000000000E-002   159.061067135962     
  1.940000000000000E-002   163.632791333665     
  1.942000000000000E-002   167.961837630676     
  1.944000000000000E-002   172.011982130807     
  1.946000000000000E-002   175.767168984081     
  1.948000000000000E-002   179.233619886724     
  1.950000000000000E-002   182.424260924192     
  1.952000000000000E-002   185.361637128202     
  1.954000000000000E-002   188.073219343385     
  1.956000000000000E-002   190.608216662070     
  1.958000000000000E-002   193.013724037431     
  1.960000000000000E-002   195.322399174392     
  1.962000000000000E-002   197.593770433708     
  1.964000000000000E-002   199.897626267963     
  1.966000000000000E-002   202.326580455767     
  1.968000000000000E-002   204.989494377207     
  1.970000000000000E-002   208.002339277793     
  1.972000000000000E-002   211.429918318083     
  1.974000000000000E-002   215.229544302973     
  1.976000000000000E-002   219.357082005846     
  1.978000000000000E-002   223.842509616434     
  1.980000000000000E-002   228.656274072846     
  1.982000000000000E-002   233.489636079345     
  1.984000000000000E-002   237.993795080572     
  1.986000000000000E-002   242.018729818051     
  1.988000000000000E-002   245.531642534444     
  1.990000000000000E-002   248.570053284615     
  1.992000000000000E-002   251.193588296057     
  1.994000000000000E-002   253.467346888208     
  1.996000000000000E-002   255.460264047688     
  1.998000000000000E-002   257.276193315794     
  2.000000000000000E-002   259.019717914261     
  2.002000000000000E-002   260.755521925718     
  2.004000000000000E-002   262.513313993578     
  2.006000000000000E-002   264.289883271283     
  2.008000000000000E-002   266.079375297843     
  2.010000000000000E-002   267.880314419182     
  2.012000000000000E-002   269.685896310534     
  2.014000000000000E-002   271.508810906685     
  2.016000000000000E-002   273.364917562559     
  2.018000000000000E-002   275.271699483807     
  2.020000000000000E-002   277.246290219992     
  2.022000000000000E-002   279.301281548782     
  2.024000000000000E-002   281.442311719140     
  2.026000000000000E-002   283.667784927083     
  2.028000000000000E-002   285.962451155601     
  2.030000000000000E-002   288.336247765948     
  2.032000000000000E-002   290.661282420636     
  2.034000000000000E-002   292.712062369590     
  2.036000000000000E-002   294.470244441619     
  2.038000000000000E-002   295.975904382465     
  2.040000000000000E-002   297.257187287688     
  2.042000000000000E-002   298.343403453726     
  2.044000000000000E-002   299.263392950727     
  2.046000000000000E-002   300.049516833258     
  2.048000000000000E-002   300.744614011922     
  2.050000000000000E-002   301.389004615887     
  2.052000000000000E-002   302.008543907171     
  2.054000000000000E-002   302.622045921453     
  2.056000000000000E-002   303.240613307405     
  2.058000000000000E-002   303.876235774109     
  2.060000000000000E-002   304.542645760027     
  2.062000000000000E-002   305.252942455265     
  2.064000000000000E-002   306.017522843383     
  2.066000000000000E-002   306.841235709147     
  2.068000000000000E-002   307.722024008397     
  2.070000000000000E-002   308.599551716303     
  2.072000000000000E-002   309.379646980756     
  2.074000000000000E-002   310.062255185012     
  2.076000000000000E-002   310.666886186299     
  2.078000000000000E-002   311.208171312823     
  2.080000000000000E-002   311.699837618771     
  2.082000000000000E-002   312.154070680211     
  2.084000000000000E-002   312.577032945386     
  2.086000000000000E-002   312.971948552715     
  2.088000000000000E-002   313.340695621390     
  2.090000000000000E-002   313.684872697554     
  2.092000000000000E-002   314.005693020378     
  2.094000000000000E-002   314.303592084437     
  2.096000000000000E-002   314.578694656266     
  2.098000000000000E-002   314.831420991891     
  2.100000000000000E-002   315.063083662435     
  2.102000000000000E-002   315.276226455711     
  2.104000000000000E-002   315.474287772337     
  2.106000000000000E-002   315.660670600630     
  2.108000000000000E-002   315.838390312406     
  2.110000000000000E-002   316.009567286234     
  2.112000000000000E-002   316.175820360571     
  2.114000000000000E-002   316.339421886068     
  2.116000000000000E-002   316.502855255864     
  2.118000000000000E-002   316.667014622514     
  2.120000000000000E-002   316.833312211292     
  2.122000000000000E-002   317.003370751429     
  2.124000000000000E-002   317.178688567397     
  2.126000000000000E-002   317.360562153446     
  2.128000000000000E-002   317.550338254892     
  2.130000000000000E-002   317.749591029610     
  2.132000000000000E-002   317.960212881529     
  2.134000000000000E-002   318.184091597971     
  2.136000000000000E-002   318.422704281803     
  2.138000000000000E-002   318.676853929712     
  2.140000000000000E-002   318.946641216752     
  2.142000000000000E-002   319.231634340647     
  2.144000000000000E-002   319.531156282967     
  2.146000000000000E-002   319.843919353915     
  2.148000000000000E-002   320.168563080855     
  2.150000000000000E-002   320.503479960057     
  2.152000000000000E-002   320.829546608027     
  2.154000000000000E-002   321.130860261110     
  2.156000000000000E-002   321.405876879867     
  2.158000000000000E-002   321.653772902143     
  2.160000000000000E-002   321.874387701840     
  2.162000000000000E-002   322.069234538118     
  2.164000000000000E-002   322.241759905300     
  2.166000000000000E-002   322.397712273595     
  2.168000000000000E-002   322.545578586491     
  2.170000000000000E-002   322.692635999973     
  2.172000000000000E-002   322.848162538307     
  2.174000000000000E-002   323.024238972066     
  2.176000000000000E-002   323.227026446926     
  2.178000000000000E-002   323.465357901828     
  2.180000000000000E-002   323.749952280322     
  2.182000000000000E-002   324.093569240126     
  2.184000000000000E-002   324.510822254709     
  2.186000000000000E-002   325.018263295679     
  2.188000000000000E-002   325.631148453406     
  2.190000000000000E-002   326.368114997610     
  2.192000000000000E-002   327.244274951900     
  2.194000000000000E-002   328.271720366872     
  2.196000000000000E-002   329.459307473658     
  2.198000000000000E-002   330.809429340079     
  2.200000000000000E-002   332.314416759645     
  2.202000000000000E-002   333.876474051135     
  2.204000000000000E-002   335.256512657863     
  2.206000000000000E-002   336.438104781650     
  2.208000000000000E-002   337.430916297296     
  2.210000000000000E-002   338.252138039353     
  2.212000000000000E-002   338.924759118875     
  2.214000000000000E-002   339.472494543463     
  2.216000000000000E-002   339.916754490069     
  2.218000000000000E-002   340.275402790991     
  2.220000000000000E-002   340.564644122143     
  2.222000000000000E-002   340.796683134246     
  2.224000000000000E-002   340.987905490251     
  2.226000000000000E-002   341.135169436282     
  2.228000000000000E-002   341.229791357658     
  2.230000000000000E-002   341.286119388660     
  2.232000000000000E-002   341.314256092131     
  2.234000000000000E-002   341.321285231790     
  2.236000000000000E-002   341.311907605705     
  2.238000000000000E-002   341.293445315330     
  2.240000000000000E-002   341.275577702841     
  2.242000000000000E-002   341.265027742894     
  2.244000000000000E-002   341.257064687254     
  2.246000000000000E-002   341.246199932509     
  2.248000000000000E-002   341.229889610492     
  2.250000000000000E-002   341.206103288261     
  2.252000000000000E-002   341.172879285464     
  2.254000000000000E-002   341.128826370816     
  2.256000000000000E-002   341.073292951905     
  2.258000000000000E-002   341.006272898673     
  2.260000000000000E-002   340.928240677001     
  2.262000000000000E-002   340.840040591090     
  2.264000000000000E-002   340.742783896271     
  2.266000000000000E-002   340.637710479961     
  2.268000000000000E-002   340.525984142475     
  2.270000000000000E-002   340.408648145002     
  2.272000000000000E-002   340.286719714590     
  2.274000000000000E-002   340.161146220262     
  2.276000000000000E-002   340.032869379379     
  2.278000000000000E-002   339.902946630261     
  2.280000000000000E-002   339.772785852480     
  2.282000000000000E-002   339.643740257964     
  2.284000000000000E-002   339.517024671075     
  2.286000000000000E-002   339.394026143614     
  2.288000000000000E-002   339.275833388083     
  2.290000000000000E-002   339.163138886257     
  2.292000000000000E-002   339.056362048773     
  2.294000000000000E-002   338.955772494670     
  2.296000000000000E-002   338.861442789709     
  2.298000000000000E-002   338.773247509561     
  2.300000000000000E-002   338.690915415155     
  2.302000000000000E-002   338.614017410904     
  2.304000000000000E-002   338.541942964665     
  2.306000000000000E-002   338.473905094750     
  2.308000000000000E-002   338.409024860892     
  2.310000000000000E-002   338.346536725601     
  2.312000000000000E-002   338.285903726670     
  2.314000000000000E-002   338.226757273964     
  2.316000000000000E-002   338.168857941687     
  2.318000000000000E-002   338.112085104569     
  2.320000000000000E-002   338.056195865458     
  2.322000000000000E-002   338.001049437248     
  2.324000000000000E-002   337.946514559308     
  2.326000000000000E-002   337.892340970335     
  2.328000000000000E-002   337.838097844630     
  2.330000000000000E-002   337.782552775430     
  2.332000000000000E-002   337.723957895861     
  2.334000000000000E-002   337.661251290777     
  2.336000000000000E-002   337.594672489361     
  2.338000000000000E-002   337.524847760157     
  2.340000000000000E-002   337.452268511097     
  2.342000000000000E-002   337.377387209299     
  2.344000000000000E-002   337.300643267823     
  2.346000000000000E-002   337.222340044629     
  2.348000000000000E-002   337.142570003816     
  2.350000000000000E-002   337.061229868090     
  2.352000000000000E-002   336.978129202524     
  2.354000000000000E-002   336.893270499525     
  2.356000000000000E-002   336.807017429253     
  2.358000000000000E-002   336.719715395427     
  2.360000000000000E-002   336.631306934333     
  2.362000000000000E-002   336.542883944498     
  2.364000000000000E-002   336.453475266866     
  2.366000000000000E-002   336.360195916846     
  2.368000000000000E-002   336.261289695201     
  2.370000000000000E-002   336.155912337010     
  2.372000000000000E-002   336.043355489703     
  2.374000000000000E-002   335.922432189545     
  2.376000000000000E-002   335.791842916417     
  2.378000000000000E-002   335.650901070820     
  2.380000000000000E-002   335.497866258714     
  2.382000000000000E-002   335.329774526072     
  2.384000000000000E-002   335.145671532589     
  2.386000000000000E-002   334.947067675037     
  2.388000000000000E-002   334.734857187454     
  2.390000000000000E-002   334.508991658165     
  2.392000000000000E-002   334.268725148748     
  2.394000000000000E-002   334.013061234476     
  2.396000000000000E-002   333.742344038565     
  2.398000000000000E-002   333.459774759232     
  2.400000000000000E-002   333.168214284454     
  2.402000000000000E-002   332.871758668748     
  2.404000000000000E-002   332.586354665215     
  2.406000000000000E-002   332.319430236087     
  2.408000000000000E-002   332.074532820296     
  2.410000000000000E-002   331.853537739880     
  2.412000000000000E-002   331.657059981590     
  2.414000000000000E-002   331.484645405980     
  2.416000000000000E-002   331.334756051373     
  2.418000000000000E-002   331.205522622700     
  2.420000000000000E-002   331.096588648548     
  2.422000000000000E-002   331.010759369133     
  2.424000000000000E-002   330.952817918261     
  2.426000000000000E-002   330.924442653062     
  2.428000000000000E-002   330.918320082799     
  2.430000000000000E-002   330.923567727749     
  2.432000000000000E-002   330.943004435030     
  2.434000000000000E-002   330.981015548889     
  2.436000000000000E-002   331.041594011022     
  2.438000000000000E-002   331.129273947794     
  2.440000000000000E-002   331.248141349812     
  2.442000000000000E-002   331.400469715444     
  2.444000000000000E-002   331.585614678956     
  2.446000000000000E-002   331.800213132951     
  2.448000000000000E-002   332.039017341038     
  2.450000000000000E-002   332.296611817476     
  2.452000000000000E-002   332.569029353351     
  2.454000000000000E-002   332.833125179818     
  2.456000000000000E-002   333.069278467260     
  2.458000000000000E-002   333.278258725890     
  2.460000000000000E-002   333.463027975683     
  2.462000000000000E-002   333.626503828303     
  2.464000000000000E-002   333.773082673091     
  2.466000000000000E-002   333.905452511266     
  2.468000000000000E-002   334.027883969044     
  2.470000000000000E-002   334.149977473126     
  2.472000000000000E-002   334.279597871448     
  2.474000000000000E-002   334.421443156947     
  2.476000000000000E-002   334.573663034621     
  2.478000000000000E-002   334.735486529869     
  2.480000000000000E-002   334.912134279720     
  2.482000000000000E-002   335.112382847079     
  2.484000000000000E-002   335.346379546798     
  2.486000000000000E-002   335.625088356418     
  2.488000000000000E-002   335.960639195759     
  2.490000000000000E-002   336.366126781124     
  2.492000000000000E-002   336.854403662305     
  2.494000000000000E-002   337.436646795173     
  2.496000000000000E-002   338.120613439797     
  2.498000000000000E-002   338.910514071832     
  2.500000000000000E-002   339.773758908633     
  2.502000000000000E-002   340.529953130386     
  2.504000000000000E-002   341.124844524626     
  2.506000000000000E-002   341.568554498099     
  2.508000000000000E-002   341.878615977325     
  2.510000000000000E-002   342.077733220612     
  2.512000000000000E-002   342.188317431525     
  2.514000000000000E-002   342.230536084297     
  2.516000000000000E-002   342.215093431232     
  2.518000000000000E-002   342.162313696030     
  2.520000000000000E-002   342.058026698873     
  2.522000000000000E-002   341.896116425556     
  2.524000000000000E-002   341.675981549795     
  2.526000000000000E-002   341.398698610574     
  2.528000000000000E-002   341.066793645841     
  2.530000000000000E-002   340.685307370828     
  2.532000000000000E-002   340.262280905977     
  2.534000000000000E-002   339.811908923788     
  2.536000000000000E-002   339.350257185125     
  2.538000000000000E-002   338.880987497358     
  2.540000000000000E-002   338.427881258682     
  2.542000000000000E-002   338.000727661923     
  2.544000000000000E-002   337.593953168471     
  2.546000000000000E-002   337.202673905346     
  2.548000000000000E-002   336.823842501953     
  2.550000000000000E-002   336.456450738357     
  2.552000000000000E-002   336.101687452321     
  2.554000000000000E-002   335.762600768517     
  2.556000000000000E-002   335.443004900328     
  2.558000000000000E-002   335.146417855535     
  2.560000000000000E-002   334.875696129294     
  2.562000000000000E-002   334.632929180616     
  2.564000000000000E-002   334.419333123786     
  2.566000000000000E-002   334.235085327407     
  2.568000000000000E-002   334.078829758217     
  2.570000000000000E-002   333.947574118813     
  2.572000000000000E-002   333.835653745827     
  2.574000000000000E-002   333.748242033197     
  2.576000000000000E-002   333.696975960113     
  2.578000000000000E-002   333.679556376038     
  2.580000000000000E-002   333.682131736135     
  2.582000000000000E-002   333.694855707481     
  2.584000000000000E-002   333.712469761090     
  2.586000000000000E-002   333.727848725964     
  2.588000000000000E-002   333.741951369193     
  2.590000000000000E-002   333.756252949337     
  2.592000000000000E-002   333.771620223622     
  2.594000000000000E-002   333.788511611591     
  2.596000000000000E-002   333.807307318589     
  2.598000000000000E-002   333.828290577753     
  2.600000000000000E-002   333.851612811606     
  2.602000000000000E-002   333.877366092265     
  2.604000000000000E-002   333.905635468649     
  2.606000000000000E-002   333.936453547759     
  2.608000000000000E-002   333.969764800963     
  2.610000000000000E-002   334.005431278284     
  2.612000000000000E-002   334.043301763523     
  2.614000000000000E-002   334.083286327087     
  2.616000000000000E-002   334.122773772362     
  2.618000000000000E-002   334.158033636836     
  2.620000000000000E-002   334.186804894888     
  2.622000000000000E-002   334.207403281612     
  2.624000000000000E-002   334.219782496021     
  2.626000000000000E-002   334.225470422423     
  2.628000000000000E-002   334.226828698751     
  2.630000000000000E-002   334.224755424699     
  2.632000000000000E-002   334.215025356344     
  2.634000000000000E-002   334.190210953035     
  2.636000000000000E-002   334.140884054848     
  2.638000000000000E-002   334.062616545235     
  2.640000000000000E-002   333.965724967741     
  2.642000000000000E-002   333.850742465764     
  2.644000000000000E-002   333.714537941067     
  2.646000000000000E-002   333.554853110070     
  2.648000000000000E-002   333.369408607070     
  2.650000000000000E-002   333.155920758040     
  2.652000000000000E-002   332.911753345920     
  2.654000000000000E-002   332.633749091062     
  2.656000000000000E-002   332.318699616638     
  2.658000000000000E-002   331.964076533325     
  2.660000000000000E-002   331.611787296768     
  2.662000000000000E-002   331.318269515484     
  2.664000000000000E-002   331.082370088358     
  2.666000000000000E-002   330.897966607609     
  2.668000000000000E-002   330.757555507822     
  2.670000000000000E-002   330.652749833319     
  2.672000000000000E-002   330.576841819496     
  2.674000000000000E-002   330.544822370861     
  2.676000000000000E-002   330.552625859219     
  2.678000000000000E-002   330.594633908574     
  2.680000000000000E-002   330.677786243362     
  2.682000000000000E-002   330.805487944727     
  2.684000000000000E-002   330.979250735009     
  2.686000000000000E-002   331.197134363218     
  2.688000000000000E-002   331.453400164366     
  2.690000000000000E-002   331.737766235390     
  2.692000000000000E-002   332.019261926772     
  2.694000000000000E-002   332.289056786057     
  2.696000000000000E-002   332.547837089066     
  2.698000000000000E-002   332.794388733903     
  2.700000000000000E-002   333.023844028719     
  2.702000000000000E-002   333.226661435297     
  2.704000000000000E-002   333.387863544116     
  2.706000000000000E-002   333.502586355847     
  2.708000000000000E-002   333.578675888388     
  2.710000000000000E-002   333.599165608817     
  2.712000000000000E-002   333.567971233401     
  2.714000000000000E-002   333.472110996407     
  2.716000000000000E-002   333.295718145381     
  2.718000000000000E-002   333.020547311045     
  2.720000000000000E-002   332.632171971183     
  2.722000000000000E-002   332.115447785359     
  2.724000000000000E-002   331.444395359541     
  2.726000000000000E-002   330.596918914538     
  2.728000000000000E-002   329.565967866436     
  2.730000000000000E-002   328.385339663365     
  2.732000000000000E-002   327.328145657063     
  2.734000000000000E-002   326.505284512037     
  2.736000000000000E-002   325.899662239383     
  2.738000000000000E-002   325.465904443115     
  2.740000000000000E-002   325.157466040371     
  2.742000000000000E-002   324.950311353004     
  2.744000000000000E-002   324.829386254173     
  2.746000000000000E-002   324.766976192903     
  2.748000000000000E-002   324.730645123637     
  2.750000000000000E-002   324.701440199467     
  2.752000000000000E-002   324.720415876057     
  2.754000000000000E-002   324.761264948740     
  2.756000000000000E-002   324.816667521160     
  2.758000000000000E-002   324.895347059049     
  2.760000000000000E-002   325.022699239420     
  2.762000000000000E-002   325.176892376376     
  2.764000000000000E-002   325.310665908015     
  2.766000000000000E-002   325.461686922523     
  2.768000000000000E-002   325.699576859021     
  2.770000000000000E-002   325.984397253509     
  2.772000000000000E-002   326.037402911440     
  2.774000000000000E-002   325.823535337927     
  2.776000000000000E-002   324.932637447886     
  2.778000000000000E-002   321.241662925564     
  2.780000000000000E-002   307.354131222372     
  2.782000000000000E-002   259.553889370281     
  2.784000000000000E-002   136.020750298407     
  2.786000000000000E-002   27.6915925879753     
  2.788000000000000E-002   3.76628403403989     
  2.790000000000000E-002  0.479435094926510     
  2.792000000000000E-002  6.059518501863856E-002
  2.794000000000000E-002  7.645285969186455E-003
  2.796000000000000E-002  9.638480781476098E-004
  2.798000000000000E-002  1.214351856005890E-004
  2.800000000000000E-002  1.528994932354011E-005
  2.802000000000000E-002  1.923954369112330E-006
  2.804000000000000E-002  2.419418800426004E-007
  2.806000000000000E-002  3.040573524994406E-008
  2.808000000000000E-002  3.818813517969599E-009
  2.810000000000000E-002  4.793108682471169E-010
  2.812000000000000E-002  6.011432872457963E-011
  2.814000000000000E-002  7.514291090573592E-012
  2.816000000000000E-002  9.021158712559950E-013
  2.818000000000000E-002  8.352924733851827E-014
  2.820000000000000E-002  3.341169893541020E-015
  2.822000000000000E-002  0.000000000000000E+000
  2.824000000000000E-002  0.000000000000000E+000
  2.826000000000000E-002  0.000000000000000E+000
  2.828000000000000E-002  0.000000000000000E+000
  2.830000000000000E-002  0.000000000000000E+000
  2.832000000000000E-002  0.000000000000000E+000
  2.834000000000000E-002  0.000000000000000E+000
  2.836000000000000E-002  0.000000000000000E+000
  2.838000000000000E-002  0.000000000000000E+000
  2.840000000000000E-002  0.000000000000000E+000
  2.842000000000000E-002  0.000000000000000E+000
  2.844000000000000E-002  0.000000000000000E+000
  2.846000000000000E-002  0.000000000000000E+000
  2.848000000000000E-002  0.000000000000000E+000
  2.850000000000000E-002  0.000000000000000E+000
  2.852000000000000E-002  0.000000000000000E+000
  2.854000000000000E-002  0.000000000000000E+000
  2.856000000000000E-002  0.000000000000000E+000
  2.858000000000000E-002  0.000000000000000E+000
  2.860000000000000E-002  0.000000000000000E+000
  2.862000000000000E-002  0.000000000000000E+000
  2.864000000000000E-002  0.000000000000000E+000
  2.866000000000000E-002  0.000000000000000E+000
  2.868000000000000E-002  0.000000000000000E+000
  2.870000000000000E-002  0.000000000000000E+000
  2.872000000000000E-002  0.000000000000000E+000
  2.874000000000000E-002  0.000000000000000E+000
  2.876000000000000E-002  0.000000000000000E+000
  2.878000000000000E-002  0.000000000000000E+000
  2.880000000000000E-002  0.000000000000000E+000
  2.882000000000000E-002  0.000000000000000E+000
  2.884000000000000E-002  0.000000000000000E+000
  2.886000000000000E-002  0.000000000000000E+000
  2.888000000000000E-002  0.000000000000000E+000
  2.890000000000000E-002  0.000000000000000E+000
  2.892000000000000E-002  0.000000000000000E+000
  2.894000000000000E-002  0.000000000000000E+000
  2.896000000000000E-002  0.000000000000000E+000
  2.898000000000000E-002  0.000000000000000E+000
  2.900000000000000E-002  0.000000000000000E+000
  2.902000000000000E-002  0.000000000000000E+000
  2.904000000000000E-002  0.000000000000000E+000
  2.906000000000000E-002  0.000000000000000E+000
  2.908000000000000E-002  0.000000000000000E+000
  2.910000000000000E-002  0.000000000000000E+000
  2.912000000000000E-002  0.000000000000000E+000
  2.914000000000000E-002  0.000000000000000E+000
  2.916000000000000E-002  0.000000000000000E+000
  2.918000000000000E-002  0.000000000000000E+000
  2.920000000000000E-002  0.000000000000000E+000
  2.922000000000000E-002  0.000000000000000E+000
  2.924000000000000E-002  0.000000000000000E+000
  2.926000000000000E-002  0.000000000000000E+000
  2.928000000000000E-002  0.000000000000000E+000
  2.930000000000000E-002  0.000000000000000E+000
  2.932000000000000E-002  0.000000000000000E+000
  2.934000000000000E-002  0.000000000000000E+000
  2.936000000000000E-002  0.000000000000000E+000
  2.938000000000000E-002  0.000000000000000E+000
  2.940000000000000E-002  0.000000000000000E+000
  2.942000000000000E-002  0.000000000000000E+000
  2.944000000000000E-002  0.000000000000000E+000
  2.946000000000000E-002  0.000000000000000E+000
  2.948000000000000E-002  0.000000000000000E+000
  2.950000000000000E-002  0.000000000000000E+000
  2.952000000000000E-002  0.000000000000000E+000
  2.954000000000000E-002  0.000000000000000E+000
  2.956000000000000E-002  0.000000000000000E+000
  2.958000000000000E-002  0.000000000000000E+000
  2.960000000000000E-002  0.000000000000000E+000
  2.962000000000000E-002  0.000000000000000E+000
  2.964000000000000E-002  0.000000000000000E+000
  2.966000000000000E-002  0.000000000000000E+000
  2.968000000000000E-002  0.000000000000000E+000
  2.970000000000000E-002  0.000000000000000E+000
  2.972000000000000E-002  0.000000000000000E+000
  2.974000000000000E-002  0.000000000000000E+000
  2.976000000000000E-002  0.000000000000000E+000
  2.978000000000000E-002  0.000000000000000E+000
  2.980000000000000E-002  0.000000000000000E+000
  2.982000000000000E-002  0.000000000000000E+000
  2.984000000000000E-002  0.000000000000000E+000
  2.986000000000000E-002  0.000000000000000E+000
  2.988000000000000E-002  0.000000000000000E+000
  2.990000000000000E-002  0.000000000000000E+000
  2.992000000000000E-002  0.000000000000000E+000
  2.994000000000000E-002  0.000000000000000E+000
  2.996000000000000E-002  0.000000000000000E+000
  2.998000000000000E-002  0.000000000000000E+000
  3.000000000000000E-002  0.000000000000000E+000
  3.002000000000000E-002  0.000000000000000E+000
  3.004000000000000E-002  0.000000000000000E+000
  3.006000000000000E-002  0.000000000000000E+000
  3.008000000000000E-002  0.000000000000000E+000
  3.010000000000000E-002  0.000000000000000E+000
  3.012000000000000E-002  0.000000000000000E+000
  3.014000000000000E-002  0.000000000000000E+000
  3.016000000000000E-002  0.000000000000000E+000
  3.018000000000000E-002  0.000000000000000E+000
  3.020000000000000E-002  0.000000000000000E+000
  3.022000000000000E-002  0.000000000000000E+000
  3.024000000000000E-002  0.000000000000000E+000
  3.026000000000000E-002  0.000000000000000E+000
  3.028000000000000E-002  0.000000000000000E+000
  3.030000000000000E-002  0.000000000000000E+000
  3.032000000000000E-002  0.000000000000000E+000
  3.034000000000000E-002  0.000000000000000E+000
  3.036000000000000E-002  0.000000000000000E+000
  3.038000000000000E-002  0.000000000000000E+000
  3.040000000000000E-002  0.000000000000000E+000
  3.042000000000000E-002  0.000000000000000E+000
  3.044000000000000E-002  0.000000000000000E+000
  3.046000000000000E-002  0.000000000000000E+000
  3.048000000000000E-002  0.000000000000000E+000
  3.050000000000000E-002  0.000000000000000E+000
  3.052000000000000E-002  0.000000000000000E+000
  3.054000000000000E-002  0.000000000000000E+000
  3.056000000000000E-002  0.000000000000000E+000
  3.058000000000000E-002  0.000000000000000E+000
  3.060000000000000E-002  0.000000000000000E+000
  3.062000000000000E-002  0.000000000000000E+000
  3.064000000000000E-002  0.000000000000000E+000
  3.066000000000000E-002  0.000000000000000E+000
  3.068000000000000E-002  0.000000000000000E+000
  3.070000000000000E-002  0.000000000000000E+000
  3.072000000000000E-002  0.000000000000000E+000
  3.074000000000000E-002  0.000000000000000E+000
  3.076000000000000E-002  0.000000000000000E+000
  3.078000000000000E-002  0.000000000000000E+000
  3.080000000000000E-002  0.000000000000000E+000
  3.082000000000000E-002  0.000000000000000E+000
  3.084000000000000E-002  0.000000000000000E+000
  3.086000000000000E-002  0.000000000000000E+000
  3.088000000000000E-002  0.000000000000000E+000
  3.090000000000000E-002  0.000000000000000E+000
  3.092000000000000E-002  0.000000000000000E+000
  3.094000000000000E-002  0.000000000000000E+000
  3.096000000000000E-002  0.000000000000000E+000
  3.098000000000000E-002  0.000000000000000E+000
  3.100000000000000E-002  0.000000000000000E+000
  3.102000000000000E-002  0.000000000000000E+000
  3.104000000000000E-002  0.000000000000000E+000
  3.106000000000000E-002  0.000000000000000E+000
  3.108000000000000E-002  0.000000000000000E+000
  3.110000000000000E-002  0.000000000000000E+000
  3.112000000000000E-002  0.000000000000000E+000
  3.114000000000000E-002  0.000000000000000E+000
  3.116000000000000E-002  0.000000000000000E+000
  3.118000000000000E-002  0.000000000000000E+000
  3.120000000000000E-002  0.000000000000000E+000
  3.122000000000000E-002  0.000000000000000E+000
  3.124000000000000E-002  0.000000000000000E+000
  3.126000000000000E-002  0.000000000000000E+000
  3.128000000000000E-002  0.000000000000000E+000
  3.130000000000000E-002  0.000000000000000E+000
  3.132000000000000E-002  0.000000000000000E+000
  3.134000000000000E-002  0.000000000000000E+000
  3.136000000000001E-002  0.000000000000000E+000
  3.138000000000001E-002  0.000000000000000E+000
  3.140000000000000E-002  0.000000000000000E+000
  3.142000000000000E-002  0.000000000000000E+000
  3.144000000000000E-002  0.000000000000000E+000
  3.146000000000000E-002  0.000000000000000E+000
  3.148000000000000E-002  0.000000000000000E+000
  3.150000000000000E-002  0.000000000000000E+000
  3.152000000000000E-002  0.000000000000000E+000
  3.154000000000001E-002  0.000000000000000E+000
  3.156000000000000E-002  0.000000000000000E+000
  3.158000000000000E-002  0.000000000000000E+000
  3.160000000000000E-002  0.000000000000000E+000
  3.162000000000000E-002  0.000000000000000E+000
  3.164000000000000E-002  0.000000000000000E+000
  3.166000000000000E-002  0.000000000000000E+000
  3.168000000000000E-002  0.000000000000000E+000
  3.170000000000001E-002  0.000000000000000E+000
  3.172000000000001E-002  0.000000000000000E+000
  3.174000000000000E-002  0.000000000000000E+000
  3.176000000000000E-002  0.000000000000000E+000
  3.178000000000000E-002  0.000000000000000E+000
  3.180000000000000E-002  0.000000000000000E+000
  3.182000000000000E-002  0.000000000000000E+000
  3.184000000000000E-002  0.000000000000000E+000
  3.186000000000000E-002  0.000000000000000E+000
  3.188000000000001E-002  0.000000000000000E+000
  3.190000000000000E-002  0.000000000000000E+000
  3.192000000000000E-002  0.000000000000000E+000
  3.194000000000000E-002  0.000000000000000E+000
  3.196000000000000E-002  0.000000000000000E+000
  3.198000000000000E-002  0.000000000000000E+000
  3.200000000000000E-002  0.000000000000000E+000
  3.202000000000000E-002  0.000000000000000E+000
  3.204000000000001E-002  0.000000000000000E+000
  3.206000000000001E-002  0.000000000000000E+000
  3.208000000000000E-002  0.000000000000000E+000
  3.210000000000000E-002  0.000000000000000E+000
  3.212000000000000E-002  0.000000000000000E+000
  3.214000000000000E-002  0.000000000000000E+000
  3.216000000000000E-002  0.000000000000000E+000
  3.218000000000000E-002  0.000000000000000E+000
  3.220000000000000E-002  0.000000000000000E+000
  3.222000000000001E-002  0.000000000000000E+000
  3.224000000000000E-002  0.000000000000000E+000
  3.226000000000000E-002  0.000000000000000E+000
  3.228000000000000E-002  0.000000000000000E+000
  3.230000000000000E-002  0.000000000000000E+000
  3.232000000000000E-002  0.000000000000000E+000
  3.234000000000000E-002  0.000000000000000E+000
  3.236000000000000E-002  0.000000000000000E+000
  3.238000000000001E-002  0.000000000000000E+000
  3.240000000000001E-002  0.000000000000000E+000
  3.242000000000000E-002  0.000000000000000E+000
  3.244000000000000E-002  0.000000000000000E+000
  3.246000000000000E-002  0.000000000000000E+000
  3.248000000000000E-002  0.000000000000000E+000
  3.250000000000000E-002  0.000000000000000E+000
  3.252000000000000E-002  0.000000000000000E+000
  3.254000000000000E-002  0.000000000000000E+000
  3.256000000000001E-002  0.000000000000000E+000
  3.258000000000000E-002  0.000000000000000E+000
  3.260000000000000E-002  0.000000000000000E+000
  3.262000000000000E-002  0.000000000000000E+000
  3.264000000000000E-002  0.000000000000000E+000
  3.266000000000000E-002  0.000000000000000E+000
  3.268000000000000E-002  0.000000000000000E+000
  3.270000000000000E-002  0.000000000000000E+000
  3.272000000000001E-002  0.000000000000000E+000
  3.274000000000001E-002  0.000000000000000E+000
  3.276000000000000E-002  0.000000000000000E+000
  3.278000000000000E-002  0.000000000000000E+000
  3.280000000000000E-002  0.000000000000000E+000
  3.282000000000000E-002  0.000000000000000E+000
  3.284000000000000E-002  0.000000000000000E+000
  3.286000000000000E-002  0.000000000000000E+000
  3.288000000000000E-002  0.000000000000000E+000
  3.290000000000001E-002  0.000000000000000E+000
  3.292000000000000E-002  0.000000000000000E+000
  3.294000000000000E-002  0.000000000000000E+000
  3.296000000000000E-002  0.000000000000000E+000
  3.298000000000000E-002  0.000000000000000E+000
  3.300000000000000E-002  0.000000000000000E+000
  3.302000000000000E-002  0.000000000000000E+000
  3.304000000000000E-002  0.000000000000000E+000
  3.306000000000001E-002  0.000000000000000E+000
  3.308000000000001E-002  0.000000000000000E+000
  3.310000000000000E-002  0.000000000000000E+000
  3.312000000000000E-002  0.000000000000000E+000
  3.314000000000000E-002  0.000000000000000E+000
  3.316000000000000E-002  0.000000000000000E+000
  3.318000000000000E-002  0.000000000000000E+000
  3.320000000000000E-002  0.000000000000000E+000
  3.322000000000000E-002  0.000000000000000E+000
  3.324000000000001E-002  0.000000000000000E+000
  3.326000000000000E-002  0.000000000000000E+000
  3.328000000000000E-002  0.000000000000000E+000
  3.330000000000000E-002  0.000000000000000E+000
  3.332000000000000E-002  0.000000000000000E+000
  3.334000000000000E-002  0.000000000000000E+000
  3.336000000000000E-002  0.000000000000000E+000
  3.338000000000000E-002  0.000000000000000E+000
  3.340000000000001E-002  0.000000000000000E+000
  3.342000000000001E-002  0.000000000000000E+000
  3.344000000000000E-002  0.000000000000000E+000
  3.346000000000000E-002  0.000000000000000E+000
  3.348000000000000E-002  0.000000000000000E+000
  3.350000000000000E-002  0.000000000000000E+000
  3.352000000000000E-002  0.000000000000000E+000
  3.354000000000000E-002  0.000000000000000E+000
  3.356000000000000E-002  0.000000000000000E+000
  3.358000000000001E-002  0.000000000000000E+000
  3.360000000000000E-002  0.000000000000000E+000
  3.362000000000000E-002  0.000000000000000E+000
  3.364000000000000E-002  0.000000000000000E+000
  3.366000000000000E-002  0.000000000000000E+000
  3.368000000000000E-002  0.000000000000000E+000
  3.370000000000000E-002  0.000000000000000E+000
  3.372000000000000E-002  0.000000000000000E+000
  3.374000000000001E-002  0.000000000000000E+000
  3.376000000000001E-002  0.000000000000000E+000
  3.378000000000000E-002  0.000000000000000E+000
  3.380000000000000E-002  0.000000000000000E+000
  3.382000000000000E-002  0.000000000000000E+000
  3.384000000000000E-002  0.000000000000000E+000
  3.386000000000000E-002  0.000000000000000E+000
  3.388000000000000E-002  0.000000000000000E+000
  3.390000000000000E-002  0.000000000000000E+000
  3.392000000000001E-002  0.000000000000000E+000
  3.394000000000000E-002  0.000000000000000E+000
  3.396000000000000E-002  0.000000000000000E+000
  3.398000000000000E-002  0.000000000000000E+000
  3.400000000000000E-002  0.000000000000000E+000
  3.402000000000000E-002  0.000000000000000E+000
  3.404000000000000E-002  0.000000000000000E+000
  3.406000000000000E-002  0.000000000000000E+000
  3.408000000000001E-002  0.000000000000000E+000
  3.410000000000001E-002  0.000000000000000E+000
  3.412000000000000E-002  0.000000000000000E+000
  3.414000000000000E-002  0.000000000000000E+000
  3.416000000000000E-002  0.000000000000000E+000
  3.418000000000000E-002  0.000000000000000E+000
  3.420000000000000E-002  0.000000000000000E+000
  3.422000000000000E-002  0.000000000000000E+000
  3.424000000000000E-002  0.000000000000000E+000
  3.426000000000001E-002  0.000000000000000E+000
  3.428000000000000E-002  0.000000000000000E+000
  3.430000000000000E-002  0.000000000000000E+000
  3.432000000000000E-002  0.000000000000000E+000
  3.434000000000000E-002  0.000000000000000E+000
  3.436000000000000E-002  0.000000000000000E+000
  3.438000000000000E-002  0.000000000000000E+000
  3.440000000000000E-002  0.000000000000000E+000
  3.442000000000001E-002  0.000000000000000E+000
  3.444000000000001E-002  0.000000000000000E+000
  3.446000000000000E-002  0.000000000000000E+000
  3.448000000000000E-002  0.000000000000000E+000
  3.450000000000000E-002  0.000000000000000E+000
  3.452000000000000E-002  0.000000000000000E+000
  3.454000000000000E-002  0.000000000000000E+000
  3.456000000000000E-002  0.000000000000000E+000
  3.458000000000000E-002  0.000000000000000E+000
  3.460000000000001E-002  0.000000000000000E+000
  3.462000000000000E-002  0.000000000000000E+000
  3.464000000000000E-002  0.000000000000000E+000
  3.466000000000000E-002  0.000000000000000E+000
  3.468000000000000E-002  0.000000000000000E+000
  3.470000000000000E-002  0.000000000000000E+000
  3.472000000000000E-002  0.000000000000000E+000
  3.474000000000000E-002  0.000000000000000E+000
  3.476000000000001E-002  0.000000000000000E+000
  3.478000000000001E-002  0.000000000000000E+000
  3.480000000000000E-002  0.000000000000000E+000
  3.482000000000000E-002  0.000000000000000E+000
  3.484000000000000E-002  0.000000000000000E+000
  3.486000000000000E-002  0.000000000000000E+000
  3.488000000000000E-002  0.000000000000000E+000
  3.490000000000000E-002  0.000000000000000E+000
  3.492000000000000E-002  0.000000000000000E+000
  3.494000000000001E-002  0.000000000000000E+000
  3.496000000000000E-002  0.000000000000000E+000
  3.498000000000000E-002  0.000000000000000E+000
  3.500000000000000E-002  0.000000000000000E+000
  3.502000000000000E-002  0.000000000000000E+000
  3.504000000000000E-002  0.000000000000000E+000
  3.506000000000000E-002  0.000000000000000E+000
  3.508000000000000E-002  0.000000000000000E+000
  3.510000000000001E-002  0.000000000000000E+000
  3.512000000000001E-002  0.000000000000000E+000
  3.514000000000000E-002  0.000000000000000E+000
  3.516000000000000E-002  0.000000000000000E+000
  3.518000000000000E-002  0.000000000000000E+000
  3.520000000000000E-002  0.000000000000000E+000
  3.522000000000000E-002  0.000000000000000E+000
  3.524000000000000E-002  0.000000000000000E+000
  3.526000000000000E-002  0.000000000000000E+000
  3.528000000000001E-002  0.000000000000000E+000
  3.530000000000000E-002  0.000000000000000E+000
  3.532000000000000E-002  0.000000000000000E+000
  3.534000000000000E-002  0.000000000000000E+000
  3.536000000000000E-002  0.000000000000000E+000
  3.538000000000000E-002  0.000000000000000E+000
  3.540000000000000E-002  0.000000000000000E+000
  3.542000000000000E-002  0.000000000000000E+000
  3.544000000000001E-002  0.000000000000000E+000
  3.546000000000001E-002  0.000000000000000E+000
  3.548000000000000E-002  0.000000000000000E+000
  3.550000000000000E-002  0.000000000000000E+000
  3.552000000000000E-002  0.000000000000000E+000
  3.554000000000000E-002  0.000000000000000E+000
  3.556000000000000E-002  0.000000000000000E+000
  3.558000000000000E-002  0.000000000000000E+000
  3.560000000000000E-002  0.000000000000000E+000
  3.562000000000001E-002  0.000000000000000E+000
  3.564000000000001E-002  0.000000000000000E+000
  3.566000000000000E-002  0.000000000000000E+000
  3.568000000000000E-002  0.000000000000000E+000
  3.570000000000000E-002  0.000000000000000E+000
  3.572000000000000E-002  0.000000000000000E+000
  3.574000000000000E-002  0.000000000000000E+000
  3.576000000000000E-002  0.000000000000000E+000
  3.578000000000001E-002  0.000000000000000E+000
  3.580000000000001E-002  0.000000000000000E+000
  3.582000000000000E-002  0.000000000000000E+000
  3.584000000000000E-002  0.000000000000000E+000
  3.586000000000000E-002  0.000000000000000E+000
  3.588000000000000E-002  0.000000000000000E+000
  3.590000000000000E-002  0.000000000000000E+000
  3.592000000000000E-002  0.000000000000000E+000
  3.594000000000000E-002  0.000000000000000E+000
  3.596000000000001E-002  0.000000000000000E+000
  3.598000000000001E-002  0.000000000000000E+000
  3.600000000000000E-002  0.000000000000000E+000
  3.602000000000000E-002  0.000000000000000E+000
  3.604000000000000E-002  0.000000000000000E+000
  3.606000000000000E-002  0.000000000000000E+000
  3.608000000000000E-002  0.000000000000000E+000
  3.610000000000000E-002  0.000000000000000E+000
  3.612000000000001E-002  0.000000000000000E+000
  3.614000000000001E-002  0.000000000000000E+000
  3.616000000000000E-002  0.000000000000000E+000
  3.618000000000000E-002  0.000000000000000E+000
  3.620000000000000E-002  0.000000000000000E+000
  3.622000000000000E-002  0.000000000000000E+000
  3.624000000000000E-002  0.000000000000000E+000
  3.626000000000000E-002  0.000000000000000E+000
  3.628000000000000E-002  0.000000000000000E+000
  3.630000000000001E-002  0.000000000000000E+000
  3.632000000000001E-002  0.000000000000000E+000
  3.634000000000000E-002  0.000000000000000E+000
  3.636000000000000E-002  0.000000000000000E+000
  3.638000000000000E-002  0.000000000000000E+000
  3.640000000000000E-002  0.000000000000000E+000
  3.642000000000000E-002  0.000000000000000E+000
  3.644000000000000E-002  0.000000000000000E+000
  3.646000000000001E-002  0.000000000000000E+000
  3.648000000000001E-002  0.000000000000000E+000
  3.650000000000000E-002  0.000000000000000E+000
  3.652000000000000E-002  0.000000000000000E+000
  3.654000000000000E-002  0.000000000000000E+000
  3.656000000000000E-002  0.000000000000000E+000
  3.658000000000000E-002  0.000000000000000E+000
  3.660000000000000E-002  0.000000000000000E+000
  3.662000000000000E-002  0.000000000000000E+000
  3.664000000000001E-002  0.000000000000000E+000
  3.666000000000001E-002  0.000000000000000E+000
  3.668000000000000E-002  0.000000000000000E+000
  3.670000000000000E-002  0.000000000000000E+000
  3.672000000000000E-002  0.000000000000000E+000
  3.674000000000000E-002  0.000000000000000E+000
  3.676000000000000E-002  0.000000000000000E+000
  3.678000000000000E-002  0.000000000000000E+000
  3.680000000000001E-002  0.000000000000000E+000
  3.682000000000001E-002  0.000000000000000E+000
  3.684000000000000E-002  0.000000000000000E+000
  3.686000000000000E-002  0.000000000000000E+000
  3.688000000000000E-002  0.000000000000000E+000
  3.690000000000000E-002  0.000000000000000E+000
  3.692000000000000E-002  0.000000000000000E+000
  3.694000000000000E-002  0.000000000000000E+000
  3.696000000000000E-002  0.000000000000000E+000
  3.698000000000001E-002  0.000000000000000E+000
  3.700000000000001E-002  0.000000000000000E+000
  3.702000000000000E-002  0.000000000000000E+000
  3.704000000000000E-002  0.000000000000000E+000
  3.706000000000000E-002  0.000000000000000E+000
  3.708000000000000E-002  0.000000000000000E+000
  3.710000000000000E-002  0.000000000000000E+000
  3.712000000000000E-002  0.000000000000000E+000
  3.714000000000001E-002  0.000000000000000E+000
  3.716000000000001E-002  0.000000000000000E+000
  3.718000000000000E-002  0.000000000000000E+000
  3.720000000000000E-002  0.000000000000000E+000
  3.722000000000000E-002  0.000000000000000E+000
  3.724000000000000E-002  0.000000000000000E+000
  3.726000000000000E-002  0.000000000000000E+000
  3.728000000000000E-002  0.000000000000000E+000
  3.730000000000000E-002  0.000000000000000E+000
  3.732000000000001E-002  0.000000000000000E+000
  3.734000000000001E-002  0.000000000000000E+000
  3.736000000000000E-002  0.000000000000000E+000
  3.738000000000000E-002  0.000000000000000E+000
  3.740000000000000E-002  0.000000000000000E+000
  3.742000000000000E-002  0.000000000000000E+000
  3.744000000000000E-002  0.000000000000000E+000
  3.746000000000000E-002  0.000000000000000E+000
  3.748000000000001E-002  0.000000000000000E+000
  3.750000000000001E-002  0.000000000000000E+000
  3.752000000000000E-002  0.000000000000000E+000
  3.754000000000000E-002  0.000000000000000E+000
  3.756000000000000E-002  0.000000000000000E+000
  3.758000000000000E-002  0.000000000000000E+000
  3.760000000000000E-002  0.000000000000000E+000
  3.762000000000000E-002  0.000000000000000E+000
  3.764000000000000E-002  0.000000000000000E+000
  3.766000000000001E-002  0.000000000000000E+000
  3.768000000000001E-002  0.000000000000000E+000
  3.770000000000000E-002  0.000000000000000E+000
  3.772000000000000E-002  0.000000000000000E+000
  3.774000000000000E-002  0.000000000000000E+000
  3.776000000000000E-002  0.000000000000000E+000
  3.778000000000000E-002  0.000000000000000E+000
  3.780000000000000E-002  0.000000000000000E+000
  3.782000000000001E-002  0.000000000000000E+000
  3.784000000000001E-002  0.000000000000000E+000
  3.786000000000000E-002  0.000000000000000E+000
  3.788000000000000E-002  0.000000000000000E+000
  3.790000000000000E-002  0.000000000000000E+000
  3.792000000000000E-002  0.000000000000000E+000
  3.794000000000000E-002  0.000000000000000E+000
  3.796000000000000E-002  0.000000000000000E+000
  3.798000000000000E-002  0.000000000000000E+000
  3.800000000000001E-002  0.000000000000000E+000
  3.802000000000001E-002  0.000000000000000E+000
  3.804000000000000E-002  0.000000000000000E+000
  3.806000000000000E-002  0.000000000000000E+000
  3.808000000000000E-002  0.000000000000000E+000
  3.810000000000000E-002  0.000000000000000E+000
  3.812000000000000E-002  0.000000000000000E+000
  3.814000000000000E-002  0.000000000000000E+000
  3.816000000000001E-002  0.000000000000000E+000
  3.818000000000001E-002  0.000000000000000E+000
  3.820000000000000E-002  0.000000000000000E+000
  3.822000000000000E-002  0.000000000000000E+000
  3.824000000000000E-002  0.000000000000000E+000
  3.826000000000000E-002  0.000000000000000E+000
  3.828000000000000E-002  0.000000000000000E+000
  3.830000000000000E-002  0.000000000000000E+000
  3.832000000000000E-002  0.000000000000000E+000
  3.834000000000001E-002  0.000000000000000E+000
  3.836000000000001E-002  0.000000000000000E+000
  3.838000000000000E-002  0.000000000000000E+000
  3.840000000000000E-002  0.000000000000000E+000
  3.842000000000000E-002  0.000000000000000E+000
  3.844000000000000E-002  0.000000000000000E+000
  3.846000000000000E-002  0.000000000000000E+000
  3.848000000000000E-002  0.000000000000000E+000
  3.850000000000001E-002  0.000000000000000E+000
  3.852000000000001E-002  0.000000000000000E+000
  3.854000000000000E-002  0.000000000000000E+000
  3.856000000000000E-002  0.000000000000000E+000
  3.858000000000000E-002  0.000000000000000E+000
  3.860000000000000E-002  0.000000000000000E+000
  3.862000000000000E-002  0.000000000000000E+000
  3.864000000000000E-002  0.000000000000000E+000
  3.866000000000000E-002  0.000000000000000E+000
  3.868000000000001E-002  0.000000000000000E+000
  3.870000000000001E-002  0.000000000000000E+000
  3.872000000000000E-002  0.000000000000000E+000
  3.874000000000000E-002  0.000000000000000E+000
  3.876000000000000E-002  0.000000000000000E+000
  3.878000000000000E-002  0.000000000000000E+000
  3.880000000000000E-002  0.000000000000000E+000
  3.882000000000000E-002  0.000000000000000E+000
  3.884000000000001E-002  0.000000000000000E+000
  3.886000000000001E-002  0.000000000000000E+000
  3.888000000000000E-002  0.000000000000000E+000
  3.890000000000000E-002  0.000000000000000E+000
  3.892000000000000E-002  0.000000000000000E+000
  3.894000000000000E-002  0.000000000000000E+000
  3.896000000000000E-002  0.000000000000000E+000
  3.898000000000000E-002  0.000000000000000E+000
  3.900000000000000E-002  0.000000000000000E+000
  3.902000000000001E-002  0.000000000000000E+000
  3.904000000000001E-002  0.000000000000000E+000
  3.906000000000000E-002  0.000000000000000E+000
  3.908000000000000E-002  0.000000000000000E+000
  3.910000000000000E-002  0.000000000000000E+000
  3.912000000000000E-002  0.000000000000000E+000
  3.914000000000000E-002  0.000000000000000E+000
  3.916000000000000E-002  0.000000000000000E+000
  3.918000000000001E-002  0.000000000000000E+000
  3.920000000000001E-002  0.000000000000000E+000
  3.922000000000000E-002  0.000000000000000E+000
  3.924000000000000E-002  0.000000000000000E+000
  3.926000000000000E-002  0.000000000000000E+000
  3.928000000000000E-002  0.000000000000000E+000
  3.930000000000000E-002  0.000000000000000E+000
  3.932000000000000E-002  0.000000000000000E+000
  3.934000000000000E-002  0.000000000000000E+000
  3.936000000000001E-002  0.000000000000000E+000
  3.938000000000001E-002  0.000000000000000E+000
  3.940000000000000E-002  0.000000000000000E+000
  3.942000000000000E-002  0.000000000000000E+000
  3.944000000000000E-002  0.000000000000000E+000
  3.946000000000000E-002  0.000000000000000E+000
  3.948000000000000E-002  0.000000000000000E+000
  3.950000000000000E-002  0.000000000000000E+000
  3.952000000000001E-002  0.000000000000000E+000
  3.954000000000001E-002  0.000000000000000E+000
  3.956000000000000E-002  0.000000000000000E+000
  3.958000000000000E-002  0.000000000000000E+000
  3.960000000000000E-002  0.000000000000000E+000
  3.962000000000000E-002  0.000000000000000E+000
  3.964000000000000E-002  0.000000000000000E+000
  3.966000000000000E-002  0.000000000000000E+000
  3.968000000000000E-002  0.000000000000000E+000
  3.970000000000001E-002  0.000000000000000E+000
  3.972000000000001E-002  0.000000000000000E+000
  3.974000000000000E-002  0.000000000000000E+000
  3.976000000000000E-002  0.000000000000000E+000
  3.978000000000000E-002  0.000000000000000E+000
  3.980000000000000E-002  0.000000000000000E+000
  3.982000000000000E-002  0.000000000000000E+000
  3.984000000000000E-002  0.000000000000000E+000
  3.986000000000001E-002  0.000000000000000E+000
  3.988000000000001E-002  0.000000000000000E+000
  3.990000000000000E-002  0.000000000000000E+000
  3.992000000000000E-002  0.000000000000000E+000
  3.994000000000000E-002  0.000000000000000E+000
  3.996000000000000E-002  0.000000000000000E+000
  3.998000000000000E-002  0.000000000000000E+000
  4.000000000000000E-002 -4.742372028103742E-009
