  0.000000000000000E+000   422.215829021488     
  2.000000000000000E-005   422.215829021488     
  4.000000000000000E-005   422.215829021488     
  6.000000000000001E-005   422.215829021488     
  8.000000000000001E-005   422.215829021488     
  1.000000000000000E-004   422.215829021488     
  1.200000000000000E-004   422.215829021488     
  1.400000000000000E-004   422.215829021489     
  1.600000000000000E-004   422.215829021489     
  1.800000000000000E-004   422.215829021489     
  2.000000000000000E-004   422.215829021489     
  2.200000000000000E-004   422.215829021489     
  2.400000000000000E-004   422.215829021489     
  2.600000000000000E-004   422.215829021490     
  2.800000000000000E-004   422.215829021490     
  3.000000000000000E-004   422.215829021490     
  3.200000000000000E-004   422.215829021490     
  3.400000000000000E-004   422.215829021490     
  3.600000000000000E-004   422.215829021490     
  3.800000000000000E-004   422.215829021491     
  4.000000000000000E-004   422.215829021491     
  4.200000000000000E-004   422.215829021491     
  4.400000000000000E-004   422.215829021491     
  4.600000000000000E-004   422.215829021491     
  4.800000000000001E-004   422.215829021492     
  5.000000000000000E-004   422.215829021492     
  5.200000000000001E-004   422.215829021492     
  5.400000000000000E-004   422.215829021492     
  5.600000000000001E-004   422.215829021492     
  5.800000000000000E-004   422.215829021492     
  6.000000000000001E-004   422.215829021492     
  6.200000000000000E-004   422.215829021492     
  6.400000000000001E-004   422.215829021492     
  6.600000000000001E-004   422.215829021493     
  6.800000000000000E-004   422.215829021493     
  7.000000000000001E-004   422.215829021493     
  7.200000000000000E-004   422.215829021493     
  7.400000000000001E-004   422.215829021493     
  7.600000000000000E-004   422.215829021493     
  7.800000000000001E-004   422.215829021493     
  8.000000000000000E-004   422.215829021493     
  8.200000000000001E-004   422.215829021493     
  8.400000000000000E-004   422.215829021493     
  8.600000000000001E-004   422.215829021493     
  8.800000000000000E-004   422.215829021493     
  9.000000000000001E-004   422.215829021492     
  9.200000000000000E-004   422.215829021492     
  9.400000000000001E-004   422.215829021492     
  9.600000000000001E-004   422.215829021492     
  9.800000000000002E-004   422.215829021492     
  1.000000000000000E-003   422.215829021492     
  1.020000000000000E-003   422.215829021492     
  1.040000000000000E-003   422.215829021492     
  1.060000000000000E-003   422.215829021492     
  1.080000000000000E-003   422.215829021491     
  1.100000000000000E-003   422.215829021491     
  1.120000000000000E-003   422.215829021491     
  1.140000000000000E-003   422.215829021492     
  1.160000000000000E-003   422.215829021492     
  1.180000000000000E-003   422.215829021492     
  1.200000000000000E-003   422.215829021492     
  1.220000000000000E-003   422.215829021492     
  1.240000000000000E-003   422.215829021492     
  1.260000000000000E-003   422.215829021492     
  1.280000000000000E-003   422.215829021492     
  1.300000000000000E-003   422.215829021492     
  1.320000000000000E-003   422.215829021493     
  1.340000000000000E-003   422.215829021493     
  1.360000000000000E-003   422.215829021493     
  1.380000000000000E-003   422.215829021493     
  1.400000000000000E-003   422.215829021493     
  1.420000000000000E-003   422.215829021493     
  1.440000000000000E-003   422.215829021493     
  1.460000000000000E-003   422.215829021493     
  1.480000000000000E-003   422.215829021493     
  1.500000000000000E-003   422.215829021492     
  1.520000000000000E-003   422.215829021488     
  1.540000000000000E-003   422.215829021477     
  1.560000000000000E-003   422.215829021445     
  1.580000000000000E-003   422.215829021346     
  1.600000000000000E-003   422.215829021052     
  1.620000000000000E-003   422.215829020190     
  1.640000000000000E-003   422.215829017711     
  1.660000000000000E-003   422.215829010722     
  1.680000000000000E-003   422.215828991410     
  1.700000000000000E-003   422.215828939134     
  1.720000000000000E-003   422.215828800580     
  1.740000000000000E-003   422.215828441223     
  1.760000000000000E-003   422.215827529714     
  1.780000000000000E-003   422.215825270078     
  1.800000000000000E-003   422.215819799301     
  1.820000000000000E-003   422.215806873636     
  1.840000000000000E-003   422.215777096778     
  1.860000000000000E-003   422.215710274953     
  1.880000000000000E-003   422.215564353366     
  1.900000000000000E-003   422.215254624615     
  1.920000000000000E-003   422.214616438268     
  1.940000000000000E-003   422.213341762585     
  1.960000000000000E-003   422.210877667256     
  1.980000000000000E-003   422.206275272788     
  2.000000000000000E-003   422.197984278852     
  2.020000000000000E-003   422.183604053703     
  2.040000000000000E-003   422.159626127754     
  2.060000000000000E-003   422.121208421744     
  2.080000000000000E-003   422.061953694791     
  2.100000000000000E-003   421.989660435057     
  2.120000000000000E-003   421.931326560460     
  2.140000000000000E-003   421.891353204563     
  2.160000000000000E-003   421.868987913663     
  2.180000000000000E-003   421.860371044435     
  2.200000000000000E-003   421.859617166238     
  2.220000000000000E-003   421.869185965399     
  2.240000000000000E-003   421.902282915833     
  2.260000000000000E-003   421.967859173961     
  2.280000000000000E-003   422.036522748903     
  2.300000000000000E-003   422.087663402918     
  2.320000000000000E-003   422.124493812754     
  2.340000000000000E-003   422.150722662985     
  2.360000000000000E-003   422.169470777347     
  2.380000000000000E-003   422.182951810178     
  2.400000000000000E-003   422.192311951397     
  2.420000000000000E-003   422.198305019977     
  2.440000000000000E-003   422.201301735902     
  2.460000000000000E-003   422.202050335224     
  2.480000000000000E-003   422.201689801112     
  2.500000000000000E-003   422.199916769797     
  2.520000000000000E-003   422.196388959343     
  2.540000000000000E-003   422.190857431583     
  2.560000000000000E-003   422.182956383925     
  2.580000000000000E-003   422.172202114493     
  2.600000000000000E-003   422.159113164515     
  2.620000000000000E-003   422.147406300806     
  2.640000000000000E-003   422.138275911017     
  2.660000000000000E-003   422.132016568608     
  2.680000000000000E-003   422.128547694898     
  2.700000000000000E-003   422.127358300054     
  2.720000000000000E-003   422.127644719690     
  2.740000000000000E-003   422.129322991227     
  2.760000000000000E-003   422.132582817595     
  2.780000000000000E-003   422.137336356797     
  2.800000000000000E-003   422.143265628052     
  2.820000000000000E-003   422.149411732572     
  2.840000000000000E-003   422.154959910776     
  2.860000000000000E-003   422.159708595575     
  2.880000000000000E-003   422.163630707352     
  2.900000000000000E-003   422.166863463821     
  2.920000000000000E-003   422.169576216364     
  2.940000000000000E-003   422.171891510790     
  2.960000000000000E-003   422.173883290459     
  2.980000000000000E-003   422.175605715729     
  3.000000000000000E-003   422.177109004154     
  3.020000000000000E-003   422.178433964129     
  3.040000000000000E-003   422.179606963469     
  3.060000000000000E-003   422.180646502298     
  3.080000000000000E-003   422.181572618466     
  3.100000000000000E-003   422.182406995506     
  3.120000000000000E-003   422.183167313829     
  3.140000000000000E-003   422.183864137137     
  3.160000000000000E-003   422.184502569504     
  3.180000000000000E-003   422.185085958538     
  3.200000000000000E-003   422.185621774164     
  3.220000000000000E-003   422.186124396161     
  3.240000000000000E-003   422.186611059599     
  3.260000000000000E-003   422.187098044610     
  3.280000000000000E-003   422.187610685139     
  3.300000000000000E-003   422.188144040225     
  3.320000000000000E-003   422.188612334654     
  3.340000000000000E-003   422.188964203616     
  3.360000000000000E-003   422.189171100506     
  3.380000000000000E-003   422.189208887578     
  3.400000000000000E-003   422.189016266051     
  3.420000000000000E-003   422.188343831376     
  3.440000000000000E-003   422.186813838296     
  3.460000000000000E-003   422.183798681514     
  3.480000000000000E-003   422.178308360125     
  3.500000000000000E-003   422.168853593293     
  3.520000000000000E-003   422.153329217432     
  3.540000000000000E-003   422.128973709914     
  3.560000000000000E-003   422.092448874109     
  3.580000000000000E-003   422.040073642660     
  3.600000000000000E-003   421.968210380671     
  3.620000000000000E-003   421.873759533189     
  3.640000000000000E-003   421.754668653922     
  3.660000000000000E-003   421.610318997009     
  3.680000000000000E-003   421.441652172057     
  3.700000000000000E-003   421.250968087609     
  3.720000000000000E-003   421.041437905113     
  3.740000000000000E-003   420.816471535936     
  3.760000000000000E-003   420.579142816237     
  3.780000000000000E-003   420.330823559077     
  3.800000000000000E-003   420.074569020399     
  3.820000000000000E-003   419.823879973769     
  3.840000000000001E-003   419.583383129788     
  3.860000000000000E-003   419.355307471802     
  3.880000000000000E-003   419.140277246174     
  3.900000000000000E-003   418.937714263498     
  3.920000000000001E-003   418.745565988158     
  3.940000000000000E-003   418.561385015501     
  3.960000000000000E-003   418.382203837127     
  3.980000000000000E-003   418.204863529270     
  4.000000000000000E-003   418.028293880838     
  4.020000000000000E-003   417.849595388334     
  4.040000000000000E-003   417.662783640288     
  4.060000000000000E-003   417.459204867323     
  4.080000000000000E-003   417.232407596234     
  4.100000000000000E-003   416.982860784464     
  4.120000000000000E-003   416.718019525207     
  4.140000000000000E-003   416.450147018415     
  4.160000000000001E-003   416.185360294487     
  4.180000000000001E-003   415.922207378308     
  4.200000000000001E-003   415.660688009530     
  4.220000000000001E-003   415.400963646393     
  4.240000000000001E-003   415.143362991856     
  4.260000000000001E-003   414.888346772825     
  4.280000000000000E-003   414.636211615412     
  4.300000000000000E-003   414.386963635713     
  4.320000000000000E-003   414.140555176592     
  4.340000000000000E-003   413.897065723419     
  4.360000000000000E-003   413.656562814317     
  4.380000000000000E-003   413.418913092006     
  4.400000000000000E-003   413.183836283691     
  4.420000000000000E-003   412.951180682225     
  4.440000000000000E-003   412.721053735269     
  4.460000000000000E-003   412.493620924180     
  4.480000000000000E-003   412.268972865368     
  4.500000000000001E-003   412.047299189650     
  4.520000000000001E-003   411.829027962619     
  4.540000000000001E-003   411.614710706744     
  4.560000000000001E-003   411.404844832754     
  4.580000000000001E-003   411.199845596065     
  4.600000000000001E-003   411.000105339618     
  4.620000000000000E-003   410.806004739841     
  4.640000000000000E-003   410.618088652118     
  4.660000000000000E-003   410.436974832099     
  4.680000000000000E-003   410.263341641484     
  4.700000000000000E-003   410.097868844807     
  4.720000000000000E-003   409.941297519226     
  4.740000000000000E-003   409.794178747732     
  4.760000000000000E-003   409.657382439939     
  4.780000000000000E-003   409.531726945869     
  4.800000000000000E-003   409.418011726257     
  4.820000000000000E-003   409.316249184678     
  4.840000000000001E-003   409.226755549520     
  4.860000000000001E-003   409.149046951341     
  4.880000000000001E-003   409.083994540698     
  4.900000000000001E-003   409.031613988365     
  4.920000000000001E-003   408.993377519537     
  4.940000000000001E-003   408.967350489437     
  4.960000000000000E-003   408.953528284152     
  4.980000000000000E-003   408.953280008931     
  5.000000000000000E-003   408.963075696752     
  5.020000000000000E-003   408.983666846835     
  5.040000000000000E-003   409.005765664071     
  5.060000000000000E-003   409.021929996886     
  5.080000000000000E-003   409.029740668618     
  5.100000000000000E-003   409.032309424821     
  5.120000000000000E-003   409.033230765242     
  5.140000000000000E-003   409.040549819395     
  5.160000000000001E-003   409.060199030418     
  5.180000000000001E-003   409.098114181006     
  5.200000000000001E-003   409.158019942088     
  5.220000000000001E-003   409.234092422614     
  5.240000000000001E-003   409.299608231939     
  5.260000000000001E-003   409.352277784289     
  5.280000000000001E-003   409.397830592940     
  5.300000000000000E-003   409.440732826209     
  5.320000000000000E-003   409.488288727896     
  5.340000000000000E-003   409.539028007438     
  5.360000000000000E-003   409.576645160624     
  5.380000000000000E-003   409.597811361121     
  5.400000000000000E-003   409.605903191975     
  5.420000000000000E-003   409.605848866026     
  5.440000000000000E-003   409.603767392083     
  5.460000000000000E-003   409.607030675189     
  5.480000000000000E-003   409.622289845163     
  5.500000000000001E-003   409.658702440429     
  5.520000000000001E-003   409.720141414547     
  5.540000000000001E-003   409.805051395385     
  5.560000000000001E-003   409.897723642378     
  5.580000000000001E-003   409.981983486461     
  5.600000000000001E-003   410.062264118100     
  5.620000000000001E-003   410.141082706459     
  5.640000000000000E-003   410.221412858394     
  5.660000000000000E-003   410.307158099840     
  5.680000000000000E-003   410.400521867913     
  5.700000000000000E-003   410.499675931201     
  5.720000000000000E-003   410.597951952712     
  5.740000000000000E-003   410.693565860574     
  5.760000000000000E-003   410.786536532219     
  5.780000000000000E-003   410.877792909688     
  5.800000000000000E-003   410.969726403070     
  5.820000000000001E-003   411.066454724547     
  5.840000000000001E-003   411.168330030522     
  5.860000000000001E-003   411.265298716717     
  5.880000000000001E-003   411.357678692325     
  5.900000000000001E-003   411.447752416018     
  5.920000000000001E-003   411.539422985064     
  5.940000000000001E-003   411.640734263506     
  5.960000000000001E-003   411.760974186203     
  5.980000000000000E-003   411.887081723528     
  6.000000000000000E-003   411.997337716104     
  6.020000000000000E-003   412.098269085520     
  6.040000000000000E-003   412.186006446038     
  6.060000000000000E-003   412.266661548086     
  6.080000000000000E-003   412.350916549251     
  6.100000000000000E-003   412.440852930618     
  6.120000000000000E-003   412.542803253702     
  6.140000000000000E-003   412.659212973099     
  6.160000000000001E-003   412.786642939324     
  6.180000000000001E-003   412.921548965243     
  6.200000000000001E-003   413.067532907500     
  6.220000000000001E-003   413.235953121028     
  6.240000000000001E-003   413.441351458351     
  6.260000000000001E-003   413.699914659800     
  6.280000000000001E-003   414.024951714977     
  6.300000000000001E-003   414.425076180354     
  6.320000000000000E-003   414.941573409458     
  6.340000000000000E-003   415.688107262470     
  6.360000000000000E-003   416.898534067680     
  6.380000000000000E-003   418.181300590219     
  6.400000000000000E-003   419.017619582196     
  6.420000000000000E-003   419.544057972665     
  6.440000000000000E-003   419.791997555618     
  6.460000000000000E-003   419.903128095443     
  6.480000000000001E-003   419.882743397482     
  6.500000000000001E-003   419.767470659688     
  6.520000000000001E-003   419.607869531138     
  6.540000000000001E-003   419.434507559215     
  6.560000000000001E-003   419.241791481823     
  6.580000000000001E-003   419.057647947071     
  6.600000000000001E-003   418.806709758609     
  6.620000000000001E-003   418.636899044693     
  6.640000000000001E-003   418.419205191286     
  6.660000000000000E-003   418.190527674956     
  6.680000000000000E-003   417.963792207696     
  6.700000000000000E-003   417.793272968445     
  6.720000000000000E-003   417.656484233914     
  6.740000000000000E-003   417.537950868694     
  6.760000000000000E-003   417.433101431500     
  6.780000000000000E-003   417.332103200852     
  6.800000000000000E-003   417.230069605768     
  6.820000000000001E-003   417.123537401480     
  6.840000000000001E-003   417.009535087398     
  6.860000000000001E-003   416.891410871803     
  6.880000000000001E-003   416.776796228165     
  6.900000000000001E-003   416.666552227752     
  6.920000000000001E-003   416.560611846059     
  6.940000000000001E-003   416.462095421118     
  6.960000000000001E-003   416.375402924267     
  6.980000000000001E-003   416.313049991129     
  7.000000000000000E-003   416.304220517293     
  7.020000000000000E-003   416.398589724803     
  7.040000000000000E-003   416.407599922642     
  7.060000000000000E-003   416.068174336846     
  7.080000000000000E-003   415.439972842454     
  7.100000000000000E-003   414.666302808074     
  7.120000000000000E-003   413.769123504428     
  7.140000000000001E-003   412.763661052566     
  7.160000000000001E-003   411.879921843414     
  7.180000000000001E-003   411.125172637506     
  7.200000000000001E-003   410.800597182415     
  7.220000000000001E-003   411.436706682466     
  7.240000000000001E-003   413.841383640348     
  7.260000000000001E-003   419.220160867308     
  7.280000000000001E-003   429.437869197757     
  7.300000000000001E-003   447.248888922561     
  7.320000000000001E-003   477.411297259934     
  7.340000000000000E-003   528.927292310993     
  7.360000000000000E-003   622.026530875276     
  7.380000000000000E-003   765.266095942396     
  7.400000000000000E-003   923.996022465024     
  7.420000000000000E-003   1062.19460703809     
  7.440000000000000E-003   1153.48936843330     
  7.460000000000000E-003   1201.35485517496     
  7.480000000000001E-003   1223.15881462909     
  7.500000000000001E-003   1232.72551362701     
  7.520000000000001E-003   1237.16275597321     
  7.540000000000001E-003   1239.44649736984     
  7.560000000000001E-003   1240.71467383616     
  7.580000000000001E-003   1241.45568909880     
  7.600000000000001E-003   1241.89335554851     
  7.620000000000001E-003   1242.13537010329     
  7.640000000000001E-003   1242.24348743301     
  7.660000000000001E-003   1242.26557172606     
  7.680000000000001E-003   1242.23253727639     
  7.700000000000000E-003   1242.16083020822     
  7.720000000000000E-003   1242.06455434984     
  7.740000000000000E-003   1241.95377138493     
  7.760000000000000E-003   1241.84116450832     
  7.780000000000000E-003   1241.73298113418     
  7.800000000000001E-003   1241.60060102505     
  7.820000000000001E-003   1241.48253642699     
  7.840000000000001E-003   1241.38961708311     
  7.860000000000001E-003   1241.31322101132     
  7.880000000000000E-003   1241.24817089167     
  7.900000000000001E-003   1241.19261404084     
  7.920000000000000E-003   1241.14579385448     
  7.940000000000001E-003   1241.10665574417     
  7.960000000000000E-003   1241.07426577132     
  7.980000000000001E-003   1241.04703056668     
  8.000000000000000E-003   1241.02210931667     
  8.020000000000001E-003   1240.99864949833     
  8.040000000000000E-003   1240.97825428285     
  8.060000000000001E-003   1240.96189359376     
  8.080000000000000E-003   1240.95009593633     
  8.100000000000001E-003   1240.94247922762     
  8.120000000000000E-003   1240.93784491856     
  8.140000000000001E-003   1240.93504267132     
  8.160000000000001E-003   1240.93313132552     
  8.180000000000002E-003   1240.93170605099     
  8.200000000000001E-003   1240.93104665444     
  8.220000000000000E-003   1240.93180075696     
  8.240000000000001E-003   1240.93466189186     
  8.260000000000000E-003   1240.93970810368     
  8.280000000000001E-003   1240.94624754019     
  8.300000000000000E-003   1240.95283642961     
  8.320000000000001E-003   1240.95908745213     
  8.340000000000000E-003   1240.96784097202     
  8.360000000000001E-003   1240.97902019743     
  8.380000000000000E-003   1240.99077851308     
  8.400000000000001E-003   1241.00280930387     
  8.420000000000000E-003   1241.01466956996     
  8.440000000000001E-003   1241.02689253328     
  8.460000000000001E-003   1241.03812024726     
  8.480000000000001E-003   1241.03591968200     
  8.500000000000001E-003   1241.00995343065     
  8.520000000000002E-003   1240.94227400194     
  8.540000000000001E-003   1240.81690706845     
  8.560000000000000E-003   1240.54056387983     
  8.580000000000001E-003   1240.03221185439     
  8.600000000000000E-003   1239.01501526170     
  8.620000000000001E-003   1236.92435637472     
  8.640000000000000E-003   1232.59960148141     
  8.660000000000001E-003   1223.66934964997     
  8.680000000000000E-003   1205.58121523743     
  8.700000000000001E-003   1170.74406267648     
  8.720000000000000E-003   1109.70472062321     
  8.740000000000001E-003   1016.86618736493     
  8.760000000000000E-003   898.307063784142     
  8.780000000000001E-003   771.157675323507     
  8.800000000000001E-003   652.961763011426     
  8.820000000000001E-003   553.590761938621     
  8.840000000000001E-003   484.884254818791     
  8.860000000000002E-003   448.705042377593     
  8.880000000000001E-003   428.703324935044     
  8.900000000000000E-003   417.330082393408     
  8.920000000000001E-003   410.796327910822     
  8.940000000000000E-003   407.040301708206     
  8.960000000000001E-003   404.928538644983     
  8.980000000000000E-003   403.777300028383     
  9.000000000000001E-003   403.160356564040     
  9.020000000000000E-003   402.799812271422     
  9.040000000000001E-003   402.532035844216     
  9.060000000000000E-003   402.349809599778     
  9.080000000000001E-003   402.276942730593     
  9.100000000000000E-003   402.279226375871     
  9.120000000000001E-003   402.254141190230     
  9.140000000000001E-003   402.163059802213     
  9.160000000000001E-003   402.038952282819     
  9.180000000000001E-003   401.905415180790     
  9.200000000000002E-003   401.774839502427     
  9.220000000000001E-003   401.647939398017     
  9.240000000000000E-003   401.526702972182     
  9.260000000000001E-003   401.407665441249     
  9.280000000000000E-003   401.279591867009     
  9.300000000000001E-003   401.129425903192     
  9.320000000000000E-003   400.947235477588     
  9.340000000000001E-003   400.726642100527     
  9.360000000000000E-003   400.464008861246     
  9.380000000000001E-003   400.159906028306     
  9.400000000000000E-003   399.855207845737     
  9.420000000000001E-003   399.601267185667     
  9.440000000000000E-003   399.389787466340     
  9.460000000000001E-003   399.211830104052     
  9.480000000000001E-003   399.061821912997     
  9.500000000000001E-003   398.936234401701     
  9.520000000000001E-003   398.831960170857     
  9.540000000000002E-003   398.745283299884     
  9.560000000000001E-003   398.671140730924     
  9.580000000000000E-003   398.603921764529     
  9.600000000000001E-003   398.539296452928     
  9.620000000000000E-003   398.474790361213     
  9.640000000000001E-003   398.407837001907     
  9.660000000000000E-003   398.333489057279     
  9.680000000000001E-003   398.242996734673     
  9.700000000000000E-003   398.123431192630     
  9.720000000000001E-003   397.957243863020     
  9.740000000000000E-003   397.720398099118     
  9.760000000000001E-003   397.383280096953     
  9.780000000000000E-003   396.913591576420     
  9.800000000000001E-003   396.285475578919     
  9.820000000000001E-003   395.490111118028     
  9.840000000000002E-003   394.655301107771     
  9.860000000000001E-003   394.014797229555     
  9.880000000000002E-003   393.560724438041     
  9.900000000000001E-003   393.257091217106     
  9.920000000000000E-003   393.072836203786     
  9.940000000000001E-003   392.979061140058     
  9.960000000000000E-003   392.948424130657     
  9.980000000000001E-003   392.953669132875     
  1.000000000000000E-002   392.970027036789     
  1.002000000000000E-002   392.979621000043     
  1.004000000000000E-002   392.967089387648     
  1.006000000000000E-002   392.895668480508     
  1.008000000000000E-002   392.682677439528     
  1.010000000000000E-002   392.008202993340     
  1.012000000000000E-002   389.782531361162     
  1.014000000000000E-002   382.578364398145     
  1.016000000000000E-002   364.924675670926     
  1.018000000000000E-002   351.050004414561     
  1.020000000000000E-002   347.710662397819     
  1.022000000000000E-002   347.091258308561     
  1.024000000000000E-002   346.980090305648     
  1.026000000000000E-002   346.960183193692     
  1.028000000000000E-002   346.956601428620     
  1.030000000000000E-002   346.955952349231     
  1.032000000000000E-002   346.955833734905     
  1.034000000000000E-002   346.955811860340     
  1.036000000000000E-002   346.955807787866     
  1.038000000000000E-002   346.955807022501     
  1.040000000000000E-002   346.955806877365     
  1.042000000000000E-002   346.955806849618     
  1.044000000000000E-002   346.955806844274     
  1.046000000000000E-002   346.955806843239     
  1.048000000000000E-002   346.955806843038     
  1.050000000000000E-002   346.955806842999     
  1.052000000000000E-002   346.955806842991     
  1.054000000000000E-002   346.955806842989     
  1.056000000000000E-002   346.955806842989     
  1.058000000000000E-002   346.955806842989     
  1.060000000000000E-002   346.955806842989     
  1.062000000000000E-002   346.955806842989     
  1.064000000000000E-002   346.955806842989     
  1.066000000000000E-002   346.955806842989     
  1.068000000000000E-002   346.955806842989     
  1.070000000000000E-002   346.955806842989     
  1.072000000000000E-002   346.955806842989     
  1.074000000000000E-002   346.955806842989     
  1.076000000000000E-002   346.955806842989     
  1.078000000000000E-002   346.955806842989     
  1.080000000000000E-002   346.955806842989     
  1.082000000000000E-002   346.955806842989     
  1.084000000000000E-002   346.955806842989     
  1.086000000000000E-002   346.955806842989     
  1.088000000000000E-002   346.955806842989     
  1.090000000000000E-002   346.955806842989     
  1.092000000000000E-002   346.955806842989     
  1.094000000000000E-002   346.955806842989     
  1.096000000000000E-002   346.955806842989     
  1.098000000000000E-002   346.955806842989     
  1.100000000000000E-002   346.955806842989     
  1.102000000000000E-002   346.955806842989     
  1.104000000000000E-002   346.955806842989     
  1.106000000000000E-002   346.955806842989     
  1.108000000000000E-002   346.955806842989     
  1.110000000000000E-002   346.955806842989     
  1.112000000000000E-002   346.955806842989     
  1.114000000000000E-002   346.955806842989     
  1.116000000000000E-002   346.955806842989     
  1.118000000000000E-002   346.955806842989     
  1.120000000000000E-002   346.955806842989     
  1.122000000000000E-002   346.955806842989     
  1.124000000000000E-002   346.955806842989     
  1.126000000000000E-002   346.955806842989     
  1.128000000000000E-002   346.955806842989     
  1.130000000000000E-002   346.955806842989     
  1.132000000000000E-002   346.955806842989     
  1.134000000000000E-002   346.955806842989     
  1.136000000000000E-002   346.955806842989     
  1.138000000000000E-002   346.955806842989     
  1.140000000000000E-002   346.955806842989     
  1.142000000000000E-002   346.955806842989     
  1.144000000000000E-002   346.955806842989     
  1.146000000000000E-002   346.955806842989     
  1.148000000000000E-002   346.955806842989     
  1.150000000000000E-002   346.955806842989     
  1.152000000000000E-002   346.955806842989     
  1.154000000000000E-002   346.955806842989     
  1.156000000000000E-002   346.955806842989     
  1.158000000000000E-002   346.955806842989     
  1.160000000000000E-002   346.955806842989     
  1.162000000000000E-002   346.955806842989     
  1.164000000000000E-002   346.955806842989     
  1.166000000000000E-002   346.955806842989     
  1.168000000000000E-002   346.955806842989     
  1.170000000000000E-002   346.955806842989     
  1.172000000000000E-002   346.955806842989     
  1.174000000000000E-002   346.955806842989     
  1.176000000000000E-002   346.955806842989     
  1.178000000000000E-002   346.955806842989     
  1.180000000000000E-002   346.955806842989     
  1.182000000000000E-002   346.955806842989     
  1.184000000000000E-002   346.955806842989     
  1.186000000000000E-002   346.955806842989     
  1.188000000000000E-002   346.955806842989     
  1.190000000000000E-002   346.955806842989     
  1.192000000000000E-002   346.955806842989     
  1.194000000000000E-002   346.955806842989     
  1.196000000000000E-002   346.955806842989     
  1.198000000000000E-002   346.955806842989     
  1.200000000000000E-002   346.955806842989     
  1.202000000000000E-002   346.955806842989     
  1.204000000000000E-002   346.955806842989     
  1.206000000000000E-002   346.955806842989     
  1.208000000000000E-002   346.955806842989     
  1.210000000000000E-002   346.955806842989     
  1.212000000000000E-002   346.955806842989     
  1.214000000000000E-002   346.955806842989     
  1.216000000000000E-002   346.955806842989     
  1.218000000000000E-002   346.955806842989     
  1.220000000000000E-002   346.955806842989     
  1.222000000000000E-002   346.955806842989     
  1.224000000000000E-002   346.955806842989     
  1.226000000000000E-002   346.955806842989     
  1.228000000000000E-002   346.955806842989     
  1.230000000000000E-002   346.955806842989     
  1.232000000000000E-002   346.955806842989     
  1.234000000000000E-002   346.955806842989     
  1.236000000000000E-002   346.955806842989     
  1.238000000000000E-002   346.955806842989     
  1.240000000000000E-002   346.955806842989     
  1.242000000000000E-002   346.955806842989     
  1.244000000000000E-002   346.955806842989     
  1.246000000000000E-002   346.955806842989     
  1.248000000000000E-002   346.955806842989     
  1.250000000000000E-002   346.955806842989     
  1.252000000000000E-002   346.955806842989     
  1.254000000000000E-002   346.955806842989     
  1.256000000000000E-002   346.955806842989     
  1.258000000000000E-002   346.955806842989     
  1.260000000000000E-002   346.955806842989     
  1.262000000000000E-002   346.955806842989     
  1.264000000000000E-002   346.955806842989     
  1.266000000000000E-002   346.955806842989     
  1.268000000000000E-002   346.955806842989     
  1.270000000000000E-002   346.955806842989     
  1.272000000000000E-002   346.955806842989     
  1.274000000000000E-002   346.955806842989     
  1.276000000000000E-002   346.955806842989     
  1.278000000000000E-002   346.955806842989     
  1.280000000000000E-002   346.955806842989     
  1.282000000000000E-002   346.955806842989     
  1.284000000000000E-002   346.955806842989     
  1.286000000000000E-002   346.955806842989     
  1.288000000000000E-002   346.955806842989     
  1.290000000000000E-002   346.955806842989     
  1.292000000000000E-002   346.955806842989     
  1.294000000000000E-002   346.955806842989     
  1.296000000000000E-002   346.955806842989     
  1.298000000000000E-002   346.955806842989     
  1.300000000000000E-002   346.955806842989     
  1.302000000000000E-002   346.955806842989     
  1.304000000000000E-002   346.955806842989     
  1.306000000000000E-002   346.955806842989     
  1.308000000000000E-002   346.955806842989     
  1.310000000000000E-002   346.955806842989     
  1.312000000000000E-002   346.955806842989     
  1.314000000000000E-002   346.955806842989     
  1.316000000000000E-002   346.955806842989     
  1.318000000000000E-002   346.955806842989     
  1.320000000000000E-002   346.955806842989     
  1.322000000000000E-002   346.955806842989     
  1.324000000000000E-002   346.955806842989     
  1.326000000000000E-002   346.955806842989     
  1.328000000000000E-002   346.955806842989     
  1.330000000000000E-002   346.955806842989     
  1.332000000000000E-002   346.955806842989     
  1.334000000000000E-002   346.955806842989     
  1.336000000000000E-002   346.955806842989     
  1.338000000000000E-002   346.955806842989     
  1.340000000000000E-002   346.955806842989     
  1.342000000000000E-002   346.955806842989     
  1.344000000000000E-002   346.955806842989     
  1.346000000000000E-002   346.955806842989     
  1.348000000000000E-002   346.955806842989     
  1.350000000000000E-002   346.955806842989     
  1.352000000000000E-002   346.955806842989     
  1.354000000000000E-002   346.955806842989     
  1.356000000000000E-002   346.955806842989     
  1.358000000000000E-002   346.955806842989     
  1.360000000000000E-002   346.955806842989     
  1.362000000000000E-002   346.955806842989     
  1.364000000000000E-002   346.955806842989     
  1.366000000000000E-002   346.955806842989     
  1.368000000000000E-002   346.955806842989     
  1.370000000000000E-002   346.955806842989     
  1.372000000000000E-002   346.955806842989     
  1.374000000000000E-002   346.955806842989     
  1.376000000000000E-002   346.955806842989     
  1.378000000000000E-002   346.955806842989     
  1.380000000000000E-002   346.955806842989     
  1.382000000000000E-002   346.955806842989     
  1.384000000000000E-002   346.955806842989     
  1.386000000000000E-002   346.955806842989     
  1.388000000000000E-002   346.955806842989     
  1.390000000000000E-002   346.955806842989     
  1.392000000000000E-002   346.955806842989     
  1.394000000000000E-002   346.955806842989     
  1.396000000000000E-002   346.955806842989     
  1.398000000000000E-002   346.955806842989     
  1.400000000000000E-002   346.955806842989     
  1.402000000000000E-002   346.955806842989     
  1.404000000000000E-002   346.955806842989     
  1.406000000000000E-002   346.955806842989     
  1.408000000000000E-002   346.955806842989     
  1.410000000000000E-002   346.955806842989     
  1.412000000000000E-002   346.955806842989     
  1.414000000000000E-002   346.955806842989     
  1.416000000000000E-002   346.955806842989     
  1.418000000000000E-002   346.955806842989     
  1.420000000000000E-002   346.955806842989     
  1.422000000000000E-002   346.955806842989     
  1.424000000000000E-002   346.955806842989     
  1.426000000000000E-002   346.955806842989     
  1.428000000000000E-002   346.955806842989     
  1.430000000000000E-002   346.955806842989     
  1.432000000000000E-002   346.955806842989     
  1.434000000000000E-002   346.955806842989     
  1.436000000000000E-002   346.955806842989     
  1.438000000000000E-002   346.955806842989     
  1.440000000000000E-002   346.955806842989     
  1.442000000000000E-002   346.955806842989     
  1.444000000000000E-002   346.955806842989     
  1.446000000000000E-002   346.955806842989     
  1.448000000000000E-002   346.955806842989     
  1.450000000000000E-002   346.955806842989     
  1.452000000000000E-002   346.955806842989     
  1.454000000000000E-002   346.955806842989     
  1.456000000000000E-002   346.955806842989     
  1.458000000000000E-002   346.955806842989     
  1.460000000000000E-002   346.955806842989     
  1.462000000000000E-002   346.955806842989     
  1.464000000000000E-002   346.955806842989     
  1.466000000000000E-002   346.955806842989     
  1.468000000000000E-002   346.955806842989     
  1.470000000000000E-002   346.955806842989     
  1.472000000000000E-002   346.955806842989     
  1.474000000000000E-002   346.955806842989     
  1.476000000000000E-002   346.955806842989     
  1.478000000000000E-002   346.955806842989     
  1.480000000000000E-002   346.955806842989     
  1.482000000000000E-002   346.955806842989     
  1.484000000000000E-002   346.955806842989     
  1.486000000000000E-002   346.955806842989     
  1.488000000000000E-002   346.955806842989     
  1.490000000000000E-002   346.955806842989     
  1.492000000000000E-002   346.955806842989     
  1.494000000000000E-002   346.955806842989     
  1.496000000000000E-002   346.955806842989     
  1.498000000000000E-002   346.955806842989     
  1.500000000000000E-002   346.955806842989     
  1.502000000000000E-002   346.955806842989     
  1.504000000000000E-002   346.955806842989     
  1.506000000000000E-002   346.955806842989     
  1.508000000000000E-002   346.955806842989     
  1.510000000000000E-002   346.955806842989     
  1.512000000000000E-002   346.955806842989     
  1.514000000000000E-002   346.955806842989     
  1.516000000000000E-002   346.955806842989     
  1.518000000000000E-002   346.955806842989     
  1.520000000000000E-002   346.955806842989     
  1.522000000000000E-002   346.955806842989     
  1.524000000000000E-002   346.955806842989     
  1.526000000000000E-002   346.955806842989     
  1.528000000000000E-002   346.955806842989     
  1.530000000000000E-002   346.955806842989     
  1.532000000000000E-002   346.955806842989     
  1.534000000000000E-002   346.955806842989     
  1.536000000000000E-002   346.955806842989     
  1.538000000000000E-002   346.955806842989     
  1.540000000000000E-002   346.955806842989     
  1.542000000000000E-002   346.955806842989     
  1.544000000000000E-002   346.955806842989     
  1.546000000000000E-002   346.955806842989     
  1.548000000000000E-002   346.955806842989     
  1.550000000000000E-002   346.955806842989     
  1.552000000000000E-002   346.955806842989     
  1.554000000000000E-002   346.955806842989     
  1.556000000000000E-002   346.955806842989     
  1.558000000000000E-002   346.955806842989     
  1.560000000000000E-002   346.955806842989     
  1.562000000000000E-002   346.955806842989     
  1.564000000000000E-002   346.955806842989     
  1.566000000000000E-002   346.955806842989     
  1.568000000000000E-002   346.955806842989     
  1.570000000000000E-002   346.955806842989     
  1.572000000000000E-002   346.955806842989     
  1.574000000000000E-002   346.955806842989     
  1.576000000000000E-002   346.955806842989     
  1.578000000000000E-002   346.955806842989     
  1.580000000000000E-002   346.955806842989     
  1.582000000000000E-002   346.955806842989     
  1.584000000000000E-002   346.955806842989     
  1.586000000000000E-002   346.955806842989     
  1.588000000000000E-002   346.955806842989     
  1.590000000000000E-002   346.955806842989     
  1.592000000000000E-002   346.955806842989     
  1.594000000000000E-002   346.955806842989     
  1.596000000000000E-002   346.955806842989     
  1.598000000000000E-002   346.955806842989     
  1.600000000000000E-002   346.955806842989     
  1.602000000000000E-002   346.955806842989     
  1.604000000000000E-002   346.955806842989     
  1.606000000000000E-002   346.955806842989     
  1.608000000000000E-002   346.955806842989     
  1.610000000000000E-002   346.955806842989     
  1.612000000000000E-002   346.955806842989     
  1.614000000000000E-002   346.955806842989     
  1.616000000000000E-002   346.955806842989     
  1.618000000000000E-002   346.955806842989     
  1.620000000000000E-002   346.955806842989     
  1.622000000000000E-002   346.955806842989     
  1.624000000000000E-002   346.955806842989     
  1.626000000000000E-002   346.955806842989     
  1.628000000000000E-002   346.955806842989     
  1.630000000000000E-002   346.955806842989     
  1.632000000000000E-002   346.955806842989     
  1.634000000000000E-002   346.955806842989     
  1.636000000000000E-002   346.955806842989     
  1.638000000000000E-002   346.955806842989     
  1.640000000000000E-002   346.955806842989     
  1.642000000000000E-002   346.955806842989     
  1.644000000000000E-002   346.955806842989     
  1.646000000000000E-002   346.955806842989     
  1.648000000000000E-002   346.955806842989     
  1.650000000000000E-002   346.955806842989     
  1.652000000000000E-002   346.955806842989     
  1.654000000000000E-002   346.955806842989     
  1.656000000000000E-002   346.955806842989     
  1.658000000000000E-002   346.955806842989     
  1.660000000000000E-002   346.955806842989     
  1.662000000000000E-002   346.955806842989     
  1.664000000000000E-002   346.955806842989     
  1.666000000000000E-002   346.955806842989     
  1.668000000000000E-002   346.955806842989     
  1.670000000000000E-002   346.955806842989     
  1.672000000000000E-002   346.955806842989     
  1.674000000000000E-002   346.955806842989     
  1.676000000000000E-002   346.955806842989     
  1.678000000000000E-002   346.955806842989     
  1.680000000000000E-002   346.955806842989     
  1.682000000000000E-002   346.955806842989     
  1.684000000000000E-002   346.955806842989     
  1.686000000000000E-002   346.955806842989     
  1.688000000000000E-002   346.955806842989     
  1.690000000000000E-002   346.955806842989     
  1.692000000000000E-002   346.955806842989     
  1.694000000000000E-002   346.955806842989     
  1.696000000000000E-002   346.955806842989     
  1.698000000000000E-002   346.955806842989     
  1.700000000000000E-002   346.955806842989     
  1.702000000000000E-002   346.955806842989     
  1.704000000000000E-002   346.955806842989     
  1.706000000000000E-002   346.955806842989     
  1.708000000000000E-002   346.955806842989     
  1.710000000000000E-002   346.955806842989     
  1.712000000000000E-002   346.955806842989     
  1.714000000000000E-002   346.955806842989     
  1.716000000000000E-002   346.955806842989     
  1.718000000000000E-002   346.955806842989     
  1.720000000000000E-002   346.955806842989     
  1.722000000000000E-002   346.955806842989     
  1.724000000000000E-002   346.955806842989     
  1.726000000000000E-002   346.955806842989     
  1.728000000000000E-002   346.955806842989     
  1.730000000000000E-002   346.955806842989     
  1.732000000000000E-002   346.955806842989     
  1.734000000000000E-002   346.955806842989     
  1.736000000000000E-002   346.955806842989     
  1.738000000000000E-002   346.955806842989     
  1.740000000000000E-002   346.955806842989     
  1.742000000000000E-002   346.955806842989     
  1.744000000000000E-002   346.955806842989     
  1.746000000000000E-002   346.955806842989     
  1.748000000000000E-002   346.955806842989     
  1.750000000000000E-002   346.955806842989     
  1.752000000000000E-002   346.955806842989     
  1.754000000000000E-002   346.955806842989     
  1.756000000000000E-002   346.955806842989     
  1.758000000000000E-002   346.955806842989     
  1.760000000000000E-002   346.955806842989     
  1.762000000000000E-002   346.955806842989     
  1.764000000000000E-002   346.955806842989     
  1.766000000000000E-002   346.955806842989     
  1.768000000000000E-002   346.955806842989     
  1.770000000000000E-002   346.955806842989     
  1.772000000000000E-002   346.955806842989     
  1.774000000000000E-002   346.955806842989     
  1.776000000000000E-002   346.955806842989     
  1.778000000000000E-002   346.955806842989     
  1.780000000000000E-002   346.955806842989     
  1.782000000000000E-002   346.955806842989     
  1.784000000000000E-002   346.955806842989     
  1.786000000000000E-002   346.955806842989     
  1.788000000000000E-002   346.955806842989     
  1.790000000000000E-002   346.955806842989     
  1.792000000000000E-002   346.955806842989     
  1.794000000000000E-002   346.955806842989     
  1.796000000000000E-002   346.955806842989     
  1.798000000000000E-002   346.955806842989     
  1.800000000000000E-002   346.955806842989     
  1.802000000000000E-002   346.955806842989     
  1.804000000000000E-002   346.955806842989     
  1.806000000000000E-002   346.955806842989     
  1.808000000000000E-002   346.955806842989     
  1.810000000000000E-002   346.955806842989     
  1.812000000000000E-002   346.955806842989     
  1.814000000000000E-002   346.955806842989     
  1.816000000000000E-002   346.955806842989     
  1.818000000000000E-002   346.955806842989     
  1.820000000000000E-002   346.955806842989     
  1.822000000000000E-002   346.955806842989     
  1.824000000000000E-002   346.955806842989     
  1.826000000000000E-002   346.955806842989     
  1.828000000000000E-002   346.955806842989     
  1.830000000000000E-002   346.955806842989     
  1.832000000000000E-002   346.955806842989     
  1.834000000000000E-002   346.955806842989     
  1.836000000000000E-002   346.955806842989     
  1.838000000000000E-002   346.955806842989     
  1.840000000000000E-002   346.955806842989     
  1.842000000000000E-002   346.955806842989     
  1.844000000000000E-002   346.955806842989     
  1.846000000000000E-002   346.955806842989     
  1.848000000000000E-002   346.955806842989     
  1.850000000000000E-002   346.955806842989     
  1.852000000000000E-002   346.955806842989     
  1.854000000000000E-002   346.955806842989     
  1.856000000000000E-002   346.955806842989     
  1.858000000000000E-002   346.955806842989     
  1.860000000000000E-002   346.955806842989     
  1.862000000000000E-002   346.955806842989     
  1.864000000000000E-002   346.955806842989     
  1.866000000000000E-002   346.955806842989     
  1.868000000000000E-002   346.955806842989     
  1.870000000000000E-002   346.955806842989     
  1.872000000000000E-002   346.955806842989     
  1.874000000000000E-002   346.955806842989     
  1.876000000000000E-002   346.955806842989     
  1.878000000000000E-002   346.955806842989     
  1.880000000000000E-002   346.955806842989     
  1.882000000000000E-002   346.955806842989     
  1.884000000000000E-002   346.955806842989     
  1.886000000000000E-002   346.955806842989     
  1.888000000000000E-002   346.955806842989     
  1.890000000000000E-002   346.955806842989     
  1.892000000000000E-002   346.955806842989     
  1.894000000000000E-002   346.955806842989     
  1.896000000000000E-002   346.955806842989     
  1.898000000000000E-002   346.955806842989     
  1.900000000000000E-002   346.955806842989     
  1.902000000000000E-002   346.955806842989     
  1.904000000000000E-002   346.955806842989     
  1.906000000000000E-002   346.955806842989     
  1.908000000000000E-002   346.955806842989     
  1.910000000000000E-002   346.955806842989     
  1.912000000000000E-002   346.955806842989     
  1.914000000000000E-002   346.955806842989     
  1.916000000000000E-002   346.955806842989     
  1.918000000000000E-002   346.955806842989     
  1.920000000000000E-002   346.955806842989     
  1.922000000000000E-002   346.955806842989     
  1.924000000000000E-002   346.955806842989     
  1.926000000000000E-002   346.955806842989     
  1.928000000000000E-002   346.955806842989     
  1.930000000000000E-002   346.955806842989     
  1.932000000000000E-002   346.955806842989     
  1.934000000000000E-002   346.955806842989     
  1.936000000000000E-002   346.955806842989     
  1.938000000000000E-002   346.955806842989     
  1.940000000000000E-002   346.955806842989     
  1.942000000000000E-002   346.955806842989     
  1.944000000000000E-002   346.955806842989     
  1.946000000000000E-002   346.955806842989     
  1.948000000000000E-002   346.955806842989     
  1.950000000000000E-002   346.955806842989     
  1.952000000000000E-002   346.955806842989     
  1.954000000000000E-002   346.955806842989     
  1.956000000000000E-002   346.955806842989     
  1.958000000000000E-002   346.955806842989     
  1.960000000000000E-002   346.955806842989     
  1.962000000000000E-002   346.955806842989     
  1.964000000000000E-002   346.955806842989     
  1.966000000000000E-002   346.955806842989     
  1.968000000000000E-002   346.955806842989     
  1.970000000000000E-002   346.955806842989     
  1.972000000000000E-002   346.955806842989     
  1.974000000000000E-002   346.955806842989     
  1.976000000000000E-002   346.955806842989     
  1.978000000000000E-002   346.955806842989     
  1.980000000000000E-002   346.955806842989     
  1.982000000000000E-002   346.955806842989     
  1.984000000000000E-002   346.955806842989     
  1.986000000000000E-002   346.955806842989     
  1.988000000000000E-002   346.955806842989     
  1.990000000000000E-002   346.955806842989     
  1.992000000000000E-002   346.955806842989     
  1.994000000000000E-002   346.955806842989     
  1.996000000000000E-002   346.955806842989     
  1.998000000000000E-002   346.955806842989     
  2.000000000000000E-002   346.955806842989     
  2.002000000000000E-002   346.955806842989     
  2.004000000000000E-002   346.955806842989     
  2.006000000000000E-002   346.955806842989     
  2.008000000000000E-002   346.955806842989     
  2.010000000000000E-002   346.955806842989     
  2.012000000000000E-002   346.955806842989     
  2.014000000000000E-002   346.955806842989     
  2.016000000000000E-002   346.955806842989     
  2.018000000000000E-002   346.955806842989     
  2.020000000000000E-002   346.955806842989     
  2.022000000000000E-002   346.955806842989     
  2.024000000000000E-002   346.955806842989     
  2.026000000000000E-002   346.955806842989     
  2.028000000000000E-002   346.955806842989     
  2.030000000000000E-002   346.955806842989     
  2.032000000000000E-002   346.955806842989     
  2.034000000000000E-002   346.955806842989     
  2.036000000000000E-002   346.955806842989     
  2.038000000000000E-002   346.955806842989     
  2.040000000000000E-002   346.955806842989     
  2.042000000000000E-002   346.955806842989     
  2.044000000000000E-002   346.955806842989     
  2.046000000000000E-002   346.955806842989     
  2.048000000000000E-002   346.955806842989     
  2.050000000000000E-002   346.955806842989     
  2.052000000000000E-002   346.955806842989     
  2.054000000000000E-002   346.955806842989     
  2.056000000000000E-002   346.955806842989     
  2.058000000000000E-002   346.955806842989     
  2.060000000000000E-002   346.955806842989     
  2.062000000000000E-002   346.955806842989     
  2.064000000000000E-002   346.955806842989     
  2.066000000000000E-002   346.955806842989     
  2.068000000000000E-002   346.955806842989     
  2.070000000000000E-002   346.955806842989     
  2.072000000000000E-002   346.955806842989     
  2.074000000000000E-002   346.955806842989     
  2.076000000000000E-002   346.955806842989     
  2.078000000000000E-002   346.955806842989     
  2.080000000000000E-002   346.955806842989     
  2.082000000000000E-002   346.955806842989     
  2.084000000000000E-002   346.955806842989     
  2.086000000000000E-002   346.955806842989     
  2.088000000000000E-002   346.955806842989     
  2.090000000000000E-002   346.955806842989     
  2.092000000000000E-002   346.955806842989     
  2.094000000000000E-002   346.955806842989     
  2.096000000000000E-002   346.955806842989     
  2.098000000000000E-002   346.955806842989     
  2.100000000000000E-002   346.955806842989     
  2.102000000000000E-002   346.955806842989     
  2.104000000000000E-002   346.955806842989     
  2.106000000000000E-002   346.955806842989     
  2.108000000000000E-002   346.955806842989     
  2.110000000000000E-002   346.955806842989     
  2.112000000000000E-002   346.955806842989     
  2.114000000000000E-002   346.955806842989     
  2.116000000000000E-002   346.955806842989     
  2.118000000000000E-002   346.955806842989     
  2.120000000000000E-002   346.955806842989     
  2.122000000000000E-002   346.955806842989     
  2.124000000000000E-002   346.955806842989     
  2.126000000000000E-002   346.955806842989     
  2.128000000000000E-002   346.955806842989     
  2.130000000000000E-002   346.955806842989     
  2.132000000000000E-002   346.955806842989     
  2.134000000000000E-002   346.955806842989     
  2.136000000000000E-002   346.955806842989     
  2.138000000000000E-002   346.955806842989     
  2.140000000000000E-002   346.955806842989     
  2.142000000000000E-002   346.955806842989     
  2.144000000000000E-002   346.955806842989     
  2.146000000000000E-002   346.955806842989     
  2.148000000000000E-002   346.955806842989     
  2.150000000000000E-002   346.955806842989     
  2.152000000000000E-002   346.955806842989     
  2.154000000000000E-002   346.955806842989     
  2.156000000000000E-002   346.955806842989     
  2.158000000000000E-002   346.955806842989     
  2.160000000000000E-002   346.955806842989     
  2.162000000000000E-002   346.955806842989     
  2.164000000000000E-002   346.955806842989     
  2.166000000000000E-002   346.955806842989     
  2.168000000000000E-002   346.955806842989     
  2.170000000000000E-002   346.955806842989     
  2.172000000000000E-002   346.955806842989     
  2.174000000000000E-002   346.955806842989     
  2.176000000000000E-002   346.955806842989     
  2.178000000000000E-002   346.955806842989     
  2.180000000000000E-002   346.955806842989     
  2.182000000000000E-002   346.955806842989     
  2.184000000000000E-002   346.955806842989     
  2.186000000000000E-002   346.955806842989     
  2.188000000000000E-002   346.955806842989     
  2.190000000000000E-002   346.955806842989     
  2.192000000000000E-002   346.955806842989     
  2.194000000000000E-002   346.955806842989     
  2.196000000000000E-002   346.955806842989     
  2.198000000000000E-002   346.955806842989     
  2.200000000000000E-002   346.955806842989     
  2.202000000000000E-002   346.955806842989     
  2.204000000000000E-002   346.955806842989     
  2.206000000000000E-002   346.955806842989     
  2.208000000000000E-002   346.955806842989     
  2.210000000000000E-002   346.955806842989     
  2.212000000000000E-002   346.955806842989     
  2.214000000000000E-002   346.955806842989     
  2.216000000000000E-002   346.955806842989     
  2.218000000000000E-002   346.955806842989     
  2.220000000000000E-002   346.955806842989     
  2.222000000000000E-002   346.955806842989     
  2.224000000000000E-002   346.955806842989     
  2.226000000000000E-002   346.955806842989     
  2.228000000000000E-002   346.955806842989     
  2.230000000000000E-002   346.955806842989     
  2.232000000000000E-002   346.955806842989     
  2.234000000000000E-002   346.955806842989     
  2.236000000000000E-002   346.955806842989     
  2.238000000000000E-002   346.955806842989     
  2.240000000000000E-002   346.955806842989     
  2.242000000000000E-002   346.955806842989     
  2.244000000000000E-002   346.955806842989     
  2.246000000000000E-002   346.955806842989     
  2.248000000000000E-002   346.955806842989     
  2.250000000000000E-002   346.955806842989     
  2.252000000000000E-002   346.955806842989     
  2.254000000000000E-002   346.955806842989     
  2.256000000000000E-002   346.955806842989     
  2.258000000000000E-002   346.955806842989     
  2.260000000000000E-002   346.955806842989     
  2.262000000000000E-002   346.955806842989     
  2.264000000000000E-002   346.955806842989     
  2.266000000000000E-002   346.955806842989     
  2.268000000000000E-002   346.955806842989     
  2.270000000000000E-002   346.955806842989     
  2.272000000000000E-002   346.955806842989     
  2.274000000000000E-002   346.955806842989     
  2.276000000000000E-002   346.955806842989     
  2.278000000000000E-002   346.955806842989     
  2.280000000000000E-002   346.955806842989     
  2.282000000000000E-002   346.955806842989     
  2.284000000000000E-002   346.955806842989     
  2.286000000000000E-002   346.955806842989     
  2.288000000000000E-002   346.955806842989     
  2.290000000000000E-002   346.955806842989     
  2.292000000000000E-002   346.955806842989     
  2.294000000000000E-002   346.955806842989     
  2.296000000000000E-002   346.955806842989     
  2.298000000000000E-002   346.955806842989     
  2.300000000000000E-002   346.955806842989     
  2.302000000000000E-002   346.955806842989     
  2.304000000000000E-002   346.955806842989     
  2.306000000000000E-002   346.955806842989     
  2.308000000000000E-002   346.955806842989     
  2.310000000000000E-002   346.955806842989     
  2.312000000000000E-002   346.955806842989     
  2.314000000000000E-002   346.955806842989     
  2.316000000000000E-002   346.955806842989     
  2.318000000000000E-002   346.955806842989     
  2.320000000000000E-002   346.955806842989     
  2.322000000000000E-002   346.955806842989     
  2.324000000000000E-002   346.955806842989     
  2.326000000000000E-002   346.955806842989     
  2.328000000000000E-002   346.955806842989     
  2.330000000000000E-002   346.955806842989     
  2.332000000000000E-002   346.955806842989     
  2.334000000000000E-002   346.955806842989     
  2.336000000000000E-002   346.955806842989     
  2.338000000000000E-002   346.955806842989     
  2.340000000000000E-002   346.955806842989     
  2.342000000000000E-002   346.955806842989     
  2.344000000000000E-002   346.955806842989     
  2.346000000000000E-002   346.955806842989     
  2.348000000000000E-002   346.955806842989     
  2.350000000000000E-002   346.955806842989     
  2.352000000000000E-002   346.955806842989     
  2.354000000000000E-002   346.955806842989     
  2.356000000000000E-002   346.955806842989     
  2.358000000000000E-002   346.955806842989     
  2.360000000000000E-002   346.955806842989     
  2.362000000000000E-002   346.955806842989     
  2.364000000000000E-002   346.955806842989     
  2.366000000000000E-002   346.955806842989     
  2.368000000000000E-002   346.955806842989     
  2.370000000000000E-002   346.955806842989     
  2.372000000000000E-002   346.955806842989     
  2.374000000000000E-002   346.955806842989     
  2.376000000000000E-002   346.955806842989     
  2.378000000000000E-002   346.955806842989     
  2.380000000000000E-002   346.955806842989     
  2.382000000000000E-002   346.955806842989     
  2.384000000000000E-002   346.955806842989     
  2.386000000000000E-002   346.955806842989     
  2.388000000000000E-002   346.955806842989     
  2.390000000000000E-002   346.955806842989     
  2.392000000000000E-002   346.955806842989     
  2.394000000000000E-002   346.955806842989     
  2.396000000000000E-002   346.955806842989     
  2.398000000000000E-002   346.955806842989     
  2.400000000000000E-002   346.955806842989     
  2.402000000000000E-002   346.955806842989     
  2.404000000000000E-002   346.955806842989     
  2.406000000000000E-002   346.955806842989     
  2.408000000000000E-002   346.955806842989     
  2.410000000000000E-002   346.955806842989     
  2.412000000000000E-002   346.955806842989     
  2.414000000000000E-002   346.955806842989     
  2.416000000000000E-002   346.955806842989     
  2.418000000000000E-002   346.955806842989     
  2.420000000000000E-002   346.955806842989     
  2.422000000000000E-002   346.955806842989     
  2.424000000000000E-002   346.955806842989     
  2.426000000000000E-002   346.955806842989     
  2.428000000000000E-002   346.955806842989     
  2.430000000000000E-002   346.955806842989     
  2.432000000000000E-002   346.955806842989     
  2.434000000000000E-002   346.955806842989     
  2.436000000000000E-002   346.955806842989     
  2.438000000000000E-002   346.955806842989     
  2.440000000000000E-002   346.955806842989     
  2.442000000000000E-002   346.955806842989     
  2.444000000000000E-002   346.955806842989     
  2.446000000000000E-002   346.955806842989     
  2.448000000000000E-002   346.955806842989     
  2.450000000000000E-002   346.955806842989     
  2.452000000000000E-002   346.955806842989     
  2.454000000000000E-002   346.955806842989     
  2.456000000000000E-002   346.955806842989     
  2.458000000000000E-002   346.955806842989     
  2.460000000000000E-002   346.955806842989     
  2.462000000000000E-002   346.955806842989     
  2.464000000000000E-002   346.955806842989     
  2.466000000000000E-002   346.955806842989     
  2.468000000000000E-002   346.955806842989     
  2.470000000000000E-002   346.955806842989     
  2.472000000000000E-002   346.955806842989     
  2.474000000000000E-002   346.955806842989     
  2.476000000000000E-002   346.955806842989     
  2.478000000000000E-002   346.955806842989     
  2.480000000000000E-002   346.955806842989     
  2.482000000000000E-002   346.955806842989     
  2.484000000000000E-002   346.955806842989     
  2.486000000000000E-002   346.955806842989     
  2.488000000000000E-002   346.955806842989     
  2.490000000000000E-002   346.955806842989     
  2.492000000000000E-002   346.955806842989     
  2.494000000000000E-002   346.955806842989     
  2.496000000000000E-002   346.955806842989     
  2.498000000000000E-002   346.955806842989     
  2.500000000000000E-002   346.955806842989     
  2.502000000000000E-002   346.955806842989     
  2.504000000000000E-002   346.955806842989     
  2.506000000000000E-002   346.955806842989     
  2.508000000000000E-002   346.955806842989     
  2.510000000000000E-002   346.955806842989     
  2.512000000000000E-002   346.955806842989     
  2.514000000000000E-002   346.955806842989     
  2.516000000000000E-002   346.955806842989     
  2.518000000000000E-002   346.955806842989     
  2.520000000000000E-002   346.955806842989     
  2.522000000000000E-002   346.955806842989     
  2.524000000000000E-002   346.955806842989     
  2.526000000000000E-002   346.955806842989     
  2.528000000000000E-002   346.955806842989     
  2.530000000000000E-002   346.955806842989     
  2.532000000000000E-002   346.955806842989     
  2.534000000000000E-002   346.955806842989     
  2.536000000000000E-002   346.955806842989     
  2.538000000000000E-002   346.955806842989     
  2.540000000000000E-002   346.955806842989     
  2.542000000000000E-002   346.955806842989     
  2.544000000000000E-002   346.955806842989     
  2.546000000000000E-002   346.955806842989     
  2.548000000000000E-002   346.955806842989     
  2.550000000000000E-002   346.955806842989     
  2.552000000000000E-002   346.955806842989     
  2.554000000000000E-002   346.955806842989     
  2.556000000000000E-002   346.955806842989     
  2.558000000000000E-002   346.955806842989     
  2.560000000000000E-002   346.955806842989     
  2.562000000000000E-002   346.955806842989     
  2.564000000000000E-002   346.955806842989     
  2.566000000000000E-002   346.955806842989     
  2.568000000000000E-002   346.955806842989     
  2.570000000000000E-002   346.955806842989     
  2.572000000000000E-002   346.955806842989     
  2.574000000000000E-002   346.955806842989     
  2.576000000000000E-002   346.955806842989     
  2.578000000000000E-002   346.955806842989     
  2.580000000000000E-002   346.955806842989     
  2.582000000000000E-002   346.955806842989     
  2.584000000000000E-002   346.955806842989     
  2.586000000000000E-002   346.955806842989     
  2.588000000000000E-002   346.955806842989     
  2.590000000000000E-002   346.955806842989     
  2.592000000000000E-002   346.955806842989     
  2.594000000000000E-002   346.955806842989     
  2.596000000000000E-002   346.955806842989     
  2.598000000000000E-002   346.955806842989     
  2.600000000000000E-002   346.955806842989     
  2.602000000000000E-002   346.955806842989     
  2.604000000000000E-002   346.955806842989     
  2.606000000000000E-002   346.955806842989     
  2.608000000000000E-002   346.955806842989     
  2.610000000000000E-002   346.955806842989     
  2.612000000000000E-002   346.955806842989     
  2.614000000000000E-002   346.955806842989     
  2.616000000000000E-002   346.955806842989     
  2.618000000000000E-002   346.955806842989     
  2.620000000000000E-002   346.955806842989     
  2.622000000000000E-002   346.955806842989     
  2.624000000000000E-002   346.955806842989     
  2.626000000000000E-002   346.955806842989     
  2.628000000000000E-002   346.955806842989     
  2.630000000000000E-002   346.955806842989     
  2.632000000000000E-002   346.955806842989     
  2.634000000000000E-002   346.955806842989     
  2.636000000000000E-002   346.955806842989     
  2.638000000000000E-002   346.955806842989     
  2.640000000000000E-002   346.955806842989     
  2.642000000000000E-002   346.955806842989     
  2.644000000000000E-002   346.955806842989     
  2.646000000000000E-002   346.955806842989     
  2.648000000000000E-002   346.955806842989     
  2.650000000000000E-002   346.955806842989     
  2.652000000000000E-002   346.955806842989     
  2.654000000000000E-002   346.955806842989     
  2.656000000000000E-002   346.955806842989     
  2.658000000000000E-002   346.955806842989     
  2.660000000000000E-002   346.955806842989     
  2.662000000000000E-002   346.955806842989     
  2.664000000000000E-002   346.955806842989     
  2.666000000000000E-002   346.955806842989     
  2.668000000000000E-002   346.955806842989     
  2.670000000000000E-002   346.955806842989     
  2.672000000000000E-002   346.955806842989     
  2.674000000000000E-002   346.955806842989     
  2.676000000000000E-002   346.955806842989     
  2.678000000000000E-002   346.955806842989     
  2.680000000000000E-002   346.955806842989     
  2.682000000000000E-002   346.955806842989     
  2.684000000000000E-002   346.955806842989     
  2.686000000000000E-002   346.955806842989     
  2.688000000000000E-002   346.955806842989     
  2.690000000000000E-002   346.955806842989     
  2.692000000000000E-002   346.955806842989     
  2.694000000000000E-002   346.955806842989     
  2.696000000000000E-002   346.955806842989     
  2.698000000000000E-002   346.955806842989     
  2.700000000000000E-002   346.955806842989     
  2.702000000000000E-002   346.955806842989     
  2.704000000000000E-002   346.955806842989     
  2.706000000000000E-002   346.955806842989     
  2.708000000000000E-002   346.955806842989     
  2.710000000000000E-002   346.955806842989     
  2.712000000000000E-002   346.955806842989     
  2.714000000000000E-002   346.955806842989     
  2.716000000000000E-002   346.955806842989     
  2.718000000000000E-002   346.955806842989     
  2.720000000000000E-002   346.955806842989     
  2.722000000000000E-002   346.955806842989     
  2.724000000000000E-002   346.955806842989     
  2.726000000000000E-002   346.955806842989     
  2.728000000000000E-002   346.955806842989     
  2.730000000000000E-002   346.955806842989     
  2.732000000000000E-002   346.955806842989     
  2.734000000000000E-002   346.955806842989     
  2.736000000000000E-002   346.955806842989     
  2.738000000000000E-002   346.955806842989     
  2.740000000000000E-002   346.955806842989     
  2.742000000000000E-002   346.955806842989     
  2.744000000000000E-002   346.955806842989     
  2.746000000000000E-002   346.955806842989     
  2.748000000000000E-002   346.955806842989     
  2.750000000000000E-002   346.955806842989     
  2.752000000000000E-002   346.955806842989     
  2.754000000000000E-002   346.955806842989     
  2.756000000000000E-002   346.955806842989     
  2.758000000000000E-002   346.955806842989     
  2.760000000000000E-002   346.955806842989     
  2.762000000000000E-002   346.955806842989     
  2.764000000000000E-002   346.955806842989     
  2.766000000000000E-002   346.955806842989     
  2.768000000000000E-002   346.955806842989     
  2.770000000000000E-002   346.955806842989     
  2.772000000000000E-002   346.955806842989     
  2.774000000000000E-002   346.955806842989     
  2.776000000000000E-002   346.955806842989     
  2.778000000000000E-002   346.955806842989     
  2.780000000000000E-002   346.955806842989     
  2.782000000000000E-002   346.955806842989     
  2.784000000000000E-002   346.955806842989     
  2.786000000000000E-002   346.955806842989     
  2.788000000000000E-002   346.955806842989     
  2.790000000000000E-002   346.955806842989     
  2.792000000000000E-002   346.955806842989     
  2.794000000000000E-002   346.955806842989     
  2.796000000000000E-002   346.955806842989     
  2.798000000000000E-002   346.955806842989     
  2.800000000000000E-002   346.955806842989     
  2.802000000000000E-002   346.955806842989     
  2.804000000000000E-002   346.955806842989     
  2.806000000000000E-002   346.955806842989     
  2.808000000000000E-002   346.955806842989     
  2.810000000000000E-002   346.955806842989     
  2.812000000000000E-002   346.955806842989     
  2.814000000000000E-002   346.955806842989     
  2.816000000000000E-002   346.955806842989     
  2.818000000000000E-002   346.955806842989     
  2.820000000000000E-002   346.955806842989     
  2.822000000000000E-002   346.955806842989     
  2.824000000000000E-002   346.955806842989     
  2.826000000000000E-002   346.955806842989     
  2.828000000000000E-002   346.955806842989     
  2.830000000000000E-002   346.955806842989     
  2.832000000000000E-002   346.955806842989     
  2.834000000000000E-002   346.955806842989     
  2.836000000000000E-002   346.955806842989     
  2.838000000000000E-002   346.955806842989     
  2.840000000000000E-002   346.955806842989     
  2.842000000000000E-002   346.955806842989     
  2.844000000000000E-002   346.955806842989     
  2.846000000000000E-002   346.955806842989     
  2.848000000000000E-002   346.955806842989     
  2.850000000000000E-002   346.955806842989     
  2.852000000000000E-002   346.955806842989     
  2.854000000000000E-002   346.955806842989     
  2.856000000000000E-002   346.955806842989     
  2.858000000000000E-002   346.955806842989     
  2.860000000000000E-002   346.955806842989     
  2.862000000000000E-002   346.955806842989     
  2.864000000000000E-002   346.955806842989     
  2.866000000000000E-002   346.955806842989     
  2.868000000000000E-002   346.955806842989     
  2.870000000000000E-002   346.955806842989     
  2.872000000000000E-002   346.955806842989     
  2.874000000000000E-002   346.955806842989     
  2.876000000000000E-002   346.955806842989     
  2.878000000000000E-002   346.955806842989     
  2.880000000000000E-002   346.955806842989     
  2.882000000000000E-002   346.955806842989     
  2.884000000000000E-002   346.955806842989     
  2.886000000000000E-002   346.955806842989     
  2.888000000000000E-002   346.955806842989     
  2.890000000000000E-002   346.955806842989     
  2.892000000000000E-002   346.955806842989     
  2.894000000000000E-002   346.955806842989     
  2.896000000000000E-002   346.955806842989     
  2.898000000000000E-002   346.955806842989     
  2.900000000000000E-002   346.955806842989     
  2.902000000000000E-002   346.955806842989     
  2.904000000000000E-002   346.955806842989     
  2.906000000000000E-002   346.955806842989     
  2.908000000000000E-002   346.955806842989     
  2.910000000000000E-002   346.955806842989     
  2.912000000000000E-002   346.955806842989     
  2.914000000000000E-002   346.955806842989     
  2.916000000000000E-002   346.955806842989     
  2.918000000000000E-002   346.955806842989     
  2.920000000000000E-002   346.955806842989     
  2.922000000000000E-002   346.955806842989     
  2.924000000000000E-002   346.955806842989     
  2.926000000000000E-002   346.955806842989     
  2.928000000000000E-002   346.955806842989     
  2.930000000000000E-002   346.955806842989     
  2.932000000000000E-002   346.955806842989     
  2.934000000000000E-002   346.955806842989     
  2.936000000000000E-002   346.955806842989     
  2.938000000000000E-002   346.955806842989     
  2.940000000000000E-002   346.955806842989     
  2.942000000000000E-002   346.955806842989     
  2.944000000000000E-002   346.955806842989     
  2.946000000000000E-002   346.955806842989     
  2.948000000000000E-002   346.955806842989     
  2.950000000000000E-002   346.955806842989     
  2.952000000000000E-002   346.955806842989     
  2.954000000000000E-002   346.955806842989     
  2.956000000000000E-002   346.955806842989     
  2.958000000000000E-002   346.955806842989     
  2.960000000000000E-002   346.955806842989     
  2.962000000000000E-002   346.955806842989     
  2.964000000000000E-002   346.955806842989     
  2.966000000000000E-002   346.955806842989     
  2.968000000000000E-002   346.955806842989     
  2.970000000000000E-002   346.955806842989     
  2.972000000000000E-002   346.955806842989     
  2.974000000000000E-002   346.955806842989     
  2.976000000000000E-002   346.955806842989     
  2.978000000000000E-002   346.955806842989     
  2.980000000000000E-002   346.955806842989     
  2.982000000000000E-002   346.955806842989     
  2.984000000000000E-002   346.955806842989     
  2.986000000000000E-002   346.955806842989     
  2.988000000000000E-002   346.955806842989     
  2.990000000000000E-002   346.955806842989     
  2.992000000000000E-002   346.955806842989     
  2.994000000000000E-002   346.955806842989     
  2.996000000000000E-002   346.955806842989     
  2.998000000000000E-002   346.955806842989     
  3.000000000000000E-002   346.955806842989     
  3.002000000000000E-002   346.955806842989     
  3.004000000000000E-002   346.955806842989     
  3.006000000000000E-002   346.955806842989     
  3.008000000000000E-002   346.955806842989     
  3.010000000000000E-002   346.955806842989     
  3.012000000000000E-002   346.955806842989     
  3.014000000000000E-002   346.955806842989     
  3.016000000000000E-002   346.955806842989     
  3.018000000000000E-002   346.955806842989     
  3.020000000000000E-002   346.955806842989     
  3.022000000000000E-002   346.955806842989     
  3.024000000000000E-002   346.955806842989     
  3.026000000000000E-002   346.955806842989     
  3.028000000000000E-002   346.955806842989     
  3.030000000000000E-002   346.955806842989     
  3.032000000000000E-002   346.955806842989     
  3.034000000000000E-002   346.955806842989     
  3.036000000000000E-002   346.955806842989     
  3.038000000000000E-002   346.955806842989     
  3.040000000000000E-002   346.955806842989     
  3.042000000000000E-002   346.955806842989     
  3.044000000000000E-002   346.955806842989     
  3.046000000000000E-002   346.955806842989     
  3.048000000000000E-002   346.955806842989     
  3.050000000000000E-002   346.955806842989     
  3.052000000000000E-002   346.955806842989     
  3.054000000000000E-002   346.955806842989     
  3.056000000000000E-002   346.955806842989     
  3.058000000000000E-002   346.955806842989     
  3.060000000000000E-002   346.955806842989     
  3.062000000000000E-002   346.955806842989     
  3.064000000000000E-002   346.955806842989     
  3.066000000000000E-002   346.955806842989     
  3.068000000000000E-002   346.955806842989     
  3.070000000000000E-002   346.955806842989     
  3.072000000000000E-002   346.955806842989     
  3.074000000000000E-002   346.955806842989     
  3.076000000000000E-002   346.955806842989     
  3.078000000000000E-002   346.955806842989     
  3.080000000000000E-002   346.955806842989     
  3.082000000000000E-002   346.955806842989     
  3.084000000000000E-002   346.955806842989     
  3.086000000000000E-002   346.955806842989     
  3.088000000000000E-002   346.955806842989     
  3.090000000000000E-002   346.955806842989     
  3.092000000000000E-002   346.955806842989     
  3.094000000000000E-002   346.955806842989     
  3.096000000000000E-002   346.955806842989     
  3.098000000000000E-002   346.955806842989     
  3.100000000000000E-002   346.955806842989     
  3.102000000000000E-002   346.955806842989     
  3.104000000000000E-002   346.955806842989     
  3.106000000000000E-002   346.955806842989     
  3.108000000000000E-002   346.955806842989     
  3.110000000000000E-002   346.955806842989     
  3.112000000000000E-002   346.955806842989     
  3.114000000000000E-002   346.955806842989     
  3.116000000000000E-002   346.955806842989     
  3.118000000000000E-002   346.955806842989     
  3.120000000000000E-002   346.955806842989     
  3.122000000000000E-002   346.955806842989     
  3.124000000000000E-002   346.955806842989     
  3.126000000000000E-002   346.955806842989     
  3.128000000000000E-002   346.955806842989     
  3.130000000000000E-002   346.955806842989     
  3.132000000000000E-002   346.955806842989     
  3.134000000000000E-002   346.955806842989     
  3.136000000000001E-002   346.955806842989     
  3.138000000000001E-002   346.955806842989     
  3.140000000000000E-002   346.955806842989     
  3.142000000000000E-002   346.955806842989     
  3.144000000000000E-002   346.955806842989     
  3.146000000000000E-002   346.955806842989     
  3.148000000000000E-002   346.955806842989     
  3.150000000000000E-002   346.955806842989     
  3.152000000000000E-002   346.955806842989     
  3.154000000000001E-002   346.955806842989     
  3.156000000000000E-002   346.955806842989     
  3.158000000000000E-002   346.955806842989     
  3.160000000000000E-002   346.955806842989     
  3.162000000000000E-002   346.955806842989     
  3.164000000000000E-002   346.955806842989     
  3.166000000000000E-002   346.955806842989     
  3.168000000000000E-002   346.955806842989     
  3.170000000000001E-002   346.955806842989     
  3.172000000000001E-002   346.955806842989     
  3.174000000000000E-002   346.955806842989     
  3.176000000000000E-002   346.955806842989     
  3.178000000000000E-002   346.955806842989     
  3.180000000000000E-002   346.955806842989     
  3.182000000000000E-002   346.955806842989     
  3.184000000000000E-002   346.955806842989     
  3.186000000000000E-002   346.955806842989     
  3.188000000000001E-002   346.955806842989     
  3.190000000000000E-002   346.955806842989     
  3.192000000000000E-002   346.955806842989     
  3.194000000000000E-002   346.955806842989     
  3.196000000000000E-002   346.955806842989     
  3.198000000000000E-002   346.955806842989     
  3.200000000000000E-002   346.955806842989     
  3.202000000000000E-002   346.955806842989     
  3.204000000000001E-002   346.955806842989     
  3.206000000000001E-002   346.955806842989     
  3.208000000000000E-002   346.955806842989     
  3.210000000000000E-002   346.955806842989     
  3.212000000000000E-002   346.955806842989     
  3.214000000000000E-002   346.955806842989     
  3.216000000000000E-002   346.955806842989     
  3.218000000000000E-002   346.955806842989     
  3.220000000000000E-002   346.955806842989     
  3.222000000000001E-002   346.955806842989     
  3.224000000000000E-002   346.955806842989     
  3.226000000000000E-002   346.955806842989     
  3.228000000000000E-002   346.955806842989     
  3.230000000000000E-002   346.955806842989     
  3.232000000000000E-002   346.955806842989     
  3.234000000000000E-002   346.955806842989     
  3.236000000000000E-002   346.955806842989     
  3.238000000000001E-002   346.955806842989     
  3.240000000000001E-002   346.955806842989     
  3.242000000000000E-002   346.955806842989     
  3.244000000000000E-002   346.955806842989     
  3.246000000000000E-002   346.955806842989     
  3.248000000000000E-002   346.955806842989     
  3.250000000000000E-002   346.955806842989     
  3.252000000000000E-002   346.955806842989     
  3.254000000000000E-002   346.955806842989     
  3.256000000000001E-002   346.955806842989     
  3.258000000000000E-002   346.955806842989     
  3.260000000000000E-002   346.955806842989     
  3.262000000000000E-002   346.955806842989     
  3.264000000000000E-002   346.955806842989     
  3.266000000000000E-002   346.955806842989     
  3.268000000000000E-002   346.955806842989     
  3.270000000000000E-002   346.955806842989     
  3.272000000000001E-002   346.955806842989     
  3.274000000000001E-002   346.955806842989     
  3.276000000000000E-002   346.955806842989     
  3.278000000000000E-002   346.955806842989     
  3.280000000000000E-002   346.955806842989     
  3.282000000000000E-002   346.955806842989     
  3.284000000000000E-002   346.955806842989     
  3.286000000000000E-002   346.955806842989     
  3.288000000000000E-002   346.955806842989     
  3.290000000000001E-002   346.955806842989     
  3.292000000000000E-002   346.955806842989     
  3.294000000000000E-002   346.955806842989     
  3.296000000000000E-002   346.955806842989     
  3.298000000000000E-002   346.955806842989     
  3.300000000000000E-002   346.955806842989     
  3.302000000000000E-002   346.955806842989     
  3.304000000000000E-002   346.955806842989     
  3.306000000000001E-002   346.955806842989     
  3.308000000000001E-002   346.955806842989     
  3.310000000000000E-002   346.955806842989     
  3.312000000000000E-002   346.955806842989     
  3.314000000000000E-002   346.955806842989     
  3.316000000000000E-002   346.955806842989     
  3.318000000000000E-002   346.955806842989     
  3.320000000000000E-002   346.955806842989     
  3.322000000000000E-002   346.955806842989     
  3.324000000000001E-002   346.955806842989     
  3.326000000000000E-002   346.955806842989     
  3.328000000000000E-002   346.955806842989     
  3.330000000000000E-002   346.955806842989     
  3.332000000000000E-002   346.955806842989     
  3.334000000000000E-002   346.955806842989     
  3.336000000000000E-002   346.955806842989     
  3.338000000000000E-002   346.955806842989     
  3.340000000000001E-002   346.955806842989     
  3.342000000000001E-002   346.955806842989     
  3.344000000000000E-002   346.955806842989     
  3.346000000000000E-002   346.955806842989     
  3.348000000000000E-002   346.955806842989     
  3.350000000000000E-002   346.955806842989     
  3.352000000000000E-002   346.955806842989     
  3.354000000000000E-002   346.955806842989     
  3.356000000000000E-002   346.955806842989     
  3.358000000000001E-002   346.955806842989     
  3.360000000000000E-002   346.955806842989     
  3.362000000000000E-002   346.955806842989     
  3.364000000000000E-002   346.955806842989     
  3.366000000000000E-002   346.955806842989     
  3.368000000000000E-002   346.955806842989     
  3.370000000000000E-002   346.955806842989     
  3.372000000000000E-002   346.955806842989     
  3.374000000000001E-002   346.955806842989     
  3.376000000000001E-002   346.955806842989     
  3.378000000000000E-002   346.955806842989     
  3.380000000000000E-002   346.955806842989     
  3.382000000000000E-002   346.955806842989     
  3.384000000000000E-002   346.955806842989     
  3.386000000000000E-002   346.955806842989     
  3.388000000000000E-002   346.955806842989     
  3.390000000000000E-002   346.955806842989     
  3.392000000000001E-002   346.955806842989     
  3.394000000000000E-002   346.955806842989     
  3.396000000000000E-002   346.955806842989     
  3.398000000000000E-002   346.955806842989     
  3.400000000000000E-002   346.955806842989     
  3.402000000000000E-002   346.955806842989     
  3.404000000000000E-002   346.955806842989     
  3.406000000000000E-002   346.955806842989     
  3.408000000000001E-002   346.955806842989     
  3.410000000000001E-002   346.955806842989     
  3.412000000000000E-002   346.955806842989     
  3.414000000000000E-002   346.955806842989     
  3.416000000000000E-002   346.955806842989     
  3.418000000000000E-002   346.955806842989     
  3.420000000000000E-002   346.955806842989     
  3.422000000000000E-002   346.955806842989     
  3.424000000000000E-002   346.955806842989     
  3.426000000000001E-002   346.955806842989     
  3.428000000000000E-002   346.955806842989     
  3.430000000000000E-002   346.955806842989     
  3.432000000000000E-002   346.955806842989     
  3.434000000000000E-002   346.955806842989     
  3.436000000000000E-002   346.955806842989     
  3.438000000000000E-002   346.955806842989     
  3.440000000000000E-002   346.955806842989     
  3.442000000000001E-002   346.955806842989     
  3.444000000000001E-002   346.955806842989     
  3.446000000000000E-002   346.955806842989     
  3.448000000000000E-002   346.955806842989     
  3.450000000000000E-002   346.955806842989     
  3.452000000000000E-002   346.955806842989     
  3.454000000000000E-002   346.955806842989     
  3.456000000000000E-002   346.955806842989     
  3.458000000000000E-002   346.955806842989     
  3.460000000000001E-002   346.955806842989     
  3.462000000000000E-002   346.955806842989     
  3.464000000000000E-002   346.955806842989     
  3.466000000000000E-002   346.955806842989     
  3.468000000000000E-002   346.955806842989     
  3.470000000000000E-002   346.955806842989     
  3.472000000000000E-002   346.955806842989     
  3.474000000000000E-002   346.955806842989     
  3.476000000000001E-002   346.955806842989     
  3.478000000000001E-002   346.955806842989     
  3.480000000000000E-002   346.955806842989     
  3.482000000000000E-002   346.955806842989     
  3.484000000000000E-002   346.955806842989     
  3.486000000000000E-002   346.955806842989     
  3.488000000000000E-002   346.955806842989     
  3.490000000000000E-002   346.955806842989     
  3.492000000000000E-002   346.955806842989     
  3.494000000000001E-002   346.955806842989     
  3.496000000000000E-002   346.955806842989     
  3.498000000000000E-002   346.955806842989     
  3.500000000000000E-002   346.955806842989     
  3.502000000000000E-002   346.955806842989     
  3.504000000000000E-002   346.955806842989     
  3.506000000000000E-002   346.955806842989     
  3.508000000000000E-002   346.955806842989     
  3.510000000000001E-002   346.955806842989     
  3.512000000000001E-002   346.955806842989     
  3.514000000000000E-002   346.955806842989     
  3.516000000000000E-002   346.955806842989     
  3.518000000000000E-002   346.955806842989     
  3.520000000000000E-002   346.955806842989     
  3.522000000000000E-002   346.955806842989     
  3.524000000000000E-002   346.955806842989     
  3.526000000000000E-002   346.955806842989     
  3.528000000000001E-002   346.955806842989     
  3.530000000000000E-002   346.955806842989     
  3.532000000000000E-002   346.955806842989     
  3.534000000000000E-002   346.955806842989     
  3.536000000000000E-002   346.955806842989     
  3.538000000000000E-002   346.955806842989     
  3.540000000000000E-002   346.955806842989     
  3.542000000000000E-002   346.955806842989     
  3.544000000000001E-002   346.955806842989     
  3.546000000000001E-002   346.955806842989     
  3.548000000000000E-002   346.955806842989     
  3.550000000000000E-002   346.955806842989     
  3.552000000000000E-002   346.955806842989     
  3.554000000000000E-002   346.955806842989     
  3.556000000000000E-002   346.955806842989     
  3.558000000000000E-002   346.955806842989     
  3.560000000000000E-002   346.955806842989     
  3.562000000000001E-002   346.955806842989     
  3.564000000000001E-002   346.955806842989     
  3.566000000000000E-002   346.955806842989     
  3.568000000000000E-002   346.955806842989     
  3.570000000000000E-002   346.955806842989     
  3.572000000000000E-002   346.955806842989     
  3.574000000000000E-002   346.955806842989     
  3.576000000000000E-002   346.955806842989     
  3.578000000000001E-002   346.955806842989     
  3.580000000000001E-002   346.955806842989     
  3.582000000000000E-002   346.955806842989     
  3.584000000000000E-002   346.955806842989     
  3.586000000000000E-002   346.955806842989     
  3.588000000000000E-002   346.955806842989     
  3.590000000000000E-002   346.955806842989     
  3.592000000000000E-002   346.955806842989     
  3.594000000000000E-002   346.955806842989     
  3.596000000000001E-002   346.955806842989     
  3.598000000000001E-002   346.955806842989     
  3.600000000000000E-002   346.955806842989     
  3.602000000000000E-002   346.955806842989     
  3.604000000000000E-002   346.955806842989     
  3.606000000000000E-002   346.955806842989     
  3.608000000000000E-002   346.955806842989     
  3.610000000000000E-002   346.955806842989     
  3.612000000000001E-002   346.955806842989     
  3.614000000000001E-002   346.955806842989     
  3.616000000000000E-002   346.955806842989     
  3.618000000000000E-002   346.955806842989     
  3.620000000000000E-002   346.955806842989     
  3.622000000000000E-002   346.955806842989     
  3.624000000000000E-002   346.955806842989     
  3.626000000000000E-002   346.955806842989     
  3.628000000000000E-002   346.955806842989     
  3.630000000000001E-002   346.955806842989     
  3.632000000000001E-002   346.955806842989     
  3.634000000000000E-002   346.955806842989     
  3.636000000000000E-002   346.955806842989     
  3.638000000000000E-002   346.955806842989     
  3.640000000000000E-002   346.955806842989     
  3.642000000000000E-002   346.955806842989     
  3.644000000000000E-002   346.955806842989     
  3.646000000000001E-002   346.955806842989     
  3.648000000000001E-002   346.955806842989     
  3.650000000000000E-002   346.955806842989     
  3.652000000000000E-002   346.955806842989     
  3.654000000000000E-002   346.955806842989     
  3.656000000000000E-002   346.955806842989     
  3.658000000000000E-002   346.955806842989     
  3.660000000000000E-002   346.955806842989     
  3.662000000000000E-002   346.955806842989     
  3.664000000000001E-002   346.955806842989     
  3.666000000000001E-002   346.955806842989     
  3.668000000000000E-002   346.955806842989     
  3.670000000000000E-002   346.955806842989     
  3.672000000000000E-002   346.955806842989     
  3.674000000000000E-002   346.955806842989     
  3.676000000000000E-002   346.955806842989     
  3.678000000000000E-002   346.955806842989     
  3.680000000000001E-002   346.955806842989     
  3.682000000000001E-002   346.955806842989     
  3.684000000000000E-002   346.955806842989     
  3.686000000000000E-002   346.955806842989     
  3.688000000000000E-002   346.955806842989     
  3.690000000000000E-002   346.955806842989     
  3.692000000000000E-002   346.955806842989     
  3.694000000000000E-002   346.955806842989     
  3.696000000000000E-002   346.955806842989     
  3.698000000000001E-002   346.955806842989     
  3.700000000000001E-002   346.955806842989     
  3.702000000000000E-002   346.955806842989     
  3.704000000000000E-002   346.955806842989     
  3.706000000000000E-002   346.955806842989     
  3.708000000000000E-002   346.955806842989     
  3.710000000000000E-002   346.955806842989     
  3.712000000000000E-002   346.955806842989     
  3.714000000000001E-002   346.955806842989     
  3.716000000000001E-002   346.955806842989     
  3.718000000000000E-002   346.955806842989     
  3.720000000000000E-002   346.955806842989     
  3.722000000000000E-002   346.955806842989     
  3.724000000000000E-002   346.955806842989     
  3.726000000000000E-002   346.955806842989     
  3.728000000000000E-002   346.955806842989     
  3.730000000000000E-002   346.955806842989     
  3.732000000000001E-002   346.955806842989     
  3.734000000000001E-002   346.955806842989     
  3.736000000000000E-002   346.955806842989     
  3.738000000000000E-002   346.955806842989     
  3.740000000000000E-002   346.955806842989     
  3.742000000000000E-002   346.955806842989     
  3.744000000000000E-002   346.955806842989     
  3.746000000000000E-002   346.955806842989     
  3.748000000000001E-002   346.955806842989     
  3.750000000000001E-002   346.955806842989     
  3.752000000000000E-002   346.955806842989     
  3.754000000000000E-002   346.955806842989     
  3.756000000000000E-002   346.955806842989     
  3.758000000000000E-002   346.955806842989     
  3.760000000000000E-002   346.955806842989     
  3.762000000000000E-002   346.955806842989     
  3.764000000000000E-002   346.955806842989     
  3.766000000000001E-002   346.955806842989     
  3.768000000000001E-002   346.955806842989     
  3.770000000000000E-002   346.955806842989     
  3.772000000000000E-002   346.955806842989     
  3.774000000000000E-002   346.955806842989     
  3.776000000000000E-002   346.955806842989     
  3.778000000000000E-002   346.955806842989     
  3.780000000000000E-002   346.955806842989     
  3.782000000000001E-002   346.955806842989     
  3.784000000000001E-002   346.955806842989     
  3.786000000000000E-002   346.955806842989     
  3.788000000000000E-002   346.955806842989     
  3.790000000000000E-002   346.955806842989     
  3.792000000000000E-002   346.955806842989     
  3.794000000000000E-002   346.955806842989     
  3.796000000000000E-002   346.955806842989     
  3.798000000000000E-002   346.955806842989     
  3.800000000000001E-002   346.955806842989     
  3.802000000000001E-002   346.955806842989     
  3.804000000000000E-002   346.955806842989     
  3.806000000000000E-002   346.955806842989     
  3.808000000000000E-002   346.955806842989     
  3.810000000000000E-002   346.955806842989     
  3.812000000000000E-002   346.955806842989     
  3.814000000000000E-002   346.955806842989     
  3.816000000000001E-002   346.955806842989     
  3.818000000000001E-002   346.955806842989     
  3.820000000000000E-002   346.955806842989     
  3.822000000000000E-002   346.955806842989     
  3.824000000000000E-002   346.955806842989     
  3.826000000000000E-002   346.955806842989     
  3.828000000000000E-002   346.955806842989     
  3.830000000000000E-002   346.955806842989     
  3.832000000000000E-002   346.955806842989     
  3.834000000000001E-002   346.955806842989     
  3.836000000000001E-002   346.955806842989     
  3.838000000000000E-002   346.955806842989     
  3.840000000000000E-002   346.955806842989     
  3.842000000000000E-002   346.955806842989     
  3.844000000000000E-002   346.955806842989     
  3.846000000000000E-002   346.955806842989     
  3.848000000000000E-002   346.955806842989     
  3.850000000000001E-002   346.955806842989     
  3.852000000000001E-002   346.955806842989     
  3.854000000000000E-002   346.955806842989     
  3.856000000000000E-002   346.955806842989     
  3.858000000000000E-002   346.955806842989     
  3.860000000000000E-002   346.955806842989     
  3.862000000000000E-002   346.955806842989     
  3.864000000000000E-002   346.955806842989     
  3.866000000000000E-002   346.955806842989     
  3.868000000000001E-002   346.955806842989     
  3.870000000000001E-002   346.955806842989     
  3.872000000000000E-002   346.955806842989     
  3.874000000000000E-002   346.955806842989     
  3.876000000000000E-002   346.955806842989     
  3.878000000000000E-002   346.955806842989     
  3.880000000000000E-002   346.955806842989     
  3.882000000000000E-002   346.955806842989     
  3.884000000000001E-002   346.955806842989     
  3.886000000000001E-002   346.955806842989     
  3.888000000000000E-002   346.955806842989     
  3.890000000000000E-002   346.955806842989     
  3.892000000000000E-002   346.955806842989     
  3.894000000000000E-002   346.955806842989     
  3.896000000000000E-002   346.955806842989     
  3.898000000000000E-002   346.955806842989     
  3.900000000000000E-002   346.955806842989     
  3.902000000000001E-002   346.955806842989     
  3.904000000000001E-002   346.955806842989     
  3.906000000000000E-002   346.955806842989     
  3.908000000000000E-002   346.955806842989     
  3.910000000000000E-002   346.955806842989     
  3.912000000000000E-002   346.955806842989     
  3.914000000000000E-002   346.955806842989     
  3.916000000000000E-002   346.955806842989     
  3.918000000000001E-002   346.955806842989     
  3.920000000000001E-002   346.955806842989     
  3.922000000000000E-002   346.955806842989     
  3.924000000000000E-002   346.955806842989     
  3.926000000000000E-002   346.955806842989     
  3.928000000000000E-002   346.955806842989     
  3.930000000000000E-002   346.955806842989     
  3.932000000000000E-002   346.955806842989     
  3.934000000000000E-002   346.955806842989     
  3.936000000000001E-002   346.955806842989     
  3.938000000000001E-002   346.955806842989     
  3.940000000000000E-002   346.955806842989     
  3.942000000000000E-002   346.955806842989     
  3.944000000000000E-002   346.955806842989     
  3.946000000000000E-002   346.955806842989     
  3.948000000000000E-002   346.955806842989     
  3.950000000000000E-002   346.955806842989     
  3.952000000000001E-002   346.955806842989     
  3.954000000000001E-002   346.955806842989     
  3.956000000000000E-002   346.955806842989     
  3.958000000000000E-002   346.955806842989     
  3.960000000000000E-002   346.955806842989     
  3.962000000000000E-002   346.955806842989     
  3.964000000000000E-002   346.955806842989     
  3.966000000000000E-002   346.955806842989     
  3.968000000000000E-002   346.955806842989     
  3.970000000000001E-002   346.955806842989     
  3.972000000000001E-002   346.955806842989     
  3.974000000000000E-002   346.955806842989     
  3.976000000000000E-002   346.955806842989     
  3.978000000000000E-002   346.955806842989     
  3.980000000000000E-002   346.955806842989     
  3.982000000000000E-002   346.955806842989     
  3.984000000000000E-002   346.955806842989     
  3.986000000000001E-002   346.955806842989     
  3.988000000000001E-002   346.955806842989     
  3.990000000000000E-002   346.955806842989     
  3.992000000000000E-002   346.955806842989     
  3.994000000000000E-002   346.955806842989     
  3.996000000000000E-002   346.955806842989     
  3.998000000000000E-002   346.955806842989     
  4.000000000000000E-002   346.955806842989     
