  0.000000000000000E+000  1.000000000000000E-010
  2.000000000000000E-005  1.000000000000000E-010
  4.000000000000000E-005  1.000000000000000E-010
  6.000000000000001E-005  1.000000000000000E-010
  8.000000000000001E-005  1.000000000000000E-010
  1.000000000000000E-004  1.000000000000000E-010
  1.200000000000000E-004  1.000000000000000E-010
  1.400000000000000E-004  1.000000000000000E-010
  1.600000000000000E-004  1.000000000000000E-010
  1.800000000000000E-004  1.000000000000000E-010
  2.000000000000000E-004  1.000000000000000E-010
  2.200000000000000E-004  1.000000000000000E-010
  2.400000000000000E-004  1.000000000000000E-010
  2.600000000000000E-004  1.000000000000000E-010
  2.800000000000000E-004  1.000000000000000E-010
  3.000000000000000E-004  1.000000000000000E-010
  3.200000000000000E-004  1.000000000000000E-010
  3.400000000000000E-004  1.000000000000000E-010
  3.600000000000000E-004  1.000000000000000E-010
  3.800000000000000E-004  1.000000000000000E-010
  4.000000000000000E-004  1.000000000000000E-010
  4.200000000000000E-004  1.000000000000000E-010
  4.400000000000000E-004  1.000000000000000E-010
  4.600000000000000E-004  1.000000000000000E-010
  4.800000000000001E-004  1.000000000000000E-010
  5.000000000000000E-004  1.000000000000000E-010
  5.200000000000001E-004  1.000000000000000E-010
  5.400000000000000E-004  1.000000000000000E-010
  5.600000000000001E-004  1.000000000000000E-010
  5.800000000000000E-004  1.000000000000000E-010
  6.000000000000001E-004  1.000000000000000E-010
  6.200000000000000E-004  1.000000000000000E-010
  6.400000000000001E-004  1.000000000000000E-010
  6.600000000000001E-004  1.000000000000000E-010
  6.800000000000000E-004  1.000000000000000E-010
  7.000000000000001E-004  1.000000000000000E-010
  7.200000000000000E-004  1.000000000000000E-010
  7.400000000000001E-004  1.000000000000000E-010
  7.600000000000000E-004  1.000000000000000E-010
  7.800000000000001E-004  1.000000000000000E-010
  8.000000000000000E-004  1.000000000000000E-010
  8.200000000000001E-004  1.000000000000000E-010
  8.400000000000000E-004  1.000000000000000E-010
  8.600000000000001E-004  1.000000000000000E-010
  8.800000000000000E-004  1.000000000000000E-010
  9.000000000000001E-004  1.000000000000000E-010
  9.200000000000000E-004  1.000000000000000E-010
  9.400000000000001E-004  1.000000000000000E-010
  9.600000000000001E-004  1.000000000000000E-010
  9.800000000000002E-004  1.000000000000000E-010
  1.000000000000000E-003  1.000000000000000E-010
  1.020000000000000E-003  1.000000000000000E-010
  1.040000000000000E-003  1.000000000000000E-010
  1.060000000000000E-003  1.000000000000000E-010
  1.080000000000000E-003  1.000000000000000E-010
  1.100000000000000E-003  1.000000000000000E-010
  1.120000000000000E-003  1.000000000000000E-010
  1.140000000000000E-003  1.000000000000000E-010
  1.160000000000000E-003  1.000000000000000E-010
  1.180000000000000E-003  1.000000000000000E-010
  1.200000000000000E-003  1.000000000000000E-010
  1.220000000000000E-003  1.000000000000000E-010
  1.240000000000000E-003  1.000000000000000E-010
  1.260000000000000E-003  1.000000000000000E-010
  1.280000000000000E-003  1.000000000000000E-010
  1.300000000000000E-003  1.000000000000000E-010
  1.320000000000000E-003  1.000010409745619E-010
  1.340000000000000E-003  1.000321882334298E-010
  1.360000000000000E-003  1.002364343131691E-010
  1.380000000000000E-003  1.008988696506150E-010
  1.400000000000000E-003  1.014002609320393E-010
  1.420000000000000E-003  1.015640026571043E-010
  1.440000000000000E-003  1.015942659529581E-010
  1.460000000000000E-003  1.015959662610353E-010
  1.480000000000000E-003  1.015852663704550E-010
  1.500000000000000E-003  1.015684954889846E-010
  1.520000000000000E-003  1.015565000263206E-010
  1.540000000000000E-003  1.015445059760309E-010
  1.560000000000000E-003  1.015329491591057E-010
  1.580000000000000E-003  1.015222700327336E-010
  1.600000000000000E-003  1.015120553793284E-010
  1.620000000000000E-003  1.015022098611963E-010
  1.640000000000000E-003  1.014924700195395E-010
  1.660000000000000E-003  1.014826475693422E-010
  1.680000000000000E-003  1.014728146536492E-010
  1.700000000000000E-003  1.014632747109441E-010
  1.720000000000000E-003  1.014537219036451E-010
  1.740000000000000E-003  1.014441472948872E-010
  1.760000000000000E-003  1.014345339001380E-010
  1.780000000000000E-003  1.014249719189906E-010
  1.800000000000000E-003  1.014153858880737E-010
  1.820000000000000E-003  1.014055080048630E-010
  1.840000000000000E-003  1.013949203517564E-010
  1.860000000000000E-003  1.013847364158207E-010
  1.880000000000000E-003  1.013759254891084E-010
  1.900000000000000E-003  1.013696418688861E-010
  1.920000000000000E-003  1.013668775874003E-010
  1.940000000000000E-003  1.013673249793947E-010
  1.960000000000000E-003  1.013717220295063E-010
  1.980000000000000E-003  1.013881900590792E-010
  2.000000000000000E-003  1.014300700865781E-010
  2.020000000000000E-003  1.015185065022786E-010
  2.040000000000000E-003  1.016590164039627E-010
  2.060000000000000E-003  1.017757063197061E-010
  2.080000000000000E-003  1.018443761727985E-010
  2.100000000000000E-003  1.018798596437460E-010
  2.120000000000000E-003  1.018960661303061E-010
  2.140000000000000E-003  1.019019490202770E-010
  2.160000000000000E-003  1.019041386071922E-010
  2.180000000000000E-003  1.019002887491579E-010
  2.200000000000000E-003  1.018883931765614E-010
  2.220000000000000E-003  1.018757679243197E-010
  2.240000000000000E-003  1.018645045565953E-010
  2.260000000000000E-003  1.018541582705700E-010
  2.280000000000000E-003  1.018441704435761E-010
  2.300000000000000E-003  1.018342661273892E-010
  2.320000000000000E-003  1.018244091616211E-010
  2.340000000000000E-003  1.018145904958625E-010
  2.360000000000000E-003  1.018048957659990E-010
  2.380000000000000E-003  1.017953795080233E-010
  2.400000000000000E-003  1.017860356700616E-010
  2.420000000000000E-003  1.017768247000881E-010
  2.440000000000000E-003  1.017676742032930E-010
  2.460000000000000E-003  1.017585450892493E-010
  2.480000000000000E-003  1.017494110277495E-010
  2.500000000000000E-003  1.017402462709711E-010
  2.520000000000000E-003  1.017310261221462E-010
  2.540000000000000E-003  1.017217610820438E-010
  2.560000000000000E-003  1.017125269056879E-010
  2.580000000000000E-003  1.017033782557518E-010
  2.600000000000000E-003  1.016943565941689E-010
  2.620000000000000E-003  1.016855060033592E-010
  2.640000000000000E-003  1.016768493991449E-010
  2.660000000000000E-003  1.016683883053103E-010
  2.680000000000000E-003  1.016600632257110E-010
  2.700000000000000E-003  1.016518273940617E-010
  2.720000000000000E-003  1.016436634902201E-010
  2.740000000000000E-003  1.016355435926406E-010
  2.760000000000000E-003  1.016274455940347E-010
  2.780000000000000E-003  1.016193903929402E-010
  2.800000000000000E-003  1.016114274523215E-010
  2.820000000000000E-003  1.016036172280934E-010
  2.840000000000000E-003  1.015960280124694E-010
  2.860000000000000E-003  1.015887253028521E-010
  2.880000000000000E-003  1.015817437517229E-010
  2.900000000000000E-003  1.015750839199949E-010
  2.920000000000000E-003  1.015687156252876E-010
  2.940000000000000E-003  1.015625863158817E-010
  2.960000000000000E-003  1.015566253095407E-010
  2.980000000000000E-003  1.015507642894953E-010
  3.000000000000000E-003  1.015449452548428E-010
  3.020000000000000E-003  1.015391315034565E-010
  3.040000000000000E-003  1.015333157682142E-010
  3.060000000000000E-003  1.015275201199390E-010
  3.080000000000000E-003  1.015217892379069E-010
  3.100000000000000E-003  1.015161694924544E-010
  3.120000000000000E-003  1.015106732167185E-010
  3.140000000000000E-003  1.015053115037318E-010
  3.160000000000000E-003  1.015000819725569E-010
  3.180000000000000E-003  1.014949397424440E-010
  3.200000000000000E-003  1.014898049024506E-010
  3.220000000000000E-003  1.014846325120883E-010
  3.240000000000000E-003  1.014793761050258E-010
  3.260000000000000E-003  1.014739869193021E-010
  3.280000000000000E-003  1.014684449130206E-010
  3.300000000000000E-003  1.014627460544519E-010
  3.320000000000000E-003  1.014569003257628E-010
  3.340000000000000E-003  1.014509193878072E-010
  3.360000000000000E-003  1.014448017979475E-010
  3.380000000000000E-003  1.014385300488188E-010
  3.400000000000000E-003  1.014320585748273E-010
  3.420000000000000E-003  1.014253043358118E-010
  3.440000000000000E-003  1.014181626462092E-010
  3.460000000000000E-003  1.014110615723386E-010
  3.480000000000000E-003  1.014044620715584E-010
  3.500000000000000E-003  1.013982997319635E-010
  3.520000000000000E-003  1.013927690985871E-010
  3.540000000000000E-003  1.013877297837501E-010
  3.560000000000000E-003  1.013837489328275E-010
  3.580000000000000E-003  1.013810872360333E-010
  3.600000000000000E-003  1.013798578616310E-010
  3.620000000000000E-003  1.013800448443820E-010
  3.640000000000000E-003  1.013813964288025E-010
  3.660000000000000E-003  1.013850232670445E-010
  3.680000000000000E-003  1.013923790937095E-010
  3.700000000000000E-003  1.014049476768845E-010
  3.720000000000000E-003  1.014241159745251E-010
  3.740000000000000E-003  1.014470498303416E-010
  3.760000000000000E-003  1.014653955960365E-010
  3.780000000000000E-003  1.014779702537471E-010
  3.800000000000000E-003  1.014859454018393E-010
  3.820000000000000E-003  1.014902776554900E-010
  3.840000000000001E-003  1.014925132175801E-010
  3.860000000000000E-003  1.014931225699349E-010
  3.880000000000000E-003  1.014933709295281E-010
  3.900000000000000E-003  1.014915444398108E-010
  3.920000000000001E-003  1.014881611065587E-010
  3.940000000000000E-003  1.014845304205436E-010
  3.960000000000000E-003  1.014823575178533E-010
  3.980000000000000E-003  1.014824904794028E-010
  4.000000000000000E-003  1.014839993135988E-010
  4.020000000000000E-003  1.014894196527540E-010
  4.040000000000000E-003  1.015007612138743E-010
  4.060000000000000E-003  1.015207573742000E-010
  4.080000000000000E-003  1.015529069054437E-010
  4.100000000000000E-003  1.016006484651647E-010
  4.120000000000000E-003  1.016565429434336E-010
  4.140000000000000E-003  1.017012985418775E-010
  4.160000000000001E-003  1.017327103291242E-010
  4.180000000000001E-003  1.017533950265976E-010
  4.200000000000001E-003  1.017660513669036E-010
  4.220000000000001E-003  1.017731724107709E-010
  4.240000000000001E-003  1.017764041945353E-010
  4.260000000000001E-003  1.017767646695865E-010
  4.280000000000000E-003  1.017738743918766E-010
  4.300000000000000E-003  1.017683973920301E-010
  4.320000000000000E-003  1.017606812899248E-010
  4.340000000000000E-003  1.017518185108017E-010
  4.360000000000000E-003  1.017425297977441E-010
  4.380000000000000E-003  1.017331144145583E-010
  4.400000000000000E-003  1.017236764577538E-010
  4.420000000000000E-003  1.017142110312533E-010
  4.440000000000000E-003  1.017047004672849E-010
  4.460000000000000E-003  1.016951908413034E-010
  4.480000000000000E-003  1.016857472804564E-010
  4.500000000000001E-003  1.016763561467939E-010
  4.520000000000001E-003  1.016669990769293E-010
  4.540000000000001E-003  1.016576990322683E-010
  4.560000000000001E-003  1.016485059622216E-010
  4.580000000000001E-003  1.016394723007156E-010
  4.600000000000001E-003  1.016306428213874E-010
  4.620000000000000E-003  1.016220491246019E-010
  4.640000000000000E-003  1.016137140523352E-010
  4.660000000000000E-003  1.016056602762522E-010
  4.680000000000000E-003  1.015978974835770E-010
  4.700000000000000E-003  1.015904056607666E-010
  4.720000000000000E-003  1.015831572161160E-010
  4.740000000000000E-003  1.015761541087444E-010
  4.760000000000000E-003  1.015694181311153E-010
  4.780000000000000E-003  1.015630099463353E-010
  4.800000000000000E-003  1.015570128198158E-010
  4.820000000000000E-003  1.015515116406259E-010
  4.840000000000001E-003  1.015466303943011E-010
  4.860000000000001E-003  1.015424633652315E-010
  4.880000000000001E-003  1.015390663708223E-010
  4.900000000000001E-003  1.015364872140095E-010
  4.920000000000001E-003  1.015346449956221E-010
  4.940000000000001E-003  1.015334180203912E-010
  4.960000000000000E-003  1.015328098871266E-010
  4.980000000000000E-003  1.015322770136183E-010
  5.000000000000000E-003  1.015323470455037E-010
  5.020000000000000E-003  1.015326013961512E-010
  5.040000000000000E-003  1.015329603312581E-010
  5.060000000000000E-003  1.015333415135216E-010
  5.080000000000000E-003  1.015335876282689E-010
  5.100000000000000E-003  1.015334433488293E-010
  5.120000000000000E-003  1.015331475837339E-010
  5.140000000000000E-003  1.015324144717215E-010
  5.160000000000001E-003  1.015310310294735E-010
  5.180000000000001E-003  1.015288854059526E-010
  5.200000000000001E-003  1.015259375180921E-010
  5.220000000000001E-003  1.015221750399608E-010
  5.240000000000001E-003  1.015176157417769E-010
  5.260000000000001E-003  1.015122942914743E-010
  5.280000000000001E-003  1.015063115923200E-010
  5.300000000000000E-003  1.014998030299469E-010
  5.320000000000000E-003  1.014929247935091E-010
  5.340000000000000E-003  1.014858273498724E-010
  5.360000000000000E-003  1.014786254846863E-010
  5.380000000000000E-003  1.014713432651062E-010
  5.400000000000000E-003  1.014640847316192E-010
  5.420000000000000E-003  1.014568821269268E-010
  5.440000000000000E-003  1.014497292994263E-010
  5.460000000000000E-003  1.014426583444009E-010
  5.480000000000000E-003  1.014356774193450E-010
  5.500000000000001E-003  1.014287629317821E-010
  5.520000000000001E-003  1.014219079481122E-010
  5.540000000000001E-003  1.014151567520268E-010
  5.560000000000001E-003  1.014085702307238E-010
  5.580000000000001E-003  1.014021891981377E-010
  5.600000000000001E-003  1.013960248630067E-010
  5.620000000000001E-003  1.013900825276002E-010
  5.640000000000000E-003  1.013843788183882E-010
  5.660000000000000E-003  1.013789074931959E-010
  5.680000000000000E-003  1.013736216497750E-010
  5.700000000000000E-003  1.013684404535348E-010
  5.720000000000000E-003  1.013633075723093E-010
  5.740000000000000E-003  1.013582060701883E-010
  5.760000000000000E-003  1.013531471426766E-010
  5.780000000000000E-003  1.013482090099563E-010
  5.800000000000000E-003  1.013435428789262E-010
  5.820000000000001E-003  1.013392147314005E-010
  5.840000000000001E-003  1.013354049003777E-010
  5.860000000000001E-003  1.013323975700671E-010
  5.880000000000001E-003  1.013303119552688E-010
  5.900000000000001E-003  1.013292956070187E-010
  5.920000000000001E-003  1.013292889368018E-010
  5.940000000000001E-003  1.013298249695123E-010
  5.960000000000001E-003  1.013314031558281E-010
  5.980000000000000E-003  1.013344151424229E-010
  6.000000000000000E-003  1.013392168595637E-010
  6.020000000000000E-003  1.013463052141242E-010
  6.040000000000000E-003  1.013561887399394E-010
  6.060000000000000E-003  1.013693372316411E-010
  6.080000000000000E-003  1.013859585580918E-010
  6.100000000000000E-003  1.014027150807597E-010
  6.120000000000000E-003  1.014164770127922E-010
  6.140000000000000E-003  1.014271131803997E-010
  6.160000000000001E-003  1.014349328657922E-010
  6.180000000000001E-003  1.014402968460864E-010
  6.200000000000001E-003  1.014437441973170E-010
  6.220000000000001E-003  1.014456896916118E-010
  6.240000000000001E-003  1.014467095532691E-010
  6.260000000000001E-003  1.014471330753399E-010
  6.280000000000001E-003  1.014463900806217E-010
  6.300000000000001E-003  1.014445696991422E-010
  6.320000000000000E-003  1.014420516245496E-010
  6.340000000000000E-003  1.014391390907821E-010
  6.360000000000000E-003  1.014360474422092E-010
  6.380000000000000E-003  1.014328837928472E-010
  6.400000000000000E-003  1.014297039657639E-010
  6.420000000000000E-003  1.014265891324523E-010
  6.440000000000000E-003  1.014236210962732E-010
  6.460000000000000E-003  1.014208478463997E-010
  6.480000000000001E-003  1.014183208267412E-010
  6.500000000000001E-003  1.014160989121380E-010
  6.520000000000001E-003  1.014142199271447E-010
  6.540000000000001E-003  1.014126741637682E-010
  6.560000000000001E-003  1.014114090459788E-010
  6.580000000000001E-003  1.014103636252911E-010
  6.600000000000001E-003  1.014094578649101E-010
  6.620000000000001E-003  1.014086153396834E-010
  6.640000000000001E-003  1.014077622218323E-010
  6.660000000000000E-003  1.014068708733662E-010
  6.680000000000000E-003  1.014058958460414E-010
  6.700000000000000E-003  1.014048004348502E-010
  6.720000000000000E-003  1.014035416845334E-010
  6.740000000000000E-003  1.014020793197002E-010
  6.760000000000000E-003  1.014003957715165E-010
  6.780000000000000E-003  1.013984908390490E-010
  6.800000000000000E-003  1.013963651479020E-010
  6.820000000000001E-003  1.013940224974905E-010
  6.840000000000001E-003  1.013914683524081E-010
  6.860000000000001E-003  1.013887222444899E-010
  6.880000000000001E-003  1.013858149800084E-010
  6.900000000000001E-003  1.013827956724535E-010
  6.920000000000001E-003  1.013796982723912E-010
  6.940000000000001E-003  1.013765081056931E-010
  6.960000000000001E-003  1.013732237874720E-010
  6.980000000000001E-003  1.013698810722276E-010
  7.000000000000000E-003  1.013665365735320E-010
  7.020000000000000E-003  1.013632208803517E-010
  7.040000000000000E-003  1.013599482148943E-010
  7.060000000000000E-003  1.013567392132922E-010
  7.080000000000000E-003  1.013536307421071E-010
  7.100000000000000E-003  1.013506699436415E-010
  7.120000000000000E-003  1.013479437087431E-010
  7.140000000000001E-003  1.013455862622026E-010
  7.160000000000001E-003  1.013437643543788E-010
  7.180000000000001E-003  1.013426064448741E-010
  7.200000000000001E-003  1.013420547883436E-010
  7.220000000000001E-003  1.013422724822637E-010
  7.240000000000001E-003  1.013432797528254E-010
  7.260000000000001E-003  1.013457096794210E-010
  7.280000000000001E-003  1.013501546129849E-010
  7.300000000000001E-003  1.013572977483575E-010
  7.320000000000001E-003  1.013679553492344E-010
  7.340000000000000E-003  1.013830652054427E-010
  7.360000000000000E-003  1.014036013570655E-010
  7.380000000000000E-003  1.014304369662884E-010
  7.400000000000000E-003  1.014630769495272E-010
  7.420000000000000E-003  1.014941669274072E-010
  7.440000000000000E-003  1.015202420277535E-010
  7.460000000000000E-003  1.015416545513048E-010
  7.480000000000001E-003  1.015590783174990E-010
  7.500000000000001E-003  1.015732399627865E-010
  7.520000000000001E-003  1.015848873330979E-010
  7.540000000000001E-003  1.015947138187242E-010
  7.560000000000001E-003  1.016032990417402E-010
  7.580000000000001E-003  1.016111061842536E-010
  7.600000000000001E-003  1.016185001371656E-010
  7.620000000000001E-003  1.016257381344320E-010
  7.640000000000001E-003  1.016330147411808E-010
  7.660000000000001E-003  1.016404624126120E-010
  7.680000000000001E-003  1.016482049574074E-010
  7.700000000000000E-003  1.016563353636328E-010
  7.720000000000000E-003  1.016650027533830E-010
  7.740000000000000E-003  1.016743902383491E-010
  7.760000000000000E-003  1.016846987841501E-010
  7.780000000000000E-003  1.016961358583301E-010
  7.800000000000001E-003  1.017088831592718E-010
  7.820000000000001E-003  1.017216989856184E-010
  7.840000000000001E-003  1.017329256544709E-010
  7.860000000000001E-003  1.017423011399123E-010
  7.880000000000000E-003  1.017498071642093E-010
  7.900000000000001E-003  1.017555391358347E-010
  7.920000000000000E-003  1.017596964181479E-010
  7.940000000000001E-003  1.017625455398596E-010
  7.960000000000000E-003  1.017643965893567E-010
  7.980000000000001E-003  1.017655011263834E-010
  8.000000000000000E-003  1.017660799913090E-010
  8.020000000000001E-003  1.017654692890196E-010
  8.040000000000000E-003  1.017636506621192E-010
  8.060000000000001E-003  1.017605627302540E-010
  8.080000000000000E-003  1.017563612406629E-010
  8.100000000000001E-003  1.017513940071163E-010
  8.120000000000000E-003  1.017459598635996E-010
  8.140000000000001E-003  1.017400705343604E-010
  8.160000000000001E-003  1.017337524830009E-010
  8.180000000000002E-003  1.017270231837612E-010
  8.200000000000001E-003  1.017199318074778E-010
  8.220000000000000E-003  1.017125961513775E-010
  8.240000000000001E-003  1.017052785822472E-010
  8.260000000000000E-003  1.016980426122921E-010
  8.280000000000001E-003  1.016908316598294E-010
  8.300000000000000E-003  1.016835982634082E-010
  8.320000000000001E-003  1.016762863834379E-010
  8.340000000000000E-003  1.016689578246651E-010
  8.360000000000001E-003  1.016618489030629E-010
  8.380000000000000E-003  1.016550776355016E-010
  8.400000000000001E-003  1.016486712501311E-010
  8.420000000000000E-003  1.016426415055787E-010
  8.440000000000001E-003  1.016369958261558E-010
  8.460000000000001E-003  1.016317382469265E-010
  8.480000000000001E-003  1.016268753435473E-010
  8.500000000000001E-003  1.016224159409241E-010
  8.520000000000002E-003  1.016183750947929E-010
  8.540000000000001E-003  1.016147785062412E-010
  8.560000000000000E-003  1.016116505336468E-010
  8.580000000000001E-003  1.016090339003469E-010
  8.600000000000000E-003  1.016069560573778E-010
  8.620000000000001E-003  1.016054195176660E-010
  8.640000000000000E-003  1.016044022376561E-010
  8.660000000000001E-003  1.016037262088159E-010
  8.680000000000000E-003  1.016033782333233E-010
  8.700000000000001E-003  1.016034082660237E-010
  8.720000000000000E-003  1.016035540817722E-010
  8.740000000000001E-003  1.016038025948606E-010
  8.760000000000000E-003  1.016040941731913E-010
  8.780000000000001E-003  1.016043675055992E-010
  8.800000000000001E-003  1.016046135781788E-010
  8.820000000000001E-003  1.016048899666782E-010
  8.840000000000001E-003  1.016052452421139E-010
  8.860000000000002E-003  1.016057135150376E-010
  8.880000000000001E-003  1.016063464287186E-010
  8.900000000000000E-003  1.016072334941749E-010
  8.920000000000001E-003  1.016084747332731E-010
  8.940000000000000E-003  1.016101755537001E-010
  8.960000000000001E-003  1.016124245408600E-010
  8.980000000000000E-003  1.016151574874557E-010
  9.000000000000001E-003  1.016187206908290E-010
  9.020000000000000E-003  1.016235106720643E-010
  9.040000000000001E-003  1.016299310569947E-010
  9.060000000000000E-003  1.016383699553059E-010
  9.080000000000001E-003  1.016491644115675E-010
  9.100000000000000E-003  1.016625903928468E-010
  9.120000000000001E-003  1.016772985117776E-010
  9.140000000000001E-003  1.016902369711450E-010
  9.160000000000001E-003  1.017007765131764E-010
  9.180000000000001E-003  1.017090478901048E-010
  9.200000000000002E-003  1.017152847091020E-010
  9.220000000000001E-003  1.017197757797165E-010
  9.240000000000000E-003  1.017228491955007E-010
  9.260000000000001E-003  1.017248601894703E-010
  9.280000000000000E-003  1.017260982363233E-010
  9.300000000000001E-003  1.017267433345401E-010
  9.320000000000000E-003  1.017264474735221E-010
  9.340000000000001E-003  1.017255601261248E-010
  9.360000000000000E-003  1.017240813812161E-010
  9.380000000000001E-003  1.017222109226700E-010
  9.400000000000000E-003  1.017200773964053E-010
  9.420000000000001E-003  1.017176850024329E-010
  9.440000000000000E-003  1.017150234714539E-010
  9.460000000000001E-003  1.017122204921812E-010
  9.480000000000001E-003  1.017093023365173E-010
  9.500000000000001E-003  1.017062335590947E-010
  9.520000000000001E-003  1.017030465950186E-010
  9.540000000000002E-003  1.016996977373387E-010
  9.560000000000001E-003  1.016961588235727E-010
  9.580000000000000E-003  1.016924465716901E-010
  9.600000000000001E-003  1.016885550296561E-010
  9.620000000000000E-003  1.016844644864208E-010
  9.640000000000001E-003  1.016801407634673E-010
  9.660000000000000E-003  1.016755606639498E-010
  9.680000000000001E-003  1.016707143649254E-010
  9.700000000000000E-003  1.016656083871137E-010
  9.720000000000001E-003  1.016602544878048E-010
  9.740000000000000E-003  1.016546674336575E-010
  9.760000000000001E-003  1.016488708462622E-010
  9.780000000000000E-003  1.016428910630186E-010
  9.800000000000001E-003  1.016367901455075E-010
  9.820000000000001E-003  1.016305878713575E-010
  9.840000000000002E-003  1.016243143232103E-010
  9.860000000000001E-003  1.016180855691802E-010
  9.880000000000002E-003  1.016119526924120E-010
  9.900000000000001E-003  1.016059380135978E-010
  9.920000000000000E-003  1.016000622404042E-010
  9.940000000000001E-003  1.015943515301372E-010
  9.960000000000000E-003  1.015888368230879E-010
  9.980000000000001E-003  1.015835503306644E-010
  1.000000000000000E-002  1.015785217163577E-010
  1.002000000000000E-002  1.015737781719851E-010
  1.004000000000000E-002  1.015693457973229E-010
  1.006000000000000E-002  1.015652473499574E-010
  1.008000000000000E-002  1.015614970433754E-010
  1.010000000000000E-002  1.015580977148765E-010
  1.012000000000000E-002  1.015550442517964E-010
  1.014000000000000E-002  1.015523289549537E-010
  1.016000000000000E-002  1.015499422630779E-010
  1.018000000000000E-002  1.015478689197394E-010
  1.020000000000000E-002  1.015460828471235E-010
  1.022000000000000E-002  1.015445501822882E-010
  1.024000000000000E-002  1.015432342846746E-010
  1.026000000000000E-002  1.015421000619212E-010
  1.028000000000000E-002  1.015411089067479E-010
  1.030000000000000E-002  1.015402193801069E-010
  1.032000000000000E-002  1.015393837971460E-010
  1.034000000000000E-002  1.015385713106690E-010
  1.036000000000000E-002  1.015377637787573E-010
  1.038000000000000E-002  1.015369512321010E-010
  1.040000000000000E-002  1.015361223540132E-010
  1.042000000000000E-002  1.015352708467016E-010
  1.044000000000000E-002  1.015343885402243E-010
  1.046000000000000E-002  1.015334736674874E-010
  1.048000000000000E-002  1.015325232124230E-010
  1.050000000000000E-002  1.015315315068403E-010
  1.052000000000000E-002  1.015305047596600E-010
  1.054000000000000E-002  1.015294694584531E-010
  1.056000000000000E-002  1.015284411840691E-010
  1.058000000000000E-002  1.015274321456023E-010
  1.060000000000000E-002  1.015264518937250E-010
  1.062000000000000E-002  1.015255034394979E-010
  1.064000000000000E-002  1.015245904162442E-010
  1.066000000000000E-002  1.015237157114349E-010
  1.068000000000000E-002  1.015228776156948E-010
  1.070000000000000E-002  1.015220712899518E-010
  1.072000000000000E-002  1.015212911185557E-010
  1.074000000000000E-002  1.015205299679805E-010
  1.076000000000000E-002  1.015197822250747E-010
  1.078000000000000E-002  1.015190424126766E-010
  1.080000000000000E-002  1.015183063875326E-010
  1.082000000000000E-002  1.015175690375825E-010
  1.084000000000000E-002  1.015168334486480E-010
  1.086000000000000E-002  1.015161106306459E-010
  1.088000000000000E-002  1.015154118229245E-010
  1.090000000000000E-002  1.015147502679599E-010
  1.092000000000000E-002  1.015141360091763E-010
  1.094000000000000E-002  1.015135668705282E-010
  1.096000000000000E-002  1.015130352922594E-010
  1.098000000000000E-002  1.015125355911884E-010
  1.100000000000000E-002  1.015120654938466E-010
  1.102000000000000E-002  1.015116399495811E-010
  1.104000000000000E-002  1.015112923620709E-010
  1.106000000000000E-002  1.015110970967096E-010
  1.108000000000000E-002  1.015112063083951E-010
  1.110000000000000E-002  1.015115751504860E-010
  1.112000000000000E-002  1.015122441855003E-010
  1.114000000000000E-002  1.015133540995822E-010
  1.116000000000000E-002  1.015149517077025E-010
  1.118000000000000E-002  1.015169381898165E-010
  1.120000000000000E-002  1.015192804704161E-010
  1.122000000000000E-002  1.015221846045798E-010
  1.124000000000000E-002  1.015258183889224E-010
  1.126000000000000E-002  1.015304287303422E-010
  1.128000000000000E-002  1.015363361597575E-010
  1.130000000000000E-002  1.015439437318958E-010
  1.132000000000000E-002  1.015537252815534E-010
  1.134000000000000E-002  1.015661912150650E-010
  1.136000000000000E-002  1.015818465207675E-010
  1.138000000000000E-002  1.016011510308612E-010
  1.140000000000000E-002  1.016244958845776E-010
  1.142000000000000E-002  1.016497093007774E-010
  1.144000000000000E-002  1.016721685921910E-010
  1.146000000000000E-002  1.016907803117843E-010
  1.148000000000000E-002  1.017058035778947E-010
  1.150000000000000E-002  1.017176068691450E-010
  1.152000000000000E-002  1.017266357084177E-010
  1.154000000000000E-002  1.017333701981306E-010
  1.156000000000000E-002  1.017382790105894E-010
  1.158000000000000E-002  1.017417746572292E-010
  1.160000000000000E-002  1.017442299687693E-010
  1.162000000000000E-002  1.017458851843719E-010
  1.164000000000000E-002  1.017470457934742E-010
  1.166000000000000E-002  1.017479142107633E-010
  1.168000000000000E-002  1.017486841002843E-010
  1.170000000000000E-002  1.017495585734590E-010
  1.172000000000000E-002  1.017506310260017E-010
  1.174000000000000E-002  1.017519341275925E-010
  1.176000000000000E-002  1.017535308671799E-010
  1.178000000000000E-002  1.017557224717964E-010
  1.180000000000000E-002  1.017586229422139E-010
  1.182000000000000E-002  1.017622537151897E-010
  1.184000000000000E-002  1.017666669603162E-010
  1.186000000000000E-002  1.017719233043664E-010
  1.188000000000000E-002  1.017777741022578E-010
  1.190000000000000E-002  1.017833429861956E-010
  1.192000000000000E-002  1.017882977961906E-010
  1.194000000000000E-002  1.017925583161857E-010
  1.196000000000000E-002  1.017960566823749E-010
  1.198000000000000E-002  1.017987406541686E-010
  1.200000000000000E-002  1.018006653357246E-010
  1.202000000000000E-002  1.018020189327340E-010
  1.204000000000000E-002  1.018028403117289E-010
  1.206000000000000E-002  1.018033673445241E-010
  1.208000000000000E-002  1.018030083573420E-010
  1.210000000000000E-002  1.018021235896150E-010
  1.212000000000000E-002  1.018004787193877E-010
  1.214000000000000E-002  1.017981499836681E-010
  1.216000000000000E-002  1.017953160142525E-010
  1.218000000000000E-002  1.017921164192222E-010
  1.220000000000000E-002  1.017886229039451E-010
  1.222000000000000E-002  1.017848775712865E-010
  1.224000000000000E-002  1.017809361753799E-010
  1.226000000000000E-002  1.017768923788995E-010
  1.228000000000000E-002  1.017728475638815E-010
  1.230000000000000E-002  1.017688752260530E-010
  1.232000000000000E-002  1.017650150282086E-010
  1.234000000000000E-002  1.017612995515972E-010
  1.236000000000000E-002  1.017577594834379E-010
  1.238000000000000E-002  1.017544256358468E-010
  1.240000000000000E-002  1.017513210918776E-010
  1.242000000000000E-002  1.017484597558257E-010
  1.244000000000000E-002  1.017458511328125E-010
  1.246000000000000E-002  1.017434968940454E-010
  1.248000000000000E-002  1.017413954793211E-010
  1.250000000000000E-002  1.017395406910615E-010
  1.252000000000000E-002  1.017379218640732E-010
  1.254000000000000E-002  1.017365342153377E-010
  1.256000000000000E-002  1.017353750365620E-010
  1.258000000000000E-002  1.017344532762287E-010
  1.260000000000000E-002  1.017337783625216E-010
  1.262000000000000E-002  1.017333478240467E-010
  1.264000000000000E-002  1.017331415656707E-010
  1.266000000000000E-002  1.017331226085500E-010
  1.268000000000000E-002  1.017332250293526E-010
  1.270000000000000E-002  1.017333806601820E-010
  1.272000000000000E-002  1.017335475640730E-010
  1.274000000000000E-002  1.017336912765323E-010
  1.276000000000000E-002  1.017338116562691E-010
  1.278000000000000E-002  1.017339868457424E-010
  1.280000000000000E-002  1.017342829164994E-010
  1.282000000000000E-002  1.017347814663708E-010
  1.284000000000000E-002  1.017355402407310E-010
  1.286000000000000E-002  1.017366501452336E-010
  1.288000000000000E-002  1.017381639832310E-010
  1.290000000000000E-002  1.017401284481072E-010
  1.292000000000000E-002  1.017425720634771E-010
  1.294000000000000E-002  1.017455242314478E-010
  1.296000000000000E-002  1.017488212324824E-010
  1.298000000000000E-002  1.017522034717665E-010
  1.300000000000000E-002  1.017556489746363E-010
  1.302000000000000E-002  1.017591198978252E-010
  1.304000000000000E-002  1.017626165868335E-010
  1.306000000000000E-002  1.017661616597598E-010
  1.308000000000000E-002  1.017697739206411E-010
  1.310000000000000E-002  1.017734829097462E-010
  1.312000000000000E-002  1.017773281784301E-010
  1.314000000000000E-002  1.017813529715518E-010
  1.316000000000000E-002  1.017855969440779E-010
  1.318000000000000E-002  1.017901157607240E-010
  1.320000000000000E-002  1.017949590486569E-010
  1.322000000000000E-002  1.018002175706660E-010
  1.324000000000000E-002  1.018058295103685E-010
  1.326000000000000E-002  1.018117916436691E-010
  1.328000000000000E-002  1.018181418351382E-010
  1.330000000000000E-002  1.018248972672346E-010
  1.332000000000000E-002  1.018320633350775E-010
  1.334000000000000E-002  1.018396426405087E-010
  1.336000000000000E-002  1.018474723019544E-010
  1.338000000000000E-002  1.018552059054164E-010
  1.340000000000000E-002  1.018625726298357E-010
  1.342000000000000E-002  1.018694685958560E-010
  1.344000000000000E-002  1.018758561844070E-010
  1.346000000000000E-002  1.018817239086334E-010
  1.348000000000000E-002  1.018870650923461E-010
  1.350000000000000E-002  1.018918866658964E-010
  1.352000000000000E-002  1.018962135484088E-010
  1.354000000000000E-002  1.019000824830428E-010
  1.356000000000000E-002  1.019035331224547E-010
  1.358000000000000E-002  1.019066021187003E-010
  1.360000000000000E-002  1.019093258488402E-010
  1.362000000000000E-002  1.019117390363817E-010
  1.364000000000000E-002  1.019139182825938E-010
  1.366000000000000E-002  1.019158160868191E-010
  1.368000000000000E-002  1.019174540772477E-010
  1.370000000000000E-002  1.019188479006030E-010
  1.372000000000000E-002  1.019199960004914E-010
  1.374000000000000E-002  1.019208964422016E-010
  1.376000000000000E-002  1.019215747183986E-010
  1.378000000000000E-002  1.019220457663729E-010
  1.380000000000000E-002  1.019222573352634E-010
  1.382000000000000E-002  1.019221949356688E-010
  1.384000000000000E-002  1.019219340173961E-010
  1.386000000000000E-002  1.019214405879370E-010
  1.388000000000000E-002  1.019207308554385E-010
  1.390000000000000E-002  1.019198147459199E-010
  1.392000000000000E-002  1.019186929199045E-010
  1.394000000000000E-002  1.019173670048332E-010
  1.396000000000000E-002  1.019158434539867E-010
  1.398000000000000E-002  1.019141335318767E-010
  1.400000000000000E-002  1.019122557948513E-010
  1.402000000000000E-002  1.019102315314450E-010
  1.404000000000000E-002  1.019080854150389E-010
  1.406000000000000E-002  1.019058482107074E-010
  1.408000000000000E-002  1.019035495150828E-010
  1.410000000000000E-002  1.019012126796761E-010
  1.412000000000000E-002  1.018988610068696E-010
  1.414000000000000E-002  1.018965116316610E-010
  1.416000000000000E-002  1.018941781460201E-010
  1.418000000000000E-002  1.018918653409844E-010
  1.420000000000000E-002  1.018895783906189E-010
  1.422000000000000E-002  1.018873216173823E-010
  1.424000000000000E-002  1.018850987899122E-010
  1.426000000000000E-002  1.018829116566604E-010
  1.428000000000000E-002  1.018807622832309E-010
  1.430000000000000E-002  1.018786524533679E-010
  1.432000000000000E-002  1.018765831895570E-010
  1.434000000000000E-002  1.018745580284745E-010
  1.436000000000000E-002  1.018725846115266E-010
  1.438000000000000E-002  1.018706740894438E-010
  1.440000000000000E-002  1.018688401757769E-010
  1.442000000000000E-002  1.018670973300717E-010
  1.444000000000000E-002  1.018654575123795E-010
  1.446000000000000E-002  1.018639283750036E-010
  1.448000000000000E-002  1.018625148398016E-010
  1.450000000000000E-002  1.018612221439614E-010
  1.452000000000000E-002  1.018600573516110E-010
  1.454000000000000E-002  1.018590288662791E-010
  1.456000000000000E-002  1.018581428763650E-010
  1.458000000000000E-002  1.018574044430977E-010
  1.460000000000000E-002  1.018567967491856E-010
  1.462000000000000E-002  1.018563520678262E-010
  1.464000000000000E-002  1.018560545525320E-010
  1.466000000000000E-002  1.018558930021015E-010
  1.468000000000000E-002  1.018558684732981E-010
  1.470000000000000E-002  1.018559427765948E-010
  1.472000000000000E-002  1.018560722710826E-010
  1.474000000000000E-002  1.018562185008986E-010
  1.476000000000000E-002  1.018563655639075E-010
  1.478000000000000E-002  1.018564768423171E-010
  1.480000000000000E-002  1.018564500854836E-010
  1.482000000000000E-002  1.018563352734124E-010
  1.484000000000000E-002  1.018561297976936E-010
  1.486000000000000E-002  1.018558213433810E-010
  1.488000000000000E-002  1.018552807302443E-010
  1.490000000000000E-002  1.018544474714851E-010
  1.492000000000000E-002  1.018533845461009E-010
  1.494000000000000E-002  1.018521423050707E-010
  1.496000000000000E-002  1.018506588482609E-010
  1.498000000000000E-002  1.018489532035643E-010
  1.500000000000000E-002  1.018470419143630E-010
  1.502000000000000E-002  1.018449030263394E-010
  1.504000000000000E-002  1.018425548249538E-010
  1.506000000000000E-002  1.018400052052627E-010
  1.508000000000000E-002  1.018372712259023E-010
  1.510000000000000E-002  1.018343711856647E-010
  1.512000000000000E-002  1.018313173695248E-010
  1.514000000000000E-002  1.018281171199858E-010
  1.516000000000000E-002  1.018247710977741E-010
  1.518000000000000E-002  1.018212816421717E-010
  1.520000000000000E-002  1.018176563147984E-010
  1.522000000000000E-002  1.018139098459636E-010
  1.524000000000000E-002  1.018100611032272E-010
  1.526000000000000E-002  1.018061147824986E-010
  1.528000000000000E-002  1.018020705036585E-010
  1.530000000000000E-002  1.017979339080675E-010
  1.532000000000000E-002  1.017937139593940E-010
  1.534000000000000E-002  1.017894147496099E-010
  1.536000000000000E-002  1.017850434540034E-010
  1.538000000000000E-002  1.017806285590923E-010
  1.540000000000000E-002  1.017762162119431E-010
  1.542000000000000E-002  1.017718318897021E-010
  1.544000000000000E-002  1.017674921428332E-010
  1.546000000000000E-002  1.017632139482855E-010
  1.548000000000000E-002  1.017590100349866E-010
  1.550000000000000E-002  1.017548917369847E-010
  1.552000000000000E-002  1.017508657606445E-010
  1.554000000000000E-002  1.017469327190661E-010
  1.556000000000000E-002  1.017430906431856E-010
  1.558000000000000E-002  1.017393291415472E-010
  1.560000000000000E-002  1.017356384864111E-010
  1.562000000000000E-002  1.017320025508953E-010
  1.564000000000000E-002  1.017284095109865E-010
  1.566000000000000E-002  1.017248435776143E-010
  1.568000000000000E-002  1.017212960498214E-010
  1.570000000000000E-002  1.017177551728457E-010
  1.572000000000000E-002  1.017142167381450E-010
  1.574000000000000E-002  1.017106623481468E-010
  1.576000000000000E-002  1.017070771004289E-010
  1.578000000000000E-002  1.017034551554466E-010
  1.580000000000000E-002  1.016997979178351E-010
  1.582000000000000E-002  1.016961111007163E-010
  1.584000000000000E-002  1.016923972541644E-010
  1.586000000000000E-002  1.016886653263002E-010
  1.588000000000000E-002  1.016849196098638E-010
  1.590000000000000E-002  1.016811716434309E-010
  1.592000000000000E-002  1.016774515992504E-010
  1.594000000000000E-002  1.016737719430910E-010
  1.596000000000000E-002  1.016701477455279E-010
  1.598000000000000E-002  1.016665945861056E-010
  1.600000000000000E-002  1.016631309092967E-010
  1.602000000000000E-002  1.016597749594391E-010
  1.604000000000000E-002  1.016565379172735E-010
  1.606000000000000E-002  1.016534050134698E-010
  1.608000000000000E-002  1.016503554083029E-010
  1.610000000000000E-002  1.016473933605782E-010
  1.612000000000000E-002  1.016445281975072E-010
  1.614000000000000E-002  1.016417636439571E-010
  1.616000000000000E-002  1.016391003020946E-010
  1.618000000000000E-002  1.016365423658590E-010
  1.620000000000000E-002  1.016340892507422E-010
  1.622000000000000E-002  1.016317417075360E-010
  1.624000000000000E-002  1.016295007761425E-010
  1.626000000000000E-002  1.016273680713252E-010
  1.628000000000000E-002  1.016253459581425E-010
  1.630000000000000E-002  1.016234374297222E-010
  1.632000000000000E-002  1.016216462184729E-010
  1.634000000000000E-002  1.016199775287989E-010
  1.636000000000000E-002  1.016184379572662E-010
  1.638000000000000E-002  1.016170333174394E-010
  1.640000000000000E-002  1.016157659559898E-010
  1.642000000000000E-002  1.016146365688061E-010
  1.644000000000000E-002  1.016136409907640E-010
  1.646000000000000E-002  1.016127856669680E-010
  1.648000000000000E-002  1.016120454289823E-010
  1.650000000000000E-002  1.016114111707651E-010
  1.652000000000000E-002  1.016108841262911E-010
  1.654000000000000E-002  1.016104725610729E-010
  1.656000000000000E-002  1.016101910410110E-010
  1.658000000000000E-002  1.016100484868108E-010
  1.660000000000000E-002  1.016100317456971E-010
  1.662000000000000E-002  1.016101397270455E-010
  1.664000000000000E-002  1.016103044633688E-010
  1.666000000000000E-002  1.016104902152359E-010
  1.668000000000000E-002  1.016107686124760E-010
  1.670000000000000E-002  1.016112399753361E-010
  1.672000000000000E-002  1.016120003715267E-010
  1.674000000000000E-002  1.016131778700057E-010
  1.676000000000000E-002  1.016148989864922E-010
  1.678000000000000E-002  1.016173032933638E-010
  1.680000000000000E-002  1.016205460064704E-010
  1.682000000000000E-002  1.016247951688134E-010
  1.684000000000000E-002  1.016302295216629E-010
  1.686000000000000E-002  1.016370361613904E-010
  1.688000000000000E-002  1.016454009024350E-010
  1.690000000000000E-002  1.016555041270268E-010
  1.692000000000000E-002  1.016675113246497E-010
  1.694000000000000E-002  1.016815714170208E-010
  1.696000000000000E-002  1.016978038400652E-010
  1.698000000000000E-002  1.017156163148892E-010
  1.700000000000000E-002  1.017326472517466E-010
  1.702000000000000E-002  1.017479559886182E-010
  1.704000000000000E-002  1.017614894437369E-010
  1.706000000000000E-002  1.017733827623423E-010
  1.708000000000000E-002  1.017837582662383E-010
  1.710000000000000E-002  1.017927563945573E-010
  1.712000000000000E-002  1.018005133666457E-010
  1.714000000000000E-002  1.018071618513934E-010
  1.716000000000000E-002  1.018128250542289E-010
  1.718000000000000E-002  1.018176157139888E-010
  1.720000000000000E-002  1.018216360353856E-010
  1.722000000000000E-002  1.018249788413697E-010
  1.724000000000000E-002  1.018277282873022E-010
  1.726000000000000E-002  1.018299601920323E-010
  1.728000000000000E-002  1.018317418398396E-010
  1.730000000000000E-002  1.018331339386272E-010
  1.732000000000000E-002  1.018341929030825E-010
  1.734000000000000E-002  1.018349731269591E-010
  1.736000000000000E-002  1.018355357524643E-010
  1.738000000000000E-002  1.018359291619832E-010
  1.740000000000000E-002  1.018362028948941E-010
  1.742000000000000E-002  1.018364018886444E-010
  1.744000000000000E-002  1.018365698681895E-010
  1.746000000000000E-002  1.018367329606098E-010
  1.748000000000000E-002  1.018369156576144E-010
  1.750000000000000E-002  1.018371314421326E-010
  1.752000000000000E-002  1.018374136727627E-010
  1.754000000000000E-002  1.018377626962769E-010
  1.756000000000000E-002  1.018381893626820E-010
  1.758000000000000E-002  1.018386913721194E-010
  1.760000000000000E-002  1.018392586376465E-010
  1.762000000000000E-002  1.018398796726124E-010
  1.764000000000000E-002  1.018405371307779E-010
  1.766000000000000E-002  1.018412130418986E-010
  1.768000000000000E-002  1.018418745041401E-010
  1.770000000000000E-002  1.018425123186042E-010
  1.772000000000000E-002  1.018431156445237E-010
  1.774000000000000E-002  1.018436742776885E-010
  1.776000000000000E-002  1.018441799198429E-010
  1.778000000000000E-002  1.018446259420331E-010
  1.780000000000000E-002  1.018450084006658E-010
  1.782000000000000E-002  1.018453249887153E-010
  1.784000000000000E-002  1.018455787982255E-010
  1.786000000000000E-002  1.018457722891597E-010
  1.788000000000000E-002  1.018459071965563E-010
  1.790000000000000E-002  1.018459896678880E-010
  1.792000000000000E-002  1.018460268457711E-010
  1.794000000000000E-002  1.018459570984923E-010
  1.796000000000000E-002  1.018457893615565E-010
  1.798000000000000E-002  1.018455366256642E-010
  1.800000000000000E-002  1.018452004167762E-010
  1.802000000000000E-002  1.018447649939283E-010
  1.804000000000000E-002  1.018442329026880E-010
  1.806000000000000E-002  1.018436021184758E-010
  1.808000000000000E-002  1.018428675796756E-010
  1.810000000000000E-002  1.018420341842133E-010
  1.812000000000000E-002  1.018411043380646E-010
  1.814000000000000E-002  1.018400849244941E-010
  1.816000000000000E-002  1.018389835641518E-010
  1.818000000000000E-002  1.018378102308263E-010
  1.820000000000000E-002  1.018365748001167E-010
  1.822000000000000E-002  1.018352818415381E-010
  1.824000000000000E-002  1.018339654700120E-010
  1.826000000000000E-002  1.018326718081551E-010
  1.828000000000000E-002  1.018314207850187E-010
  1.830000000000000E-002  1.018302314193702E-010
  1.832000000000000E-002  1.018291286849270E-010
  1.834000000000000E-002  1.018281226793663E-010
  1.836000000000000E-002  1.018272299089400E-010
  1.838000000000000E-002  1.018264448642329E-010
  1.840000000000000E-002  1.018257736577216E-010
  1.842000000000000E-002  1.018252272426758E-010
  1.844000000000000E-002  1.018248290470448E-010
  1.846000000000000E-002  1.018245489321362E-010
  1.848000000000000E-002  1.018243715400935E-010
  1.850000000000000E-002  1.018243566417958E-010
  1.852000000000000E-002  1.018244681852528E-010
  1.854000000000000E-002  1.018247059916859E-010
  1.856000000000000E-002  1.018250634133100E-010
  1.858000000000000E-002  1.018255470898276E-010
  1.860000000000000E-002  1.018261767285911E-010
  1.862000000000000E-002  1.018269595595499E-010
  1.864000000000000E-002  1.018278547171319E-010
  1.866000000000000E-002  1.018288311293475E-010
  1.868000000000000E-002  1.018298823541273E-010
  1.870000000000000E-002  1.018310369505465E-010
  1.872000000000000E-002  1.018322886182144E-010
  1.874000000000000E-002  1.018336173614562E-010
  1.876000000000000E-002  1.018350359293379E-010
  1.878000000000000E-002  1.018365240976373E-010
  1.880000000000000E-002  1.018380873931727E-010
  1.882000000000000E-002  1.018397293135843E-010
  1.884000000000000E-002  1.018414546672775E-010
  1.886000000000000E-002  1.018432590016380E-010
  1.888000000000000E-002  1.018451481522106E-010
  1.890000000000000E-002  1.018471136572817E-010
  1.892000000000000E-002  1.018491202351068E-010
  1.894000000000000E-002  1.018511384436754E-010
  1.896000000000000E-002  1.018531556967207E-010
  1.898000000000000E-002  1.018551662357907E-010
  1.900000000000000E-002  1.018571595813256E-010
  1.902000000000000E-002  1.018591279670644E-010
  1.904000000000000E-002  1.018610903881154E-010
  1.906000000000000E-002  1.018630758487540E-010
  1.908000000000000E-002  1.018651197653458E-010
  1.910000000000000E-002  1.018672981160392E-010
  1.912000000000000E-002  1.018696119793831E-010
  1.914000000000000E-002  1.018719420064015E-010
  1.916000000000000E-002  1.018743168454211E-010
  1.918000000000000E-002  1.018767456188738E-010
  1.920000000000000E-002  1.018792299284707E-010
  1.922000000000000E-002  1.018817867687390E-010
  1.924000000000000E-002  1.018844448590056E-010
  1.926000000000000E-002  1.018872372991123E-010
  1.928000000000000E-002  1.018901964803669E-010
  1.930000000000000E-002  1.018933491674417E-010
  1.932000000000000E-002  1.018967116671933E-010
  1.934000000000000E-002  1.019002936140475E-010
  1.936000000000000E-002  1.019040971922452E-010
  1.938000000000000E-002  1.019081235678852E-010
  1.940000000000000E-002  1.019123639270092E-010
  1.942000000000000E-002  1.019168290904463E-010
  1.944000000000000E-002  1.019213993232744E-010
  1.946000000000000E-002  1.019258635960870E-010
  1.948000000000000E-002  1.019300733790538E-010
  1.950000000000000E-002  1.019339969951100E-010
  1.952000000000000E-002  1.019376854830731E-010
  1.954000000000000E-002  1.019411439728247E-010
  1.956000000000000E-002  1.019443792159648E-010
  1.958000000000000E-002  1.019474027870194E-010
  1.960000000000000E-002  1.019502160947639E-010
  1.962000000000000E-002  1.019528141519872E-010
  1.964000000000000E-002  1.019551861391023E-010
  1.966000000000000E-002  1.019573199760378E-010
  1.968000000000000E-002  1.019592048889659E-010
  1.970000000000000E-002  1.019608290625676E-010
  1.972000000000000E-002  1.019621877255079E-010
  1.974000000000000E-002  1.019632891991148E-010
  1.976000000000000E-002  1.019641304415690E-010
  1.978000000000000E-002  1.019646433485410E-010
  1.980000000000000E-002  1.019649470062083E-010
  1.982000000000000E-002  1.019648884981910E-010
  1.984000000000000E-002  1.019646611209457E-010
  1.986000000000000E-002  1.019641982331830E-010
  1.988000000000000E-002  1.019635112557278E-010
  1.990000000000000E-002  1.019626047915055E-010
  1.992000000000000E-002  1.019614998667123E-010
  1.994000000000000E-002  1.019602165236618E-010
  1.996000000000000E-002  1.019587825153375E-010
  1.998000000000000E-002  1.019572243872396E-010
  2.000000000000000E-002  1.019555613073078E-010
  2.002000000000000E-002  1.019538122803756E-010
  2.004000000000000E-002  1.019519971781107E-010
  2.006000000000000E-002  1.019501321086201E-010
  2.008000000000000E-002  1.019482272279165E-010
  2.010000000000000E-002  1.019462916572159E-010
  2.012000000000000E-002  1.019443375888536E-010
  2.014000000000000E-002  1.019423761288895E-010
  2.016000000000000E-002  1.019404146123351E-010
  2.018000000000000E-002  1.019384565735394E-010
  2.020000000000000E-002  1.019365037329521E-010
  2.022000000000000E-002  1.019345593666097E-010
  2.024000000000000E-002  1.019326373911918E-010
  2.026000000000000E-002  1.019307593915366E-010
  2.028000000000000E-002  1.019289295237728E-010
  2.030000000000000E-002  1.019271505531503E-010
  2.032000000000000E-002  1.019254523707456E-010
  2.034000000000000E-002  1.019238461053928E-010
  2.036000000000000E-002  1.019223272784555E-010
  2.038000000000000E-002  1.019209069893083E-010
  2.040000000000000E-002  1.019195961120336E-010
  2.042000000000000E-002  1.019184023793165E-010
  2.044000000000000E-002  1.019173324470740E-010
  2.046000000000000E-002  1.019163928091741E-010
  2.048000000000000E-002  1.019155860573627E-010
  2.050000000000000E-002  1.019149053268926E-010
  2.052000000000000E-002  1.019143491905983E-010
  2.054000000000000E-002  1.019139178027213E-010
  2.056000000000000E-002  1.019136128124272E-010
  2.058000000000000E-002  1.019134421891318E-010
  2.060000000000000E-002  1.019134317624320E-010
  2.062000000000000E-002  1.019135745795048E-010
  2.064000000000000E-002  1.019138374516062E-010
  2.066000000000000E-002  1.019141891532631E-010
  2.068000000000000E-002  1.019146152168537E-010
  2.070000000000000E-002  1.019151249734682E-010
  2.072000000000000E-002  1.019157263390449E-010
  2.074000000000000E-002  1.019164109959941E-010
  2.076000000000000E-002  1.019171740912742E-010
  2.078000000000000E-002  1.019180185997183E-010
  2.080000000000000E-002  1.019189386695969E-010
  2.082000000000000E-002  1.019199346506224E-010
  2.084000000000000E-002  1.019210077997816E-010
  2.086000000000000E-002  1.019221618478928E-010
  2.088000000000000E-002  1.019234008433567E-010
  2.090000000000000E-002  1.019247281331381E-010
  2.092000000000000E-002  1.019261484919753E-010
  2.094000000000000E-002  1.019276678694709E-010
  2.096000000000000E-002  1.019292891168253E-010
  2.098000000000000E-002  1.019310221510287E-010
  2.100000000000000E-002  1.019328692412631E-010
  2.102000000000000E-002  1.019348376796787E-010
  2.104000000000000E-002  1.019369373397843E-010
  2.106000000000000E-002  1.019391759776546E-010
  2.108000000000000E-002  1.019415639422648E-010
  2.110000000000000E-002  1.019441117410573E-010
  2.112000000000000E-002  1.019468294096034E-010
  2.114000000000000E-002  1.019497248508496E-010
  2.116000000000000E-002  1.019528063621585E-010
  2.118000000000000E-002  1.019560736060787E-010
  2.120000000000000E-002  1.019595381671884E-010
  2.122000000000000E-002  1.019631951579078E-010
  2.124000000000000E-002  1.019669805513182E-010
  2.126000000000000E-002  1.019708074008143E-010
  2.128000000000000E-002  1.019745985222094E-010
  2.130000000000000E-002  1.019783296036594E-010
  2.132000000000000E-002  1.019819897883804E-010
  2.134000000000000E-002  1.019855615914244E-010
  2.136000000000000E-002  1.019890319697258E-010
  2.138000000000000E-002  1.019923928409686E-010
  2.140000000000000E-002  1.019956385839315E-010
  2.142000000000000E-002  1.019987655335338E-010
  2.144000000000000E-002  1.020017713503371E-010
  2.146000000000000E-002  1.020046545750592E-010
  2.148000000000000E-002  1.020074141138786E-010
  2.150000000000000E-002  1.020100494735316E-010
  2.152000000000000E-002  1.020125609628147E-010
  2.154000000000000E-002  1.020149500735838E-010
  2.156000000000000E-002  1.020172200488101E-010
  2.158000000000000E-002  1.020193761556808E-010
  2.160000000000000E-002  1.020214259994159E-010
  2.162000000000000E-002  1.020233791648591E-010
  2.164000000000000E-002  1.020252470016900E-010
  2.166000000000000E-002  1.020270408228713E-010
  2.168000000000000E-002  1.020287720944008E-010
  2.170000000000000E-002  1.020304473849400E-010
  2.172000000000000E-002  1.020320752863508E-010
  2.174000000000000E-002  1.020336642397626E-010
  2.176000000000000E-002  1.020352212082117E-010
  2.178000000000000E-002  1.020367532522602E-010
  2.180000000000000E-002  1.020382591125318E-010
  2.182000000000000E-002  1.020397402197328E-010
  2.184000000000000E-002  1.020411937855853E-010
  2.186000000000000E-002  1.020425997352685E-010
  2.188000000000000E-002  1.020439481619037E-010
  2.190000000000000E-002  1.020452201747747E-010
  2.192000000000000E-002  1.020464248677993E-010
  2.194000000000000E-002  1.020475426727624E-010
  2.196000000000000E-002  1.020485471908263E-010
  2.198000000000000E-002  1.020494089584934E-010
  2.200000000000000E-002  1.020501145023936E-010
  2.202000000000000E-002  1.020506567021771E-010
  2.204000000000000E-002  1.020510630370392E-010
  2.206000000000000E-002  1.020513639695250E-010
  2.208000000000000E-002  1.020515638502195E-010
  2.210000000000000E-002  1.020516662273263E-010
  2.212000000000000E-002  1.020516697398383E-010
  2.214000000000000E-002  1.020515917326433E-010
  2.216000000000000E-002  1.020514285491347E-010
  2.218000000000000E-002  1.020511746751461E-010
  2.220000000000000E-002  1.020508259792950E-010
  2.222000000000000E-002  1.020503852740058E-010
  2.224000000000000E-002  1.020498612779527E-010
  2.226000000000000E-002  1.020492598068727E-010
  2.228000000000000E-002  1.020485854135377E-010
  2.230000000000000E-002  1.020478412069516E-010
  2.232000000000000E-002  1.020470297194921E-010
  2.234000000000000E-002  1.020461522238978E-010
  2.236000000000000E-002  1.020452092737353E-010
  2.238000000000000E-002  1.020442006251019E-010
  2.240000000000000E-002  1.020431258143692E-010
  2.242000000000000E-002  1.020419853707168E-010
  2.244000000000000E-002  1.020407812608839E-010
  2.246000000000000E-002  1.020395162735140E-010
  2.248000000000000E-002  1.020381929494943E-010
  2.250000000000000E-002  1.020368133569187E-010
  2.252000000000000E-002  1.020353793875907E-010
  2.254000000000000E-002  1.020338933182044E-010
  2.256000000000000E-002  1.020323579844331E-010
  2.258000000000000E-002  1.020307775507756E-010
  2.260000000000000E-002  1.020291564427244E-010
  2.262000000000000E-002  1.020274999922605E-010
  2.264000000000000E-002  1.020258131084444E-010
  2.266000000000000E-002  1.020241019591333E-010
  2.268000000000000E-002  1.020223752191325E-010
  2.270000000000000E-002  1.020206454852517E-010
  2.272000000000000E-002  1.020189287071966E-010
  2.274000000000000E-002  1.020172311442255E-010
  2.276000000000000E-002  1.020155548936134E-010
  2.278000000000000E-002  1.020139024239145E-010
  2.280000000000000E-002  1.020122773708951E-010
  2.282000000000000E-002  1.020106861045333E-010
  2.284000000000000E-002  1.020091290140167E-010
  2.286000000000000E-002  1.020076047690256E-010
  2.288000000000000E-002  1.020061118846169E-010
  2.290000000000000E-002  1.020046498488389E-010
  2.292000000000000E-002  1.020032179062444E-010
  2.294000000000000E-002  1.020018142215481E-010
  2.296000000000000E-002  1.020004347365400E-010
  2.298000000000000E-002  1.019990744456083E-010
  2.300000000000000E-002  1.019977294488268E-010
  2.302000000000000E-002  1.019963979211437E-010
  2.304000000000000E-002  1.019950796500245E-010
  2.306000000000000E-002  1.019937753373972E-010
  2.308000000000000E-002  1.019924867187241E-010
  2.310000000000000E-002  1.019912139825955E-010
  2.312000000000000E-002  1.019899577531165E-010
  2.314000000000000E-002  1.019887183187031E-010
  2.316000000000000E-002  1.019874936963814E-010
  2.318000000000000E-002  1.019862794092868E-010
  2.320000000000000E-002  1.019850725207646E-010
  2.322000000000000E-002  1.019838714310086E-010
  2.324000000000000E-002  1.019826724534742E-010
  2.326000000000000E-002  1.019814718890001E-010
  2.328000000000000E-002  1.019802675908574E-010
  2.330000000000000E-002  1.019790577095531E-010
  2.332000000000000E-002  1.019778407003932E-010
  2.334000000000000E-002  1.019766149193478E-010
  2.336000000000000E-002  1.019753773322229E-010
  2.338000000000000E-002  1.019741274680238E-010
  2.340000000000000E-002  1.019728655733900E-010
  2.342000000000000E-002  1.019715931897973E-010
  2.344000000000000E-002  1.019703135898193E-010
  2.346000000000000E-002  1.019690305609490E-010
  2.348000000000000E-002  1.019677470107499E-010
  2.350000000000000E-002  1.019664655072843E-010
  2.352000000000000E-002  1.019651906491196E-010
  2.354000000000000E-002  1.019639267202049E-010
  2.356000000000000E-002  1.019626770345581E-010
  2.358000000000000E-002  1.019614440640775E-010
  2.360000000000000E-002  1.019602288322703E-010
  2.362000000000000E-002  1.019590320578883E-010
  2.364000000000000E-002  1.019578544572117E-010
  2.366000000000000E-002  1.019566963082110E-010
  2.368000000000000E-002  1.019555569595989E-010
  2.370000000000000E-002  1.019544346557214E-010
  2.372000000000000E-002  1.019533282928140E-010
  2.374000000000000E-002  1.019522389617276E-010
  2.376000000000000E-002  1.019511701002385E-010
  2.378000000000000E-002  1.019501238084098E-010
  2.380000000000000E-002  1.019491012200358E-010
  2.382000000000000E-002  1.019481036989339E-010
  2.384000000000000E-002  1.019471326744763E-010
  2.386000000000000E-002  1.019461908361278E-010
  2.388000000000000E-002  1.019452823923573E-010
  2.390000000000000E-002  1.019444122529744E-010
  2.392000000000000E-002  1.019435854617472E-010
  2.394000000000000E-002  1.019428061241633E-010
  2.396000000000000E-002  1.019420772942720E-010
  2.398000000000000E-002  1.019413998671569E-010
  2.400000000000000E-002  1.019407738675584E-010
  2.402000000000000E-002  1.019401969847301E-010
  2.404000000000000E-002  1.019396663238000E-010
  2.406000000000000E-002  1.019391785790311E-010
  2.408000000000000E-002  1.019387300579576E-010
  2.410000000000000E-002  1.019383171807483E-010
  2.412000000000000E-002  1.019379378757048E-010
  2.414000000000000E-002  1.019375893371273E-010
  2.416000000000000E-002  1.019372684526157E-010
  2.418000000000000E-002  1.019369728415932E-010
  2.420000000000000E-002  1.019366993881096E-010
  2.422000000000000E-002  1.019364460328291E-010
  2.424000000000000E-002  1.019362128677185E-010
  2.426000000000000E-002  1.019360010664003E-010
  2.428000000000000E-002  1.019358128304212E-010
  2.430000000000000E-002  1.019356535737252E-010
  2.432000000000000E-002  1.019355291443926E-010
  2.434000000000000E-002  1.019354462277001E-010
  2.436000000000000E-002  1.019354123281804E-010
  2.438000000000000E-002  1.019354411402286E-010
  2.440000000000000E-002  1.019355262674101E-010
  2.442000000000000E-002  1.019356789293425E-010
  2.444000000000000E-002  1.019359036302254E-010
  2.446000000000000E-002  1.019362069041335E-010
  2.448000000000000E-002  1.019365946754617E-010
  2.450000000000000E-002  1.019370727674090E-010
  2.452000000000000E-002  1.019376382506347E-010
  2.454000000000000E-002  1.019382932764421E-010
  2.456000000000000E-002  1.019390429469350E-010
  2.458000000000000E-002  1.019398796712642E-010
  2.460000000000000E-002  1.019408012208921E-010
  2.462000000000000E-002  1.019417902651047E-010
  2.464000000000000E-002  1.019428261666201E-010
  2.466000000000000E-002  1.019438993813527E-010
  2.468000000000000E-002  1.019450110833627E-010
  2.470000000000000E-002  1.019461770896363E-010
  2.472000000000000E-002  1.019473996641728E-010
  2.474000000000000E-002  1.019486789170173E-010
  2.476000000000000E-002  1.019500211917062E-010
  2.478000000000000E-002  1.019514373818095E-010
  2.480000000000000E-002  1.019529354116035E-010
  2.482000000000000E-002  1.019545219619221E-010
  2.484000000000000E-002  1.019562055257007E-010
  2.486000000000000E-002  1.019579934938541E-010
  2.488000000000000E-002  1.019598890478258E-010
  2.490000000000000E-002  1.019618922719589E-010
  2.492000000000000E-002  1.019640032050402E-010
  2.494000000000000E-002  1.019662076161355E-010
  2.496000000000000E-002  1.019685254913209E-010
  2.498000000000000E-002  1.019708899403820E-010
  2.500000000000000E-002  1.019732221476467E-010
  2.502000000000000E-002  1.019754011889990E-010
  2.504000000000000E-002  1.019774068756132E-010
  2.506000000000000E-002  1.019792390592957E-010
  2.508000000000000E-002  1.019808945001179E-010
  2.510000000000000E-002  1.019823750654724E-010
  2.512000000000000E-002  1.019836983643917E-010
  2.514000000000000E-002  1.019848604816262E-010
  2.516000000000000E-002  1.019858873246629E-010
  2.518000000000000E-002  1.019867855177693E-010
  2.520000000000000E-002  1.019875616648233E-010
  2.522000000000000E-002  1.019882223872841E-010
  2.524000000000000E-002  1.019887707513859E-010
  2.526000000000000E-002  1.019892102014732E-010
  2.528000000000000E-002  1.019895498379500E-010
  2.530000000000000E-002  1.019897864920772E-010
  2.532000000000000E-002  1.019899162857392E-010
  2.534000000000000E-002  1.019899448096910E-010
  2.536000000000000E-002  1.019898743737334E-010
  2.538000000000000E-002  1.019897270091956E-010
  2.540000000000000E-002  1.019895089389934E-010
  2.542000000000000E-002  1.019892216929558E-010
  2.544000000000000E-002  1.019888499983333E-010
  2.546000000000000E-002  1.019883585121342E-010
  2.548000000000000E-002  1.019877551774447E-010
  2.550000000000000E-002  1.019870663444722E-010
  2.552000000000000E-002  1.019863072720271E-010
  2.554000000000000E-002  1.019854810588142E-010
  2.556000000000000E-002  1.019845957107547E-010
  2.558000000000000E-002  1.019836639283263E-010
  2.560000000000000E-002  1.019826924111055E-010
  2.562000000000000E-002  1.019816845714052E-010
  2.564000000000000E-002  1.019806447490724E-010
  2.566000000000000E-002  1.019795795787685E-010
  2.568000000000000E-002  1.019784964178887E-010
  2.570000000000000E-002  1.019774011818377E-010
  2.572000000000000E-002  1.019762979204367E-010
  2.574000000000000E-002  1.019751903809631E-010
  2.576000000000000E-002  1.019740820021308E-010
  2.578000000000000E-002  1.019729754726275E-010
  2.580000000000000E-002  1.019718724832596E-010
  2.582000000000000E-002  1.019707727353075E-010
  2.584000000000000E-002  1.019696749246478E-010
  2.586000000000000E-002  1.019685772700920E-010
  2.588000000000000E-002  1.019674790546109E-010
  2.590000000000000E-002  1.019663795091162E-010
  2.592000000000000E-002  1.019652779143840E-010
  2.594000000000000E-002  1.019641732466441E-010
  2.596000000000000E-002  1.019630644157058E-010
  2.598000000000000E-002  1.019619508968205E-010
  2.600000000000000E-002  1.019608329964046E-010
  2.602000000000000E-002  1.019597117857006E-010
  2.604000000000000E-002  1.019585889690428E-010
  2.606000000000000E-002  1.019574660629958E-010
  2.608000000000000E-002  1.019563444723197E-010
  2.610000000000000E-002  1.019552251964693E-010
  2.612000000000000E-002  1.019541081006842E-010
  2.614000000000000E-002  1.019529925610429E-010
  2.616000000000000E-002  1.019518784792844E-010
  2.618000000000000E-002  1.019507662633930E-010
  2.620000000000000E-002  1.019496567448681E-010
  2.622000000000000E-002  1.019485510380686E-010
  2.624000000000000E-002  1.019474502161712E-010
  2.626000000000000E-002  1.019463563105685E-010
  2.628000000000000E-002  1.019452717591418E-010
  2.630000000000000E-002  1.019441989229015E-010
  2.632000000000000E-002  1.019431405623927E-010
  2.634000000000000E-002  1.019420989356630E-010
  2.636000000000000E-002  1.019410776768473E-010
  2.638000000000000E-002  1.019400796535642E-010
  2.640000000000000E-002  1.019391081103444E-010
  2.642000000000000E-002  1.019381653125370E-010
  2.644000000000000E-002  1.019372511723768E-010
  2.646000000000000E-002  1.019363660651241E-010
  2.648000000000000E-002  1.019355074222646E-010
  2.650000000000000E-002  1.019346749004682E-010
  2.652000000000000E-002  1.019338655505115E-010
  2.654000000000000E-002  1.019330738317658E-010
  2.656000000000000E-002  1.019323103302681E-010
  2.658000000000000E-002  1.019315752279019E-010
  2.660000000000000E-002  1.019308625116934E-010
  2.662000000000000E-002  1.019301682490504E-010
  2.664000000000000E-002  1.019294826152848E-010
  2.666000000000000E-002  1.019287928964297E-010
  2.668000000000000E-002  1.019280915233529E-010
  2.670000000000000E-002  1.019273715207919E-010
  2.672000000000000E-002  1.019266247838923E-010
  2.674000000000000E-002  1.019258468125778E-010
  2.676000000000000E-002  1.019250322574884E-010
  2.678000000000000E-002  1.019241767775711E-010
  2.680000000000000E-002  1.019232756836208E-010
  2.682000000000000E-002  1.019223261170849E-010
  2.684000000000000E-002  1.019213256976952E-010
  2.686000000000000E-002  1.019202726807829E-010
  2.688000000000000E-002  1.019191659931926E-010
  2.690000000000000E-002  1.019180047868219E-010
  2.692000000000000E-002  1.019167892833716E-010
  2.694000000000000E-002  1.019155385192838E-010
  2.696000000000000E-002  1.019142688719453E-010
  2.698000000000000E-002  1.019129866065359E-010
  2.700000000000000E-002  1.019116939733055E-010
  2.702000000000000E-002  1.019103903851615E-010
  2.704000000000000E-002  1.019090754407763E-010
  2.706000000000000E-002  1.019077492043764E-010
  2.708000000000000E-002  1.019064114702811E-010
  2.710000000000000E-002  1.019050639724146E-010
  2.712000000000000E-002  1.019037148196387E-010
  2.714000000000000E-002  1.019023703024524E-010
  2.716000000000000E-002  1.019010249767594E-010
  2.718000000000000E-002  1.018996769373527E-010
  2.720000000000000E-002  1.018983220801853E-010
  2.722000000000000E-002  1.018969580262600E-010
  2.724000000000000E-002  1.018955801869371E-010
  2.726000000000000E-002  1.018941878450804E-010
  2.728000000000000E-002  1.018927769386402E-010
  2.730000000000000E-002  1.018913480378911E-010
  2.732000000000000E-002  1.018898954323781E-010
  2.734000000000000E-002  1.018884199954683E-010
  2.736000000000000E-002  1.018869170126717E-010
  2.738000000000000E-002  1.018853915795492E-010
  2.740000000000000E-002  1.018838360303004E-010
  2.742000000000000E-002  1.018822566873064E-010
  2.744000000000000E-002  1.018806596298424E-010
  2.746000000000000E-002  1.018790412724536E-010
  2.748000000000000E-002  1.018773987892644E-010
  2.750000000000000E-002  1.018757352497612E-010
  2.752000000000000E-002  1.018740581059064E-010
  2.754000000000000E-002  1.018723775306810E-010
  2.756000000000000E-002  1.018706960340029E-010
  2.758000000000000E-002  1.018690168371176E-010
  2.760000000000000E-002  1.018673444413169E-010
  2.762000000000000E-002  1.018656805278238E-010
  2.764000000000000E-002  1.018640254205301E-010
  2.766000000000000E-002  1.018623790223319E-010
  2.768000000000000E-002  1.018607430269187E-010
  2.770000000000000E-002  1.018591214058725E-010
  2.772000000000000E-002  1.018575206920828E-010
  2.774000000000000E-002  1.018559486220188E-010
  2.776000000000000E-002  1.018543968071254E-010
  2.778000000000000E-002  1.018528790262367E-010
  2.780000000000000E-002  1.018513946840267E-010
  2.782000000000000E-002  1.018499337996934E-010
  2.784000000000000E-002  1.018485064694373E-010
  2.786000000000000E-002  1.018471011550077E-010
  2.788000000000000E-002  1.018457145615289E-010
  2.790000000000000E-002  1.018443398669318E-010
  2.792000000000000E-002  1.018429633853153E-010
  2.794000000000000E-002  1.018415768302851E-010
  2.796000000000000E-002  1.018401666568306E-010
  2.798000000000000E-002  1.018387265972283E-010
  2.800000000000000E-002  1.018372542006958E-010
  2.802000000000000E-002  1.018357468077934E-010
  2.804000000000000E-002  1.018342012120957E-010
  2.806000000000000E-002  1.018326137345893E-010
  2.808000000000000E-002  1.018309808991131E-010
  2.810000000000000E-002  1.018293001731017E-010
  2.812000000000000E-002  1.018275706155143E-010
  2.814000000000000E-002  1.018257930178700E-010
  2.816000000000000E-002  1.018239692154309E-010
  2.818000000000000E-002  1.018221013034194E-010
  2.820000000000000E-002  1.018201922410620E-010
  2.822000000000000E-002  1.018182508261574E-010
  2.824000000000000E-002  1.018162763606359E-010
  2.826000000000000E-002  1.018142416695422E-010
  2.828000000000000E-002  1.018121308495242E-010
  2.830000000000000E-002  1.018099283817128E-010
  2.832000000000000E-002  1.018076211964999E-010
  2.834000000000000E-002  1.018051985641757E-010
  2.836000000000000E-002  1.018026602519137E-010
  2.838000000000000E-002  1.018000032749970E-010
  2.840000000000000E-002  1.017972106317596E-010
  2.842000000000000E-002  1.017942781833331E-010
  2.844000000000000E-002  1.017912100929249E-010
  2.846000000000000E-002  1.017880133935207E-010
  2.848000000000000E-002  1.017846980431559E-010
  2.850000000000000E-002  1.017812844559801E-010
  2.852000000000000E-002  1.017779206930624E-010
  2.854000000000000E-002  1.017747457833653E-010
  2.856000000000000E-002  1.017717149202871E-010
  2.858000000000000E-002  1.017688518233051E-010
  2.860000000000000E-002  1.017662401507393E-010
  2.862000000000000E-002  1.017638497096175E-010
  2.864000000000000E-002  1.017616660459907E-010
  2.866000000000000E-002  1.017596989914683E-010
  2.868000000000000E-002  1.017579970873768E-010
  2.870000000000000E-002  1.017565224307752E-010
  2.872000000000000E-002  1.017552264655883E-010
  2.874000000000000E-002  1.017542787958024E-010
  2.876000000000000E-002  1.017536712235036E-010
  2.878000000000000E-002  1.017531050513477E-010
  2.880000000000000E-002  1.017526955118584E-010
  2.882000000000000E-002  1.017526192530342E-010
  2.884000000000000E-002  1.017526962141294E-010
  2.886000000000000E-002  1.017529196682458E-010
  2.888000000000000E-002  1.017533229766622E-010
  2.890000000000000E-002  1.017539034818375E-010
  2.892000000000000E-002  1.017546536700484E-010
  2.894000000000000E-002  1.017555656918090E-010
  2.896000000000000E-002  1.017566427370168E-010
  2.898000000000000E-002  1.017578961715291E-010
  2.900000000000000E-002  1.017593360143132E-010
  2.902000000000000E-002  1.017609683756894E-010
  2.904000000000000E-002  1.017628011233949E-010
  2.906000000000000E-002  1.017648270755443E-010
  2.908000000000000E-002  1.017670244022222E-010
  2.910000000000000E-002  1.017693662478277E-010
  2.912000000000000E-002  1.017718251916512E-010
  2.914000000000000E-002  1.017743790115516E-010
  2.916000000000000E-002  1.017770106894768E-010
  2.918000000000000E-002  1.017797108391817E-010
  2.920000000000000E-002  1.017824716811631E-010
  2.922000000000000E-002  1.017852842699043E-010
  2.924000000000000E-002  1.017881379621523E-010
  2.926000000000000E-002  1.017910212599279E-010
  2.928000000000000E-002  1.017939230120180E-010
  2.930000000000000E-002  1.017968335902394E-010
  2.932000000000000E-002  1.017997474283921E-010
  2.934000000000000E-002  1.018026591903771E-010
  2.936000000000000E-002  1.018055734435371E-010
  2.938000000000000E-002  1.018084701974247E-010
  2.940000000000000E-002  1.018113659398595E-010
  2.942000000000000E-002  1.018142241512528E-010
  2.944000000000000E-002  1.018170659288503E-010
  2.946000000000000E-002  1.018198688715772E-010
  2.948000000000000E-002  1.018225853743828E-010
  2.950000000000000E-002  1.018252768539264E-010
  2.952000000000000E-002  1.018279302690231E-010
  2.954000000000000E-002  1.018305130395289E-010
  2.956000000000000E-002  1.018330356533676E-010
  2.958000000000000E-002  1.018355100616805E-010
  2.960000000000000E-002  1.018379412547156E-010
  2.962000000000000E-002  1.018403328209578E-010
  2.964000000000000E-002  1.018426922120325E-010
  2.966000000000000E-002  1.018450341201552E-010
  2.968000000000000E-002  1.018473593153936E-010
  2.970000000000000E-002  1.018496815430136E-010
  2.972000000000000E-002  1.018520081386420E-010
  2.974000000000000E-002  1.018543428003051E-010
  2.976000000000000E-002  1.018566853701233E-010
  2.978000000000000E-002  1.018590337344255E-010
  2.980000000000000E-002  1.018613863528900E-010
  2.982000000000000E-002  1.018637419913587E-010
  2.984000000000000E-002  1.018661006238015E-010
  2.986000000000000E-002  1.018684578678432E-010
  2.988000000000000E-002  1.018708256269243E-010
  2.990000000000000E-002  1.018732040231986E-010
  2.992000000000000E-002  1.018755925623462E-010
  2.994000000000000E-002  1.018779934156413E-010
  2.996000000000000E-002  1.018804088513832E-010
  2.998000000000000E-002  1.018828363234377E-010
  3.000000000000000E-002  1.018852615873525E-010
  3.002000000000000E-002  1.018876793211630E-010
  3.004000000000000E-002  1.018900923782211E-010
  3.006000000000000E-002  1.018925014595179E-010
  3.008000000000000E-002  1.018949077848635E-010
  3.010000000000000E-002  1.018973135174901E-010
  3.012000000000000E-002  1.018997226824422E-010
  3.014000000000000E-002  1.019021433405680E-010
  3.016000000000000E-002  1.019045452822193E-010
  3.018000000000000E-002  1.019068989462395E-010
  3.020000000000000E-002  1.019091939892463E-010
  3.022000000000000E-002  1.019114319997121E-010
  3.024000000000000E-002  1.019136257719759E-010
  3.026000000000000E-002  1.019157921358702E-010
  3.028000000000000E-002  1.019179498961585E-010
  3.030000000000000E-002  1.019201125190508E-010
  3.032000000000000E-002  1.019222354035199E-010
  3.034000000000000E-002  1.019242591134030E-010
  3.036000000000000E-002  1.019261689716904E-010
  3.038000000000000E-002  1.019279864208582E-010
  3.040000000000000E-002  1.019297525667058E-010
  3.042000000000000E-002  1.019314822594104E-010
  3.044000000000000E-002  1.019331665966607E-010
  3.046000000000000E-002  1.019347861539297E-010
  3.048000000000000E-002  1.019363161603843E-010
  3.050000000000000E-002  1.019377173017356E-010
  3.052000000000000E-002  1.019389772373778E-010
  3.054000000000000E-002  1.019401088441326E-010
  3.056000000000000E-002  1.019411497035236E-010
  3.058000000000000E-002  1.019421170937421E-010
  3.060000000000000E-002  1.019429997000871E-010
  3.062000000000000E-002  1.019437771429945E-010
  3.064000000000000E-002  1.019444356904175E-010
  3.066000000000000E-002  1.019450045126608E-010
  3.068000000000000E-002  1.019455136560525E-010
  3.070000000000000E-002  1.019458979677022E-010
  3.072000000000000E-002  1.019460820566396E-010
  3.074000000000000E-002  1.019461198845340E-010
  3.076000000000000E-002  1.019461059002601E-010
  3.078000000000000E-002  1.019460392273942E-010
  3.080000000000000E-002  1.019458848885292E-010
  3.082000000000000E-002  1.019456122776850E-010
  3.084000000000000E-002  1.019451818975437E-010
  3.086000000000000E-002  1.019445571128144E-010
  3.088000000000000E-002  1.019437217464898E-010
  3.090000000000000E-002  1.019426749626844E-010
  3.092000000000000E-002  1.019414253561824E-010
  3.094000000000000E-002  1.019399781356761E-010
  3.096000000000000E-002  1.019383248746719E-010
  3.098000000000000E-002  1.019364431260595E-010
  3.100000000000000E-002  1.019343009721266E-010
  3.102000000000000E-002  1.019318595395934E-010
  3.104000000000000E-002  1.019290747960024E-010
  3.106000000000000E-002  1.019258906552318E-010
  3.108000000000000E-002  1.019222302914982E-010
  3.110000000000000E-002  1.019179862150679E-010
  3.112000000000000E-002  1.019130089087250E-010
  3.114000000000000E-002  1.019070937233149E-010
  3.116000000000000E-002  1.019007285048648E-010
  3.118000000000000E-002  1.018962715486313E-010
  3.120000000000000E-002  1.018939390319468E-010
  3.122000000000000E-002  1.018932084091941E-010
  3.124000000000000E-002  1.018932542795379E-010
  3.126000000000000E-002  1.018939911621467E-010
  3.128000000000000E-002  1.018961845126853E-010
  3.130000000000000E-002  1.019008310417311E-010
  3.132000000000000E-002  1.019092521106251E-010
  3.134000000000000E-002  1.019232199576727E-010
  3.136000000000001E-002  1.019451808080877E-010
  3.138000000000001E-002  1.019785089549638E-010
  3.140000000000000E-002  1.020278179829579E-010
  3.142000000000000E-002  1.020994222049779E-010
  3.144000000000000E-002  1.022018987232007E-010
  3.146000000000000E-002  1.023468494751537E-010
  3.148000000000000E-002  1.025498665358749E-010
  3.150000000000000E-002  1.028317666474329E-010
  3.152000000000000E-002  1.032201544865036E-010
  3.154000000000001E-002  1.037513755472972E-010
  3.156000000000000E-002  1.044729230964463E-010
  3.158000000000000E-002  1.054463617671740E-010
  3.160000000000000E-002  1.067508217846774E-010
  3.162000000000000E-002  1.084870912309163E-010
  3.164000000000000E-002  1.107823023729789E-010
  3.166000000000000E-002  1.137951682277224E-010
  3.168000000000000E-002  1.177216602742864E-010
  3.170000000000001E-002  1.228008523000561E-010
  3.172000000000001E-002  1.293205753549882E-010
  3.174000000000000E-002  1.376222757667514E-010
  3.176000000000000E-002  1.481047790142022E-010
  3.178000000000000E-002  1.612272785387533E-010
  3.180000000000000E-002  1.775111040506575E-010
  3.182000000000000E-002  1.975404679329508E-010
  3.184000000000000E-002  2.219632062403745E-010
  3.186000000000000E-002  2.514930402164214E-010
  3.188000000000001E-002  2.869148197703134E-010
  3.190000000000000E-002  3.290940644628909E-010
  3.192000000000000E-002  3.789921755105399E-010
  3.194000000000000E-002  4.376888832984571E-010
  3.196000000000000E-002  5.064167340527723E-010
  3.198000000000000E-002  5.866099637567445E-010
  3.200000000000000E-002  6.799794928740658E-010
  3.202000000000000E-002  7.776952450096720E-010
  3.204000000000001E-002  8.511558692641146E-010
  3.206000000000001E-002  8.987547810117944E-010
  3.208000000000000E-002  9.245728971051620E-010
  3.210000000000000E-002  9.348772769957909E-010
  3.212000000000000E-002  9.367235653497889E-010
  3.214000000000000E-002  9.355668598287682E-010
  3.216000000000000E-002  9.309711957076446E-010
  3.218000000000000E-002  9.216785582060233E-010
  3.220000000000000E-002  9.074109165405552E-010
  3.222000000000001E-002  8.885076789991626E-010
  3.224000000000000E-002  8.656080581844464E-010
  3.226000000000000E-002  8.393656589471212E-010
  3.228000000000000E-002  8.101922004423313E-010
  3.230000000000000E-002  7.780338914184146E-010
  3.232000000000000E-002  7.421521457926991E-010
  3.234000000000000E-002  7.038024015168566E-010
  3.236000000000000E-002  6.738325684194740E-010
  3.238000000000001E-002  6.549594710045864E-010
  3.240000000000001E-002  6.460153125542509E-010
  3.242000000000000E-002  6.438113809214414E-010
  3.244000000000000E-002  6.445022572308096E-010
  3.246000000000000E-002  6.486593057226020E-010
  3.248000000000000E-002  6.594105225650051E-010
  3.250000000000000E-002  6.804661941009615E-010
  3.252000000000000E-002  7.164199619052868E-010
  3.254000000000000E-002  7.731213435024171E-010
  3.256000000000001E-002  8.581143153299790E-010
  3.258000000000000E-002  9.812196809271101E-010
  3.260000000000000E-002  1.155356354968952E-009
  3.262000000000000E-002  1.397682135787863E-009
  3.264000000000000E-002  1.731189230648275E-009
  3.266000000000000E-002  2.186962329030591E-009
  3.268000000000000E-002  2.807373125859916E-009
  3.270000000000000E-002  3.650556328486773E-009
  3.272000000000001E-002  4.796577718120912E-009
  3.274000000000001E-002  6.355747578665998E-009
  3.276000000000000E-002  8.479525670279195E-009
  3.278000000000000E-002  1.137436331789404E-008
  3.280000000000000E-002  1.531857695601992E-008
  3.282000000000000E-002  2.068187001424796E-008
  3.284000000000000E-002  2.794632454372740E-008
  3.286000000000000E-002  3.772649422304090E-008
  3.288000000000000E-002  5.078453510268653E-008
  3.290000000000001E-002  6.803418782920565E-008
  3.292000000000000E-002  9.052462190932564E-008
  3.294000000000000E-002  1.193923376530238E-007
  3.296000000000000E-002  1.554683322733069E-007
  3.298000000000000E-002  1.879303382646554E-007
  3.300000000000000E-002  2.066866526482455E-007
  3.302000000000000E-002  2.143688689411801E-007
  3.304000000000000E-002  2.156194967244044E-007
  3.306000000000001E-002  2.142205227292410E-007
  3.308000000000001E-002  2.087147244718638E-007
  3.310000000000000E-002  1.968629323046247E-007
  3.312000000000000E-002  1.771247166132711E-007
  3.314000000000000E-002  1.488341756435342E-007
  3.316000000000000E-002  1.123194980717228E-007
  3.318000000000000E-002  7.428461499293189E-008
  3.320000000000000E-002  4.707530604399912E-008
  3.322000000000000E-002  2.892717238115341E-008
  3.324000000000001E-002  1.732464244877814E-008
  3.326000000000000E-002  1.016622475626153E-008
  3.328000000000000E-002  5.887458711479284E-009
  3.330000000000000E-002  3.405952729121411E-009
  3.332000000000000E-002  2.011837529282808E-009
  3.334000000000000E-002  1.258544291770623E-009
  3.336000000000000E-002  8.741860323626526E-010
  3.338000000000000E-002  6.971772004244894E-010
  3.340000000000001E-002  6.321395719330952E-010
  3.342000000000001E-002  6.205637872015399E-010
  3.344000000000000E-002  6.293144538936370E-010
  3.346000000000000E-002  6.659718211257022E-010
  3.348000000000000E-002  7.437229811970571E-010
  3.350000000000000E-002  8.684552572284687E-010
  3.352000000000000E-002  1.040368110430064E-009
  3.354000000000000E-002  1.257160898216344E-009
  3.356000000000000E-002  1.518135770223309E-009
  3.358000000000001E-002  1.828144027296145E-009
  3.360000000000000E-002  2.200440855520803E-009
  3.362000000000000E-002  2.658102556887097E-009
  3.364000000000000E-002  3.234803735446081E-009
  3.366000000000000E-002  3.976310683705078E-009
  3.368000000000000E-002  4.943248533051871E-009
  3.370000000000000E-002  6.216250884079483E-009
  3.372000000000000E-002  7.904403493568066E-009
  3.374000000000001E-002  1.015806894866684E-008
  3.376000000000001E-002  1.318753563629578E-008
  3.378000000000000E-002  1.728980628790929E-008
  3.380000000000000E-002  2.288710107134483E-008
  3.382000000000000E-002  3.058240563606946E-008
  3.384000000000000E-002  4.124013582061373E-008
  3.386000000000000E-002  5.610443882748195E-008
  3.388000000000000E-002  7.697337328877943E-008
  3.390000000000000E-002  1.064558950437794E-007
  3.392000000000001E-002  1.483516822067775E-007
  3.394000000000000E-002  2.082134618414791E-007
  3.396000000000000E-002  2.941806356698423E-007
  3.398000000000000E-002  4.182167000407550E-007
  3.400000000000000E-002  5.979447854541373E-007
  3.402000000000000E-002  8.593677526563904E-007
  3.404000000000000E-002  1.240902226026396E-006
  3.406000000000000E-002  1.799326200489323E-006
  3.408000000000001E-002  2.618590143960885E-006
  3.410000000000001E-002  3.822874282914663E-006
  3.412000000000000E-002  5.595856261364547E-006
  3.414000000000000E-002  8.209002847866593E-006
  3.416000000000000E-002  1.206279476268601E-005
  3.418000000000000E-002  1.774620454679901E-005
  3.420000000000000E-002  2.612144472655638E-005
  3.422000000000000E-002  3.844055532072876E-005
  3.424000000000000E-002  5.650521118519220E-005
  3.426000000000001E-002  8.288317772991522E-005
  3.428000000000000E-002  1.211955496794705E-004
  3.430000000000000E-002  1.764889245115283E-004
  3.432000000000000E-002  2.557035225378894E-004
  3.434000000000000E-002  3.682400887450128E-004
  3.436000000000000E-002  5.266125629891405E-004
  3.438000000000000E-002  7.471456943392843E-004
  3.440000000000000E-002  1.050636461386916E-003
  3.442000000000001E-002  1.462838898193439E-003
  3.444000000000001E-002  2.014552411383074E-003
  3.446000000000000E-002  2.741003091263136E-003
  3.448000000000000E-002  3.680113233274471E-003
  3.450000000000000E-002  4.869185760962159E-003
  3.452000000000000E-002  6.339522309133681E-003
  3.454000000000000E-002  8.106648556617597E-003
  3.456000000000000E-002  9.834095147523926E-003
  3.458000000000000E-002  1.109754335697855E-002
  3.460000000000001E-002  1.198010553292158E-002
  3.462000000000000E-002  1.261274593855048E-002
  3.464000000000000E-002  1.312104307946581E-002
  3.466000000000000E-002  1.359805271763694E-002
  3.468000000000000E-002  1.408729369829548E-002
  3.470000000000000E-002  1.464448791845576E-002
  3.472000000000000E-002  1.537683226570180E-002
  3.474000000000000E-002  1.645239747325927E-002
  3.476000000000001E-002  1.811144943519121E-002
  3.478000000000001E-002  2.067865037555265E-002
  3.480000000000000E-002  2.457500350345547E-002
  3.482000000000000E-002  3.032836594972736E-002
  3.484000000000000E-002  3.858085935176541E-002
  3.486000000000000E-002  5.009052741169395E-002
  3.488000000000000E-002  6.572268573412522E-002
  3.490000000000000E-002  8.642353140869331E-002
  3.492000000000000E-002  0.113166078000259     
  3.494000000000001E-002  0.146852181584238     
  3.496000000000000E-002  0.188133289000722     
  3.498000000000000E-002  0.237178849679223     
  3.500000000000000E-002  0.289274599961336     
  3.502000000000000E-002  0.331218398062153     
  3.504000000000000E-002  0.363219111408480     
  3.506000000000000E-002  0.387418052621739     
  3.508000000000000E-002  0.405893082291435     
  3.510000000000001E-002  0.420507137745338     
  3.512000000000001E-002  0.432795495383172     
  3.514000000000000E-002  0.443926372217863     
  3.516000000000000E-002  0.454743999923382     
  3.518000000000000E-002  0.465601850099465     
  3.520000000000000E-002  0.476745451503270     
  3.522000000000000E-002  0.488560668005729     
  3.524000000000000E-002  0.501498197516740     
  3.526000000000000E-002  0.515984378075188     
  3.528000000000001E-002  0.532326503759123     
  3.530000000000000E-002  0.550616161785767     
  3.532000000000000E-002  0.569786865114343     
  3.534000000000000E-002  0.587161197500139     
  3.536000000000000E-002  0.602855116321390     
  3.538000000000000E-002  0.617350290003993     
  3.540000000000000E-002  0.630928014871932     
  3.542000000000000E-002  0.643676345737070     
  3.544000000000001E-002  0.655564395849966     
  3.546000000000001E-002  0.666535847875372     
  3.548000000000000E-002  0.676578325300197     
  3.550000000000000E-002  0.685758291773558     
  3.552000000000000E-002  0.694233290521133     
  3.554000000000000E-002  0.702218903445015     
  3.556000000000000E-002  0.709939282241974     
  3.558000000000000E-002  0.717564424076279     
  3.560000000000000E-002  0.725197740154785     
  3.562000000000001E-002  0.732967596512164     
  3.564000000000001E-002  0.741085850549766     
  3.566000000000000E-002  0.749833571236402     
  3.568000000000000E-002  0.759523714148024     
  3.570000000000000E-002  0.770442943050605     
  3.572000000000000E-002  0.782781204893097     
  3.574000000000000E-002  0.796561089280988     
  3.576000000000000E-002  0.810716397438244     
  3.578000000000001E-002  0.823328895753531     
  3.580000000000001E-002  0.834536946319401     
  3.582000000000000E-002  0.844516823033212     
  3.584000000000000E-002  0.853378827217798     
  3.586000000000000E-002  0.861199669881523     
  3.588000000000000E-002  0.868050708797443     
  3.590000000000000E-002  0.874010308012923     
  3.592000000000000E-002  0.879165360845477     
  3.594000000000000E-002  0.883607599077065     
  3.596000000000001E-002  0.887428580719644     
  3.598000000000001E-002  0.890715056089686     
  3.600000000000000E-002  0.893546898498459     
  3.602000000000000E-002  0.895995759332694     
  3.604000000000000E-002  0.898122609152341     
  3.606000000000000E-002  0.899976245456771     
  3.608000000000000E-002  0.901593417280577     
  3.610000000000000E-002  0.902999761661855     
  3.612000000000001E-002  0.904212788174790     
  3.614000000000001E-002  0.905243231970374     
  3.616000000000000E-002  0.906096837622483     
  3.618000000000000E-002  0.906778036336103     
  3.620000000000000E-002  0.907288882073915     
  3.622000000000000E-002  0.907625656885079     
  3.624000000000000E-002  0.907782801459951     
  3.626000000000000E-002  0.907779426791677     
  3.628000000000000E-002  0.907586226743743     
  3.630000000000001E-002  0.907147477005901     
  3.632000000000001E-002  0.906460079313925     
  3.634000000000000E-002  0.905506161546460     
  3.636000000000000E-002  0.904248233162835     
  3.638000000000000E-002  0.902640125605421     
  3.640000000000000E-002  0.900628225867628     
  3.642000000000000E-002  0.898154424340150     
  3.644000000000000E-002  0.895154419134988     
  3.646000000000001E-002  0.891559078597632     
  3.648000000000001E-002  0.887297017842404     
  3.650000000000000E-002  0.882297065259390     
  3.652000000000000E-002  0.876490966796306     
  3.654000000000000E-002  0.869819129247061     
  3.656000000000000E-002  0.862235804059663     
  3.658000000000000E-002  0.853721952179298     
  3.660000000000000E-002  0.844290044422901     
  3.662000000000000E-002  0.833989813906557     
  3.664000000000001E-002  0.822905969444271     
  3.666000000000001E-002  0.811153112603389     
  3.668000000000000E-002  0.798858462132266     
  3.670000000000000E-002  0.786125315644937     
  3.672000000000000E-002  0.772991247086210     
  3.674000000000000E-002  0.759386509359349     
  3.676000000000000E-002  0.745133032478789     
  3.678000000000000E-002  0.729946806702007     
  3.680000000000001E-002  0.713438752073609     
  3.682000000000001E-002  0.695142347443940     
  3.684000000000000E-002  0.674563753332099     
  3.686000000000000E-002  0.651255985774649     
  3.688000000000000E-002  0.624904024467815     
  3.690000000000000E-002  0.595409581598134     
  3.692000000000000E-002  0.563450525199050     
  3.694000000000000E-002  0.533139239242738     
  3.696000000000000E-002  0.505531017925827     
  3.698000000000001E-002  0.479670076508980     
  3.700000000000001E-002  0.454681999176825     
  3.702000000000000E-002  0.429934919776735     
  3.704000000000000E-002  0.405101296641451     
  3.706000000000000E-002  0.379782369335906     
  3.708000000000000E-002  0.353732432198833     
  3.710000000000000E-002  0.329184738672824     
  3.712000000000000E-002  0.307714140808244     
  3.714000000000001E-002  0.289669046107658     
  3.716000000000001E-002  0.274859619298168     
  3.718000000000000E-002  0.262772008552541     
  3.720000000000000E-002  0.252753285698774     
  3.722000000000000E-002  0.244089561717686     
  3.724000000000000E-002  0.236141015632648     
  3.726000000000000E-002  0.228441967732544     
  3.728000000000000E-002  0.220755412268798     
  3.730000000000000E-002  0.212956741022937     
  3.732000000000001E-002  0.204812266440753     
  3.734000000000001E-002  0.195974007754425     
  3.736000000000000E-002  0.186000493049147     
  3.738000000000000E-002  0.174395914379326     
  3.740000000000000E-002  0.160664278199161     
  3.742000000000000E-002  0.144375626888811     
  3.744000000000000E-002  0.125233747992049     
  3.746000000000000E-002  0.103145381865831     
  3.748000000000001E-002  7.943713711451773E-002
  3.750000000000001E-002  5.958203089052444E-002
  3.752000000000000E-002  4.402038156479383E-002
  3.754000000000000E-002  3.206116333251720E-002
  3.756000000000000E-002  2.303670091167236E-002
  3.758000000000000E-002  1.633955152272984E-002
  3.760000000000000E-002  1.144635826048167E-002
  3.762000000000000E-002  7.923384666713296E-003
  3.764000000000000E-002  5.422026799974813E-003
  3.766000000000001E-002  3.669401628725658E-003
  3.768000000000001E-002  2.456817134482492E-003
  3.770000000000000E-002  1.627965935779206E-003
  3.772000000000000E-002  1.067943867466595E-003
  3.774000000000000E-002  6.937287035100692E-004
  3.776000000000000E-002  4.463032729213895E-004
  3.778000000000000E-002  2.843600525207644E-004
  3.780000000000000E-002  1.794133842212029E-004
  3.782000000000001E-002  1.120990141741229E-004
  3.784000000000001E-002  6.943440360153227E-005
  3.786000000000000E-002  4.282917642856318E-005
  3.788000000000000E-002  2.666204376778211E-005
  3.790000000000000E-002  1.727563862546240E-005
  3.792000000000000E-002  1.227540882915231E-005
  3.794000000000000E-002  1.004225218147074E-005
  3.796000000000000E-002  9.400277766778938E-006
  3.798000000000000E-002  9.426944872186847E-006
  3.800000000000001E-002  9.960759554986298E-006
  3.802000000000001E-002  1.145416650637668E-005
  3.804000000000000E-002  1.438266689238274E-005
  3.806000000000000E-002  1.926212256183895E-005
  3.808000000000000E-002  2.669572032072954E-005
  3.810000000000000E-002  3.743456862794054E-005
  3.812000000000000E-002  5.244926120724816E-005
  3.814000000000000E-002  7.301375057298969E-005
  3.816000000000001E-002  1.008024260942969E-004
  3.818000000000001E-002  1.380018352432984E-004
  3.820000000000000E-002  1.874381640759649E-004
  3.822000000000000E-002  2.527211262565739E-004
  3.824000000000000E-002  3.384035391980649E-004
  3.826000000000000E-002  4.501553656904040E-004
  3.828000000000000E-002  5.949414254959068E-004
  3.830000000000000E-002  7.811929939453929E-004
  3.832000000000000E-002  1.018954550745447E-003
  3.834000000000001E-002  1.319978218160394E-003
  3.836000000000001E-002  1.697725266250181E-003
  3.838000000000000E-002  2.167228347772149E-003
  3.840000000000000E-002  2.744756032071760E-003
  3.842000000000000E-002  3.447217457822175E-003
  3.844000000000000E-002  4.291238637765535E-003
  3.846000000000000E-002  5.291813036772730E-003
  3.848000000000000E-002  6.455554799401493E-003
  3.850000000000001E-002  7.546348773478728E-003
  3.852000000000001E-002  8.331151079644860E-003
  3.854000000000000E-002  8.836630697615196E-003
  3.856000000000000E-002  9.114012016316118E-003
  3.858000000000000E-002  9.227234979748146E-003
  3.860000000000000E-002  9.247138463299226E-003
  3.862000000000000E-002  9.226583196095766E-003
  3.864000000000000E-002  9.142053032385243E-003
  3.866000000000000E-002  8.955114602868965E-003
  3.868000000000001E-002  8.629387743025938E-003
  3.870000000000001E-002  8.134329721584706E-003
  3.872000000000000E-002  7.448073651652537E-003
  3.874000000000000E-002  6.560488665532558E-003
  3.876000000000000E-002  5.476036931342072E-003
  3.878000000000000E-002  4.239152844067581E-003
  3.880000000000000E-002  3.152218788524996E-003
  3.882000000000000E-002  2.316937712577983E-003
  3.884000000000001E-002  1.683490410355985E-003
  3.886000000000001E-002  1.209712560595340E-003
  3.888000000000000E-002  8.600235414618073E-004
  3.890000000000000E-002  6.051496620689899E-004
  3.892000000000000E-002  4.215933519515260E-004
  3.894000000000000E-002  2.909007732924010E-004
  3.896000000000000E-002  1.988596876203131E-004
  3.898000000000000E-002  1.347165415187007E-004
  3.900000000000000E-002  9.046498400685195E-005
  3.902000000000001E-002  6.023313533228407E-005
  3.904000000000001E-002  3.977334797668485E-005
  3.906000000000000E-002  2.605265093218363E-005
  3.908000000000000E-002  1.693206078521309E-005
  3.910000000000000E-002  1.092076899088504E-005
  3.912000000000000E-002  6.991383626995583E-006
  3.914000000000000E-002  4.443349233833340E-006
  3.916000000000000E-002  2.803868333780652E-006
  3.918000000000001E-002  1.756926952140557E-006
  3.920000000000001E-002  1.093287099671639E-006
  3.922000000000000E-002  6.756613361347650E-007
  3.924000000000000E-002  4.147274261108241E-007
  3.926000000000000E-002  2.528539628442913E-007
  3.928000000000000E-002  1.531448749158619E-007
  3.930000000000000E-002  9.215865477826486E-008
  3.932000000000000E-002  5.511602447279204E-008
  3.934000000000000E-002  3.276990408309762E-008
  3.936000000000001E-002  1.938068167019164E-008
  3.938000000000001E-002  1.141161427177478E-008
  3.940000000000000E-002  6.699459179954500E-009
  3.942000000000000E-002  3.930622747292524E-009
  3.944000000000000E-002  2.313523443196499E-009
  3.946000000000000E-002  1.374601485288458E-009
  3.948000000000000E-002  8.325117415483302E-010
  3.950000000000000E-002  5.212695242885039E-010
  3.952000000000001E-002  3.435502167484400E-010
  3.954000000000001E-002  2.426277093655117E-010
  3.956000000000000E-002  1.856299309740631E-010
  3.958000000000000E-002  1.536137276525295E-010
  3.960000000000000E-002  1.357265304142000E-010
  3.962000000000000E-002  1.257914125328951E-010
  3.964000000000000E-002  1.203037347668458E-010
  3.966000000000000E-002  1.172900305461835E-010
  3.968000000000000E-002  1.156512958931229E-010
  3.970000000000001E-002  1.147681036046369E-010
  3.972000000000001E-002  1.142943912947528E-010
  3.974000000000000E-002  1.140431914208783E-010
  3.976000000000000E-002  1.139140130967188E-010
  3.978000000000000E-002  1.138513665175537E-010
  3.980000000000000E-002  1.138240793063961E-010
  3.982000000000000E-002  1.138154706901341E-010
  3.984000000000000E-002  1.138148740748717E-010
  3.986000000000001E-002  1.138168975948927E-010
  3.988000000000001E-002  1.138223032235490E-010
  3.990000000000000E-002  1.138311831420392E-010
  3.992000000000000E-002  1.138425247592810E-010
  3.994000000000000E-002  1.138556867160968E-010
  3.996000000000000E-002  1.138665196316216E-010
  3.998000000000000E-002  1.138779404658060E-010
  4.000000000000000E-002  1.138779404658060E-010
