  0.000000000000000E+000   333.540299994229     
  2.000000000000000E-005   350.872355852807     
  4.000000000000000E-005   352.588503467334     
  6.000000000000001E-005   352.775270900189     
  8.000000000000001E-005   352.958691275224     
  1.000000000000000E-004   353.143890313320     
  1.200000000000000E-004   353.329622424732     
  1.400000000000000E-004   353.516900690392     
  1.600000000000000E-004   353.705226708609     
  1.800000000000000E-004   353.894995462025     
  2.000000000000000E-004   354.086107729287     
  2.200000000000000E-004   354.278665031516     
  2.400000000000000E-004   354.472737201884     
  2.600000000000000E-004   354.668310614164     
  2.800000000000000E-004   354.865593697346     
  3.000000000000000E-004   355.064176509871     
  3.200000000000000E-004   355.264051661313     
  3.400000000000000E-004   355.465357568627     
  3.600000000000000E-004   355.668857808697     
  3.800000000000000E-004   355.873934031925     
  4.000000000000000E-004   356.080487473165     
  4.200000000000000E-004   356.288506814270     
  4.400000000000000E-004   356.497932187735     
  4.600000000000000E-004   356.708661105278     
  4.800000000000001E-004   356.920567983027     
  5.000000000000000E-004   357.133546650382     
  5.200000000000001E-004   357.347550260175     
  5.400000000000000E-004   357.562590010707     
  5.600000000000001E-004   357.778700505160     
  5.800000000000000E-004   357.995873631938     
  6.000000000000001E-004   358.214006926954     
  6.200000000000000E-004   358.432925549759     
  6.400000000000001E-004   358.652425805044     
  6.600000000000001E-004   358.872331883218     
  6.800000000000000E-004   359.092537416385     
  7.000000000000001E-004   359.312996818574     
  7.200000000000000E-004   359.533554463225     
  7.400000000000001E-004   359.754124921477     
  7.600000000000000E-004   359.974646842518     
  7.800000000000001E-004   360.195106404839     
  8.000000000000000E-004   360.415511633219     
  8.200000000000001E-004   360.635881591002     
  8.400000000000000E-004   360.856238079114     
  8.600000000000001E-004   361.076608713619     
  8.800000000000000E-004   361.297027158200     
  9.000000000000001E-004   361.517535141862     
  9.200000000000000E-004   361.738176678838     
  9.400000000000001E-004   361.958985504480     
  9.600000000000001E-004   362.180067637079     
  9.800000000000002E-004   362.401343283562     
  1.000000000000000E-003   362.622590656406     
  1.020000000000000E-003   362.843507332725     
  1.040000000000000E-003   363.063893754358     
  1.060000000000000E-003   363.283639762093     
  1.080000000000000E-003   363.502648801978     
  1.100000000000000E-003   363.720841212130     
  1.120000000000000E-003   363.938166587842     
  1.140000000000000E-003   364.154598050833     
  1.160000000000000E-003   364.370141223919     
  1.180000000000000E-003   364.584838191125     
  1.200000000000000E-003   364.798708361266     
  1.220000000000000E-003   365.011781951151     
  1.240000000000000E-003   365.224087174334     
  1.260000000000000E-003   365.435658992103     
  1.280000000000000E-003   365.646538003221     
  1.300000000000000E-003   365.856768799117     
  1.320000000000000E-003   366.066397950044     
  1.340000000000000E-003   366.275470385284     
  1.360000000000000E-003   366.484028321533     
  1.380000000000000E-003   366.692112246713     
  1.400000000000000E-003   366.899761338644     
  1.420000000000000E-003   367.107013940313     
  1.440000000000000E-003   367.313908040890     
  1.460000000000000E-003   367.520481097847     
  1.480000000000000E-003   367.726769558819     
  1.500000000000000E-003   367.932808179463     
  1.520000000000000E-003   368.138629350354     
  1.540000000000000E-003   368.344262875690     
  1.560000000000000E-003   368.549736234342     
  1.580000000000000E-003   368.755074661336     
  1.600000000000000E-003   368.960301520388     
  1.620000000000000E-003   369.165438504398     
  1.640000000000000E-003   369.370504202707     
  1.660000000000000E-003   369.575512273098     
  1.680000000000000E-003   369.780471579588     
  1.700000000000000E-003   369.985386468744     
  1.720000000000000E-003   370.190253281991     
  1.740000000000000E-003   370.395062191423     
  1.760000000000000E-003   370.599806877178     
  1.780000000000000E-003   370.804495423412     
  1.800000000000000E-003   371.009145848736     
  1.820000000000000E-003   371.213757702100     
  1.840000000000000E-003   371.418291270327     
  1.860000000000000E-003   371.622671859374     
  1.880000000000000E-003   371.826802013136     
  1.900000000000000E-003   372.030569260937     
  1.920000000000000E-003   372.233859002566     
  1.940000000000000E-003   372.436565966832     
  1.960000000000000E-003   372.638601042314     
  1.980000000000000E-003   372.839893770105     
  2.000000000000000E-003   373.040392182906     
  2.020000000000000E-003   373.240061295392     
  2.040000000000000E-003   373.438880599435     
  2.060000000000000E-003   373.636840637499     
  2.080000000000000E-003   373.833938691879     
  2.100000000000000E-003   374.030174200112     
  2.120000000000000E-003   374.225544582886     
  2.140000000000000E-003   374.420042329213     
  2.160000000000000E-003   374.613653717668     
  2.180000000000000E-003   374.806358432598     
  2.200000000000000E-003   374.998130682821     
  2.220000000000000E-003   375.188938909636     
  2.240000000000000E-003   375.378749431023     
  2.260000000000000E-003   375.567524841608     
  2.280000000000000E-003   375.755232858151     
  2.300000000000000E-003   375.941836443616     
  2.320000000000000E-003   376.127303136005     
  2.340000000000000E-003   376.311579414892     
  2.360000000000000E-003   376.494610244686     
  2.380000000000000E-003   376.676358595838     
  2.400000000000000E-003   376.856935249962     
  2.420000000000000E-003   377.036620908510     
  2.440000000000000E-003   377.215386790604     
  2.460000000000000E-003   377.393279547065     
  2.480000000000000E-003   377.570202643672     
  2.500000000000000E-003   377.746410998060     
  2.520000000000000E-003   377.922848840660     
  2.540000000000000E-003   378.101448116656     
  2.560000000000000E-003   378.302804528667     
  2.580000000000000E-003   378.501554890194     
  2.600000000000000E-003   378.615624258594     
  2.620000000000000E-003   378.563498723717     
  2.640000000000000E-003   377.552371680344     
  2.660000000000000E-003   371.533661721426     
  2.680000000000000E-003   356.060739132607     
  2.700000000000000E-003   346.235280124908     
  2.720000000000000E-003   343.181687811824     
  2.740000000000000E-003   342.603021621548     
  2.760000000000000E-003   342.603196142734     
  2.780000000000000E-003   343.013309202982     
  2.800000000000000E-003   343.540129352164     
  2.820000000000000E-003   343.942294031853     
  2.840000000000000E-003   344.335341925631     
  2.860000000000000E-003   344.748930209976     
  2.880000000000000E-003   345.123693180343     
  2.900000000000000E-003   345.381207000227     
  2.920000000000000E-003   345.465931675511     
  2.940000000000000E-003   345.385837176474     
  2.960000000000000E-003   344.793686908390     
  2.980000000000000E-003   342.806330848270     
  3.000000000000000E-003   337.662346993701     
  3.020000000000000E-003   330.068269975248     
  3.040000000000000E-003   325.165452359106     
  3.060000000000000E-003   322.863038532754     
  3.080000000000000E-003   321.943614518677     
  3.100000000000000E-003   321.636956275603     
  3.120000000000000E-003   321.567224853316     
  3.140000000000000E-003   321.670624040280     
  3.160000000000000E-003   322.006737351402     
  3.180000000000000E-003   322.313476880351     
  3.200000000000000E-003   322.572452452730     
  3.220000000000000E-003   322.814051925470     
  3.240000000000000E-003   323.052064390658     
  3.260000000000000E-003   323.290833344616     
  3.280000000000000E-003   323.531676243226     
  3.300000000000000E-003   323.772054459251     
  3.320000000000000E-003   324.009736650333     
  3.340000000000000E-003   324.246030678598     
  3.360000000000000E-003   324.482226650002     
  3.380000000000000E-003   324.718304697755     
  3.400000000000000E-003   324.953318375613     
  3.420000000000000E-003   325.186718709082     
  3.440000000000000E-003   325.418761299403     
  3.460000000000000E-003   325.649934242214     
  3.480000000000000E-003   325.880404356074     
  3.500000000000000E-003   326.110071435285     
  3.520000000000000E-003   326.338941344263     
  3.540000000000000E-003   326.567159989535     
  3.560000000000000E-003   326.795037975107     
  3.580000000000000E-003   327.022903172457     
  3.600000000000000E-003   327.251103289418     
  3.620000000000000E-003   327.480113833939     
  3.640000000000000E-003   327.710784858749     
  3.660000000000000E-003   327.944110289572     
  3.680000000000000E-003   328.181123001581     
  3.700000000000000E-003   328.422304805103     
  3.720000000000000E-003   328.667801720055     
  3.740000000000000E-003   328.917537127587     
  3.760000000000000E-003   329.171686591834     
  3.780000000000000E-003   329.430585009494     
  3.800000000000000E-003   329.694247289889     
  3.820000000000000E-003   329.962522597062     
  3.840000000000001E-003   330.235026152304     
  3.860000000000000E-003   330.511462954629     
  3.880000000000000E-003   330.791329568226     
  3.900000000000000E-003   331.074056816057     
  3.920000000000001E-003   331.359030885625     
  3.940000000000000E-003   331.645536704543     
  3.960000000000000E-003   331.931263478096     
  3.980000000000000E-003   332.215927297616     
  4.000000000000000E-003   332.499861487048     
  4.020000000000000E-003   332.783558570486     
  4.040000000000000E-003   333.067429699119     
  4.060000000000000E-003   333.352408494520     
  4.080000000000000E-003   333.640237186654     
  4.100000000000000E-003   333.932987546288     
  4.120000000000000E-003   334.234138811351     
  4.140000000000000E-003   334.549149090892     
  4.160000000000001E-003   334.870751342043     
  4.180000000000001E-003   335.176815101851     
  4.200000000000001E-003   335.459403342917     
  4.220000000000001E-003   335.712971074188     
  4.240000000000001E-003   335.922166829724     
  4.260000000000001E-003   336.069453983078     
  4.280000000000000E-003   336.149571413192     
  4.300000000000000E-003   336.169181688422     
  4.320000000000000E-003   336.147995762473     
  4.340000000000000E-003   336.042133913175     
  4.360000000000000E-003   335.791024737438     
  4.380000000000000E-003   335.333399457073     
  4.400000000000000E-003   334.627730020830     
  4.420000000000000E-003   333.919742666582     
  4.440000000000000E-003   333.407094330962     
  4.460000000000000E-003   333.064153462202     
  4.480000000000000E-003   332.851727434981     
  4.500000000000001E-003   332.730980757690     
  4.520000000000001E-003   332.670449286141     
  4.540000000000001E-003   332.646894061369     
  4.560000000000001E-003   332.647074384857     
  4.580000000000001E-003   332.718216377767     
  4.600000000000001E-003   332.866952091477     
  4.620000000000000E-003   333.024656474289     
  4.640000000000000E-003   333.168323301170     
  4.660000000000000E-003   333.298091391316     
  4.680000000000000E-003   333.415912012502     
  4.700000000000000E-003   333.524167179261     
  4.720000000000000E-003   333.625154089156     
  4.740000000000000E-003   333.720534321326     
  4.760000000000000E-003   333.810554540761     
  4.780000000000000E-003   333.893495846035     
  4.800000000000000E-003   333.965350584790     
  4.820000000000000E-003   334.020401528108     
  4.840000000000001E-003   334.055571411285     
  4.860000000000001E-003   334.069158027201     
  4.880000000000001E-003   334.066031127824     
  4.900000000000001E-003   334.031383111253     
  4.920000000000001E-003   333.945799899568     
  4.940000000000001E-003   333.780493498787     
  4.960000000000000E-003   333.497827852480     
  4.980000000000000E-003   333.046977645932     
  5.000000000000000E-003   332.366811210933     
  5.020000000000000E-003   331.394085618910     
  5.040000000000000E-003   330.174008805878     
  5.060000000000000E-003   329.130109426046     
  5.080000000000000E-003   328.342675088190     
  5.100000000000000E-003   327.767060037922     
  5.120000000000000E-003   327.353369438496     
  5.140000000000000E-003   327.057903391967     
  5.160000000000001E-003   326.845694744345     
  5.180000000000001E-003   326.690054687633     
  5.200000000000001E-003   326.571048336170     
  5.220000000000001E-003   326.474426143035     
  5.240000000000001E-003   326.390462463401     
  5.260000000000001E-003   326.312810446752     
  5.280000000000001E-003   326.239075185686     
  5.300000000000000E-003   326.170830117986     
  5.320000000000000E-003   326.111141101247     
  5.340000000000000E-003   326.062971983353     
  5.360000000000000E-003   326.028380080551     
  5.380000000000000E-003   326.007663221835     
  5.400000000000000E-003   325.999714748842     
  5.420000000000000E-003   326.003119859706     
  5.440000000000000E-003   326.018301447792     
  5.460000000000000E-003   326.050988039271     
  5.480000000000000E-003   326.105893262635     
  5.500000000000001E-003   326.190705791058     
  5.520000000000001E-003   326.303710322854     
  5.540000000000001E-003   326.442818545040     
  5.560000000000001E-003   326.606203417066     
  5.580000000000001E-003   326.792312696318     
  5.600000000000001E-003   326.999705353135     
  5.620000000000001E-003   327.226568418809     
  5.640000000000000E-003   327.470664861593     
  5.660000000000000E-003   327.729369350477     
  5.680000000000000E-003   328.000359015371     
  5.700000000000000E-003   328.281866173660     
  5.720000000000000E-003   328.571994823818     
  5.740000000000000E-003   328.867248694493     
  5.760000000000000E-003   329.160305677456     
  5.780000000000000E-003   329.449961099005     
  5.800000000000000E-003   329.735171512000     
  5.820000000000001E-003   330.014990669639     
  5.840000000000001E-003   330.288861269667     
  5.860000000000001E-003   330.556657707600     
  5.880000000000001E-003   330.818661440101     
  5.900000000000001E-003   331.075377968764     
  5.920000000000001E-003   331.327682418553     
  5.940000000000001E-003   331.576548429764     
  5.960000000000001E-003   331.822882931760     
  5.980000000000000E-003   332.067355123003     
  6.000000000000000E-003   332.310415168831     
  6.020000000000000E-003   332.553133917069     
  6.040000000000000E-003   332.796894876424     
  6.060000000000000E-003   333.043829153865     
  6.080000000000000E-003   333.295547420016     
  6.100000000000000E-003   333.552883658889     
  6.120000000000000E-003   333.815928575840     
  6.140000000000000E-003   334.083765453263     
  6.160000000000001E-003   334.356167532317     
  6.180000000000001E-003   334.632986003641     
  6.200000000000001E-003   334.908931282784     
  6.220000000000001E-003   335.181342935541     
  6.240000000000001E-003   335.449523907746     
  6.260000000000001E-003   335.713131167063     
  6.280000000000001E-003   335.972265821451     
  6.300000000000001E-003   336.227195742644     
  6.320000000000000E-003   336.477344604167     
  6.340000000000000E-003   336.721522789158     
  6.360000000000000E-003   336.957916169076     
  6.380000000000000E-003   337.183972049787     
  6.400000000000000E-003   337.397651586697     
  6.420000000000000E-003   337.598215835200     
  6.440000000000000E-003   337.785981061908     
  6.460000000000000E-003   337.958272385955     
  6.480000000000001E-003   338.108562868739     
  6.500000000000001E-003   338.229053161214     
  6.520000000000001E-003   338.312796368618     
  6.540000000000001E-003   338.357523181651     
  6.560000000000001E-003   338.371173491250     
  6.580000000000001E-003   338.359416030790     
  6.600000000000001E-003   338.306809304083     
  6.620000000000001E-003   338.199360468561     
  6.640000000000001E-003   338.022807945168     
  6.660000000000000E-003   337.764228686641     
  6.680000000000000E-003   337.414059444020     
  6.700000000000000E-003   337.002054066203     
  6.720000000000000E-003   336.631966088390     
  6.740000000000000E-003   336.316617752443     
  6.760000000000000E-003   336.047967946570     
  6.780000000000000E-003   335.816302240293     
  6.800000000000000E-003   335.612082541824     
  6.820000000000001E-003   335.426462449487     
  6.840000000000001E-003   335.253845872459     
  6.860000000000001E-003   335.092497862100     
  6.880000000000001E-003   334.938015437777     
  6.900000000000001E-003   334.784527271099     
  6.920000000000001E-003   334.629119211294     
  6.940000000000001E-003   334.470439552526     
  6.960000000000001E-003   334.311408449994     
  6.980000000000001E-003   334.159179821870     
  7.000000000000000E-003   334.020950346727     
  7.020000000000000E-003   333.903512837052     
  7.040000000000000E-003   333.811590021120     
  7.060000000000000E-003   333.743728814030     
  7.080000000000000E-003   333.701062392809     
  7.100000000000000E-003   333.671167214181     
  7.120000000000000E-003   333.660123121963     
  7.140000000000001E-003   333.662270751523     
  7.160000000000001E-003   333.677389140007     
  7.180000000000001E-003   333.711985097035     
  7.200000000000001E-003   333.768205448385     
  7.220000000000001E-003   333.845503593466     
  7.240000000000001E-003   333.941111156274     
  7.260000000000001E-003   334.052118574819     
  7.280000000000001E-003   334.177083110111     
  7.300000000000001E-003   334.315966023735     
  7.320000000000001E-003   334.467806093034     
  7.340000000000000E-003   334.630393165953     
  7.360000000000000E-003   334.802081212960     
  7.380000000000000E-003   334.982633521546     
  7.400000000000000E-003   335.172058395460     
  7.420000000000000E-003   335.369377235929     
  7.440000000000000E-003   335.563909366255     
  7.460000000000000E-003   335.751641421973     
  7.480000000000001E-003   335.931700087425     
  7.500000000000001E-003   336.103956357801     
  7.520000000000001E-003   336.268700910599     
  7.540000000000001E-003   336.426489096854     
  7.560000000000001E-003   336.578240091028     
  7.580000000000001E-003   336.725230361200     
  7.600000000000001E-003   336.869093192756     
  7.620000000000001E-003   337.011023405327     
  7.640000000000001E-003   337.152271839749     
  7.660000000000001E-003   337.292927770443     
  7.680000000000001E-003   337.433658917427     
  7.700000000000000E-003   337.575362699205     
  7.720000000000000E-003   337.719679473060     
  7.740000000000000E-003   337.868781515082     
  7.760000000000000E-003   338.023832770671     
  7.780000000000000E-003   338.185569552629     
  7.800000000000001E-003   338.354180738744     
  7.820000000000001E-003   338.529419547774     
  7.840000000000001E-003   338.711058575461     
  7.860000000000001E-003   338.898942852882     
  7.880000000000000E-003   339.092893408169     
  7.900000000000001E-003   339.292225536502     
  7.920000000000000E-003   339.496131880014     
  7.940000000000001E-003   339.701530739448     
  7.960000000000000E-003   339.904989288315     
  7.980000000000001E-003   340.105809350553     
  8.000000000000000E-003   340.303474446883     
  8.020000000000001E-003   340.497423982973     
  8.040000000000000E-003   340.687226500922     
  8.060000000000001E-003   340.872676004877     
  8.080000000000000E-003   341.053862048079     
  8.100000000000001E-003   341.231161765489     
  8.120000000000000E-003   341.405119127995     
  8.140000000000001E-003   341.576208999389     
  8.160000000000001E-003   341.744695301710     
  8.180000000000002E-003   341.910595610727     
  8.200000000000001E-003   342.073611469271     
  8.220000000000000E-003   342.233145010381     
  8.240000000000001E-003   342.388269059178     
  8.260000000000000E-003   342.537632424765     
  8.280000000000001E-003   342.679304252777     
  8.300000000000000E-003   342.810367276121     
  8.320000000000001E-003   342.926816282010     
  8.340000000000000E-003   343.023407046390     
  8.360000000000001E-003   343.094113425907     
  8.380000000000000E-003   343.134367943866     
  8.400000000000001E-003   343.145019990247     
  8.420000000000000E-003   343.139692441133     
  8.440000000000001E-003   343.108690035398     
  8.460000000000001E-003   343.046012490478     
  8.480000000000001E-003   342.943777155127     
  8.500000000000001E-003   342.790819328588     
  8.520000000000002E-003   342.571780810339     
  8.540000000000001E-003   342.266133097220     
  8.560000000000000E-003   341.847022472238     
  8.580000000000001E-003   341.280199155760     
  8.600000000000000E-003   340.524282035147     
  8.620000000000001E-003   339.535070541921     
  8.640000000000000E-003   338.302269856613     
  8.660000000000001E-003   337.126457694235     
  8.680000000000000E-003   336.112257811015     
  8.700000000000001E-003   335.279322589849     
  8.720000000000000E-003   334.613947874870     
  8.740000000000001E-003   334.094660605911     
  8.760000000000000E-003   333.697552492376     
  8.780000000000001E-003   333.399202607688     
  8.800000000000001E-003   333.178126974957     
  8.820000000000001E-003   333.015819147722     
  8.840000000000001E-003   332.896632056443     
  8.860000000000002E-003   332.806661205106     
  8.880000000000001E-003   332.743188810577     
  8.900000000000000E-003   332.707730101631     
  8.920000000000001E-003   332.686116502824     
  8.940000000000000E-003   332.693022339830     
  8.960000000000001E-003   332.718525033923     
  8.980000000000000E-003   332.754872762651     
  9.000000000000001E-003   332.796972297022     
  9.020000000000000E-003   332.842500387424     
  9.040000000000001E-003   332.890639055304     
  9.060000000000000E-003   332.941052670991     
  9.080000000000001E-003   332.993738580430     
  9.100000000000000E-003   333.049279461525     
  9.120000000000001E-003   333.108982159878     
  9.140000000000001E-003   333.174129258087     
  9.160000000000001E-003   333.247537916821     
  9.180000000000001E-003   333.327280082855     
  9.200000000000002E-003   333.414466425133     
  9.220000000000001E-003   333.509550310709     
  9.240000000000000E-003   333.612255621492     
  9.260000000000001E-003   333.721332849489     
  9.280000000000000E-003   333.835669908957     
  9.300000000000001E-003   333.954738064218     
  9.320000000000000E-003   334.074682528686     
  9.340000000000001E-003   334.190774571646     
  9.360000000000000E-003   334.300774652955     
  9.380000000000001E-003   334.403025667653     
  9.400000000000000E-003   334.496685777676     
  9.420000000000001E-003   334.581931749131     
  9.440000000000000E-003   334.659325298458     
  9.460000000000001E-003   334.729133836732     
  9.480000000000001E-003   334.791089303221     
  9.500000000000001E-003   334.844981046752     
  9.520000000000001E-003   334.891713361580     
  9.540000000000002E-003   334.931067431996     
  9.560000000000001E-003   334.962377779714     
  9.580000000000000E-003   334.983942956513     
  9.600000000000001E-003   334.992033949476     
  9.620000000000000E-003   334.988409075535     
  9.640000000000001E-003   334.975926554186     
  9.660000000000000E-003   334.954643736359     
  9.680000000000001E-003   334.922665369443     
  9.700000000000000E-003   334.879853569261     
  9.720000000000001E-003   334.825653502892     
  9.740000000000000E-003   334.760179380859     
  9.760000000000001E-003   334.683626813619     
  9.780000000000000E-003   334.595740518404     
  9.800000000000001E-003   334.496134822592     
  9.820000000000001E-003   334.384339625371     
  9.840000000000002E-003   334.259260167549     
  9.860000000000001E-003   334.118675862435     
  9.880000000000002E-003   333.958995180984     
  9.900000000000001E-003   333.776039664128     
  9.920000000000000E-003   333.571351311144     
  9.940000000000001E-003   333.358941870879     
  9.960000000000000E-003   333.139856766020     
  9.980000000000001E-003   332.913624338665     
  1.000000000000000E-002   332.678807088530     
  1.002000000000000E-002   332.431121006431     
  1.004000000000000E-002   332.160093539858     
  1.006000000000000E-002   331.867238111552     
  1.008000000000000E-002   331.548202455366     
  1.010000000000000E-002   331.197690646124     
  1.012000000000000E-002   330.852709216114     
  1.014000000000000E-002   330.550688998735     
  1.016000000000000E-002   330.300595701331     
  1.018000000000000E-002   330.098820784331     
  1.020000000000000E-002   329.942729878343     
  1.022000000000000E-002   329.827862519661     
  1.024000000000000E-002   329.749799352999     
  1.026000000000000E-002   329.705878522543     
  1.028000000000000E-002   329.693307741947     
  1.030000000000000E-002   329.699998187673     
  1.032000000000000E-002   329.729248241707     
  1.034000000000000E-002   329.777310730639     
  1.036000000000000E-002   329.842142479783     
  1.038000000000000E-002   329.922787215938     
  1.040000000000000E-002   330.018114309234     
  1.042000000000000E-002   330.127442834189     
  1.044000000000000E-002   330.248983881758     
  1.046000000000000E-002   330.381844304551     
  1.048000000000000E-002   330.524781463387     
  1.050000000000000E-002   330.675933864095     
  1.052000000000000E-002   330.832264296254     
  1.054000000000000E-002   330.990456215434     
  1.056000000000000E-002   331.147461762658     
  1.058000000000000E-002   331.301530003285     
  1.060000000000000E-002   331.450889511054     
  1.062000000000000E-002   331.594257732902     
  1.064000000000000E-002   331.730705936664     
  1.066000000000000E-002   331.859453758633     
  1.068000000000000E-002   331.979880323211     
  1.070000000000000E-002   332.091388615982     
  1.072000000000000E-002   332.193532576559     
  1.074000000000000E-002   332.286181973007     
  1.076000000000000E-002   332.369530004257     
  1.078000000000000E-002   332.444101119603     
  1.080000000000000E-002   332.510707422179     
  1.082000000000000E-002   332.570156245206     
  1.084000000000000E-002   332.623070718523     
  1.086000000000000E-002   332.670149504845     
  1.088000000000000E-002   332.712271861026     
  1.090000000000000E-002   332.750387981381     
  1.092000000000000E-002   332.785444153270     
  1.094000000000000E-002   332.818270045614     
  1.096000000000000E-002   332.849441447360     
  1.098000000000000E-002   332.879166111501     
  1.100000000000000E-002   332.907367553824     
  1.102000000000000E-002   332.933702369565     
  1.104000000000000E-002   332.957607995312     
  1.106000000000000E-002   332.978448770964     
  1.108000000000000E-002   332.995408929663     
  1.110000000000000E-002   333.008107512769     
  1.112000000000000E-002   333.016107961629     
  1.114000000000000E-002   333.020594905095     
  1.116000000000000E-002   333.020186439368     
  1.118000000000000E-002   333.016748648327     
  1.120000000000000E-002   333.009966490887     
  1.122000000000000E-002   333.000468636238     
  1.124000000000000E-002   332.989579463352     
  1.126000000000000E-002   332.978248481819     
  1.128000000000000E-002   332.968793269251     
  1.130000000000000E-002   332.962413272430     
  1.132000000000000E-002   332.959965347135     
  1.134000000000000E-002   332.962091743783     
  1.136000000000000E-002   332.968387198234     
  1.138000000000000E-002   332.979279766328     
  1.140000000000000E-002   332.994761635275     
  1.142000000000000E-002   333.014469987985     
  1.144000000000000E-002   333.037948193136     
  1.146000000000000E-002   333.064345519410     
  1.148000000000000E-002   333.092966853886     
  1.150000000000000E-002   333.122472897376     
  1.152000000000000E-002   333.151952455542     
  1.154000000000000E-002   333.180903767524     
  1.156000000000000E-002   333.208881147114     
  1.158000000000000E-002   333.235624981069     
  1.160000000000000E-002   333.261020312864     
  1.162000000000000E-002   333.285107424689     
  1.164000000000000E-002   333.308016607747     
  1.166000000000000E-002   333.329814357898     
  1.168000000000000E-002   333.350560194382     
  1.170000000000000E-002   333.370192733576     
  1.172000000000000E-002   333.388511124499     
  1.174000000000000E-002   333.405028638216     
  1.176000000000000E-002   333.418925389318     
  1.178000000000000E-002   333.429688151889     
  1.180000000000000E-002   333.436906155509     
  1.182000000000000E-002   333.441363368565     
  1.184000000000000E-002   333.443609979935     
  1.186000000000000E-002   333.443862528942     
  1.188000000000000E-002   333.443357629735     
  1.190000000000000E-002   333.444159722677     
  1.192000000000000E-002   333.448516352862     
  1.194000000000000E-002   333.458141204430     
  1.196000000000000E-002   333.474056908778     
  1.198000000000000E-002   333.496511848948     
  1.200000000000000E-002   333.525554070048     
  1.202000000000000E-002   333.561620620215     
  1.204000000000000E-002   333.605608865870     
  1.206000000000000E-002   333.658763755475     
  1.208000000000000E-002   333.722600591890     
  1.210000000000000E-002   333.798743058695     
  1.212000000000000E-002   333.888260755937     
  1.214000000000000E-002   333.990756080342     
  1.216000000000000E-002   334.104545463199     
  1.218000000000000E-002   334.228078885449     
  1.220000000000000E-002   334.360587504030     
  1.222000000000000E-002   334.501599071959     
  1.224000000000000E-002   334.651307252214     
  1.226000000000000E-002   334.808921756286     
  1.228000000000000E-002   334.971424539240     
  1.230000000000000E-002   335.136702114355     
  1.232000000000000E-002   335.303847516310     
  1.234000000000000E-002   335.469268070595     
  1.236000000000000E-002   335.630065279920     
  1.238000000000000E-002   335.784057039565     
  1.240000000000000E-002   335.929418500627     
  1.242000000000000E-002   336.065177946290     
  1.244000000000000E-002   336.190963385879     
  1.246000000000000E-002   336.306298433655     
  1.248000000000000E-002   336.411527723075     
  1.250000000000000E-002   336.507117625995     
  1.252000000000000E-002   336.593568692567     
  1.254000000000000E-002   336.671542251564     
  1.256000000000000E-002   336.741897374089     
  1.258000000000000E-002   336.805305735902     
  1.260000000000000E-002   336.862165588997     
  1.262000000000000E-002   336.912944030138     
  1.264000000000000E-002   336.957933801145     
  1.266000000000000E-002   336.997352180212     
  1.268000000000000E-002   337.031303505651     
  1.270000000000000E-002   337.059784464987     
  1.272000000000000E-002   337.082893347406     
  1.274000000000000E-002   337.100988267217     
  1.276000000000000E-002   337.114693139711     
  1.278000000000000E-002   337.124832699714     
  1.280000000000000E-002   337.132355689347     
  1.282000000000000E-002   337.138103995940     
  1.284000000000000E-002   337.142875011418     
  1.286000000000000E-002   337.147108224502     
  1.288000000000000E-002   337.151388427670     
  1.290000000000000E-002   337.156130278900     
  1.292000000000000E-002   337.161829884776     
  1.294000000000000E-002   337.168851829482     
  1.296000000000000E-002   337.177645153034     
  1.298000000000000E-002   337.188959772137     
  1.300000000000000E-002   337.203351915192     
  1.302000000000000E-002   337.220788783186     
  1.304000000000000E-002   337.240853196951     
  1.306000000000000E-002   337.263559103362     
  1.308000000000000E-002   337.288432569948     
  1.310000000000000E-002   337.313283146951     
  1.312000000000000E-002   337.335431820595     
  1.314000000000000E-002   337.353559121727     
  1.316000000000000E-002   337.367518223909     
  1.318000000000000E-002   337.377529232350     
  1.320000000000000E-002   337.382285459804     
  1.322000000000000E-002   337.382465683861     
  1.324000000000000E-002   337.376763432393     
  1.326000000000000E-002   337.364749383957     
  1.328000000000000E-002   337.346001730081     
  1.330000000000000E-002   337.319960595271     
  1.332000000000000E-002   337.285534900321     
  1.334000000000000E-002   337.241299053688     
  1.336000000000000E-002   337.185504852226     
  1.338000000000000E-002   337.115872351215     
  1.340000000000000E-002   337.029502042190     
  1.342000000000000E-002   336.922945513516     
  1.344000000000000E-002   336.792320373233     
  1.346000000000000E-002   336.633355666266     
  1.348000000000000E-002   336.441416629452     
  1.350000000000000E-002   336.211570585437     
  1.352000000000000E-002   335.938606338949     
  1.354000000000000E-002   335.616842827697     
  1.356000000000000E-002   335.244321770917     
  1.358000000000000E-002   334.895009781083     
  1.360000000000000E-002   334.595209270139     
  1.362000000000000E-002   334.343961296798     
  1.364000000000000E-002   334.136918465597     
  1.366000000000000E-002   333.968785954329     
  1.368000000000000E-002   333.833899293716     
  1.370000000000000E-002   333.726861530759     
  1.372000000000000E-002   333.642801999535     
  1.374000000000000E-002   333.577542660063     
  1.376000000000000E-002   333.527557105317     
  1.378000000000000E-002   333.489931012374     
  1.380000000000000E-002   333.462284550648     
  1.382000000000000E-002   333.442727565221     
  1.384000000000000E-002   333.429823600202     
  1.386000000000000E-002   333.422606953933     
  1.388000000000000E-002   333.420474958474     
  1.390000000000000E-002   333.423170209788     
  1.392000000000000E-002   333.429472775246     
  1.394000000000000E-002   333.438350303067     
  1.396000000000000E-002   333.451250464498     
  1.398000000000000E-002   333.467754576413     
  1.400000000000000E-002   333.488014866180     
  1.402000000000000E-002   333.512119482980     
  1.404000000000000E-002   333.540010064121     
  1.406000000000000E-002   333.574124211638     
  1.408000000000000E-002   333.615650112531     
  1.410000000000000E-002   333.663736499288     
  1.412000000000000E-002   333.718536473051     
  1.414000000000000E-002   333.779768678221     
  1.416000000000000E-002   333.847301060583     
  1.418000000000000E-002   333.920928747273     
  1.420000000000000E-002   334.000193877760     
  1.422000000000000E-002   334.084721504545     
  1.424000000000000E-002   334.174049011466     
  1.426000000000000E-002   334.267600209998     
  1.428000000000000E-002   334.364626438675     
  1.430000000000000E-002   334.464991384168     
  1.432000000000000E-002   334.567527719100     
  1.434000000000000E-002   334.669257871598     
  1.436000000000000E-002   334.768771747398     
  1.438000000000000E-002   334.865216620461     
  1.440000000000000E-002   334.957788226665     
  1.442000000000000E-002   335.045973143700     
  1.444000000000000E-002   335.129611796447     
  1.446000000000000E-002   335.208679486928     
  1.448000000000000E-002   335.283325742188     
  1.450000000000000E-002   335.353811497722     
  1.452000000000000E-002   335.420440276317     
  1.454000000000000E-002   335.483459167416     
  1.456000000000000E-002   335.542969678606     
  1.458000000000000E-002   335.598834980864     
  1.460000000000000E-002   335.650593680982     
  1.462000000000000E-002   335.697524039733     
  1.464000000000000E-002   335.738939302240     
  1.466000000000000E-002   335.774294374994     
  1.468000000000000E-002   335.803195862393     
  1.470000000000000E-002   335.825481634171     
  1.472000000000000E-002   335.841253757277     
  1.474000000000000E-002   335.850728424165     
  1.476000000000000E-002   335.854825480394     
  1.478000000000000E-002   335.853287358626     
  1.480000000000000E-002   335.848102890316     
  1.482000000000000E-002   335.839209409079     
  1.484000000000000E-002   335.827597528848     
  1.486000000000000E-002   335.812998972668     
  1.488000000000000E-002   335.796096471182     
  1.490000000000000E-002   335.777232732029     
  1.492000000000000E-002   335.756650199231     
  1.494000000000000E-002   335.734425940398     
  1.496000000000000E-002   335.710498048023     
  1.498000000000000E-002   335.684679183986     
  1.500000000000000E-002   335.656955566830     
  1.502000000000000E-002   335.627453033461     
  1.504000000000000E-002   335.595699740854     
  1.506000000000000E-002   335.561694239827     
  1.508000000000000E-002   335.525455623276     
  1.510000000000000E-002   335.487203864843     
  1.512000000000000E-002   335.447300633000     
  1.514000000000000E-002   335.405559836888     
  1.516000000000000E-002   335.361976214558     
  1.518000000000000E-002   335.317108946508     
  1.520000000000000E-002   335.271366795037     
  1.522000000000000E-002   335.224682436436     
  1.524000000000000E-002   335.177026381015     
  1.526000000000000E-002   335.128566782266     
  1.528000000000000E-002   335.079645090224     
  1.530000000000000E-002   335.030377231744     
  1.532000000000000E-002   334.981071437027     
  1.534000000000000E-002   334.934152786348     
  1.536000000000000E-002   334.888646440150     
  1.538000000000000E-002   334.842374679238     
  1.540000000000000E-002   334.794400835675     
  1.542000000000000E-002   334.743530255028     
  1.544000000000000E-002   334.687274258130     
  1.546000000000000E-002   334.623020167661     
  1.548000000000000E-002   334.549125410396     
  1.550000000000000E-002   334.464484414986     
  1.552000000000000E-002   334.367948922662     
  1.554000000000000E-002   334.258343441465     
  1.556000000000000E-002   334.134813298758     
  1.558000000000000E-002   333.996521752688     
  1.560000000000000E-002   333.842366450046     
  1.562000000000000E-002   333.671540679825     
  1.564000000000000E-002   333.483075860645     
  1.566000000000000E-002   333.289570055186     
  1.568000000000000E-002   333.105572049299     
  1.570000000000000E-002   332.931484603977     
  1.572000000000000E-002   332.769295214303     
  1.574000000000000E-002   332.619591291232     
  1.576000000000000E-002   332.482966925224     
  1.578000000000000E-002   332.359734946998     
  1.580000000000000E-002   332.249847585406     
  1.582000000000000E-002   332.152762739188     
  1.584000000000000E-002   332.067651091548     
  1.586000000000000E-002   331.994012924732     
  1.588000000000000E-002   331.931017406930     
  1.590000000000000E-002   331.876812006164     
  1.592000000000000E-002   331.829205307476     
  1.594000000000000E-002   331.787009873662     
  1.596000000000000E-002   331.749965391651     
  1.598000000000000E-002   331.718694748703     
  1.600000000000000E-002   331.694293535129     
  1.602000000000000E-002   331.677251836035     
  1.604000000000000E-002   331.667132061856     
  1.606000000000000E-002   331.663632989363     
  1.608000000000000E-002   331.664856123088     
  1.610000000000000E-002   331.670842099481     
  1.612000000000000E-002   331.683593927450     
  1.614000000000000E-002   331.702382530495     
  1.616000000000000E-002   331.726757903517     
  1.618000000000000E-002   331.755805190881     
  1.620000000000000E-002   331.788817288759     
  1.622000000000000E-002   331.826481191913     
  1.624000000000000E-002   331.869247634706     
  1.626000000000000E-002   331.917069140493     
  1.628000000000000E-002   331.969322782774     
  1.630000000000000E-002   332.025039946227     
  1.632000000000000E-002   332.083192186958     
  1.634000000000000E-002   332.142898143825     
  1.636000000000000E-002   332.203194447054     
  1.638000000000000E-002   332.263443802596     
  1.640000000000000E-002   332.323493003666     
  1.642000000000000E-002   332.383588323464     
  1.644000000000000E-002   332.443848444575     
  1.646000000000000E-002   332.504174217007     
  1.648000000000000E-002   332.564237064550     
  1.650000000000000E-002   332.623932174820     
  1.652000000000000E-002   332.683422407525     
  1.654000000000000E-002   332.742444068776     
  1.656000000000000E-002   332.800562684729     
  1.658000000000000E-002   332.857548340981     
  1.660000000000000E-002   332.913242762207     
  1.662000000000000E-002   332.967396077094     
  1.664000000000000E-002   333.019623180725     
  1.666000000000000E-002   333.069611027526     
  1.668000000000000E-002   333.117317198090     
  1.670000000000000E-002   333.162849694750     
  1.672000000000000E-002   333.206296076872     
  1.674000000000000E-002   333.247594031065     
  1.676000000000000E-002   333.286664299941     
  1.678000000000000E-002   333.323416299474     
  1.680000000000000E-002   333.357741429317     
  1.682000000000000E-002   333.389564820888     
  1.684000000000000E-002   333.418567985977     
  1.686000000000000E-002   333.444302583793     
  1.688000000000000E-002   333.466479182788     
  1.690000000000000E-002   333.485173041309     
  1.692000000000000E-002   333.500680962024     
  1.694000000000000E-002   333.513283400302     
  1.696000000000000E-002   333.523202135388     
  1.698000000000000E-002   333.530300028447     
  1.700000000000000E-002   333.534168982995     
  1.702000000000000E-002   333.534349777124     
  1.704000000000000E-002   333.531023157656     
  1.706000000000000E-002   333.523841334446     
  1.708000000000000E-002   333.512365604551     
  1.710000000000000E-002   333.496902332091     
  1.712000000000000E-002   333.477046573758     
  1.714000000000000E-002   333.452485566066     
  1.716000000000000E-002   333.423630189259     
  1.718000000000000E-002   333.391362479775     
  1.720000000000000E-002   333.357076416421     
  1.722000000000000E-002   333.322114463233     
  1.724000000000000E-002   333.287418067857     
  1.726000000000000E-002   333.253969793742     
  1.728000000000000E-002   333.222528210557     
  1.730000000000000E-002   333.193968437753     
  1.732000000000000E-002   333.168826991451     
  1.734000000000000E-002   333.147004982571     
  1.736000000000000E-002   333.128112780168     
  1.738000000000000E-002   333.112039932735     
  1.740000000000000E-002   333.098841774613     
  1.742000000000000E-002   333.088875762732     
  1.744000000000000E-002   333.081942015001     
  1.746000000000000E-002   333.078074967311     
  1.748000000000000E-002   333.076253702377     
  1.750000000000000E-002   333.075745684419     
  1.752000000000000E-002   333.076018570858     
  1.754000000000000E-002   333.077069551002     
  1.756000000000000E-002   333.077962287375     
  1.758000000000000E-002   333.077280489340     
  1.760000000000000E-002   333.074758703469     
  1.762000000000000E-002   333.069937228582     
  1.764000000000000E-002   333.062691655639     
  1.766000000000000E-002   333.052988499089     
  1.768000000000000E-002   333.040851377849     
  1.770000000000000E-002   333.026377925458     
  1.772000000000000E-002   333.009788105710     
  1.774000000000000E-002   332.991314015206     
  1.776000000000000E-002   332.970777426589     
  1.778000000000000E-002   332.949656610388     
  1.780000000000000E-002   332.929788164344     
  1.782000000000000E-002   332.912483949015     
  1.784000000000000E-002   332.897632333880     
  1.786000000000000E-002   332.885308767701     
  1.788000000000000E-002   332.875553162811     
  1.790000000000000E-002   332.868331241054     
  1.792000000000000E-002   332.863633071894     
  1.794000000000000E-002   332.861366201806     
  1.796000000000000E-002   332.861246862177     
  1.798000000000000E-002   332.862665577810     
  1.800000000000000E-002   332.865100876649     
  1.802000000000000E-002   332.868183768193     
  1.804000000000000E-002   332.871520675348     
  1.806000000000000E-002   332.874760660090     
  1.808000000000000E-002   332.877410493267     
  1.810000000000000E-002   332.879158050890     
  1.812000000000000E-002   332.879880571458     
  1.814000000000000E-002   332.879705243479     
  1.816000000000000E-002   332.878452636189     
  1.818000000000000E-002   332.875990354754     
  1.820000000000000E-002   332.872428647778     
  1.822000000000000E-002   332.867901196151     
  1.824000000000000E-002   332.862662749897     
  1.826000000000000E-002   332.857105992376     
  1.828000000000000E-002   332.851561254767     
  1.830000000000000E-002   332.846565143360     
  1.832000000000000E-002   332.842411336424     
  1.834000000000000E-002   332.839327854095     
  1.836000000000000E-002   332.837509234541     
  1.838000000000000E-002   332.837154008016     
  1.840000000000000E-002   332.838342739751     
  1.842000000000000E-002   332.840993588463     
  1.844000000000000E-002   332.845175132472     
  1.846000000000000E-002   332.850725445169     
  1.848000000000000E-002   332.857765335786     
  1.850000000000000E-002   332.865689469944     
  1.852000000000000E-002   332.873607946643     
  1.854000000000000E-002   332.880543106826     
  1.856000000000000E-002   332.885894584224     
  1.858000000000000E-002   332.889508589832     
  1.860000000000000E-002   332.891528404991     
  1.862000000000000E-002   332.891811061711     
  1.864000000000000E-002   332.890852974211     
  1.866000000000000E-002   332.888975478323     
  1.868000000000000E-002   332.886358122981     
  1.870000000000000E-002   332.883316506196     
  1.872000000000000E-002   332.880146468273     
  1.874000000000000E-002   332.877256011870     
  1.876000000000000E-002   332.875128463289     
  1.878000000000000E-002   332.874317326997     
  1.880000000000000E-002   332.875333783066     
  1.882000000000000E-002   332.878273364692     
  1.884000000000000E-002   332.883551706184     
  1.886000000000000E-002   332.891448800975     
  1.888000000000000E-002   332.902144250975     
  1.890000000000000E-002   332.915855104728     
  1.892000000000000E-002   332.932691728746     
  1.894000000000000E-002   332.952629377777     
  1.896000000000000E-002   332.975598663441     
  1.898000000000000E-002   333.001453047788     
  1.900000000000000E-002   333.030067630010     
  1.902000000000000E-002   333.061330410139     
  1.904000000000000E-002   333.095047947113     
  1.906000000000000E-002   333.131003484999     
  1.908000000000000E-002   333.169003413806     
  1.910000000000000E-002   333.208723810882     
  1.912000000000000E-002   333.249817785424     
  1.914000000000000E-002   333.291920581800     
  1.916000000000000E-002   333.334543766542     
  1.918000000000000E-002   333.377088079225     
  1.920000000000000E-002   333.418859821555     
  1.922000000000000E-002   333.459609488716     
  1.924000000000000E-002   333.499072250567     
  1.926000000000000E-002   333.536987505753     
  1.928000000000000E-002   333.573128082489     
  1.930000000000000E-002   333.607355277271     
  1.932000000000000E-002   333.639704443543     
  1.934000000000000E-002   333.670398409950     
  1.936000000000000E-002   333.699708841618     
  1.938000000000000E-002   333.728005268163     
  1.940000000000000E-002   333.755688209813     
  1.942000000000000E-002   333.783119708499     
  1.944000000000000E-002   333.810694414658     
  1.946000000000000E-002   333.838638670846     
  1.948000000000000E-002   333.867094469586     
  1.950000000000000E-002   333.896208588944     
  1.952000000000000E-002   333.926163672461     
  1.954000000000000E-002   333.957048420075     
  1.956000000000000E-002   333.988883290749     
  1.958000000000000E-002   334.021430740866     
  1.960000000000000E-002   334.054145679120     
  1.962000000000000E-002   334.086397445211     
  1.964000000000000E-002   334.117490340123     
  1.966000000000000E-002   334.146825363644     
  1.968000000000000E-002   334.173838281616     
  1.970000000000000E-002   334.198042807791     
  1.972000000000000E-002   334.219093402131     
  1.974000000000000E-002   334.236829126329     
  1.976000000000000E-002   334.251309488861     
  1.978000000000000E-002   334.262766636650     
  1.980000000000000E-002   334.271498899137     
  1.982000000000000E-002   334.277883006639     
  1.984000000000000E-002   334.282348586085     
  1.986000000000000E-002   334.285266508819     
  1.988000000000000E-002   334.286960438629     
  1.990000000000000E-002   334.287694532488     
  1.992000000000000E-002   334.287572034437     
  1.994000000000000E-002   334.286701084653     
  1.996000000000000E-002   334.284937891965     
  1.998000000000000E-002   334.282084942373     
  2.000000000000000E-002   334.277851119038     
  2.002000000000000E-002   334.271993142048     
  2.004000000000000E-002   334.264349685904     
  2.006000000000000E-002   334.254813209739     
  2.008000000000000E-002   334.243288840591     
  2.010000000000000E-002   334.229731239250     
  2.012000000000000E-002   334.214178341929     
  2.014000000000000E-002   334.196737381917     
  2.016000000000000E-002   334.177504201788     
  2.018000000000000E-002   334.156970504307     
  2.020000000000000E-002   334.134915306755     
  2.022000000000000E-002   334.111672928402     
  2.024000000000000E-002   334.087406046863     
  2.026000000000000E-002   334.062262048420     
  2.028000000000000E-002   334.036469266326     
  2.030000000000000E-002   334.010337569190     
  2.032000000000000E-002   333.984271167136     
  2.034000000000000E-002   333.958634887578     
  2.036000000000000E-002   333.933712436628     
  2.038000000000000E-002   333.909907207888     
  2.040000000000000E-002   333.887283764105     
  2.042000000000000E-002   333.865825056291     
  2.044000000000000E-002   333.845403985814     
  2.046000000000000E-002   333.825889149719     
  2.048000000000000E-002   333.807055147523     
  2.050000000000000E-002   333.788476410816     
  2.052000000000000E-002   333.769752696199     
  2.054000000000000E-002   333.750516196757     
  2.056000000000000E-002   333.730326961774     
  2.058000000000000E-002   333.708757395555     
  2.060000000000000E-002   333.685493362404     
  2.062000000000000E-002   333.660209340617     
  2.064000000000000E-002   333.632742621465     
  2.066000000000000E-002   333.603087966025     
  2.068000000000000E-002   333.571449802838     
  2.070000000000000E-002   333.537955539197     
  2.072000000000000E-002   333.503231667149     
  2.074000000000000E-002   333.468769974827     
  2.076000000000000E-002   333.435217914177     
  2.078000000000000E-002   333.402512420101     
  2.080000000000000E-002   333.370512706575     
  2.082000000000000E-002   333.338956620888     
  2.084000000000000E-002   333.307413836053     
  2.086000000000000E-002   333.275544609467     
  2.088000000000000E-002   333.243047567270     
  2.090000000000000E-002   333.209614107670     
  2.092000000000000E-002   333.174782057723     
  2.094000000000000E-002   333.139687751720     
  2.096000000000000E-002   333.105771018345     
  2.098000000000000E-002   333.072945894270     
  2.100000000000000E-002   333.041021098087     
  2.102000000000000E-002   333.010005622837     
  2.104000000000000E-002   332.979916439549     
  2.106000000000000E-002   332.950650522127     
  2.108000000000000E-002   332.922094625672     
  2.110000000000000E-002   332.894168539083     
  2.112000000000000E-002   332.866833071401     
  2.114000000000000E-002   332.840091050516     
  2.116000000000000E-002   332.813986989634     
  2.118000000000000E-002   332.788583146575     
  2.120000000000000E-002   332.764019021797     
  2.122000000000000E-002   332.740399559299     
  2.124000000000000E-002   332.717752326574     
  2.126000000000000E-002   332.696109999671     
  2.128000000000000E-002   332.675436778687     
  2.130000000000000E-002   332.655697025726     
  2.132000000000000E-002   332.636606290307     
  2.134000000000000E-002   332.617931194501     
  2.136000000000000E-002   332.599793537070     
  2.138000000000000E-002   332.582512801847     
  2.140000000000000E-002   332.566315395827     
  2.142000000000000E-002   332.550965081517     
  2.144000000000000E-002   332.536315113672     
  2.146000000000000E-002   332.522505470661     
  2.148000000000000E-002   332.509820486490     
  2.150000000000000E-002   332.498438013350     
  2.152000000000000E-002   332.488586727206     
  2.154000000000000E-002   332.480713467715     
  2.156000000000000E-002   332.474480538329     
  2.158000000000000E-002   332.470502827591     
  2.160000000000000E-002   332.469145219336     
  2.162000000000000E-002   332.470230960362     
  2.164000000000000E-002   332.473836490719     
  2.166000000000000E-002   332.480222916995     
  2.168000000000000E-002   332.489486887891     
  2.170000000000000E-002   332.501616384195     
  2.172000000000000E-002   332.516401303213     
  2.174000000000000E-002   332.533505835635     
  2.176000000000000E-002   332.552625693107     
  2.178000000000000E-002   332.573450933281     
  2.180000000000000E-002   332.595694976266     
  2.182000000000000E-002   332.619111543652     
  2.184000000000000E-002   332.643480389243     
  2.186000000000000E-002   332.668615327383     
  2.188000000000000E-002   332.694350206147     
  2.190000000000000E-002   332.720566582061     
  2.192000000000000E-002   332.747175430676     
  2.194000000000000E-002   332.774100551182     
  2.196000000000000E-002   332.801243350355     
  2.198000000000000E-002   332.828534057196     
  2.200000000000000E-002   332.855923117882     
  2.202000000000000E-002   332.883411212055     
  2.204000000000000E-002   332.910965648680     
  2.206000000000000E-002   332.938553311545     
  2.208000000000000E-002   332.966060068774     
  2.210000000000000E-002   332.993331283991     
  2.212000000000000E-002   333.020257326178     
  2.214000000000000E-002   333.046657116813     
  2.216000000000000E-002   333.072329213478     
  2.218000000000000E-002   333.097157769009     
  2.220000000000000E-002   333.121152283320     
  2.222000000000000E-002   333.144387715494     
  2.224000000000000E-002   333.166941029695     
  2.226000000000000E-002   333.188880013801     
  2.228000000000000E-002   333.210224822501     
  2.230000000000000E-002   333.230933352832     
  2.232000000000000E-002   333.250910737746     
  2.234000000000000E-002   333.270008022843     
  2.236000000000000E-002   333.288034422468     
  2.238000000000000E-002   333.304829109256     
  2.240000000000000E-002   333.320265495071     
  2.242000000000000E-002   333.334182963436     
  2.244000000000000E-002   333.346414121500     
  2.246000000000000E-002   333.356803719350     
  2.248000000000000E-002   333.365228570049     
  2.250000000000000E-002   333.371517321450     
  2.252000000000000E-002   333.375494880283     
  2.254000000000000E-002   333.377209189633     
  2.256000000000000E-002   333.376545676576     
  2.258000000000000E-002   333.374279530791     
  2.260000000000000E-002   333.370202505240     
  2.262000000000000E-002   333.364325309393     
  2.264000000000000E-002   333.356817067880     
  2.266000000000000E-002   333.347761506945     
  2.268000000000000E-002   333.337148302471     
  2.270000000000000E-002   333.325428681771     
  2.272000000000000E-002   333.312326034069     
  2.274000000000000E-002   333.298082467246     
  2.276000000000000E-002   333.282881789242     
  2.278000000000000E-002   333.266889077858     
  2.280000000000000E-002   333.250270362496     
  2.282000000000000E-002   333.233115733335     
  2.284000000000000E-002   333.215398155873     
  2.286000000000000E-002   333.197014144655     
  2.288000000000000E-002   333.177831908849     
  2.290000000000000E-002   333.157771291105     
  2.292000000000000E-002   333.136874548865     
  2.294000000000000E-002   333.115318012302     
  2.296000000000000E-002   333.093697718170     
  2.298000000000000E-002   333.072529282552     
  2.300000000000000E-002   333.052111509365     
  2.302000000000000E-002   333.032555703966     
  2.304000000000000E-002   333.013916490270     
  2.306000000000000E-002   332.996303381335     
  2.308000000000000E-002   332.979864256223     
  2.310000000000000E-002   332.964772398804     
  2.312000000000000E-002   332.951268903023     
  2.314000000000000E-002   332.939000640977     
  2.316000000000000E-002   332.928020532768     
  2.318000000000000E-002   332.919191438894     
  2.320000000000000E-002   332.912465338485     
  2.322000000000000E-002   332.907554200003     
  2.324000000000000E-002   332.904216404732     
  2.326000000000000E-002   332.902242916421     
  2.328000000000000E-002   332.901380479022     
  2.330000000000000E-002   332.901388559050     
  2.332000000000000E-002   332.901968113493     
  2.334000000000000E-002   332.903044773911     
  2.336000000000000E-002   332.904457506470     
  2.338000000000000E-002   332.906056351177     
  2.340000000000000E-002   332.907642439310     
  2.342000000000000E-002   332.908907142712     
  2.344000000000000E-002   332.909641590920     
  2.346000000000000E-002   332.909496935535     
  2.348000000000000E-002   332.908669132208     
  2.350000000000000E-002   332.907040335661     
  2.352000000000000E-002   332.904587364533     
  2.354000000000000E-002   332.901340867416     
  2.356000000000000E-002   332.897361026493     
  2.358000000000000E-002   332.892708057873     
  2.360000000000000E-002   332.887428936297     
  2.362000000000000E-002   332.881554123396     
  2.364000000000000E-002   332.875062144459     
  2.366000000000000E-002   332.867807100679     
  2.368000000000000E-002   332.859502653051     
  2.370000000000000E-002   332.849821834982     
  2.372000000000000E-002   332.838532385292     
  2.374000000000000E-002   332.825548259474     
  2.376000000000000E-002   332.810783679504     
  2.378000000000000E-002   332.794010785041     
  2.380000000000000E-002   332.775009740932     
  2.382000000000000E-002   332.753750499773     
  2.384000000000000E-002   332.730464773947     
  2.386000000000000E-002   332.705639700583     
  2.388000000000000E-002   332.678869288899     
  2.390000000000000E-002   332.650209318151     
  2.392000000000000E-002   332.619680285872     
  2.394000000000000E-002   332.587323056545     
  2.396000000000000E-002   332.553102853639     
  2.398000000000000E-002   332.516908412867     
  2.400000000000000E-002   332.478518851451     
  2.402000000000000E-002   332.437676007799     
  2.404000000000000E-002   332.394115522622     
  2.406000000000000E-002   332.347675165882     
  2.408000000000000E-002   332.298303151060     
  2.410000000000000E-002   332.246023037350     
  2.412000000000000E-002   332.190935380220     
  2.414000000000000E-002   332.133156400715     
  2.416000000000000E-002   332.072823263240     
  2.418000000000000E-002   332.010063713967     
  2.420000000000000E-002   331.944930320417     
  2.422000000000000E-002   331.877428465664     
  2.424000000000000E-002   331.807592906035     
  2.426000000000000E-002   331.735592162842     
  2.428000000000000E-002   331.661745454424     
  2.430000000000000E-002   331.586396907324     
  2.432000000000000E-002   331.509827482225     
  2.434000000000000E-002   331.432272823696     
  2.436000000000000E-002   331.354115536719     
  2.438000000000000E-002   331.275754713871     
  2.440000000000000E-002   331.197453440407     
  2.442000000000000E-002   331.119384566763     
  2.444000000000000E-002   331.041475243290     
  2.446000000000000E-002   330.963536029391     
  2.448000000000000E-002   330.885348660466     
  2.450000000000000E-002   330.806602807601     
  2.452000000000000E-002   330.727021699771     
  2.454000000000000E-002   330.646504419345     
  2.456000000000000E-002   330.565150376807     
  2.458000000000000E-002   330.483156205519     
  2.460000000000000E-002   330.400671460117     
  2.462000000000000E-002   330.317707764142     
  2.464000000000000E-002   330.234195509002     
  2.466000000000000E-002   330.150273665456     
  2.468000000000000E-002   330.065660895039     
  2.470000000000000E-002   329.980360253540     
  2.472000000000000E-002   329.894748972943     
  2.474000000000000E-002   329.808860027926     
  2.476000000000000E-002   329.722620522794     
  2.478000000000000E-002   329.635821305479     
  2.480000000000000E-002   329.548162138462     
  2.482000000000000E-002   329.459351869379     
  2.484000000000000E-002   329.369177369188     
  2.486000000000000E-002   329.277387693295     
  2.488000000000000E-002   329.183542996652     
  2.490000000000000E-002   329.087155469735     
  2.492000000000000E-002   328.987966091578     
  2.494000000000000E-002   328.886038382699     
  2.496000000000000E-002   328.781614086063     
  2.498000000000000E-002   328.674828111563     
  2.500000000000000E-002   328.565539997254     
  2.502000000000000E-002   328.453504075970     
  2.504000000000000E-002   328.338405147299     
  2.506000000000000E-002   328.219731450850     
  2.508000000000000E-002   328.096977854255     
  2.510000000000000E-002   327.970006847316     
  2.512000000000000E-002   327.838759785370     
  2.514000000000000E-002   327.703300122308     
  2.516000000000000E-002   327.563592688702     
  2.518000000000000E-002   327.419306035747     
  2.520000000000000E-002   327.270130744109     
  2.522000000000000E-002   327.115825004713     
  2.524000000000000E-002   326.956268411943     
  2.526000000000000E-002   326.791487007977     
  2.528000000000000E-002   326.621651611066     
  2.530000000000000E-002   326.447050105621     
  2.532000000000000E-002   326.268054783910     
  2.534000000000000E-002   326.085098367703     
  2.536000000000000E-002   325.898654858363     
  2.538000000000000E-002   325.709217700085     
  2.540000000000000E-002   325.517479306048     
  2.542000000000000E-002   325.324398868329     
  2.544000000000000E-002   325.130810597759     
  2.546000000000000E-002   324.938198695753     
  2.548000000000000E-002   324.748581065740     
  2.550000000000000E-002   324.564113568693     
  2.552000000000000E-002   324.386078904655     
  2.554000000000000E-002   324.216675730680     
  2.556000000000000E-002   324.058524780921     
  2.558000000000000E-002   323.912099424007     
  2.560000000000000E-002   323.778258498608     
  2.562000000000000E-002   323.662032653759     
  2.564000000000000E-002   323.554492853128     
  2.566000000000000E-002   323.431086824601     
  2.568000000000000E-002   323.285950848074     
  2.570000000000000E-002   323.121605130571     
  2.572000000000000E-002   322.942322009683     
  2.574000000000000E-002   322.751079711783     
  2.576000000000000E-002   322.549491973813     
  2.578000000000000E-002   322.338639872375     
  2.580000000000000E-002   322.119567736253     
  2.582000000000000E-002   321.893345336345     
  2.584000000000000E-002   321.660826407962     
  2.586000000000000E-002   321.422612633779     
  2.588000000000000E-002   321.178836611487     
  2.590000000000000E-002   320.929313393272     
  2.592000000000000E-002   320.673593381963     
  2.594000000000000E-002   320.411194003380     
  2.596000000000000E-002   320.141615243640     
  2.598000000000000E-002   319.864409405703     
  2.600000000000000E-002   319.579183136062     
  2.602000000000000E-002   319.285615856980     
  2.604000000000000E-002   318.983514844011     
  2.606000000000000E-002   318.672837709019     
  2.608000000000000E-002   318.353617607006     
  2.610000000000000E-002   318.025944260786     
  2.612000000000000E-002   317.689962293467     
  2.614000000000000E-002   317.345680757628     
  2.616000000000000E-002   316.993353360543     
  2.618000000000000E-002   316.633469715366     
  2.620000000000000E-002   316.266776611068     
  2.622000000000000E-002   315.894216921949     
  2.624000000000000E-002   315.516823484806     
  2.626000000000000E-002   315.135576068260     
  2.628000000000000E-002   314.751493649606     
  2.630000000000000E-002   314.365332701598     
  2.632000000000000E-002   313.977570805612     
  2.634000000000000E-002   313.588436546321     
  2.636000000000000E-002   313.197988075903     
  2.638000000000000E-002   312.806200786817     
  2.640000000000000E-002   312.412995504724     
  2.642000000000000E-002   312.018088423337     
  2.644000000000000E-002   311.620808900339     
  2.646000000000000E-002   311.220071403591     
  2.648000000000000E-002   310.814549659089     
  2.650000000000000E-002   310.402985730629     
  2.652000000000000E-002   309.984398261563     
  2.654000000000000E-002   309.558195896723     
  2.656000000000000E-002   309.124266923110     
  2.658000000000000E-002   308.682902787328     
  2.660000000000000E-002   308.234742634466     
  2.662000000000000E-002   307.780770372026     
  2.664000000000000E-002   307.322290316449     
  2.666000000000000E-002   306.860842939075     
  2.668000000000000E-002   306.398006471588     
  2.670000000000000E-002   305.935076462977     
  2.672000000000000E-002   305.473261007738     
  2.674000000000000E-002   305.013104731489     
  2.676000000000000E-002   304.554516364603     
  2.678000000000000E-002   304.096922884749     
  2.680000000000000E-002   303.639656702061     
  2.682000000000000E-002   303.182247608373     
  2.684000000000000E-002   302.724410294060     
  2.686000000000000E-002   302.265870428827     
  2.688000000000000E-002   301.806362392302     
  2.690000000000000E-002   301.345680587087     
  2.692000000000000E-002   300.883939739105     
  2.694000000000000E-002   300.421702613202     
  2.696000000000000E-002   299.959762832722     
  2.698000000000000E-002   299.499227544571     
  2.700000000000000E-002   299.041177714112     
  2.702000000000000E-002   298.586620402655     
  2.704000000000000E-002   298.136574828295     
  2.706000000000000E-002   297.692157422480     
  2.708000000000000E-002   297.254538641303     
  2.710000000000000E-002   296.824748145617     
  2.712000000000000E-002   296.403429280765     
  2.714000000000000E-002   295.990672086276     
  2.716000000000000E-002   295.585989536826     
  2.718000000000000E-002   295.188429822043     
  2.720000000000000E-002   294.796768686230     
  2.722000000000000E-002   294.409692878405     
  2.724000000000000E-002   294.025898412476     
  2.726000000000000E-002   293.644126627354     
  2.728000000000000E-002   293.263006007360     
  2.730000000000000E-002   292.881025771912     
  2.732000000000000E-002   292.496049447111     
  2.734000000000000E-002   292.105065821696     
  2.736000000000000E-002   291.704519701179     
  2.738000000000000E-002   291.290803253872     
  2.740000000000000E-002   290.860595800528     
  2.742000000000000E-002   290.411716844962     
  2.744000000000000E-002   289.941579788526     
  2.746000000000000E-002   289.447095413117     
  2.748000000000000E-002   288.925112613432     
  2.750000000000000E-002   288.372928436864     
  2.752000000000000E-002   287.788128821208     
  2.754000000000000E-002   287.168140307677     
  2.756000000000000E-002   286.510191649259     
  2.758000000000000E-002   285.811671079009     
  2.760000000000000E-002   285.070163161178     
  2.762000000000000E-002   284.282962308821     
  2.764000000000000E-002   283.447146246212     
  2.766000000000000E-002   282.560630201901     
  2.768000000000000E-002   281.625214833686     
  2.770000000000000E-002   280.650155645264     
  2.772000000000000E-002   279.638145218583     
  2.774000000000000E-002   278.585740572965     
  2.776000000000000E-002   277.485789577980     
  2.778000000000000E-002   276.328725655764     
  2.780000000000000E-002   275.101363742582     
  2.782000000000000E-002   273.790325795161     
  2.784000000000000E-002   272.380675513922     
  2.786000000000000E-002   270.853823468434     
  2.788000000000000E-002   269.187496246734     
  2.790000000000000E-002   267.356829952914     
  2.792000000000000E-002   265.335930144339     
  2.794000000000000E-002   263.095831792365     
  2.796000000000000E-002   260.604838083109     
  2.798000000000000E-002   257.830726995129     
  2.800000000000000E-002   254.720569233093     
  2.802000000000000E-002   251.249927057979     
  2.804000000000000E-002   247.565405771587     
  2.806000000000000E-002   243.836974197691     
  2.808000000000000E-002   240.164804914044     
  2.810000000000000E-002   236.520023387194     
  2.812000000000000E-002   232.884770564919     
  2.814000000000000E-002   229.259795893081     
  2.816000000000000E-002   225.544599685587     
  2.818000000000000E-002   221.670427218693     
  2.820000000000000E-002   217.656986186609     
  2.822000000000000E-002   213.522999130348     
  2.824000000000000E-002   209.499484080329     
  2.826000000000000E-002   205.880912040612     
  2.828000000000000E-002   202.773604478906     
  2.830000000000000E-002   200.189833308770     
  2.832000000000000E-002   198.097649059953     
  2.834000000000000E-002   196.393883671046     
  2.836000000000000E-002   194.984242277421     
  2.838000000000000E-002   193.876307336496     
  2.840000000000000E-002   192.937281645469     
  2.842000000000000E-002   192.063659491247     
  2.844000000000000E-002   191.190979371998     
  2.846000000000000E-002   190.278007486726     
  2.848000000000000E-002   189.269092433831     
  2.850000000000000E-002   188.089514116757     
  2.852000000000000E-002   186.649490767934     
  2.854000000000000E-002   184.871386644515     
  2.856000000000000E-002   182.723589595138     
  2.858000000000000E-002   180.223894112615     
  2.860000000000000E-002   177.428749264592     
  2.862000000000000E-002   174.435761789969     
  2.864000000000000E-002   171.329555015199     
  2.866000000000000E-002   168.344545905476     
  2.868000000000000E-002   165.638595481697     
  2.870000000000000E-002   163.229407543235     
  2.872000000000000E-002   161.130575942222     
  2.874000000000000E-002   159.394437822971     
  2.876000000000000E-002   158.044707808032     
  2.878000000000000E-002   157.062410868024     
  2.880000000000000E-002   156.417254915289     
  2.882000000000000E-002   156.032541376848     
  2.884000000000000E-002   155.857489912909     
  2.886000000000000E-002   155.905144764015     
  2.888000000000000E-002   156.253087385303     
  2.890000000000000E-002   156.947842335255     
  2.892000000000000E-002   157.850588947456     
  2.894000000000000E-002   158.823389186868     
  2.896000000000000E-002   159.801114634039     
  2.898000000000000E-002   160.797554182032     
  2.900000000000000E-002   161.851175326672     
  2.902000000000000E-002   163.081370504908     
  2.904000000000000E-002   164.557505680108     
  2.906000000000000E-002   166.295483394519     
  2.908000000000000E-002   168.290044863230     
  2.910000000000000E-002   170.520841010583     
  2.912000000000000E-002   172.974446192186     
  2.914000000000000E-002   175.653095296429     
  2.916000000000000E-002   178.562798972376     
  2.918000000000000E-002   181.693339042869     
  2.920000000000000E-002   185.022855021940     
  2.922000000000000E-002   188.522352735375     
  2.924000000000000E-002   192.162445288553     
  2.926000000000000E-002   195.917625153875     
  2.928000000000000E-002   199.762693992446     
  2.930000000000000E-002   203.667961079483     
  2.932000000000000E-002   207.593705987657     
  2.934000000000000E-002   211.505567740755     
  2.936000000000000E-002   215.372719573216     
  2.938000000000000E-002   219.163963002886     
  2.940000000000000E-002   222.848724750216     
  2.942000000000000E-002   226.400264327411     
  2.944000000000000E-002   229.797550121427     
  2.946000000000000E-002   233.025550663918     
  2.948000000000000E-002   236.079222872874     
  2.950000000000000E-002   238.963683717885     
  2.952000000000000E-002   241.693189547319     
  2.954000000000000E-002   244.289520143836     
  2.956000000000000E-002   246.777058641024     
  2.958000000000000E-002   249.181669596004     
  2.960000000000000E-002   251.522385682688     
  2.962000000000000E-002   253.825717888402     
  2.964000000000000E-002   256.130267940923     
  2.966000000000000E-002   258.476620408411     
  2.968000000000000E-002   260.909822926520     
  2.970000000000000E-002   263.467176351824     
  2.972000000000000E-002   266.169763203356     
  2.974000000000000E-002   269.007089476942     
  2.976000000000000E-002   272.004341342559     
  2.978000000000000E-002   275.254511543181     
  2.980000000000000E-002   278.842292042962     
  2.982000000000000E-002   282.843005151353     
  2.984000000000000E-002   287.137445284930     
  2.986000000000000E-002   291.170400245498     
  2.988000000000000E-002   294.574506814887     
  2.990000000000000E-002   297.349016892108     
  2.992000000000000E-002   299.583917854069     
  2.994000000000000E-002   301.397314344860     
  2.996000000000000E-002   302.921856710316     
  2.998000000000000E-002   304.244256342763     
  3.000000000000000E-002   305.309809614662     
  3.002000000000000E-002   306.062766438826     
  3.004000000000000E-002   306.498843926175     
  3.006000000000000E-002   306.640932025190     
  3.008000000000000E-002   306.562855375409     
  3.010000000000000E-002   306.212834945524     
  3.012000000000000E-002   305.509736601558     
  3.014000000000000E-002   304.367785583502     
  3.016000000000000E-002   302.725301494993     
  3.018000000000000E-002   300.532840317854     
  3.020000000000000E-002   297.859123874693     
  3.022000000000000E-002   295.200375810787     
  3.024000000000000E-002   293.413861849862     
  3.026000000000000E-002   292.459433913325     
  3.028000000000000E-002   292.100070150999     
  3.030000000000000E-002   292.132588405781     
  3.032000000000000E-002   292.468853656191     
  3.034000000000000E-002   293.100824983132     
  3.036000000000000E-002   293.909745720421     
  3.038000000000000E-002   294.812418331685     
  3.040000000000000E-002   295.854396677221     
  3.042000000000000E-002   297.071478581271     
  3.044000000000000E-002   298.482338048182     
  3.046000000000000E-002   300.084136438740     
  3.048000000000000E-002   301.845124553068     
  3.050000000000000E-002   303.723061839207     
  3.052000000000000E-002   305.527768195895     
  3.054000000000000E-002   307.055907459517     
  3.056000000000000E-002   308.371043088283     
  3.058000000000000E-002   309.536116957968     
  3.060000000000000E-002   310.592838358666     
  3.062000000000000E-002   311.568040746141     
  3.064000000000000E-002   312.478435269997     
  3.066000000000000E-002   313.333967382283     
  3.068000000000000E-002   314.140707700476     
  3.070000000000000E-002   314.903535660083     
  3.072000000000000E-002   315.627173417045     
  3.074000000000000E-002   316.314705860832     
  3.076000000000000E-002   316.967822383143     
  3.078000000000000E-002   317.588506831830     
  3.080000000000000E-002   318.178407517485     
  3.082000000000000E-002   318.738041761979     
  3.084000000000000E-002   319.267400803164     
  3.086000000000000E-002   319.766583027993     
  3.088000000000000E-002   320.236245344008     
  3.090000000000000E-002   320.677938035569     
  3.092000000000000E-002   321.094091350975     
  3.094000000000000E-002   321.487744694135     
  3.096000000000000E-002   321.862185049964     
  3.098000000000000E-002   322.220340891338     
  3.100000000000000E-002   322.564048579780     
  3.102000000000000E-002   322.893577954957     
  3.104000000000000E-002   323.208069000533     
  3.106000000000000E-002   323.506425518537     
  3.108000000000000E-002   323.787816591688     
  3.110000000000000E-002   324.052495910753     
  3.112000000000000E-002   324.301912126316     
  3.114000000000000E-002   324.537642508713     
  3.116000000000000E-002   324.761852812793     
  3.118000000000000E-002   324.977563171354     
  3.120000000000000E-002   325.187022873360     
  3.122000000000000E-002   325.393004236125     
  3.124000000000000E-002   325.598793958431     
  3.126000000000000E-002   325.806009009881     
  3.128000000000000E-002   326.014266930913     
  3.130000000000000E-002   326.216339140244     
  3.132000000000000E-002   326.404229332843     
  3.134000000000000E-002   326.571931220711     
  3.136000000000001E-002   326.716222319638     
  3.138000000000001E-002   326.836790799214     
  3.140000000000000E-002   326.937331155277     
  3.142000000000000E-002   327.023399299262     
  3.144000000000000E-002   327.098227654482     
  3.146000000000000E-002   327.165256095357     
  3.148000000000000E-002   327.230058578722     
  3.150000000000000E-002   327.296008851565     
  3.152000000000000E-002   327.365487490546     
  3.154000000000001E-002   327.440339164017     
  3.156000000000000E-002   327.521376025424     
  3.158000000000000E-002   327.608637548153     
  3.160000000000000E-002   327.701699898717     
  3.162000000000000E-002   327.799366027674     
  3.164000000000000E-002   327.899884554255     
  3.166000000000000E-002   328.001018585764     
  3.168000000000000E-002   328.099511628000     
  3.170000000000001E-002   328.194966808236     
  3.172000000000001E-002   328.287287861785     
  3.174000000000000E-002   328.375874597701     
  3.176000000000000E-002   328.460127732428     
  3.178000000000000E-002   328.538728111088     
  3.180000000000000E-002   328.610483498496     
  3.182000000000000E-002   328.675547784683     
  3.184000000000000E-002   328.734448152843     
  3.186000000000000E-002   328.787522131457     
  3.188000000000001E-002   328.835596155629     
  3.190000000000000E-002   328.880730552095     
  3.192000000000000E-002   328.925144447446     
  3.194000000000000E-002   328.969981926577     
  3.196000000000000E-002   329.016154360350     
  3.198000000000000E-002   329.064694308377     
  3.200000000000000E-002   329.116905566558     
  3.202000000000000E-002   329.174302592795     
  3.204000000000001E-002   329.238755866748     
  3.206000000000001E-002   329.311934835777     
  3.208000000000000E-002   329.393300516518     
  3.210000000000000E-002   329.482071862164     
  3.212000000000000E-002   329.581898429767     
  3.214000000000000E-002   329.695760014293     
  3.216000000000000E-002   329.826419625184     
  3.218000000000000E-002   329.977301287703     
  3.220000000000000E-002   330.152274582945     
  3.222000000000001E-002   330.355678574778     
  3.224000000000000E-002   330.592401542622     
  3.226000000000000E-002   330.867856192905     
  3.228000000000000E-002   331.187778322903     
  3.230000000000000E-002   331.557889808366     
  3.232000000000000E-002   331.983981289587     
  3.234000000000000E-002   332.470688195196     
  3.236000000000000E-002   333.022855692163     
  3.238000000000001E-002   333.643373513839     
  3.240000000000001E-002   334.331922580923     
  3.242000000000000E-002   335.045035618958     
  3.244000000000000E-002   335.666955662021     
  3.246000000000000E-002   336.189241739058     
  3.248000000000000E-002   336.618578170656     
  3.250000000000000E-002   336.962102749312     
  3.252000000000000E-002   337.226253574195     
  3.254000000000000E-002   337.421263653336     
  3.256000000000001E-002   337.560235947320     
  3.258000000000000E-002   337.656246337618     
  3.260000000000000E-002   337.721748834861     
  3.262000000000000E-002   337.755644963502     
  3.264000000000000E-002   337.754801297184     
  3.266000000000000E-002   337.714410806829     
  3.268000000000000E-002   337.622141072963     
  3.270000000000000E-002   337.483389335181     
  3.272000000000001E-002   337.311126858451     
  3.274000000000001E-002   337.122415424123     
  3.276000000000000E-002   336.929367908034     
  3.278000000000000E-002   336.737015700906     
  3.280000000000000E-002   336.546930487165     
  3.282000000000000E-002   336.359374974608     
  3.284000000000000E-002   336.174541308629     
  3.286000000000000E-002   335.992553004259     
  3.288000000000000E-002   335.813402523950     
  3.290000000000001E-002   335.636660014602     
  3.292000000000000E-002   335.462063937632     
  3.294000000000000E-002   335.289588213063     
  3.296000000000000E-002   335.119308381534     
  3.298000000000000E-002   334.951357065720     
  3.300000000000000E-002   334.785875351003     
  3.302000000000000E-002   334.623079570962     
  3.304000000000000E-002   334.464210959749     
  3.306000000000001E-002   334.309027945627     
  3.308000000000001E-002   334.156829472194     
  3.310000000000000E-002   334.008302450329     
  3.312000000000000E-002   333.863800396893     
  3.314000000000000E-002   333.722520494103     
  3.316000000000000E-002   333.584744401633     
  3.318000000000000E-002   333.450478660066     
  3.320000000000000E-002   333.319604118483     
  3.322000000000000E-002   333.191930943414     
  3.324000000000001E-002   333.067111809576     
  3.326000000000000E-002   332.944335252868     
  3.328000000000000E-002   332.823210762907     
  3.330000000000000E-002   332.703519786293     
  3.332000000000000E-002   332.584953175844     
  3.334000000000000E-002   332.467236050988     
  3.336000000000000E-002   332.350286872769     
  3.338000000000000E-002   332.233926462319     
  3.340000000000001E-002   332.117241381106     
  3.342000000000001E-002   331.999852930965     
  3.344000000000000E-002   331.881706399231     
  3.346000000000000E-002   331.762809769920     
  3.348000000000000E-002   331.643058101980     
  3.350000000000000E-002   331.522252792988     
  3.352000000000000E-002   331.400231581828     
  3.354000000000000E-002   331.276986159034     
  3.356000000000000E-002   331.152672918899     
  3.358000000000001E-002   331.027552029705     
  3.360000000000000E-002   330.901694811810     
  3.362000000000000E-002   330.774810970820     
  3.364000000000000E-002   330.646483982827     
  3.366000000000000E-002   330.516468169177     
  3.368000000000000E-002   330.384925208099     
  3.370000000000000E-002   330.254817021402     
  3.372000000000000E-002   330.127944157128     
  3.374000000000001E-002   330.003648318251     
  3.376000000000001E-002   329.881708212804     
  3.378000000000000E-002   329.762235897105     
  3.380000000000000E-002   329.645312721560     
  3.382000000000000E-002   329.530861519394     
  3.384000000000000E-002   329.418688048688     
  3.386000000000000E-002   329.308633196104     
  3.388000000000000E-002   329.200546206096     
  3.390000000000000E-002   329.094287675643     
  3.392000000000001E-002   328.989778983771     
  3.394000000000000E-002   328.887000871804     
  3.396000000000000E-002   328.785910959061     
  3.398000000000000E-002   328.686374056983     
  3.400000000000000E-002   328.588214078956     
  3.402000000000000E-002   328.491377589142     
  3.404000000000000E-002   328.396057415540     
  3.406000000000000E-002   328.302652956707     
  3.408000000000001E-002   328.211617782729     
  3.410000000000001E-002   328.123340570258     
  3.412000000000000E-002   328.038158670882     
  3.414000000000000E-002   327.956403181529     
  3.416000000000000E-002   327.878377755904     
  3.418000000000000E-002   327.804386363197     
  3.420000000000000E-002   327.734612138790     
  3.422000000000000E-002   327.669016577220     
  3.424000000000000E-002   327.607619279909     
  3.426000000000001E-002   327.549760497152     
  3.428000000000000E-002   327.494744851501     
  3.430000000000000E-002   327.444694664108     
  3.432000000000000E-002   327.402342964256     
  3.434000000000000E-002   327.367113556499     
  3.436000000000000E-002   327.338167197843     
  3.438000000000000E-002   327.315572061668     
  3.440000000000000E-002   327.299174753675     
  3.442000000000001E-002   327.289851440162     
  3.444000000000001E-002   327.290147578140     
  3.446000000000000E-002   327.298938215017     
  3.448000000000000E-002   327.316376057168     
  3.450000000000000E-002   327.340467696994     
  3.452000000000000E-002   327.373045948696     
  3.454000000000000E-002   327.417682963075     
  3.456000000000000E-002   327.477899758281     
  3.458000000000000E-002   327.556434483299     
  3.460000000000001E-002   327.655131752484     
  3.462000000000000E-002   327.775320756888     
  3.464000000000000E-002   327.918379544715     
  3.466000000000000E-002   328.086107445915     
  3.468000000000000E-002   328.280816099014     
  3.470000000000000E-002   328.505127240138     
  3.472000000000000E-002   328.761671723645     
  3.474000000000000E-002   329.052912766658     
  3.476000000000001E-002   329.381180589409     
  3.478000000000001E-002   329.748723736627     
  3.480000000000000E-002   330.157462731620     
  3.482000000000000E-002   330.608995650862     
  3.484000000000000E-002   331.104491736047     
  3.486000000000000E-002   331.644611623478     
  3.488000000000000E-002   332.223777424600     
  3.490000000000000E-002   332.780737857629     
  3.492000000000000E-002   333.269844990528     
  3.494000000000001E-002   333.695561812397     
  3.496000000000000E-002   334.062854087541     
  3.498000000000000E-002   334.377174723695     
  3.500000000000000E-002   334.644325908545     
  3.502000000000000E-002   334.869922614998     
  3.504000000000000E-002   335.058344024373     
  3.506000000000000E-002   335.211801662135     
  3.508000000000000E-002   335.331515277230     
  3.510000000000001E-002   335.420574289803     
  3.512000000000001E-002   335.479726560845     
  3.514000000000000E-002   335.517962102767     
  3.516000000000000E-002   335.550263379955     
  3.518000000000000E-002   335.566721194503     
  3.520000000000000E-002   335.566026321273     
  3.522000000000000E-002   335.552850849201     
  3.524000000000000E-002   335.524195306567     
  3.526000000000000E-002   335.478256172869     
  3.528000000000001E-002   335.413964605375     
  3.530000000000000E-002   335.330603893858     
  3.532000000000000E-002   335.227813780202     
  3.534000000000000E-002   335.105670068352     
  3.536000000000000E-002   334.964216866878     
  3.538000000000000E-002   334.805453819278     
  3.540000000000000E-002   334.636879600438     
  3.542000000000000E-002   334.471851356535     
  3.544000000000001E-002   334.315903527762     
  3.546000000000001E-002   334.168697571700     
  3.548000000000000E-002   334.029762083046     
  3.550000000000000E-002   333.898568456776     
  3.552000000000000E-002   333.774587000538     
  3.554000000000000E-002   333.657376881363     
  3.556000000000000E-002   333.546577087171     
  3.558000000000000E-002   333.441926650903     
  3.560000000000000E-002   333.343401724566     
  3.562000000000001E-002   333.251247836145     
  3.564000000000001E-002   333.165608125715     
  3.566000000000000E-002   333.086380895061     
  3.568000000000000E-002   333.013484672472     
  3.570000000000000E-002   332.946831201144     
  3.572000000000000E-002   332.886283066961     
  3.574000000000000E-002   332.831588494396     
  3.576000000000000E-002   332.782198584924     
  3.578000000000001E-002   332.736829630961     
  3.580000000000001E-002   332.693198233679     
  3.582000000000000E-002   332.650472628973     
  3.584000000000000E-002   332.608272021973     
  3.586000000000000E-002   332.566208881284     
  3.588000000000000E-002   332.524062236794     
  3.590000000000000E-002   332.481622452320     
  3.592000000000000E-002   332.438612916139     
  3.594000000000000E-002   332.394685709260     
  3.596000000000001E-002   332.349500302557     
  3.598000000000001E-002   332.302914828710     
  3.600000000000000E-002   332.255344196823     
  3.602000000000000E-002   332.207979844398     
  3.604000000000000E-002   332.161517983259     
  3.606000000000000E-002   332.116061576834     
  3.608000000000000E-002   332.071744862179     
  3.610000000000000E-002   332.028904974076     
  3.612000000000001E-002   331.988061415684     
  3.614000000000001E-002   331.949850259314     
  3.616000000000000E-002   331.914943583801     
  3.618000000000000E-002   331.883972298127     
  3.620000000000000E-002   331.857465102704     
  3.622000000000000E-002   331.835965580051     
  3.624000000000000E-002   331.820391790918     
  3.626000000000000E-002   331.812068390702     
  3.628000000000000E-002   331.810967882321     
  3.630000000000001E-002   331.814542381584     
  3.632000000000001E-002   331.823006259430     
  3.634000000000000E-002   331.836708628505     
  3.636000000000000E-002   331.855775322999     
  3.638000000000000E-002   331.880109690505     
  3.640000000000000E-002   331.909449093281     
  3.642000000000000E-002   331.943400797131     
  3.644000000000000E-002   331.981463942136     
  3.646000000000001E-002   332.022939232254     
  3.648000000000001E-002   332.065815940244     
  3.650000000000000E-002   332.107887934307     
  3.652000000000000E-002   332.148725546753     
  3.654000000000000E-002   332.187894926115     
  3.656000000000000E-002   332.224760627907     
  3.658000000000000E-002   332.258671868652     
  3.660000000000000E-002   332.289126534352     
  3.662000000000000E-002   332.315805909085     
  3.664000000000001E-002   332.338530559078     
  3.666000000000001E-002   332.357248144501     
  3.668000000000000E-002   332.372029178340     
  3.670000000000000E-002   332.382924043130     
  3.672000000000000E-002   332.390145648216     
  3.674000000000000E-002   332.394215143243     
  3.676000000000000E-002   332.395962057657     
  3.678000000000000E-002   332.396508224530     
  3.680000000000001E-002   332.397590524264     
  3.682000000000001E-002   332.400479095583     
  3.684000000000000E-002   332.404738110008     
  3.686000000000000E-002   332.410706737791     
  3.688000000000000E-002   332.420069816311     
  3.690000000000000E-002   332.434276833906     
  3.692000000000000E-002   332.454418035677     
  3.694000000000000E-002   332.481927506626     
  3.696000000000000E-002   332.517976068927     
  3.698000000000001E-002   332.563084334113     
  3.700000000000001E-002   332.617325116985     
  3.702000000000000E-002   332.680557553248     
  3.704000000000000E-002   332.752545565215     
  3.706000000000000E-002   332.833044627051     
  3.708000000000000E-002   332.920617727110     
  3.710000000000000E-002   333.010402979337     
  3.712000000000000E-002   333.094434002635     
  3.714000000000001E-002   333.172386467003     
  3.716000000000001E-002   333.244373454498     
  3.718000000000000E-002   333.310388442431     
  3.720000000000000E-002   333.370589002772     
  3.722000000000000E-002   333.425101718119     
  3.724000000000000E-002   333.473861938921     
  3.726000000000000E-002   333.516535410945     
  3.728000000000000E-002   333.552854707466     
  3.730000000000000E-002   333.583031059609     
  3.732000000000001E-002   333.607852479106     
  3.734000000000001E-002   333.627875722796     
  3.736000000000000E-002   333.643341769398     
  3.738000000000000E-002   333.654265376163     
  3.740000000000000E-002   333.661897989519     
  3.742000000000000E-002   333.666060877447     
  3.744000000000000E-002   333.664924474866     
  3.746000000000000E-002   333.658288654021     
  3.748000000000001E-002   333.645402069315     
  3.750000000000001E-002   333.626071259728     
  3.752000000000000E-002   333.600372793741     
  3.754000000000000E-002   333.568414397480     
  3.756000000000000E-002   333.530355715118     
  3.758000000000000E-002   333.486397507498     
  3.760000000000000E-002   333.436716122815     
  3.762000000000000E-002   333.382501296198     
  3.764000000000000E-002   333.323934308472     
  3.766000000000001E-002   333.261599514384     
  3.768000000000001E-002   333.196335134752     
  3.770000000000000E-002   333.129123632824     
  3.772000000000000E-002   333.061025605174     
  3.774000000000000E-002   332.993758959794     
  3.776000000000000E-002   332.928869731102     
  3.778000000000000E-002   332.868875347486     
  3.780000000000000E-002   332.816715708218     
  3.782000000000001E-002   332.773904200004     
  3.784000000000001E-002   332.741118449356     
  3.786000000000000E-002   332.718548840503     
  3.788000000000000E-002   332.706546574681     
  3.790000000000000E-002   332.705738361860     
  3.792000000000000E-002   332.714255497301     
  3.794000000000000E-002   332.734247106659     
  3.796000000000000E-002   332.767131104636     
  3.798000000000000E-002   332.813902970847     
  3.800000000000001E-002   332.875699185019     
  3.802000000000001E-002   332.953942274089     
  3.804000000000000E-002   333.050373084190     
  3.806000000000000E-002   333.167070492534     
  3.808000000000000E-002   333.306194527733     
  3.810000000000000E-002   333.467683705832     
  3.812000000000000E-002   333.651120618425     
  3.814000000000000E-002   333.857056548612     
  3.816000000000001E-002   334.086261059357     
  3.818000000000001E-002   334.338756170051     
  3.820000000000000E-002   334.608410736842     
  3.822000000000000E-002   334.872758593048     
  3.824000000000000E-002   335.117603287976     
  3.826000000000000E-002   335.340448171553     
  3.828000000000000E-002   335.539385533125     
  3.830000000000000E-002   335.713454342865     
  3.832000000000000E-002   335.863496455130     
  3.834000000000001E-002   335.992563873264     
  3.836000000000001E-002   336.104302560922     
  3.838000000000000E-002   336.201481803413     
  3.840000000000000E-002   336.286261632574     
  3.842000000000000E-002   336.360217211218     
  3.844000000000000E-002   336.424411995679     
  3.846000000000000E-002   336.480349755278     
  3.848000000000000E-002   336.528524947281     
  3.850000000000001E-002   336.566810864708     
  3.852000000000001E-002   336.591060686965     
  3.854000000000000E-002   336.600612806133     
  3.856000000000000E-002   336.601095505404     
  3.858000000000000E-002   336.595565034510     
  3.860000000000000E-002   336.580955229530     
  3.862000000000000E-002   336.556745775298     
  3.864000000000000E-002   336.523886645929     
  3.866000000000000E-002   336.482187129806     
  3.868000000000001E-002   336.433462779610     
  3.870000000000001E-002   336.378784368189     
  3.872000000000000E-002   336.318883512666     
  3.874000000000000E-002   336.254505207233     
  3.876000000000000E-002   336.186226236777     
  3.878000000000000E-002   336.113172350424     
  3.880000000000000E-002   336.032520367206     
  3.882000000000000E-002   335.937114387117     
  3.884000000000001E-002   335.793941663099     
  3.886000000000001E-002   335.564539447750     
  3.888000000000000E-002   335.233586980611     
  3.890000000000000E-002   334.499424106637     
  3.892000000000000E-002   332.713341477892     
  3.894000000000000E-002   328.499360993255     
  3.896000000000000E-002   320.817155835208     
  3.898000000000000E-002   314.736369400618     
  3.900000000000000E-002   311.344603162765     
  3.902000000000001E-002   309.651369991252     
  3.904000000000001E-002   308.813358069028     
  3.906000000000000E-002   308.359192559575     
  3.908000000000000E-002   308.056920860597     
  3.910000000000000E-002   307.819337470863     
  3.912000000000000E-002   307.595570899847     
  3.914000000000000E-002   307.364738661760     
  3.916000000000000E-002   307.128078642982     
  3.918000000000001E-002   306.901089961485     
  3.920000000000001E-002   306.707278813255     
  3.922000000000000E-002   306.549424769427     
  3.924000000000000E-002   306.431484147746     
  3.926000000000000E-002   306.350038626014     
  3.928000000000000E-002   306.300629164499     
  3.930000000000000E-002   306.280203732726     
  3.932000000000000E-002   306.288551618249     
  3.934000000000000E-002   306.328635870940     
  3.936000000000001E-002   306.381789234300     
  3.938000000000001E-002   306.425511404636     
  3.940000000000000E-002   306.454418884868     
  3.942000000000000E-002   306.460951507569     
  3.944000000000000E-002   306.445162092348     
  3.946000000000000E-002   306.421078102782     
  3.948000000000000E-002   306.373398189703     
  3.950000000000000E-002   306.314051055782     
  3.952000000000001E-002   306.246135676742     
  3.954000000000001E-002   306.191391779587     
  3.956000000000000E-002   306.159690373704     
  3.958000000000000E-002   306.163218342255     
  3.960000000000000E-002   306.192640367420     
  3.962000000000000E-002   306.252075627553     
  3.964000000000000E-002   306.339858749811     
  3.966000000000000E-002   306.454422847216     
  3.968000000000000E-002   306.582331052740     
  3.970000000000001E-002   306.709837198655     
  3.972000000000001E-002   306.820591488687     
  3.974000000000000E-002   306.919067425684     
  3.976000000000000E-002   307.005566889464     
  3.978000000000000E-002   307.079360305611     
  3.980000000000000E-002   307.139708602847     
  3.982000000000000E-002   307.187415753587     
  3.984000000000000E-002   307.228461658243     
  3.986000000000001E-002   307.269685068509     
  3.988000000000001E-002   307.310772156832     
  3.990000000000000E-002   307.347198588700     
  3.992000000000000E-002   307.368864173097     
  3.994000000000000E-002   307.364565027477     
  3.996000000000000E-002   307.307971846643     
  3.998000000000000E-002   307.263909050728     
  4.000000000000000E-002 -4.742372028103742E-009
