  0.000000000000000E+000   443.669005160825     
  2.000000000000000E-005   961.948736792738     
  4.000000000000000E-005   959.182601156764     
  6.000000000000001E-005   958.395162610179     
  8.000000000000001E-005   957.614892908149     
  1.000000000000000E-004   956.839707962836     
  1.200000000000000E-004   956.069404940292     
  1.400000000000000E-004   955.303813745973     
  1.600000000000000E-004   954.542792926033     
  1.800000000000000E-004   953.786227979186     
  2.000000000000000E-004   953.034029513092     
  2.200000000000000E-004   952.286131067247     
  2.400000000000000E-004   951.542487713927     
  2.600000000000000E-004   950.803076778597     
  2.800000000000000E-004   950.067895460707     
  3.000000000000000E-004   949.336960218126     
  3.200000000000000E-004   948.610296356084     
  3.400000000000000E-004   947.887940221351     
  3.600000000000000E-004   947.169935416483     
  3.800000000000000E-004   946.456341676005     
  4.000000000000000E-004   945.747193697306     
  4.200000000000000E-004   945.042492504340     
  4.400000000000000E-004   944.342199275988     
  4.600000000000000E-004   943.646228575746     
  4.800000000000001E-004   942.954444840644     
  5.000000000000000E-004   942.266664844325     
  5.200000000000001E-004   941.582664953623     
  5.400000000000000E-004   940.902191383960     
  5.600000000000001E-004   940.224973045229     
  5.800000000000000E-004   939.550730029946     
  6.000000000000001E-004   938.879183973250     
  6.200000000000000E-004   938.210067999429     
  6.400000000000001E-004   937.543121909346     
  6.600000000000001E-004   936.878123410962     
  6.800000000000000E-004   936.214897119143     
  7.000000000000001E-004   935.553309283349     
  7.200000000000000E-004   934.893255930590     
  7.400000000000001E-004   934.234655296271     
  7.600000000000000E-004   933.577441271505     
  7.800000000000001E-004   932.921556276258     
  8.000000000000000E-004   932.266948429189     
  8.200000000000001E-004   931.613563557008     
  8.400000000000000E-004   930.961346603260     
  8.600000000000001E-004   930.310221230660     
  8.800000000000000E-004   929.660098472131     
  9.000000000000001E-004   929.010842112541     
  9.200000000000000E-004   928.362313142017     
  9.400000000000001E-004   927.714291492095     
  9.600000000000001E-004   927.066589072456     
  9.800000000000002E-004   926.419244862567     
  1.000000000000000E-003   925.772698484914     
  1.020000000000000E-003   925.127162548703     
  1.040000000000000E-003   924.482721477460     
  1.060000000000000E-003   923.839250860575     
  1.080000000000000E-003   923.196465957947     
  1.100000000000000E-003   922.553872091523     
  1.120000000000000E-003   921.910871194951     
  1.140000000000000E-003   921.266655440022     
  1.160000000000000E-003   920.620454055153     
  1.180000000000000E-003   919.971508617024     
  1.200000000000000E-003   919.318958544389     
  1.220000000000000E-003   918.661978945605     
  1.240000000000000E-003   917.999934329144     
  1.260000000000000E-003   917.332490526877     
  1.280000000000000E-003   916.659674571150     
  1.300000000000000E-003   915.981723841248     
  1.320000000000000E-003   915.298751211810     
  1.340000000000000E-003   914.610575552073     
  1.360000000000000E-003   913.916963656203     
  1.380000000000000E-003   913.217824677913     
  1.400000000000000E-003   912.513110624459     
  1.420000000000000E-003   911.802543341465     
  1.440000000000000E-003   911.084407632533     
  1.460000000000000E-003   910.355549950099     
  1.480000000000000E-003   909.621491205257     
  1.500000000000000E-003   908.882939082224     
  1.520000000000000E-003   908.137252273503     
  1.540000000000000E-003   907.384459833189     
  1.560000000000000E-003   906.627570974597     
  1.580000000000000E-003   905.865679125400     
  1.600000000000000E-003   905.098013486794     
  1.620000000000000E-003   904.324248614441     
  1.640000000000000E-003   903.544398190653     
  1.660000000000000E-003   902.758618411019     
  1.680000000000000E-003   901.967076098950     
  1.700000000000000E-003   901.169916942115     
  1.720000000000000E-003   900.367299311089     
  1.740000000000000E-003   899.559452903340     
  1.760000000000000E-003   898.746709621262     
  1.780000000000000E-003   897.929452371433     
  1.800000000000000E-003   897.107992881998     
  1.820000000000000E-003   896.282553124324     
  1.840000000000000E-003   895.456838686047     
  1.860000000000000E-003   894.636245336746     
  1.880000000000000E-003   893.822200590718     
  1.900000000000000E-003   893.014792719236     
  1.920000000000000E-003   892.213933739744     
  1.940000000000000E-003   891.419379234373     
  1.960000000000000E-003   890.630799623629     
  1.980000000000000E-003   889.847842638001     
  2.000000000000000E-003   889.070172655764     
  2.020000000000000E-003   888.297495094924     
  2.040000000000000E-003   887.529565633013     
  2.060000000000000E-003   886.766183696315     
  2.080000000000000E-003   886.007176362680     
  2.100000000000000E-003   885.252380806764     
  2.120000000000000E-003   884.501630650390     
  2.140000000000000E-003   883.754749375186     
  2.160000000000000E-003   883.011550252074     
  2.180000000000000E-003   882.271841745611     
  2.200000000000000E-003   881.535437421006     
  2.220000000000000E-003   880.802164156094     
  2.240000000000000E-003   880.071874934072     
  2.260000000000000E-003   879.344448308730     
  2.280000000000000E-003   878.619788683906     
  2.300000000000000E-003   877.897774982861     
  2.320000000000000E-003   877.178247073210     
  2.340000000000000E-003   876.461021587832     
  2.360000000000000E-003   875.745898421687     
  2.380000000000000E-003   875.032659157691     
  2.400000000000000E-003   874.321061477046     
  2.420000000000000E-003   873.610846545986     
  2.440000000000000E-003   872.901760000303     
  2.460000000000000E-003   872.193622513544     
  2.480000000000000E-003   871.486269983943     
  2.500000000000000E-003   870.779547592967     
  2.520000000000000E-003   870.073319379227     
  2.540000000000000E-003   869.367457096689     
  2.560000000000000E-003   868.661856803805     
  2.580000000000000E-003   867.956458517475     
  2.600000000000000E-003   867.251244746534     
  2.620000000000000E-003   866.546221501556     
  2.640000000000000E-003   865.841429542261     
  2.660000000000000E-003   865.136985722793     
  2.680000000000000E-003   864.433051460297     
  2.700000000000000E-003   863.729911116833     
  2.720000000000000E-003   863.027993028488     
  2.740000000000000E-003   862.327900753152     
  2.760000000000000E-003   861.630395749587     
  2.780000000000000E-003   860.936359658967     
  2.800000000000000E-003   860.246720800863     
  2.820000000000000E-003   859.562485242116     
  2.840000000000000E-003   858.884428874998     
  2.860000000000000E-003   858.213086156328     
  2.880000000000000E-003   857.548764405357     
  2.900000000000000E-003   856.891645290808     
  2.920000000000000E-003   856.241852293635     
  2.940000000000000E-003   855.599462931782     
  2.960000000000000E-003   854.964527828900     
  2.980000000000000E-003   854.337089138504     
  3.000000000000000E-003   853.717216745135     
  3.020000000000000E-003   853.104999629062     
  3.040000000000000E-003   852.500554457082     
  3.060000000000000E-003   851.903737938972     
  3.080000000000000E-003   851.313963355903     
  3.100000000000000E-003   850.729949052294     
  3.120000000000000E-003   850.150283134739     
  3.140000000000000E-003   849.574446371870     
  3.160000000000000E-003   849.002238311580     
  3.180000000000000E-003   848.432838560802     
  3.200000000000000E-003   847.852694249760     
  3.220000000000000E-003   847.219327410164     
  3.240000000000000E-003   846.681665946566     
  3.260000000000000E-003   846.556415887600     
  3.280000000000000E-003   848.664931959841     
  3.300000000000000E-003   867.920879789183     
  3.320000000000000E-003   935.780463260011     
  3.340000000000000E-003   984.685039332096     
  3.360000000000000E-003   998.183234247199     
  3.380000000000000E-003   1000.26053907793     
  3.400000000000000E-003   999.571631779686     
  3.420000000000000E-003   997.370427288480     
  3.440000000000000E-003   995.605588038921     
  3.460000000000000E-003   994.091354390008     
  3.480000000000000E-003   992.665060393923     
  3.500000000000000E-003   991.268306448462     
  3.520000000000000E-003   989.912338487750     
  3.540000000000000E-003   988.584445321990     
  3.560000000000000E-003   987.269809128138     
  3.580000000000000E-003   985.993645164802     
  3.600000000000000E-003   984.737036101876     
  3.620000000000000E-003   983.491827191678     
  3.640000000000000E-003   982.257423325031     
  3.660000000000000E-003   981.020599456415     
  3.680000000000000E-003   979.787204830885     
  3.700000000000000E-003   978.564019165060     
  3.720000000000000E-003   977.362955327043     
  3.740000000000000E-003   976.194133132691     
  3.760000000000000E-003   975.066351927333     
  3.780000000000000E-003   973.993021134301     
  3.800000000000000E-003   972.989647201866     
  3.820000000000000E-003   972.086870320262     
  3.840000000000001E-003   971.310392733891     
  3.860000000000000E-003   970.707154757317     
  3.880000000000000E-003   970.289214581651     
  3.900000000000000E-003   970.062287907922     
  3.920000000000001E-003   969.986496792508     
  3.940000000000000E-003   970.157752307603     
  3.960000000000000E-003   970.940713360362     
  3.980000000000000E-003   972.985848318377     
  4.000000000000000E-003   977.251151645779     
  4.020000000000000E-003   984.451527975199     
  4.040000000000000E-003   991.183087322627     
  4.060000000000000E-003   995.538331856135     
  4.080000000000000E-003   998.019702399329     
  4.100000000000000E-003   999.297258756329     
  4.120000000000000E-003   999.928987974434     
  4.140000000000000E-003   1000.28555134760     
  4.160000000000001E-003   1000.56679157702     
  4.180000000000001E-003   1000.87964743731     
  4.200000000000001E-003   1001.44553156620     
  4.220000000000001E-003   1002.63575047267     
  4.240000000000001E-003   1005.02461705547     
  4.260000000000001E-003   1009.38061346737     
  4.280000000000000E-003   1016.49288492486     
  4.300000000000000E-003   1025.57357990196     
  4.320000000000000E-003   1032.98880780773     
  4.340000000000000E-003   1038.14516381866     
  4.360000000000000E-003   1041.64711103958     
  4.380000000000000E-003   1044.01721199740     
  4.400000000000000E-003   1045.62791252353     
  4.420000000000000E-003   1046.71913270948     
  4.440000000000000E-003   1047.43717505724     
  4.460000000000000E-003   1047.87457364807     
  4.480000000000000E-003   1048.09183748215     
  4.500000000000001E-003   1048.12616727438     
  4.520000000000001E-003   1047.93553491109     
  4.540000000000001E-003   1047.45069539862     
  4.560000000000001E-003   1046.76057066033     
  4.580000000000001E-003   1045.95471058478     
  4.600000000000001E-003   1045.08017750281     
  4.620000000000000E-003   1044.15217169277     
  4.640000000000000E-003   1043.16990388106     
  4.660000000000000E-003   1042.13998048660     
  4.680000000000000E-003   1041.07651896780     
  4.700000000000000E-003   1039.99199503136     
  4.720000000000000E-003   1038.89288822287     
  4.740000000000000E-003   1037.78091781930     
  4.760000000000000E-003   1036.65610149038     
  4.780000000000000E-003   1035.51834787009     
  4.800000000000000E-003   1034.36792017765     
  4.820000000000000E-003   1033.20518844345     
  4.840000000000001E-003   1032.03098950976     
  4.860000000000001E-003   1030.84589365537     
  4.880000000000001E-003   1029.65025375796     
  4.900000000000001E-003   1028.44550881177     
  4.920000000000001E-003   1027.23643916710     
  4.940000000000001E-003   1026.02482565868     
  4.960000000000000E-003   1024.81244972786     
  4.980000000000000E-003   1023.60242935858     
  5.000000000000000E-003   1022.39602072786     
  5.020000000000000E-003   1021.19398815078     
  5.040000000000000E-003   1019.99744735200     
  5.060000000000000E-003   1018.80786571166     
  5.080000000000000E-003   1017.62696266739     
  5.100000000000000E-003   1016.45586189778     
  5.120000000000000E-003   1015.29494424006     
  5.140000000000000E-003   1014.14273399215     
  5.160000000000001E-003   1012.99459404873     
  5.180000000000001E-003   1011.84588654754     
  5.200000000000001E-003   1010.69604185249     
  5.220000000000001E-003   1009.54558630650     
  5.240000000000001E-003   1008.39764086421     
  5.260000000000001E-003   1007.25732731622     
  5.280000000000001E-003   1006.12900619562     
  5.300000000000000E-003   1005.01622390505     
  5.320000000000000E-003   1003.92164932835     
  5.340000000000000E-003   1002.84578422307     
  5.360000000000000E-003   1001.78719931375     
  5.380000000000000E-003   1000.74410995234     
  5.400000000000000E-003   999.711015823884     
  5.420000000000000E-003   998.679487108666     
  5.440000000000000E-003   997.658166458979     
  5.460000000000000E-003   996.659947334183     
  5.480000000000000E-003   995.714826378542     
  5.500000000000001E-003   994.848427329931     
  5.520000000000001E-003   994.094721223479     
  5.540000000000001E-003   993.468598176059     
  5.560000000000001E-003   993.024677978821     
  5.580000000000001E-003   992.784690069514     
  5.600000000000001E-003   992.710767012005     
  5.620000000000001E-003   992.835019460068     
  5.640000000000000E-003   993.248379592799     
  5.660000000000000E-003   994.130141922481     
  5.680000000000000E-003   995.682615951362     
  5.700000000000000E-003   998.113755715189     
  5.720000000000000E-003   1001.30363055361     
  5.740000000000000E-003   1004.08046308408     
  5.760000000000000E-003   1006.03309016161     
  5.780000000000000E-003   1007.30196888110     
  5.800000000000000E-003   1008.06301504325     
  5.820000000000001E-003   1008.47912287741     
  5.840000000000001E-003   1008.67454375739     
  5.860000000000001E-003   1008.71571891928     
  5.880000000000001E-003   1008.56510210811     
  5.900000000000001E-003   1008.13634133960     
  5.920000000000001E-003   1007.53664543888     
  5.940000000000001E-003   1006.89141768662     
  5.960000000000001E-003   1006.26281964068     
  5.980000000000000E-003   1005.65833575213     
  6.000000000000000E-003   1005.07982774797     
  6.020000000000000E-003   1004.52813571679     
  6.040000000000000E-003   1004.00268642768     
  6.060000000000000E-003   1003.50269785336     
  6.080000000000000E-003   1003.02820062679     
  6.100000000000000E-003   1002.58168149672     
  6.120000000000000E-003   1002.16807800075     
  6.140000000000000E-003   1001.79707816003     
  6.160000000000001E-003   1001.47828927983     
  6.180000000000001E-003   1001.22563722681     
  6.200000000000001E-003   1001.03991218433     
  6.220000000000001E-003   1000.92506952773     
  6.240000000000001E-003   1000.85943420974     
  6.260000000000001E-003   1000.85006346825     
  6.280000000000001E-003   1000.87948023135     
  6.300000000000001E-003   1000.94899141730     
  6.320000000000000E-003   1001.07248147031     
  6.340000000000000E-003   1001.25629625994     
  6.360000000000000E-003   1001.51827610957     
  6.380000000000000E-003   1001.78195025348     
  6.400000000000000E-003   1001.94139061148     
  6.420000000000000E-003   1001.98192156422     
  6.440000000000000E-003   1001.94540296073     
  6.460000000000000E-003   1001.86326760546     
  6.480000000000001E-003   1001.70686386572     
  6.500000000000001E-003   1001.47768234118     
  6.520000000000001E-003   1001.15203960733     
  6.540000000000001E-003   1000.69446128471     
  6.560000000000001E-003   1000.07880461226     
  6.580000000000001E-003   999.305332796227     
  6.600000000000001E-003   998.396080273397     
  6.620000000000001E-003   997.366648672408     
  6.640000000000001E-003   996.237395241408     
  6.660000000000000E-003   995.023167550718     
  6.680000000000000E-003   993.746377915941     
  6.700000000000000E-003   992.426225009785     
  6.720000000000000E-003   991.077269993293     
  6.740000000000000E-003   989.710756398251     
  6.760000000000000E-003   988.329840701950     
  6.780000000000000E-003   986.940619099742     
  6.800000000000000E-003   985.543439872339     
  6.820000000000001E-003   984.140237047580     
  6.840000000000001E-003   982.743907271691     
  6.860000000000001E-003   981.355434546953     
  6.880000000000001E-003   979.977286977165     
  6.900000000000001E-003   978.612145067294     
  6.920000000000001E-003   977.264746495767     
  6.940000000000001E-003   975.945215683436     
  6.960000000000001E-003   974.672717925964     
  6.980000000000001E-003   973.477230943866     
  7.000000000000000E-003   972.398559645418     
  7.020000000000000E-003   971.476664677137     
  7.040000000000000E-003   970.726648185103     
  7.060000000000000E-003   970.173645544930     
  7.080000000000000E-003   969.908685622860     
  7.100000000000000E-003   969.973793747506     
  7.120000000000000E-003   970.337490928914     
  7.140000000000001E-003   971.202780661156     
  7.160000000000001E-003   972.749699564398     
  7.180000000000001E-003   975.181892255430     
  7.200000000000001E-003   978.715930789119     
  7.220000000000001E-003   983.427409239363     
  7.240000000000001E-003   988.007751805463     
  7.260000000000001E-003   991.646908970136     
  7.280000000000001E-003   994.385794555162     
  7.300000000000001E-003   996.356558153161     
  7.320000000000001E-003   997.702328278037     
  7.340000000000000E-003   998.560761012445     
  7.360000000000000E-003   999.050230673929     
  7.380000000000000E-003   999.257701926798     
  7.400000000000000E-003   999.235186985018     
  7.420000000000000E-003   999.053795098783     
  7.440000000000000E-003   998.717137881176     
  7.460000000000000E-003   998.221416938954     
  7.480000000000001E-003   997.643804226269     
  7.500000000000001E-003   997.050556151294     
  7.520000000000001E-003   996.477040357757     
  7.540000000000001E-003   995.932588100049     
  7.560000000000001E-003   995.420686174780     
  7.580000000000001E-003   994.945801118986     
  7.600000000000001E-003   994.509057955444     
  7.620000000000001E-003   994.102340749772     
  7.640000000000001E-003   993.712416035252     
  7.660000000000001E-003   993.337955231017     
  7.680000000000001E-003   992.983840586873     
  7.700000000000000E-003   992.664705053610     
  7.720000000000000E-003   992.393434536571     
  7.740000000000000E-003   992.182806069675     
  7.760000000000000E-003   992.035512188382     
  7.780000000000000E-003   991.936320013202     
  7.800000000000001E-003   991.892593786090     
  7.820000000000001E-003   991.895219904841     
  7.840000000000001E-003   991.931798049958     
  7.860000000000001E-003   992.024878336537     
  7.880000000000000E-003   992.173576534733     
  7.900000000000001E-003   992.372560952300     
  7.920000000000000E-003   992.624526441874     
  7.940000000000001E-003   992.932736183687     
  7.960000000000000E-003   993.304439145102     
  7.980000000000001E-003   993.745083514761     
  8.000000000000000E-003   994.182311353245     
  8.020000000000001E-003   994.564421627776     
  8.040000000000000E-003   994.880526122729     
  8.060000000000001E-003   995.127579317104     
  8.080000000000000E-003   995.314906874838     
  8.100000000000001E-003   995.451118947124     
  8.120000000000000E-003   995.550441695284     
  8.140000000000001E-003   995.619886653684     
  8.160000000000001E-003   995.660711127718     
  8.180000000000002E-003   995.666752762648     
  8.200000000000001E-003   995.627219348197     
  8.220000000000000E-003   995.540397657446     
  8.240000000000001E-003   995.435671021973     
  8.260000000000000E-003   995.328264834646     
  8.280000000000001E-003   995.230805235364     
  8.300000000000000E-003   995.150438158154     
  8.320000000000001E-003   995.106748982944     
  8.340000000000000E-003   995.120130456678     
  8.360000000000001E-003   995.192513589410     
  8.380000000000000E-003   995.344219894332     
  8.400000000000001E-003   995.556951310206     
  8.420000000000000E-003   995.781407610180     
  8.440000000000001E-003   996.016420047776     
  8.460000000000001E-003   996.268570889452     
  8.480000000000001E-003   996.544900642738     
  8.500000000000001E-003   996.850097400700     
  8.520000000000002E-003   997.193476086384     
  8.540000000000001E-003   997.611063608651     
  8.560000000000000E-003   998.116626180490     
  8.580000000000001E-003   998.719782035819     
  8.600000000000000E-003   999.448115320203     
  8.620000000000001E-003   1000.33531151338     
  8.640000000000000E-003   1001.42604531459     
  8.660000000000001E-003   1002.78691053751     
  8.680000000000000E-003   1004.42328640994     
  8.700000000000001E-003   1005.97570563378     
  8.720000000000000E-003   1007.22446470973     
  8.740000000000001E-003   1008.21177835085     
  8.760000000000000E-003   1008.98545485723     
  8.780000000000001E-003   1009.58723310499     
  8.800000000000001E-003   1010.04629667863     
  8.820000000000001E-003   1010.38421908287     
  8.840000000000001E-003   1010.61914854911     
  8.860000000000002E-003   1010.75715829496     
  8.880000000000001E-003   1010.81047426055     
  8.900000000000000E-003   1010.78703143604     
  8.920000000000001E-003   1010.70415467600     
  8.940000000000000E-003   1010.56267451084     
  8.960000000000001E-003   1010.36810818006     
  8.980000000000000E-003   1010.12616500531     
  9.000000000000001E-003   1009.84553376070     
  9.020000000000000E-003   1009.53374001624     
  9.040000000000001E-003   1009.19640392670     
  9.060000000000000E-003   1008.83235761664     
  9.080000000000001E-003   1008.44003367359     
  9.100000000000000E-003   1008.02074743806     
  9.120000000000001E-003   1007.57509981083     
  9.140000000000001E-003   1007.10367167303     
  9.160000000000001E-003   1006.60685304790     
  9.180000000000001E-003   1006.08833130000     
  9.200000000000002E-003   1005.55152677431     
  9.220000000000001E-003   1005.00131870590     
  9.240000000000000E-003   1004.44308402257     
  9.260000000000001E-003   1003.88127626928     
  9.280000000000000E-003   1003.32198067184     
  9.300000000000001E-003   1002.76570346062     
  9.320000000000000E-003   1002.21313542103     
  9.340000000000001E-003   1001.66141915115     
  9.360000000000000E-003   1001.11154890160     
  9.380000000000001E-003   1000.55918605918     
  9.400000000000000E-003   1000.00354229751     
  9.420000000000001E-003   999.443944319004     
  9.440000000000000E-003   998.882440047129     
  9.460000000000001E-003   998.320441372671     
  9.480000000000001E-003   997.767343942095     
  9.500000000000001E-003   997.229310411210     
  9.520000000000001E-003   996.709731481609     
  9.540000000000002E-003   996.211479815179     
  9.560000000000001E-003   995.737295059224     
  9.580000000000000E-003   995.288817785645     
  9.600000000000001E-003   994.864630229420     
  9.620000000000000E-003   994.462115792827     
  9.640000000000001E-003   994.079112058616     
  9.660000000000000E-003   993.714206017186     
  9.680000000000001E-003   993.367191040076     
  9.700000000000000E-003   993.028910077995     
  9.720000000000001E-003   992.699193761939     
  9.740000000000000E-003   992.378568433022     
  9.760000000000001E-003   992.067938668293     
  9.780000000000000E-003   991.767813809025     
  9.800000000000001E-003   991.477716149118     
  9.820000000000001E-003   991.197191402956     
  9.840000000000002E-003   990.927162580742     
  9.860000000000001E-003   990.670284663556     
  9.880000000000002E-003   990.430948170547     
  9.900000000000001E-003   990.214567948087     
  9.920000000000000E-003   990.024441006848     
  9.940000000000001E-003   989.863586298919     
  9.960000000000000E-003   989.728231341884     
  9.980000000000001E-003   989.623417303794     
  1.000000000000000E-002   989.549014203342     
  1.002000000000000E-002   989.498034776185     
  1.004000000000000E-002   989.458686736560     
  1.006000000000000E-002   989.416915751648     
  1.008000000000000E-002   989.364388046856     
  1.010000000000000E-002   989.298079389380     
  1.012000000000000E-002   989.217615960410     
  1.014000000000000E-002   989.123644948935     
  1.016000000000000E-002   989.017230394341     
  1.018000000000000E-002   988.902902333746     
  1.020000000000000E-002   988.763716466795     
  1.022000000000000E-002   988.592899678344     
  1.024000000000000E-002   988.421118478304     
  1.026000000000000E-002   988.257412163140     
  1.028000000000000E-002   988.100225263549     
  1.030000000000000E-002   987.948750363300     
  1.032000000000000E-002   987.802141890791     
  1.034000000000000E-002   987.662445555159     
  1.036000000000000E-002   987.531430096704     
  1.038000000000000E-002   987.406565246900     
  1.040000000000000E-002   987.285218923121     
  1.042000000000000E-002   987.164839934597     
  1.044000000000000E-002   987.042467728752     
  1.046000000000000E-002   986.915305232058     
  1.048000000000000E-002   986.782497919704     
  1.050000000000000E-002   986.643698572739     
  1.052000000000000E-002   986.499265071521     
  1.054000000000000E-002   986.350454387796     
  1.056000000000000E-002   986.199099099076     
  1.058000000000000E-002   986.046910806840     
  1.060000000000000E-002   985.894802855594     
  1.062000000000000E-002   985.743490106385     
  1.064000000000000E-002   985.592152228919     
  1.066000000000000E-002   985.437884819700     
  1.068000000000000E-002   985.276782854514     
  1.070000000000000E-002   985.104141506655     
  1.072000000000000E-002   984.915109719920     
  1.074000000000000E-002   984.704874586544     
  1.076000000000000E-002   984.469547438457     
  1.078000000000000E-002   984.205645225107     
  1.080000000000000E-002   983.910533521287     
  1.082000000000000E-002   983.581433433410     
  1.084000000000000E-002   983.217828537638     
  1.086000000000000E-002   982.820163648309     
  1.088000000000000E-002   982.391377715682     
  1.090000000000000E-002   981.934029273259     
  1.092000000000000E-002   981.450360858384     
  1.094000000000000E-002   980.943326255086     
  1.096000000000000E-002   980.417551709822     
  1.098000000000000E-002   979.877435796042     
  1.100000000000000E-002   979.326871540685     
  1.102000000000000E-002   978.768654395905     
  1.104000000000000E-002   978.209049715090     
  1.106000000000000E-002   977.658364315285     
  1.108000000000000E-002   977.123495906463     
  1.110000000000000E-002   976.610466143170     
  1.112000000000000E-002   976.123397613113     
  1.114000000000000E-002   975.664894652414     
  1.116000000000000E-002   975.236576802850     
  1.118000000000000E-002   974.839527798397     
  1.120000000000000E-002   974.474606730166     
  1.122000000000000E-002   974.142573053859     
  1.124000000000000E-002   973.844029222203     
  1.126000000000000E-002   973.579425812606     
  1.128000000000000E-002   973.349074105026     
  1.130000000000000E-002   973.153116264805     
  1.132000000000000E-002   972.991432642579     
  1.134000000000000E-002   972.863669607983     
  1.136000000000000E-002   972.770060411467     
  1.138000000000000E-002   972.711099013898     
  1.140000000000000E-002   972.687043949322     
  1.142000000000000E-002   972.692892393777     
  1.144000000000000E-002   972.712553448106     
  1.146000000000000E-002   972.747572766115     
  1.148000000000000E-002   972.798236686290     
  1.150000000000000E-002   972.862990554942     
  1.152000000000000E-002   972.939384738204     
  1.154000000000000E-002   973.024988231514     
  1.156000000000000E-002   973.117270898418     
  1.158000000000000E-002   973.215865480822     
  1.160000000000000E-002   973.323845184653     
  1.162000000000000E-002   973.449464888315     
  1.164000000000000E-002   973.602979201637     
  1.166000000000000E-002   973.792370491056     
  1.168000000000000E-002   974.025496067489     
  1.170000000000000E-002   974.308980746889     
  1.172000000000000E-002   974.648787733704     
  1.174000000000000E-002   975.050095853374     
  1.176000000000000E-002   975.517503689263     
  1.178000000000000E-002   976.056353060769     
  1.180000000000000E-002   976.672353145276     
  1.182000000000000E-002   977.372493438427     
  1.184000000000000E-002   978.164911767802     
  1.186000000000000E-002   979.060712500202     
  1.188000000000000E-002   980.075342762372     
  1.190000000000000E-002   981.229012142562     
  1.192000000000000E-002   982.546941692723     
  1.194000000000000E-002   984.061819952320     
  1.196000000000000E-002   985.814635443657     
  1.198000000000000E-002   987.856631720695     
  1.200000000000000E-002   990.151973809374     
  1.202000000000000E-002   992.406378153677     
  1.204000000000000E-002   994.460588164037     
  1.206000000000000E-002   996.271330896972     
  1.208000000000000E-002   997.828585028277     
  1.210000000000000E-002   999.136877206878     
  1.212000000000000E-002   1000.21203816844     
  1.214000000000000E-002   1001.07697803775     
  1.216000000000000E-002   1001.75853314050     
  1.218000000000000E-002   1002.28470808999     
  1.220000000000000E-002   1002.68199990333     
  1.222000000000000E-002   1002.97338080171     
  1.224000000000000E-002   1003.17749438303     
  1.226000000000000E-002   1003.30932785594     
  1.228000000000000E-002   1003.38137665544     
  1.230000000000000E-002   1003.40596991755     
  1.232000000000000E-002   1003.39492081017     
  1.234000000000000E-002   1003.35812225170     
  1.236000000000000E-002   1003.28977151202     
  1.238000000000000E-002   1003.17815312167     
  1.240000000000000E-002   1003.03277533218     
  1.242000000000000E-002   1002.85919116179     
  1.244000000000000E-002   1002.66369138363     
  1.246000000000000E-002   1002.44982745193     
  1.248000000000000E-002   1002.22077715159     
  1.250000000000000E-002   1001.97859095429     
  1.252000000000000E-002   1001.72390497834     
  1.254000000000000E-002   1001.45673415317     
  1.256000000000000E-002   1001.17657683968     
  1.258000000000000E-002   1000.88265482392     
  1.260000000000000E-002   1000.57403503553     
  1.262000000000000E-002   1000.24955405149     
  1.264000000000000E-002   999.907893438433     
  1.266000000000000E-002   999.548031553722     
  1.268000000000000E-002   999.169585141820     
  1.270000000000000E-002   998.772889591980     
  1.272000000000000E-002   998.359189157580     
  1.274000000000000E-002   997.930848847097     
  1.276000000000000E-002   997.491207296427     
  1.278000000000000E-002   997.044373235845     
  1.280000000000000E-002   996.594317211308     
  1.282000000000000E-002   996.144595067048     
  1.284000000000000E-002   995.697741713232     
  1.286000000000000E-002   995.255801132940     
  1.288000000000000E-002   994.821979921100     
  1.290000000000000E-002   994.401509757769     
  1.292000000000000E-002   993.996453205593     
  1.294000000000000E-002   993.610397081445     
  1.296000000000000E-002   993.246924710470     
  1.298000000000000E-002   992.908806867223     
  1.300000000000000E-002   992.596595891767     
  1.302000000000000E-002   992.310172353533     
  1.304000000000000E-002   992.048992024830     
  1.306000000000000E-002   991.811617505039     
  1.308000000000000E-002   991.596266158125     
  1.310000000000000E-002   991.400671493939     
  1.312000000000000E-002   991.222473067798     
  1.314000000000000E-002   991.059504615364     
  1.316000000000000E-002   990.910458100466     
  1.318000000000000E-002   990.774570224554     
  1.320000000000000E-002   990.652094583095     
  1.322000000000000E-002   990.544031251100     
  1.324000000000000E-002   990.452498599870     
  1.326000000000000E-002   990.380900433819     
  1.328000000000000E-002   990.334509671384     
  1.330000000000000E-002   990.316644634143     
  1.332000000000000E-002   990.329862971662     
  1.334000000000000E-002   990.373929430028     
  1.336000000000000E-002   990.453158864139     
  1.338000000000000E-002   990.570473728385     
  1.340000000000000E-002   990.726625745049     
  1.342000000000000E-002   990.920329215672     
  1.344000000000000E-002   991.150377190634     
  1.346000000000000E-002   991.415658043373     
  1.348000000000000E-002   991.715851382850     
  1.350000000000000E-002   992.054353302041     
  1.352000000000000E-002   992.435742540300     
  1.354000000000000E-002   992.864842172967     
  1.356000000000000E-002   993.343405339595     
  1.358000000000000E-002   993.872734477318     
  1.360000000000000E-002   994.455655391958     
  1.362000000000000E-002   995.094238149993     
  1.364000000000000E-002   995.789973655593     
  1.366000000000000E-002   996.546555520034     
  1.368000000000000E-002   997.370416362249     
  1.370000000000000E-002   998.270583239564     
  1.372000000000000E-002   999.257942686383     
  1.374000000000000E-002   1000.34769440664     
  1.376000000000000E-002   1001.49806569139     
  1.378000000000000E-002   1002.60965523701     
  1.380000000000000E-002   1003.65365135722     
  1.382000000000000E-002   1004.63014651470     
  1.384000000000000E-002   1005.54595314930     
  1.386000000000000E-002   1006.40519235652     
  1.388000000000000E-002   1007.20993669354     
  1.390000000000000E-002   1007.96156201835     
  1.392000000000000E-002   1008.66254145345     
  1.394000000000000E-002   1009.31804860408     
  1.396000000000000E-002   1009.93454260204     
  1.398000000000000E-002   1010.51906235989     
  1.400000000000000E-002   1011.07726853398     
  1.402000000000000E-002   1011.61412656001     
  1.404000000000000E-002   1012.13366414056     
  1.406000000000000E-002   1012.63755914318     
  1.408000000000000E-002   1013.12520750656     
  1.410000000000000E-002   1013.60289315057     
  1.412000000000000E-002   1014.06491387639     
  1.414000000000000E-002   1014.49850859998     
  1.416000000000000E-002   1014.90019356639     
  1.418000000000000E-002   1015.27189190375     
  1.420000000000000E-002   1015.61659853102     
  1.422000000000000E-002   1015.93626964484     
  1.424000000000000E-002   1016.23107922882     
  1.426000000000000E-002   1016.50040757630     
  1.428000000000000E-002   1016.74051717076     
  1.430000000000000E-002   1016.94215764162     
  1.432000000000000E-002   1017.09225405444     
  1.434000000000000E-002   1017.19489140538     
  1.436000000000000E-002   1017.21347779904     
  1.438000000000000E-002   1017.17115248219     
  1.440000000000000E-002   1017.06358947021     
  1.442000000000000E-002   1016.88919259317     
  1.444000000000000E-002   1016.66407526748     
  1.446000000000000E-002   1016.39147114727     
  1.448000000000000E-002   1016.10095400424     
  1.450000000000000E-002   1015.80623174947     
  1.452000000000000E-002   1015.50533307345     
  1.454000000000000E-002   1015.19824104141     
  1.456000000000000E-002   1014.88578805978     
  1.458000000000000E-002   1014.56770898440     
  1.460000000000000E-002   1014.24468673333     
  1.462000000000000E-002   1013.91701425853     
  1.464000000000000E-002   1013.58486284687     
  1.466000000000000E-002   1013.24854325047     
  1.468000000000000E-002   1012.90774043602     
  1.470000000000000E-002   1012.56238041361     
  1.472000000000000E-002   1012.21740823205     
  1.474000000000000E-002   1011.87752430002     
  1.476000000000000E-002   1011.54122973756     
  1.478000000000000E-002   1011.20717254707     
  1.480000000000000E-002   1010.87382813206     
  1.482000000000000E-002   1010.53811628645     
  1.484000000000000E-002   1010.19714539681     
  1.486000000000000E-002   1009.84314191828     
  1.488000000000000E-002   1009.46451186333     
  1.490000000000000E-002   1009.05306058804     
  1.492000000000000E-002   1008.60481269017     
  1.494000000000000E-002   1008.11868205928     
  1.496000000000000E-002   1007.59791157597     
  1.498000000000000E-002   1007.04756712721     
  1.500000000000000E-002   1006.47227056702     
  1.502000000000000E-002   1005.87579010530     
  1.504000000000000E-002   1005.26194891455     
  1.506000000000000E-002   1004.63471264337     
  1.508000000000000E-002   1003.99694846908     
  1.510000000000000E-002   1003.35015580623     
  1.512000000000000E-002   1002.69378084249     
  1.514000000000000E-002   1002.03337266049     
  1.516000000000000E-002   1001.38255209857     
  1.518000000000000E-002   1000.74842135393     
  1.520000000000000E-002   1000.13852119243     
  1.522000000000000E-002   999.557907054467     
  1.524000000000000E-002   999.009408514004     
  1.526000000000000E-002   998.493676004791     
  1.528000000000000E-002   998.010912000790     
  1.530000000000000E-002   997.560475609746     
  1.532000000000000E-002   997.141514798647     
  1.534000000000000E-002   996.753615547340     
  1.536000000000000E-002   996.392558435922     
  1.538000000000000E-002   996.058836769048     
  1.540000000000000E-002   995.750188948945     
  1.542000000000000E-002   995.469874128248     
  1.544000000000000E-002   995.220846549838     
  1.546000000000000E-002   995.000368603200     
  1.548000000000000E-002   994.803556976960     
  1.550000000000000E-002   994.624521471469     
  1.552000000000000E-002   994.457211823985     
  1.554000000000000E-002   994.296853030261     
  1.556000000000000E-002   994.138848916328     
  1.558000000000000E-002   993.980508928760     
  1.560000000000000E-002   993.821208747980     
  1.562000000000000E-002   993.660282107551     
  1.564000000000000E-002   993.499827382743     
  1.566000000000000E-002   993.344165673373     
  1.568000000000000E-002   993.199001939863     
  1.570000000000000E-002   993.067595836867     
  1.572000000000000E-002   992.954479490798     
  1.574000000000000E-002   992.864688055630     
  1.576000000000000E-002   992.802909586677     
  1.578000000000000E-002   992.775251918135     
  1.580000000000000E-002   992.788146781581     
  1.582000000000000E-002   992.837491606796     
  1.584000000000000E-002   992.925904319261     
  1.586000000000000E-002   993.058733052185     
  1.588000000000000E-002   993.236314225986     
  1.590000000000000E-002   993.459568176813     
  1.592000000000000E-002   993.730042410224     
  1.594000000000000E-002   994.049933788071     
  1.596000000000000E-002   994.419727497648     
  1.598000000000000E-002   994.838149391119     
  1.600000000000000E-002   995.302882503245     
  1.602000000000000E-002   995.811863607944     
  1.604000000000000E-002   996.363812145100     
  1.606000000000000E-002   996.956952046221     
  1.608000000000000E-002   997.593121255896     
  1.610000000000000E-002   998.270803228761     
  1.612000000000000E-002   998.973493506876     
  1.614000000000000E-002   999.675254883548     
  1.616000000000000E-002   1000.35214750991     
  1.618000000000000E-002   1000.99698671408     
  1.620000000000000E-002   1001.60846279349     
  1.622000000000000E-002   1002.18525570257     
  1.624000000000000E-002   1002.72825766604     
  1.626000000000000E-002   1003.23875458531     
  1.628000000000000E-002   1003.71668898751     
  1.630000000000000E-002   1004.16107166936     
  1.632000000000000E-002   1004.57159309890     
  1.634000000000000E-002   1004.94864819708     
  1.636000000000000E-002   1005.29279295005     
  1.638000000000000E-002   1005.60422156766     
  1.640000000000000E-002   1005.88293454837     
  1.642000000000000E-002   1006.12936563987     
  1.644000000000000E-002   1006.34454724121     
  1.646000000000000E-002   1006.53028286930     
  1.648000000000000E-002   1006.68889837402     
  1.650000000000000E-002   1006.82367980410     
  1.652000000000000E-002   1006.93722043537     
  1.654000000000000E-002   1007.03254020530     
  1.656000000000000E-002   1007.11326436525     
  1.658000000000000E-002   1007.18297180928     
  1.660000000000000E-002   1007.24311467271     
  1.662000000000000E-002   1007.29769423491     
  1.664000000000000E-002   1007.34995452541     
  1.666000000000000E-002   1007.39976761567     
  1.668000000000000E-002   1007.44808014055     
  1.670000000000000E-002   1007.49542329639     
  1.672000000000000E-002   1007.54316271843     
  1.674000000000000E-002   1007.59268013625     
  1.676000000000000E-002   1007.64487434516     
  1.678000000000000E-002   1007.69479957038     
  1.680000000000000E-002   1007.73411206566     
  1.682000000000000E-002   1007.76240390279     
  1.684000000000000E-002   1007.78237545062     
  1.686000000000000E-002   1007.79627747261     
  1.688000000000000E-002   1007.80247348061     
  1.690000000000000E-002   1007.79945708082     
  1.692000000000000E-002   1007.78905762680     
  1.694000000000000E-002   1007.76932695707     
  1.696000000000000E-002   1007.74030119523     
  1.698000000000000E-002   1007.70286323520     
  1.700000000000000E-002   1007.65635796524     
  1.702000000000000E-002   1007.59968421718     
  1.704000000000000E-002   1007.53189261691     
  1.706000000000000E-002   1007.45143600646     
  1.708000000000000E-002   1007.35665255709     
  1.710000000000000E-002   1007.24641556496     
  1.712000000000000E-002   1007.11942008594     
  1.714000000000000E-002   1006.97462324911     
  1.716000000000000E-002   1006.81200906389     
  1.718000000000000E-002   1006.63175078265     
  1.720000000000000E-002   1006.43383450860     
  1.722000000000000E-002   1006.21815349469     
  1.724000000000000E-002   1005.98504219663     
  1.726000000000000E-002   1005.73529685079     
  1.728000000000000E-002   1005.47017932343     
  1.730000000000000E-002   1005.19116378921     
  1.732000000000000E-002   1004.90006703573     
  1.734000000000000E-002   1004.59915897038     
  1.736000000000000E-002   1004.29103436307     
  1.738000000000000E-002   1003.97802470833     
  1.740000000000000E-002   1003.66210120291     
  1.742000000000000E-002   1003.34490743925     
  1.744000000000000E-002   1003.02764527876     
  1.746000000000000E-002   1002.71159684694     
  1.748000000000000E-002   1002.39778337520     
  1.750000000000000E-002   1002.08709183759     
  1.752000000000000E-002   1001.78073480316     
  1.754000000000000E-002   1001.47919941986     
  1.756000000000000E-002   1001.18295978739     
  1.758000000000000E-002   1000.89311062985     
  1.760000000000000E-002   1000.61065834391     
  1.762000000000000E-002   1000.33645907716     
  1.764000000000000E-002   1000.07105300557     
  1.766000000000000E-002   999.814556059121     
  1.768000000000000E-002   999.566932561865     
  1.770000000000000E-002   999.327994842139     
  1.772000000000000E-002   999.097423849876     
  1.774000000000000E-002   998.874917827233     
  1.776000000000000E-002   998.660261782834     
  1.778000000000000E-002   998.453050943633     
  1.780000000000000E-002   998.252681745378     
  1.782000000000000E-002   998.058517840326     
  1.784000000000000E-002   997.869971316682     
  1.786000000000000E-002   997.686823958242     
  1.788000000000000E-002   997.509170354505     
  1.790000000000000E-002   997.337436139859     
  1.792000000000000E-002   997.172211172833     
  1.794000000000000E-002   997.014062457730     
  1.796000000000000E-002   996.863452957132     
  1.798000000000000E-002   996.720689888227     
  1.800000000000000E-002   996.585958029975     
  1.802000000000000E-002   996.459459905423     
  1.804000000000000E-002   996.341410942484     
  1.806000000000000E-002   996.232056491243     
  1.808000000000000E-002   996.131810728172     
  1.810000000000000E-002   996.041407391159     
  1.812000000000000E-002   995.960762639657     
  1.814000000000000E-002   995.891803003194     
  1.816000000000000E-002   995.834473413367     
  1.818000000000000E-002   995.789596221321     
  1.820000000000000E-002   995.757477689932     
  1.822000000000000E-002   995.738006492724     
  1.824000000000000E-002   995.731747408862     
  1.826000000000000E-002   995.737660093502     
  1.828000000000000E-002   995.754170050667     
  1.830000000000000E-002   995.780614415115     
  1.832000000000000E-002   995.815219063587     
  1.834000000000000E-002   995.854400905179     
  1.836000000000000E-002   995.895168806574     
  1.838000000000000E-002   995.935649376197     
  1.840000000000000E-002   995.973901180798     
  1.842000000000000E-002   996.007226669550     
  1.844000000000000E-002   996.033086482016     
  1.846000000000000E-002   996.052396067589     
  1.848000000000000E-002   996.060032958827     
  1.850000000000000E-002   996.057873837833     
  1.852000000000000E-002   996.045005270238     
  1.854000000000000E-002   996.023135022368     
  1.856000000000000E-002   995.993691851151     
  1.858000000000000E-002   995.957942909453     
  1.860000000000000E-002   995.917822087099     
  1.862000000000000E-002   995.874962686285     
  1.864000000000000E-002   995.830934571983     
  1.866000000000000E-002   995.787364522926     
  1.868000000000000E-002   995.745553898683     
  1.870000000000000E-002   995.707051079078     
  1.872000000000000E-002   995.673153246930     
  1.874000000000000E-002   995.645655117888     
  1.876000000000000E-002   995.626526547856     
  1.878000000000000E-002   995.616769424837     
  1.880000000000000E-002   995.620811473719     
  1.882000000000000E-002   995.639536295061     
  1.884000000000000E-002   995.677648233729     
  1.886000000000000E-002   995.742589259210     
  1.888000000000000E-002   995.835684820760     
  1.890000000000000E-002   995.957720659812     
  1.892000000000000E-002   996.110704214408     
  1.894000000000000E-002   996.293347418193     
  1.896000000000000E-002   996.502201958323     
  1.898000000000000E-002   996.730368441588     
  1.900000000000000E-002   996.973510194140     
  1.902000000000000E-002   997.229265143017     
  1.904000000000000E-002   997.496914301163     
  1.906000000000000E-002   997.772228939176     
  1.908000000000000E-002   998.054084323221     
  1.910000000000000E-002   998.341562861711     
  1.912000000000000E-002   998.632446218308     
  1.914000000000000E-002   998.924139899082     
  1.916000000000000E-002   999.211989506955     
  1.918000000000000E-002   999.493963751205     
  1.920000000000000E-002   999.766772340542     
  1.922000000000000E-002   1000.02637646866     
  1.924000000000000E-002   1000.27045261206     
  1.926000000000000E-002   1000.49502390982     
  1.928000000000000E-002   1000.70027821117     
  1.930000000000000E-002   1000.88684593451     
  1.932000000000000E-002   1001.05080443550     
  1.934000000000000E-002   1001.18539442586     
  1.936000000000000E-002   1001.28609304011     
  1.938000000000000E-002   1001.35801263105     
  1.940000000000000E-002   1001.40777385828     
  1.942000000000000E-002   1001.43587675028     
  1.944000000000000E-002   1001.44497871200     
  1.946000000000000E-002   1001.43877856274     
  1.948000000000000E-002   1001.41871499583     
  1.950000000000000E-002   1001.38207326364     
  1.952000000000000E-002   1001.33223011477     
  1.954000000000000E-002   1001.27228172407     
  1.956000000000000E-002   1001.20409539858     
  1.958000000000000E-002   1001.12896855099     
  1.960000000000000E-002   1001.04841291922     
  1.962000000000000E-002   1000.96392006939     
  1.964000000000000E-002   1000.87656348703     
  1.966000000000000E-002   1000.78712317310     
  1.968000000000000E-002   1000.69628820970     
  1.970000000000000E-002   1000.60445150958     
  1.972000000000000E-002   1000.51171427756     
  1.974000000000000E-002   1000.41810215970     
  1.976000000000000E-002   1000.32370587991     
  1.978000000000000E-002   1000.22863427727     
  1.980000000000000E-002   1000.13291268129     
  1.982000000000000E-002   1000.03648786388     
  1.984000000000000E-002   999.939325329736     
  1.986000000000000E-002   999.841472229725     
  1.988000000000000E-002   999.743088802294     
  1.990000000000000E-002   999.644314420412     
  1.992000000000000E-002   999.545193279299     
  1.994000000000000E-002   999.445358818022     
  1.996000000000000E-002   999.344044704530     
  1.998000000000000E-002   999.240113455617     
  2.000000000000000E-002   999.132002715949     
  2.002000000000000E-002   999.018327490482     
  2.004000000000000E-002   998.898182772606     
  2.006000000000000E-002   998.770707138966     
  2.008000000000000E-002   998.635291699953     
  2.010000000000000E-002   998.491564654643     
  2.012000000000000E-002   998.339315407597     
  2.014000000000000E-002   998.178517949010     
  2.016000000000000E-002   998.009377443592     
  2.018000000000000E-002   997.832330146919     
  2.020000000000000E-002   997.648027295218     
  2.022000000000000E-002   997.457296885971     
  2.024000000000000E-002   997.260913619557     
  2.026000000000000E-002   997.060195172674     
  2.028000000000000E-002   996.857459398716     
  2.030000000000000E-002   996.654895238985     
  2.032000000000000E-002   996.454422536907     
  2.034000000000000E-002   996.256838346306     
  2.036000000000000E-002   996.062593322279     
  2.038000000000000E-002   995.872964093372     
  2.040000000000000E-002   995.688405937983     
  2.042000000000000E-002   995.510677553774     
  2.044000000000000E-002   995.340132798843     
  2.046000000000000E-002   995.175588680168     
  2.048000000000000E-002   995.021194158141     
  2.050000000000000E-002   994.878276620618     
  2.052000000000000E-002   994.747343086087     
  2.054000000000000E-002   994.629705015780     
  2.056000000000000E-002   994.526388536014     
  2.058000000000000E-002   994.438100741783     
  2.060000000000000E-002   994.365168287424     
  2.062000000000000E-002   994.307432716086     
  2.064000000000000E-002   994.264593166468     
  2.066000000000000E-002   994.237362766437     
  2.068000000000000E-002   994.227793864872     
  2.070000000000000E-002   994.231992277533     
  2.072000000000000E-002   994.247571438536     
  2.074000000000000E-002   994.274961457614     
  2.076000000000000E-002   994.313005739067     
  2.078000000000000E-002   994.358832642378     
  2.080000000000000E-002   994.408394865996     
  2.082000000000000E-002   994.458523912846     
  2.084000000000000E-002   994.508821593797     
  2.086000000000000E-002   994.559250676863     
  2.088000000000000E-002   994.608988611583     
  2.090000000000000E-002   994.657628152279     
  2.092000000000000E-002   994.704755344395     
  2.094000000000000E-002   994.750051705607     
  2.096000000000000E-002   994.793388552552     
  2.098000000000000E-002   994.834891550851     
  2.100000000000000E-002   994.874912052593     
  2.102000000000000E-002   994.913924949243     
  2.104000000000000E-002   994.952450830841     
  2.106000000000000E-002   994.990963246273     
  2.108000000000000E-002   995.029730385009     
  2.110000000000000E-002   995.069087140511     
  2.112000000000000E-002   995.109296271410     
  2.114000000000000E-002   995.150447430561     
  2.116000000000000E-002   995.192047203300     
  2.118000000000000E-002   995.233359112480     
  2.120000000000000E-002   995.274523665954     
  2.122000000000000E-002   995.316225129339     
  2.124000000000000E-002   995.360271904401     
  2.126000000000000E-002   995.408143663669     
  2.128000000000000E-002   995.459306912010     
  2.130000000000000E-002   995.513807474716     
  2.132000000000000E-002   995.571686245103     
  2.134000000000000E-002   995.632679123663     
  2.136000000000000E-002   995.696051241863     
  2.138000000000000E-002   995.760911321674     
  2.140000000000000E-002   995.826423050347     
  2.142000000000000E-002   995.891656546807     
  2.144000000000000E-002   995.955605839724     
  2.146000000000000E-002   996.017855599832     
  2.148000000000000E-002   996.078514109270     
  2.150000000000000E-002   996.138047293533     
  2.152000000000000E-002   996.197070399703     
  2.154000000000000E-002   996.256225270446     
  2.156000000000000E-002   996.316014808585     
  2.158000000000000E-002   996.376804114297     
  2.160000000000000E-002   996.439135190023     
  2.162000000000000E-002   996.503941368503     
  2.164000000000000E-002   996.572490823287     
  2.166000000000000E-002   996.646071934353     
  2.168000000000000E-002   996.725711507245     
  2.170000000000000E-002   996.812251473081     
  2.172000000000000E-002   996.906532516856     
  2.174000000000000E-002   997.007403188782     
  2.176000000000000E-002   997.107404429291     
  2.178000000000000E-002   997.199711166356     
  2.180000000000000E-002   997.280045790996     
  2.182000000000000E-002   997.344948919240     
  2.184000000000000E-002   997.392746977469     
  2.186000000000000E-002   997.424515671648     
  2.188000000000000E-002   997.443804979803     
  2.190000000000000E-002   997.454746579434     
  2.192000000000000E-002   997.459743886837     
  2.194000000000000E-002   997.458490823820     
  2.196000000000000E-002   997.445119314091     
  2.198000000000000E-002   997.428812599505     
  2.200000000000000E-002   997.411240670654     
  2.202000000000000E-002   997.389713164660     
  2.204000000000000E-002   997.365309068272     
  2.206000000000000E-002   997.336724174846     
  2.208000000000000E-002   997.303767382522     
  2.210000000000000E-002   997.266704829391     
  2.212000000000000E-002   997.226224757959     
  2.214000000000000E-002   997.183447149130     
  2.216000000000000E-002   997.139573651155     
  2.218000000000000E-002   997.095815862910     
  2.220000000000000E-002   997.053264634408     
  2.222000000000000E-002   997.012335884389     
  2.224000000000000E-002   996.971305366399     
  2.226000000000000E-002   996.931549219679     
  2.228000000000000E-002   996.894114282383     
  2.230000000000000E-002   996.859529264086     
  2.232000000000000E-002   996.825596754689     
  2.234000000000000E-002   996.793248799948     
  2.236000000000000E-002   996.763710414639     
  2.238000000000000E-002   996.730512226271     
  2.240000000000000E-002   996.694643656913     
  2.242000000000000E-002   996.676466669033     
  2.244000000000000E-002   996.617847544073     
  2.246000000000000E-002   996.563327139256     
  2.248000000000000E-002   996.507879495103     
  2.250000000000000E-002   996.444141972722     
  2.252000000000000E-002   996.370590375536     
  2.254000000000000E-002   996.287011015211     
  2.256000000000000E-002   996.193287597376     
  2.258000000000000E-002   996.089600893238     
  2.260000000000000E-002   995.976110180299     
  2.262000000000000E-002   995.852681710544     
  2.264000000000000E-002   995.719209042628     
  2.266000000000000E-002   995.575964352692     
  2.268000000000000E-002   995.422748505816     
  2.270000000000000E-002   995.259558176759     
  2.272000000000000E-002   995.086400338019     
  2.274000000000000E-002   994.903320650741     
  2.276000000000000E-002   994.710334231691     
  2.278000000000000E-002   994.507416642648     
  2.280000000000000E-002   994.294503741399     
  2.282000000000000E-002   994.071624538486     
  2.284000000000000E-002   993.838838221245     
  2.286000000000000E-002   993.596227248596     
  2.288000000000000E-002   993.343634246640     
  2.290000000000000E-002   993.078817565056     
  2.292000000000000E-002   992.806621964848     
  2.294000000000000E-002   992.526580928732     
  2.296000000000000E-002   992.238399829638     
  2.298000000000000E-002   991.941628982071     
  2.300000000000000E-002   991.635188433797     
  2.302000000000000E-002   991.317689678795     
  2.304000000000000E-002   990.988149812121     
  2.306000000000000E-002   990.646054810576     
  2.308000000000000E-002   990.290834715488     
  2.310000000000000E-002   989.922302273182     
  2.312000000000000E-002   989.540774643194     
  2.314000000000000E-002   989.146728400928     
  2.316000000000000E-002   988.740941010761     
  2.318000000000000E-002   988.324973906023     
  2.320000000000000E-002   987.900343354167     
  2.322000000000000E-002   987.468609215362     
  2.324000000000000E-002   987.031411420475     
  2.326000000000000E-002   986.590277122917     
  2.328000000000000E-002   986.146484991628     
  2.330000000000000E-002   985.700931571572     
  2.332000000000000E-002   985.253988614042     
  2.334000000000000E-002   984.805589745476     
  2.336000000000000E-002   984.355277045885     
  2.338000000000000E-002   983.902291225297     
  2.340000000000000E-002   983.445553195136     
  2.342000000000000E-002   982.983623391366     
  2.344000000000000E-002   982.514782424092     
  2.346000000000000E-002   982.037306571928     
  2.348000000000000E-002   981.549834684497     
  2.350000000000000E-002   981.051655730530     
  2.352000000000000E-002   980.542768855461     
  2.354000000000000E-002   980.023702558973     
  2.356000000000000E-002   979.495106736621     
  2.358000000000000E-002   978.958250171061     
  2.360000000000000E-002   978.414165005553     
  2.362000000000000E-002   977.863016099131     
  2.364000000000000E-002   977.304458270784     
  2.366000000000000E-002   976.737798709325     
  2.368000000000000E-002   976.162148530112     
  2.370000000000000E-002   975.576710502748     
  2.372000000000000E-002   974.979962323899     
  2.374000000000000E-002   974.364784079796     
  2.376000000000000E-002   973.729980815234     
  2.378000000000000E-002   973.077137094527     
  2.380000000000000E-002   972.408533631798     
  2.382000000000000E-002   971.726686521536     
  2.384000000000000E-002   971.033546343263     
  2.386000000000000E-002   970.330672775710     
  2.388000000000000E-002   969.620605291372     
  2.390000000000000E-002   968.906380556938     
  2.392000000000000E-002   968.191260866464     
  2.394000000000000E-002   967.479136724952     
  2.396000000000000E-002   966.774079417260     
  2.398000000000000E-002   966.080774210129     
  2.400000000000000E-002   965.404787858983     
  2.402000000000000E-002   964.753318797056     
  2.404000000000000E-002   964.135913123793     
  2.406000000000000E-002   963.564740792602     
  2.408000000000000E-002   963.055018198586     
  2.410000000000000E-002   962.625436945521     
  2.412000000000000E-002   962.298908431175     
  2.414000000000000E-002   962.103400980916     
  2.416000000000000E-002   962.071921072996     
  2.418000000000000E-002   962.242232021567     
  2.420000000000000E-002   962.656057063069     
  2.422000000000000E-002   963.357533802634     
  2.424000000000000E-002   964.390623733223     
  2.426000000000000E-002   965.785367060184     
  2.428000000000000E-002   967.006904369870     
  2.430000000000000E-002   967.488840867145     
  2.432000000000000E-002   967.335979124791     
  2.434000000000000E-002   966.740438430771     
  2.436000000000000E-002   965.886126196471     
  2.438000000000000E-002   964.908540212157     
  2.440000000000000E-002   963.886037946124     
  2.442000000000000E-002   962.896074784133     
  2.444000000000000E-002   962.073627263282     
  2.446000000000000E-002   961.646567249618     
  2.448000000000000E-002   961.965466022532     
  2.450000000000000E-002   963.506295478252     
  2.452000000000000E-002   966.902592201998     
  2.454000000000000E-002   972.992537319251     
  2.456000000000000E-002   982.866189857102     
  2.458000000000000E-002   997.943437565127     
  2.460000000000000E-002   1020.10557866728     
  2.462000000000000E-002   1051.92735658966     
  2.464000000000000E-002   1097.10790882590     
  2.466000000000000E-002   1161.24361762354     
  2.468000000000000E-002   1253.29754523506     
  2.470000000000000E-002   1376.51302790041     
  2.472000000000000E-002   1500.42469324369     
  2.474000000000000E-002   1611.09988489882     
  2.476000000000000E-002   1700.94749792130     
  2.478000000000000E-002   1767.37571453782     
  2.480000000000000E-002   1812.92386657437     
  2.482000000000000E-002   1843.20908530675     
  2.484000000000000E-002   1864.44443836966     
  2.486000000000000E-002   1881.63409642486     
  2.488000000000000E-002   1898.19070782740     
  2.490000000000000E-002   1916.12225221379     
  2.492000000000000E-002   1938.02909536925     
  2.494000000000000E-002   1968.01274584616     
  2.496000000000000E-002   2011.41357393983     
  2.498000000000000E-002   2075.31855078531     
  2.500000000000000E-002   2168.14182797807     
  2.502000000000000E-002   2299.62500976310     
  2.504000000000000E-002   2447.81357080994     
  2.506000000000000E-002   2572.95528565587     
  2.508000000000000E-002   2670.28107402491     
  2.510000000000000E-002   2740.46782489926     
  2.512000000000000E-002   2787.62282692391     
  2.514000000000000E-002   2817.96479594960     
  2.516000000000000E-002   2838.13971791999     
  2.518000000000000E-002   2853.89259413654     
  2.520000000000000E-002   2868.92955179319     
  2.522000000000000E-002   2885.12642975879     
  2.524000000000000E-002   2905.70992421655     
  2.526000000000000E-002   2934.82196083941     
  2.528000000000000E-002   2975.64378528878     
  2.530000000000000E-002   3015.83182297535     
  2.532000000000000E-002   3037.46913570887     
  2.534000000000000E-002   3042.20832364999     
  2.536000000000000E-002   3036.26924144341     
  2.538000000000000E-002   3024.80952662661     
  2.540000000000000E-002   3006.24465580031     
  2.542000000000000E-002   2978.08476050280     
  2.544000000000000E-002   2942.65897719738     
  2.546000000000000E-002   2913.39655897416     
  2.548000000000000E-002   2891.66145740176     
  2.550000000000000E-002   2873.61554295228     
  2.552000000000000E-002   2856.98539728623     
  2.554000000000000E-002   2839.95490423851     
  2.556000000000000E-002   2821.43206728677     
  2.558000000000000E-002   2801.60141324856     
  2.560000000000000E-002   2782.78474945221     
  2.562000000000000E-002   2770.67934009447     
  2.564000000000000E-002   2765.35496230563     
  2.566000000000000E-002   2767.38756304822     
  2.568000000000000E-002   2779.09531633968     
  2.570000000000000E-002   2801.77695881711     
  2.572000000000000E-002   2832.80076992055     
  2.574000000000000E-002   2868.65433382296     
  2.576000000000000E-002   2904.97366408655     
  2.578000000000000E-002   2939.81176967933     
  2.580000000000000E-002   2972.50351176701     
  2.582000000000000E-002   3003.23350967309     
  2.584000000000000E-002   3032.79417004957     
  2.586000000000000E-002   3061.82817547765     
  2.588000000000000E-002   3091.01350012269     
  2.590000000000000E-002   3120.70064957736     
  2.592000000000000E-002   3151.36490057173     
  2.594000000000000E-002   3183.86461221389     
  2.596000000000000E-002   3219.50210133733     
  2.598000000000000E-002   3259.98179055265     
  2.600000000000000E-002   3307.33251787539     
  2.602000000000000E-002   3356.79275810316     
  2.604000000000000E-002   3394.24867219280     
  2.606000000000000E-002   3418.68110520866     
  2.608000000000000E-002   3432.01643900424     
  2.610000000000000E-002   3439.27196049422     
  2.612000000000000E-002   3442.77240837997     
  2.614000000000000E-002   3438.97086475238     
  2.616000000000000E-002   3423.66324724652     
  2.618000000000000E-002   3392.31463638879     
  2.620000000000000E-002   3340.45357034787     
  2.622000000000000E-002   3263.86044124291     
  2.624000000000000E-002   3159.22187800294     
  2.626000000000000E-002   3024.74603673478     
  2.628000000000000E-002   2860.74264490943     
  2.630000000000000E-002   2670.09024891049     
  2.632000000000000E-002   2458.08502160561     
  2.634000000000000E-002   2232.40635126840     
  2.636000000000000E-002   2002.16893138487     
  2.638000000000000E-002   1812.69499942973     
  2.640000000000000E-002   1717.95828729162     
  2.642000000000000E-002   1683.41735258749     
  2.644000000000000E-002   1681.11680038072     
  2.646000000000000E-002   1692.96648850965     
  2.648000000000000E-002   1728.32438695556     
  2.650000000000000E-002   1804.75534707443     
  2.652000000000000E-002   1942.99256398329     
  2.654000000000000E-002   2149.48349464280     
  2.656000000000000E-002   2331.70729178521     
  2.658000000000000E-002   2452.12658346164     
  2.660000000000000E-002   2521.00195626608     
  2.662000000000000E-002   2550.39629938476     
  2.664000000000000E-002   2553.54217633162     
  2.666000000000000E-002   2541.28927843658     
  2.668000000000000E-002   2506.41787367432     
  2.670000000000000E-002   2446.08567094943     
  2.672000000000000E-002   2363.30562877222     
  2.674000000000000E-002   2265.76121106462     
  2.676000000000000E-002   2162.87002452201     
  2.678000000000000E-002   2067.15505171674     
  2.680000000000000E-002   1989.65889679852     
  2.682000000000000E-002   1923.81249129412     
  2.684000000000000E-002   1864.79003437506     
  2.686000000000000E-002   1810.23073122921     
  2.688000000000000E-002   1759.01883243575     
  2.690000000000000E-002   1709.73332238855     
  2.692000000000000E-002   1660.74372939427     
  2.694000000000000E-002   1610.67753272531     
  2.696000000000000E-002   1558.54623397933     
  2.698000000000000E-002   1503.89445782368     
  2.700000000000000E-002   1446.83875521071     
  2.702000000000000E-002   1387.99092211780     
  2.704000000000000E-002   1328.63412895451     
  2.706000000000000E-002   1269.90891880535     
  2.708000000000000E-002   1213.46779068344     
  2.710000000000000E-002   1165.62697365985     
  2.712000000000000E-002   1128.49014388405     
  2.714000000000000E-002   1099.21747558667     
  2.716000000000000E-002   1075.69676329804     
  2.718000000000000E-002   1056.44130909694     
  2.720000000000000E-002   1040.43331653235     
  2.722000000000000E-002   1026.94474893638     
  2.724000000000000E-002   1015.45783028234     
  2.726000000000000E-002   1005.62370725841     
  2.728000000000000E-002   997.217619379221     
  2.730000000000000E-002   990.104474331977     
  2.732000000000000E-002   984.206921795550     
  2.734000000000000E-002   979.438513846507     
  2.736000000000000E-002   975.708605644834     
  2.738000000000000E-002   972.949544685231     
  2.740000000000000E-002   970.968814925503     
  2.742000000000000E-002   969.644712539022     
  2.744000000000000E-002   968.874952831661     
  2.746000000000000E-002   968.552705770102     
  2.748000000000000E-002   968.579304372381     
  2.750000000000000E-002   968.866726827826     
  2.752000000000000E-002   969.343400294533     
  2.754000000000000E-002   969.952918290687     
  2.756000000000000E-002   970.647657459756     
  2.758000000000000E-002   971.383784419425     
  2.760000000000000E-002   972.125111708600     
  2.762000000000000E-002   972.854687921322     
  2.764000000000000E-002   973.592646720253     
  2.766000000000000E-002   974.361677013965     
  2.768000000000000E-002   975.186004222256     
  2.770000000000000E-002   976.093053994926     
  2.772000000000000E-002   977.114442392395     
  2.774000000000000E-002   978.286944419169     
  2.776000000000000E-002   979.651830222344     
  2.778000000000000E-002   981.253790846297     
  2.780000000000000E-002   983.141544411428     
  2.782000000000000E-002   985.364353180581     
  2.784000000000000E-002   987.965189438390     
  2.786000000000000E-002   990.692434516929     
  2.788000000000000E-002   992.823238424809     
  2.790000000000000E-002   994.350504663515     
  2.792000000000000E-002   995.386994870608     
  2.794000000000000E-002   996.085783073941     
  2.796000000000000E-002   996.616069286426     
  2.798000000000000E-002   997.068022882718     
  2.800000000000000E-002   997.361753615570     
  2.802000000000000E-002   997.407728761218     
  2.804000000000000E-002   997.128006704460     
  2.806000000000000E-002   996.467352494673     
  2.808000000000000E-002   995.404339014704     
  2.810000000000000E-002   993.945621131364     
  2.812000000000000E-002   992.246143201267     
  2.814000000000000E-002   990.939771834619     
  2.816000000000000E-002   990.079793006695     
  2.818000000000000E-002   989.553649899360     
  2.820000000000000E-002   989.269324867279     
  2.822000000000000E-002   989.154079800860     
  2.824000000000000E-002   989.149810504581     
  2.826000000000000E-002   989.209145350123     
  2.828000000000000E-002   989.297823094805     
  2.830000000000000E-002   989.392392472690     
  2.832000000000000E-002   989.479417825875     
  2.834000000000000E-002   989.549262099799     
  2.836000000000000E-002   989.598104413848     
  2.838000000000000E-002   989.627272079441     
  2.840000000000000E-002   989.639725348078     
  2.842000000000000E-002   989.639865716315     
  2.844000000000000E-002   989.634617378932     
  2.846000000000000E-002   989.627379387379     
  2.848000000000000E-002   989.618457498450     
  2.850000000000000E-002   989.611560502130     
  2.852000000000000E-002   989.610070982463     
  2.854000000000000E-002   989.614326348610     
  2.856000000000000E-002   989.627637624849     
  2.858000000000000E-002   989.653278461744     
  2.860000000000000E-002   989.695615076008     
  2.862000000000000E-002   989.758795204442     
  2.864000000000000E-002   989.845408520704     
  2.866000000000000E-002   989.956610888549     
  2.868000000000000E-002   990.092997478665     
  2.870000000000000E-002   990.255124918343     
  2.872000000000000E-002   990.443403932063     
  2.874000000000000E-002   990.657666977098     
  2.876000000000000E-002   990.896994519885     
  2.878000000000000E-002   991.159686299437     
  2.880000000000000E-002   991.443467730732     
  2.882000000000000E-002   991.745817625975     
  2.884000000000000E-002   992.064700001321     
  2.886000000000000E-002   992.396552478156     
  2.888000000000000E-002   992.736583086887     
  2.890000000000000E-002   993.082974502238     
  2.892000000000000E-002   993.433935413436     
  2.894000000000000E-002   993.783336739140     
  2.896000000000000E-002   994.116568489716     
  2.898000000000000E-002   994.440774736616     
  2.900000000000000E-002   994.741209313178     
  2.902000000000000E-002   995.016147187108     
  2.904000000000000E-002   995.263521730941     
  2.906000000000000E-002   995.482673050668     
  2.908000000000000E-002   995.675429881500     
  2.910000000000000E-002   995.838913935162     
  2.912000000000000E-002   995.981837007781     
  2.914000000000000E-002   996.106018331714     
  2.916000000000000E-002   996.203479338765     
  2.918000000000000E-002   996.316486481778     
  2.920000000000000E-002   996.392347534171     
  2.922000000000000E-002   996.432250514219     
  2.924000000000000E-002   996.494671178583     
  2.926000000000000E-002   996.571777139878     
  2.928000000000000E-002   996.656372143608     
  2.930000000000000E-002   996.743752026847     
  2.932000000000000E-002   996.825498288435     
  2.934000000000000E-002   996.903112247033     
  2.936000000000000E-002   996.982822612060     
  2.938000000000000E-002   997.066026376553     
  2.940000000000000E-002   997.153603766369     
  2.942000000000000E-002   997.241142177010     
  2.944000000000000E-002   997.322206200515     
  2.946000000000000E-002   997.394216110677     
  2.948000000000000E-002   997.454212030599     
  2.950000000000000E-002   997.498359016612     
  2.952000000000000E-002   997.524480083486     
  2.954000000000000E-002   997.534008655121     
  2.956000000000000E-002   997.532661137546     
  2.958000000000000E-002   997.523145453008     
  2.960000000000000E-002   997.502856772306     
  2.962000000000000E-002   997.469785724349     
  2.964000000000000E-002   997.423282015766     
  2.966000000000000E-002   997.364656317227     
  2.968000000000000E-002   997.300732400877     
  2.970000000000000E-002   997.240478337067     
  2.972000000000000E-002   997.185399714369     
  2.974000000000000E-002   997.136219687235     
  2.976000000000000E-002   997.094340515142     
  2.978000000000000E-002   997.061204680398     
  2.980000000000000E-002   997.038386662771     
  2.982000000000000E-002   997.025767005213     
  2.984000000000000E-002   997.021388987973     
  2.986000000000000E-002   997.023356863138     
  2.988000000000000E-002   997.033716130574     
  2.990000000000000E-002   997.052963261091     
  2.992000000000000E-002   997.074620598360     
  2.994000000000000E-002   997.085010850312     
  2.996000000000000E-002   997.086021593478     
  2.998000000000000E-002   997.074228742747     
  3.000000000000000E-002   997.049410069932     
  3.002000000000000E-002   997.011414988032     
  3.004000000000000E-002   996.959805978475     
  3.006000000000000E-002   996.894996989322     
  3.008000000000000E-002   996.817582515944     
  3.010000000000000E-002   996.728949826979     
  3.012000000000000E-002   996.641527961095     
  3.014000000000000E-002   996.564707129213     
  3.016000000000000E-002   996.500662246209     
  3.018000000000000E-002   996.450928190984     
  3.020000000000000E-002   996.415644962849     
  3.022000000000000E-002   996.393849148149     
  3.024000000000000E-002   996.383977664092     
  3.026000000000000E-002   996.384206334284     
  3.028000000000000E-002   996.399177927318     
  3.030000000000000E-002   996.437211202391     
  3.032000000000000E-002   996.500156046971     
  3.034000000000000E-002   996.585842888696     
  3.036000000000000E-002   996.689995532316     
  3.038000000000000E-002   996.808329225482     
  3.040000000000000E-002   996.937288226995     
  3.042000000000000E-002   997.073752518535     
  3.044000000000000E-002   997.215090222626     
  3.046000000000000E-002   997.359510849645     
  3.048000000000000E-002   997.504857546013     
  3.050000000000000E-002   997.648024508892     
  3.052000000000000E-002   997.786289149944     
  3.054000000000000E-002   997.916663734225     
  3.056000000000000E-002   998.036145147169     
  3.058000000000000E-002   998.142506971327     
  3.060000000000000E-002   998.234400980523     
  3.062000000000000E-002   998.310917386272     
  3.064000000000000E-002   998.373107948178     
  3.066000000000000E-002   998.423595564479     
  3.068000000000000E-002   998.463899985369     
  3.070000000000000E-002   998.495761179336     
  3.072000000000000E-002   998.520016491814     
  3.074000000000000E-002   998.537615738412     
  3.076000000000000E-002   998.550027664555     
  3.078000000000000E-002   998.556993457765     
  3.080000000000000E-002   998.558807133219     
  3.082000000000000E-002   998.557117863532     
  3.084000000000000E-002   998.551333009425     
  3.086000000000000E-002   998.541266238009     
  3.088000000000000E-002   998.527536250186     
  3.090000000000000E-002   998.510827919156     
  3.092000000000000E-002   998.492040971309     
  3.094000000000000E-002   998.471908171372     
  3.096000000000000E-002   998.451480264334     
  3.098000000000000E-002   998.431060140641     
  3.100000000000000E-002   998.409864518367     
  3.102000000000000E-002   998.385740269195     
  3.104000000000000E-002   998.363003640116     
  3.106000000000000E-002   998.339952064872     
  3.108000000000000E-002   998.315584342835     
  3.110000000000000E-002   998.290197620792     
  3.112000000000000E-002   998.263978619914     
  3.114000000000000E-002   998.235271674561     
  3.116000000000000E-002   998.216697095398     
  3.118000000000000E-002   998.195370257795     
  3.120000000000000E-002   998.170577144294     
  3.122000000000000E-002   998.151892725766     
  3.124000000000000E-002   998.135835467014     
  3.126000000000000E-002   998.119273094964     
  3.128000000000000E-002   998.104247731319     
  3.130000000000000E-002   998.086791622459     
  3.132000000000000E-002   998.066716416758     
  3.134000000000000E-002   998.042868693697     
  3.136000000000001E-002   998.014658544845     
  3.138000000000001E-002   997.981661601687     
  3.140000000000000E-002   997.943171687183     
  3.142000000000000E-002   997.897569606241     
  3.144000000000000E-002   997.842949411585     
  3.146000000000000E-002   997.778186336036     
  3.148000000000000E-002   997.703435545505     
  3.150000000000000E-002   997.619821115864     
  3.152000000000000E-002   997.529342908840     
  3.154000000000001E-002   997.434519702242     
  3.156000000000000E-002   997.337801844040     
  3.158000000000000E-002   997.248497070640     
  3.160000000000000E-002   997.157650065625     
  3.162000000000000E-002   997.076130182987     
  3.164000000000000E-002   997.001045479373     
  3.166000000000000E-002   996.931216274186     
  3.168000000000000E-002   996.863044038625     
  3.170000000000001E-002   996.795410887083     
  3.172000000000001E-002   996.728890954984     
  3.174000000000000E-002   996.659744495250     
  3.176000000000000E-002   996.593750730236     
  3.178000000000000E-002   996.522994218560     
  3.180000000000000E-002   996.443713813464     
  3.182000000000000E-002   996.374708811577     
  3.184000000000000E-002   996.327456485794     
  3.186000000000000E-002   996.281784374256     
  3.188000000000001E-002   996.235614094299     
  3.190000000000000E-002   996.194785760222     
  3.192000000000000E-002   996.160753675962     
  3.194000000000000E-002   996.134323070864     
  3.196000000000000E-002   996.115168713666     
  3.198000000000000E-002   996.103583896642     
  3.200000000000000E-002   996.101215180019     
  3.202000000000000E-002   996.106629674023     
  3.204000000000001E-002   996.121922966783     
  3.206000000000001E-002   996.148121425463     
  3.208000000000000E-002   996.185286865892     
  3.210000000000000E-002   996.231091033169     
  3.212000000000000E-002   996.285172780147     
  3.214000000000000E-002   996.349533490206     
  3.216000000000000E-002   996.427923443628     
  3.218000000000000E-002   996.523330295139     
  3.220000000000000E-002   996.631708759915     
  3.222000000000001E-002   996.734005626664     
  3.224000000000000E-002   996.819225514645     
  3.226000000000000E-002   996.885769810287     
  3.228000000000000E-002   996.930589880464     
  3.230000000000000E-002   996.951711481758     
  3.232000000000000E-002   996.953453865774     
  3.234000000000000E-002   996.944200824514     
  3.236000000000000E-002   996.923590281549     
  3.238000000000001E-002   996.890634171098     
  3.240000000000001E-002   996.844613917296     
  3.242000000000000E-002   996.785374064783     
  3.244000000000000E-002   996.713248311223     
  3.246000000000000E-002   996.628879637511     
  3.248000000000000E-002   996.533024963409     
  3.250000000000000E-002   996.426471445818     
  3.252000000000000E-002   996.315673359782     
  3.254000000000000E-002   996.212015534241     
  3.256000000000001E-002   996.119036783813     
  3.258000000000000E-002   996.040628532208     
  3.260000000000000E-002   995.980919504335     
  3.262000000000000E-002   995.942605437934     
  3.264000000000000E-002   995.925226426610     
  3.266000000000000E-002   995.924312940993     
  3.268000000000000E-002   995.941276263325     
  3.270000000000000E-002   995.985923950417     
  3.272000000000001E-002   996.059744308085     
  3.274000000000001E-002   996.157821178828     
  3.276000000000000E-002   996.274632470319     
  3.278000000000000E-002   996.407410958130     
  3.280000000000000E-002   996.556109462612     
  3.282000000000000E-002   996.721723799988     
  3.284000000000000E-002   996.904848287438     
  3.286000000000000E-002   997.105173878061     
  3.288000000000000E-002   997.321686286257     
  3.290000000000001E-002   997.553015959839     
  3.292000000000000E-002   997.797473110170     
  3.294000000000000E-002   998.052901315833     
  3.296000000000000E-002   998.320044146030     
  3.298000000000000E-002   998.596776131237     
  3.300000000000000E-002   998.880710083217     
  3.302000000000000E-002   999.169780795103     
  3.304000000000000E-002   999.461765054025     
  3.306000000000001E-002   999.754749918964     
  3.308000000000001E-002   1000.04360443456     
  3.310000000000000E-002   1000.32066139996     
  3.312000000000000E-002   1000.57949914250     
  3.314000000000000E-002   1000.81764569448     
  3.316000000000000E-002   1001.03463859036     
  3.318000000000000E-002   1001.22786983709     
  3.320000000000000E-002   1001.39215056003     
  3.322000000000000E-002   1001.52625456393     
  3.324000000000001E-002   1001.63082861716     
  3.326000000000000E-002   1001.70721906240     
  3.328000000000000E-002   1001.75796526572     
  3.330000000000000E-002   1001.78624495534     
  3.332000000000000E-002   1001.79274265049     
  3.334000000000000E-002   1001.77795053987     
  3.336000000000000E-002   1001.73433699404     
  3.338000000000000E-002   1001.65742356302     
  3.340000000000001E-002   1001.55477806316     
  3.342000000000001E-002   1001.43391985764     
  3.344000000000000E-002   1001.29111512406     
  3.346000000000000E-002   1001.13634646422     
  3.348000000000000E-002   1000.97665062559     
  3.350000000000000E-002   1000.80342407077     
  3.352000000000000E-002   1000.61912031425     
  3.354000000000000E-002   1000.43805252209     
  3.356000000000000E-002   1000.24866254793     
  3.358000000000001E-002   1000.05524719799     
  3.360000000000000E-002   999.860292727377     
  3.362000000000000E-002   999.664197319864     
  3.364000000000000E-002   999.465694308437     
  3.366000000000000E-002   999.263133023323     
  3.368000000000000E-002   999.054446439936     
  3.370000000000000E-002   998.837982320073     
  3.372000000000000E-002   998.614306204701     
  3.374000000000001E-002   998.377399850115     
  3.376000000000001E-002   998.127210802021     
  3.378000000000000E-002   997.863313736768     
  3.380000000000000E-002   997.584575980943     
  3.382000000000000E-002   997.289836553954     
  3.384000000000000E-002   996.978156487401     
  3.386000000000000E-002   996.649474442612     
  3.388000000000000E-002   996.302570257261     
  3.390000000000000E-002   995.936968709202     
  3.392000000000001E-002   995.556918806793     
  3.394000000000000E-002   995.158135730180     
  3.396000000000000E-002   994.739358429146     
  3.398000000000000E-002   994.302507358687     
  3.400000000000000E-002   993.852006340687     
  3.402000000000000E-002   993.418694708438     
  3.404000000000000E-002   993.029295313203     
  3.406000000000000E-002   992.683881907747     
  3.408000000000001E-002   992.378143472660     
  3.410000000000001E-002   992.109319901764     
  3.412000000000000E-002   991.874581479686     
  3.414000000000000E-002   991.672929647389     
  3.416000000000000E-002   991.505311295173     
  3.418000000000000E-002   991.371376020289     
  3.420000000000000E-002   991.268928937923     
  3.422000000000000E-002   991.194561723117     
  3.424000000000000E-002   991.143810658574     
  3.426000000000001E-002   991.110749160698     
  3.428000000000000E-002   991.089734375090     
  3.430000000000000E-002   991.073645087280     
  3.432000000000000E-002   991.058837865488     
  3.434000000000000E-002   991.038495968487     
  3.436000000000000E-002   991.013000942690     
  3.438000000000000E-002   990.990175261070     
  3.440000000000000E-002   990.971265591874     
  3.442000000000001E-002   990.953904932358     
  3.444000000000001E-002   990.935969452270     
  3.446000000000000E-002   990.915524098195     
  3.448000000000000E-002   990.891061765492     
  3.450000000000000E-002   990.861193873502     
  3.452000000000000E-002   990.827299142281     
  3.454000000000000E-002   990.790345399869     
  3.456000000000000E-002   990.751998691684     
  3.458000000000000E-002   990.714831435645     
  3.460000000000001E-002   990.677901903804     
  3.462000000000000E-002   990.652753220888     
  3.464000000000000E-002   990.645259203996     
  3.466000000000000E-002   990.641593436789     
  3.468000000000000E-002   990.639750883681     
  3.470000000000000E-002   990.665446027080     
  3.472000000000000E-002   990.707989474843     
  3.474000000000000E-002   990.772931104341     
  3.476000000000001E-002   990.860039110021     
  3.478000000000001E-002   990.968308475777     
  3.480000000000000E-002   991.096785768593     
  3.482000000000000E-002   991.243995846280     
  3.484000000000000E-002   991.407569389398     
  3.486000000000000E-002   991.585194597439     
  3.488000000000000E-002   991.768771833801     
  3.490000000000000E-002   991.964104051617     
  3.492000000000000E-002   992.163269734273     
  3.494000000000001E-002   992.363465068928     
  3.496000000000000E-002   992.560661332060     
  3.498000000000000E-002   992.757127879244     
  3.500000000000000E-002   992.947397229648     
  3.502000000000000E-002   993.128382716492     
  3.504000000000000E-002   993.300724228453     
  3.506000000000000E-002   993.459240009570     
  3.508000000000000E-002   993.603427202303     
  3.510000000000001E-002   993.733742129788     
  3.512000000000001E-002   993.827263439228     
  3.514000000000000E-002   993.889828179799     
  3.516000000000000E-002   993.940797937195     
  3.518000000000000E-002   993.972054175358     
  3.520000000000000E-002   993.979591522393     
  3.522000000000000E-002   993.970526866191     
  3.524000000000000E-002   993.942421609019     
  3.526000000000000E-002   993.890540942254     
  3.528000000000001E-002   993.815016366903     
  3.530000000000000E-002   993.718409745442     
  3.532000000000000E-002   993.603986841566     
  3.534000000000000E-002   993.474840252228     
  3.536000000000000E-002   993.332987252153     
  3.538000000000000E-002   993.181551867643     
  3.540000000000000E-002   993.026276050432     
  3.542000000000000E-002   992.875664696795     
  3.544000000000001E-002   992.736376448234     
  3.546000000000001E-002   992.613147975877     
  3.548000000000000E-002   992.508878459393     
  3.550000000000000E-002   992.427029309638     
  3.552000000000000E-002   992.370144549323     
  3.554000000000000E-002   992.338946577046     
  3.556000000000000E-002   992.330379529803     
  3.558000000000000E-002   992.343825927516     
  3.560000000000000E-002   992.393169441075     
  3.562000000000001E-002   992.482009329563     
  3.564000000000001E-002   992.604640796995     
  3.566000000000000E-002   992.755321652324     
  3.568000000000000E-002   992.924668227108     
  3.570000000000000E-002   993.104625650651     
  3.572000000000000E-002   993.296076156388     
  3.574000000000000E-002   993.499689368559     
  3.576000000000000E-002   993.715726360542     
  3.578000000000001E-002   993.943802118983     
  3.580000000000001E-002   994.182917045987     
  3.582000000000000E-002   994.431425447678     
  3.584000000000000E-002   994.687369871687     
  3.586000000000000E-002   994.946041079238     
  3.588000000000000E-002   995.194308636086     
  3.590000000000000E-002   995.430113275287     
  3.592000000000000E-002   995.653239137289     
  3.594000000000000E-002   995.862762494270     
  3.596000000000001E-002   996.058037437611     
  3.598000000000001E-002   996.238934824348     
  3.600000000000000E-002   996.404215878321     
  3.602000000000000E-002   996.551659277412     
  3.604000000000000E-002   996.682156979639     
  3.606000000000000E-002   996.798269726766     
  3.608000000000000E-002   996.897626837222     
  3.610000000000000E-002   996.981051813933     
  3.612000000000001E-002   997.051246442878     
  3.614000000000001E-002   997.109390679510     
  3.616000000000000E-002   997.154795270262     
  3.618000000000000E-002   997.184434549850     
  3.620000000000000E-002   997.194030205100     
  3.622000000000000E-002   997.187915431251     
  3.624000000000000E-002   997.168965719267     
  3.626000000000000E-002   997.148673728209     
  3.628000000000000E-002   997.144238502354     
  3.630000000000001E-002   997.150467201565     
  3.632000000000001E-002   997.166547712725     
  3.634000000000000E-002   997.192740168855     
  3.636000000000000E-002   997.233871597921     
  3.638000000000000E-002   997.296950813915     
  3.640000000000000E-002   997.386336782717     
  3.642000000000000E-002   997.500649942360     
  3.644000000000000E-002   997.631934698336     
  3.646000000000001E-002   997.782303914682     
  3.648000000000001E-002   997.959345645282     
  3.650000000000000E-002   998.169869159716     
  3.652000000000000E-002   998.420396950818     
  3.654000000000000E-002   998.714707642984     
  3.656000000000000E-002   999.054811490575     
  3.658000000000000E-002   999.441568906602     
  3.660000000000000E-002   999.875042396525     
  3.662000000000000E-002   1000.35393506031     
  3.664000000000001E-002   1000.87587164721     
  3.666000000000001E-002   1001.43778665392     
  3.668000000000000E-002   1002.03599387508     
  3.670000000000000E-002   1002.66700240641     
  3.672000000000000E-002   1003.32709619589     
  3.674000000000000E-002   1004.01250652967     
  3.676000000000000E-002   1004.71948268011     
  3.678000000000000E-002   1005.44384483099     
  3.680000000000001E-002   1006.18229296362     
  3.682000000000001E-002   1006.92876249419     
  3.684000000000000E-002   1007.67184365477     
  3.686000000000000E-002   1008.40526951182     
  3.688000000000000E-002   1009.12664829100     
  3.690000000000000E-002   1009.83509480681     
  3.692000000000000E-002   1010.52958844286     
  3.694000000000000E-002   1011.20922070332     
  3.696000000000000E-002   1011.87311397826     
  3.698000000000001E-002   1012.52058492871     
  3.700000000000001E-002   1013.15096402537     
  3.702000000000000E-002   1013.76341938497     
  3.704000000000000E-002   1014.35603659446     
  3.706000000000000E-002   1014.92604772039     
  3.708000000000000E-002   1015.47085721206     
  3.710000000000000E-002   1015.98908905728     
  3.712000000000000E-002   1016.48060750975     
  3.714000000000001E-002   1016.94606175255     
  3.716000000000001E-002   1017.38701648747     
  3.718000000000000E-002   1017.80636577283     
  3.720000000000000E-002   1018.20731781236     
  3.722000000000000E-002   1018.59091619108     
  3.724000000000000E-002   1018.95690896072     
  3.726000000000000E-002   1019.29770438255     
  3.728000000000000E-002   1019.61495683886     
  3.730000000000000E-002   1019.90949383912     
  3.732000000000001E-002   1020.16781808705     
  3.734000000000001E-002   1020.37749738704     
  3.736000000000000E-002   1020.52576659443     
  3.738000000000000E-002   1020.60154087637     
  3.740000000000000E-002   1020.60611602778     
  3.742000000000000E-002   1020.53093169713     
  3.744000000000000E-002   1020.36335949076     
  3.746000000000000E-002   1020.10955595773     
  3.748000000000001E-002   1019.74669406177     
  3.750000000000001E-002   1019.25148987788     
  3.752000000000000E-002   1018.59643957342     
  3.754000000000000E-002   1017.75003758243     
  3.756000000000000E-002   1016.68117418705     
  3.758000000000000E-002   1015.36269507057     
  3.760000000000000E-002   1013.77286204979     
  3.762000000000000E-002   1011.89469562584     
  3.764000000000000E-002   1009.71660836267     
  3.766000000000001E-002   1007.31260970934     
  3.768000000000001E-002   1005.06449607006     
  3.770000000000000E-002   1003.11032254061     
  3.772000000000000E-002   1001.42559435090     
  3.774000000000000E-002   999.982746104661     
  3.776000000000000E-002   998.748483063783     
  3.778000000000000E-002   997.687004365714     
  3.780000000000000E-002   996.765659102146     
  3.782000000000001E-002   995.959191051210     
  3.784000000000001E-002   995.250014927125     
  3.786000000000000E-002   994.621765115246     
  3.788000000000000E-002   994.050403805196     
  3.790000000000000E-002   993.513770074400     
  3.792000000000000E-002   993.000495774270     
  3.794000000000000E-002   992.497508198051     
  3.796000000000000E-002   991.998299803541     
  3.798000000000000E-002   991.523323572408     
  3.800000000000001E-002   991.095836919919     
  3.802000000000001E-002   990.693427068096     
  3.804000000000000E-002   990.307419268840     
  3.806000000000000E-002   989.944604621162     
  3.808000000000000E-002   989.604628241559     
  3.810000000000000E-002   989.288180063370     
  3.812000000000000E-002   988.984500987115     
  3.814000000000000E-002   988.711857585079     
  3.816000000000001E-002   988.459073855565     
  3.818000000000001E-002   988.226490812208     
  3.820000000000000E-002   988.014929818955     
  3.822000000000000E-002   987.829655484739     
  3.824000000000000E-002   987.673378410764     
  3.826000000000000E-002   987.543767441152     
  3.828000000000000E-002   987.443685522903     
  3.830000000000000E-002   987.370700106336     
  3.832000000000000E-002   987.318172103305     
  3.834000000000001E-002   987.291521982575     
  3.836000000000001E-002   987.289055454972     
  3.838000000000000E-002   987.302848422522     
  3.840000000000000E-002   987.344366447080     
  3.842000000000000E-002   987.428217940927     
  3.844000000000000E-002   987.555603792726     
  3.846000000000000E-002   987.720060783786     
  3.848000000000000E-002   987.909609032037     
  3.850000000000001E-002   988.123199414547     
  3.852000000000001E-002   988.362897575302     
  3.854000000000000E-002   988.627050545517     
  3.856000000000000E-002   988.913818908460     
  3.858000000000000E-002   989.223383185737     
  3.860000000000000E-002   989.557413071033     
  3.862000000000000E-002   989.917799623967     
  3.864000000000000E-002   990.305929954892     
  3.866000000000000E-002   990.722725923934     
  3.868000000000001E-002   991.168754479146     
  3.870000000000001E-002   991.644220436357     
  3.872000000000000E-002   992.148946215516     
  3.874000000000000E-002   992.682539593615     
  3.876000000000000E-002   993.244480526840     
  3.878000000000000E-002   993.834618295181     
  3.880000000000000E-002   994.453168995864     
  3.882000000000000E-002   995.099600368170     
  3.884000000000001E-002   995.774281710059     
  3.886000000000001E-002   996.478785815052     
  3.888000000000000E-002   997.214936158608     
  3.890000000000000E-002   997.984443177940     
  3.892000000000000E-002   998.788564192848     
  3.894000000000000E-002   999.627945124781     
  3.896000000000000E-002   1000.50254322619     
  3.898000000000000E-002   1001.41171611108     
  3.900000000000000E-002   1002.35412684996     
  3.902000000000001E-002   1003.32789928477     
  3.904000000000001E-002   1004.33048520957     
  3.906000000000000E-002   1005.35921441517     
  3.908000000000000E-002   1006.41197844954     
  3.910000000000000E-002   1007.48924404957     
  3.912000000000000E-002   1008.58859766374     
  3.914000000000000E-002   1009.66466281648     
  3.916000000000000E-002   1010.68407726725     
  3.918000000000001E-002   1011.61497897013     
  3.920000000000001E-002   1012.43792861432     
  3.922000000000000E-002   1013.14109489432     
  3.924000000000000E-002   1013.71968941478     
  3.926000000000000E-002   1014.17334804154     
  3.928000000000000E-002   1014.50591845628     
  3.930000000000000E-002   1014.72713117437     
  3.932000000000000E-002   1014.85983264858     
  3.934000000000000E-002   1014.93727653748     
  3.936000000000001E-002   1014.96058402438     
  3.938000000000001E-002   1014.92794834912     
  3.940000000000000E-002   1014.81560305603     
  3.942000000000000E-002   1014.58536645302     
  3.944000000000000E-002   1014.18802745037     
  3.946000000000000E-002   1013.57473397954     
  3.948000000000000E-002   1012.70602139790     
  3.950000000000000E-002   1011.55510898785     
  3.952000000000001E-002   1010.10863182382     
  3.954000000000001E-002   1008.38923331610     
  3.956000000000000E-002   1006.65484998427     
  3.958000000000000E-002   1005.20368092257     
  3.960000000000000E-002   1003.99589623212     
  3.962000000000000E-002   1003.01303819305     
  3.964000000000000E-002   1002.25719281341     
  3.966000000000000E-002   1001.70288768491     
  3.968000000000000E-002   1001.28061457188     
  3.970000000000001E-002   1000.87321357489     
  3.972000000000001E-002   1000.33319962128     
  3.974000000000000E-002   999.333868721570     
  3.976000000000000E-002   996.279552135576     
  3.978000000000000E-002   985.331306482443     
  3.980000000000000E-002   946.195755797479     
  3.982000000000000E-002   821.479196510421     
  3.984000000000000E-002   543.143485246209     
  3.986000000000001E-002   342.793381274999     
  3.988000000000001E-002   305.334177849961     
  3.990000000000000E-002   300.312590632676     
  3.992000000000000E-002   299.685829212406     
  3.994000000000000E-002   299.608499268902     
  3.996000000000000E-002   299.598978315781     
  3.998000000000000E-002   299.597791341226     
  4.000000000000000E-002   299.597999998362     
