  0.000000000000000E+000  6.118102317530011E-012
  2.000000000000000E-005  6.118128625586286E-012
  4.000000000000000E-005  6.118157018408632E-012
  6.000000000000001E-005  6.118187058346555E-012
  8.000000000000001E-005  6.118243882885786E-012
  1.000000000000000E-004  6.118328208699101E-012
  1.200000000000000E-004  6.118460930390763E-012
  1.400000000000000E-004  6.118660676844227E-012
  1.600000000000000E-004  6.118958602149300E-012
  1.800000000000000E-004  6.119393137279995E-012
  2.000000000000000E-004  6.120015417312669E-012
  2.200000000000000E-004  6.120888676735666E-012
  2.400000000000000E-004  6.122090141059201E-012
  2.600000000000000E-004  6.123710781936962E-012
  2.800000000000000E-004  6.125856801046722E-012
  3.000000000000000E-004  6.128530352779451E-012
  3.200000000000000E-004  6.131031062847985E-012
  3.400000000000000E-004  6.133118699621467E-012
  3.600000000000000E-004  6.134758102537756E-012
  3.800000000000000E-004  6.135949446250606E-012
  4.000000000000000E-004  6.136727457980616E-012
  4.200000000000000E-004  6.137159208521969E-012
  4.400000000000000E-004  6.137334808589378E-012
  4.600000000000000E-004  6.137364854610306E-012
  4.800000000000001E-004  6.137267133669084E-012
  5.000000000000000E-004  6.136861410600623E-012
  5.200000000000001E-004  6.135957170987396E-012
  5.400000000000000E-004  6.134409489542525E-012
  5.600000000000001E-004  6.132367165776290E-012
  5.800000000000000E-004  6.130557700263196E-012
  6.000000000000001E-004  6.129057134074257E-012
  6.200000000000000E-004  6.127820359292929E-012
  6.400000000000001E-004  6.126804900856460E-012
  6.600000000000001E-004  6.125972824843908E-012
  6.800000000000000E-004  6.125291518759579E-012
  7.000000000000001E-004  6.124733430977902E-012
  7.200000000000000E-004  6.124275448016389E-012
  7.400000000000001E-004  6.123898685619749E-012
  7.600000000000000E-004  6.123587705658737E-012
  7.800000000000001E-004  6.123330241945055E-012
  8.000000000000000E-004  6.123116428282825E-012
  8.200000000000001E-004  6.122938243077533E-012
  8.400000000000000E-004  6.122789157516803E-012
  8.600000000000001E-004  6.122663865259726E-012
  8.800000000000000E-004  6.122558146028396E-012
  9.000000000000001E-004  6.122468679214705E-012
  9.200000000000000E-004  6.122392851134210E-012
  9.400000000000001E-004  6.122328562981250E-012
  9.600000000000001E-004  6.122274003272647E-012
  9.800000000000002E-004  6.122227482265221E-012
  1.000000000000000E-003  6.122187276119502E-012
  1.020000000000000E-003  6.122151622797988E-012
  1.040000000000000E-003  6.122118837930640E-012
  1.060000000000000E-003  6.122087520994575E-012
  1.080000000000000E-003  6.122056838362110E-012
  1.100000000000000E-003  6.122026487677966E-012
  1.120000000000000E-003  6.121996744261106E-012
  1.140000000000000E-003  6.121968443186269E-012
  1.160000000000000E-003  6.121942858139515E-012
  1.180000000000000E-003  6.121921465589593E-012
  1.200000000000000E-003  6.121905125309336E-012
  1.220000000000000E-003  6.121894430163123E-012
  1.240000000000000E-003  6.121889090431678E-012
  1.260000000000000E-003  6.121887720592796E-012
  1.280000000000000E-003  6.121888764152617E-012
  1.300000000000000E-003  6.121893020299324E-012
  1.320000000000000E-003  6.121902742493333E-012
  1.340000000000000E-003  6.121922056193248E-012
  1.360000000000000E-003  6.121956130377129E-012
  1.380000000000000E-003  6.122012189947939E-012
  1.400000000000000E-003  6.122100019420085E-012
  1.420000000000000E-003  6.122232795587753E-012
  1.440000000000000E-003  6.122428005648585E-012
  1.460000000000000E-003  6.122708111128759E-012
  1.480000000000000E-003  6.123100973501796E-012
  1.500000000000000E-003  6.123639477379906E-012
  1.520000000000000E-003  6.124360610951741E-012
  1.540000000000000E-003  6.125303768851327E-012
  1.560000000000000E-003  6.126508226271369E-012
  1.580000000000000E-003  6.128009941137135E-012
  1.600000000000000E-003  6.129838255454380E-012
  1.620000000000000E-003  6.132012953416584E-012
  1.640000000000000E-003  6.134542216721465E-012
  1.660000000000000E-003  6.137360632121005E-012
  1.680000000000000E-003  6.141143223237714E-012
  1.700000000000000E-003  6.145290221526693E-012
  1.720000000000000E-003  6.149763876820419E-012
  1.740000000000000E-003  6.154522147582276E-012
  1.760000000000000E-003  6.159521836621340E-012
  1.780000000000000E-003  6.164720648772462E-012
  1.800000000000000E-003  6.170077922015586E-012
  1.820000000000000E-003  6.175554460086291E-012
  1.840000000000000E-003  6.181116078176207E-012
  1.860000000000000E-003  6.186733915501758E-012
  1.880000000000000E-003  6.192385383265781E-012
  1.900000000000000E-003  6.198028721368122E-012
  1.920000000000000E-003  6.203647054479978E-012
  1.940000000000000E-003  6.209234342408426E-012
  1.960000000000000E-003  6.214790708758751E-012
  1.980000000000000E-003  6.220318884885131E-012
  2.000000000000000E-003  6.225821009031490E-012
  2.020000000000000E-003  6.231298996156882E-012
  2.040000000000000E-003  6.236754869558633E-012
  2.060000000000000E-003  6.242191585048882E-012
  2.080000000000000E-003  6.247613744833798E-012
  2.100000000000000E-003  6.253026410027667E-012
  2.120000000000000E-003  6.258435243566812E-012
  2.140000000000000E-003  6.263844545710660E-012
  2.160000000000000E-003  6.269262195184378E-012
  2.180000000000000E-003  6.274691173428000E-012
  2.200000000000000E-003  6.280133243243065E-012
  2.220000000000000E-003  6.285584605241392E-012
  2.240000000000000E-003  6.291034197658807E-012
  2.260000000000000E-003  6.296473568311431E-012
  2.280000000000000E-003  6.301891124863088E-012
  2.300000000000000E-003  6.307274552476974E-012
  2.320000000000000E-003  6.312611301028802E-012
  2.340000000000000E-003  6.317889121152513E-012
  2.360000000000000E-003  6.323096728472073E-012
  2.380000000000000E-003  6.328224199341808E-012
  2.400000000000000E-003  6.333263356290491E-012
  2.420000000000000E-003  6.338208241902120E-012
  2.440000000000000E-003  6.343055393289028E-012
  2.460000000000000E-003  6.347804069058957E-012
  2.480000000000000E-003  6.352456343572084E-012
  2.500000000000000E-003  6.357016723779897E-012
  2.520000000000000E-003  6.361492021799248E-012
  2.540000000000000E-003  6.365891299185486E-012
  2.560000000000000E-003  6.370225079871934E-012
  2.580000000000000E-003  6.374505468372156E-012
  2.600000000000000E-003  6.378745693984738E-012
  2.620000000000000E-003  6.382958754595319E-012
  2.640000000000000E-003  6.387156029842634E-012
  2.660000000000000E-003  6.391348104451838E-012
  2.680000000000000E-003  6.395540847842477E-012
  2.700000000000000E-003  6.399742302725370E-012
  2.720000000000000E-003  6.403971616140280E-012
  2.740000000000000E-003  6.408253631108366E-012
  2.760000000000000E-003  6.412619104481052E-012
  2.780000000000000E-003  6.417104015605892E-012
  2.800000000000000E-003  6.421753602178390E-012
  2.820000000000000E-003  6.426611673548770E-012
  2.840000000000000E-003  6.431718624909351E-012
  2.860000000000000E-003  6.437100999060768E-012
  2.880000000000000E-003  6.442779157934539E-012
  2.900000000000000E-003  6.448723556828311E-012
  2.920000000000000E-003  6.454926125787462E-012
  2.940000000000000E-003  6.461391530064068E-012
  2.960000000000000E-003  6.468037154744832E-012
  2.980000000000000E-003  6.474751014712626E-012
  3.000000000000000E-003  6.481510282742895E-012
  3.020000000000000E-003  6.488320427860985E-012
  3.040000000000000E-003  6.495153409826770E-012
  3.060000000000000E-003  6.501973406947586E-012
  3.080000000000000E-003  6.508757827826435E-012
  3.100000000000000E-003  6.515498151881520E-012
  3.120000000000000E-003  6.522191725988497E-012
  3.140000000000000E-003  6.528844156130819E-012
  3.160000000000000E-003  6.535462582922182E-012
  3.180000000000000E-003  6.542057281706351E-012
  3.200000000000000E-003  6.548641880264265E-012
  3.220000000000000E-003  6.555227181542359E-012
  3.240000000000000E-003  6.561827355117855E-012
  3.260000000000000E-003  6.568454820470582E-012
  3.280000000000000E-003  6.575136688386426E-012
  3.300000000000000E-003  6.581911236579185E-012
  3.320000000000000E-003  6.588819848760453E-012
  3.340000000000000E-003  6.595898205925415E-012
  3.360000000000000E-003  6.603171400974474E-012
  3.380000000000000E-003  6.610651277949912E-012
  3.400000000000000E-003  6.618336383078889E-012
  3.420000000000000E-003  6.626215603882137E-012
  3.440000000000000E-003  6.634270995040433E-012
  3.460000000000000E-003  6.642481962905732E-012
  3.480000000000000E-003  6.650829553663501E-012
  3.500000000000000E-003  6.659297157252093E-012
  3.520000000000000E-003  6.667873927923791E-012
  3.540000000000000E-003  6.676514587208078E-012
  3.560000000000000E-003  6.685134737822711E-012
  3.580000000000000E-003  6.693695919173797E-012
  3.600000000000000E-003  6.702184634737049E-012
  3.620000000000000E-003  6.710601301409170E-012
  3.640000000000000E-003  6.718945212667771E-012
  3.660000000000000E-003  6.727215464626068E-012
  3.680000000000000E-003  6.735410707115303E-012
  3.700000000000000E-003  6.743528480096330E-012
  3.720000000000000E-003  6.751565289727557E-012
  3.740000000000000E-003  6.759516906699831E-012
  3.760000000000000E-003  6.767378637221131E-012
  3.780000000000000E-003  6.775145682292082E-012
  3.800000000000000E-003  6.782813560932667E-012
  3.820000000000000E-003  6.790378518520434E-012
  3.840000000000001E-003  6.797837691762659E-012
  3.860000000000000E-003  6.805189284589898E-012
  3.880000000000000E-003  6.812431940715711E-012
  3.900000000000000E-003  6.819563977865807E-012
  3.920000000000001E-003  6.826582697523162E-012
  3.940000000000000E-003  6.833483514456735E-012
  3.960000000000000E-003  6.840259590187005E-012
  3.980000000000000E-003  6.846902263791926E-012
  4.000000000000000E-003  6.853402050231774E-012
  4.020000000000000E-003  6.859749915242567E-012
  4.040000000000000E-003  6.865938278247045E-012
  4.060000000000000E-003  6.871961199511246E-012
  4.080000000000000E-003  6.877813646823197E-012
  4.100000000000000E-003  6.883490056594213E-012
  4.120000000000000E-003  6.888982886309919E-012
  4.140000000000000E-003  6.894282330421278E-012
  4.160000000000001E-003  6.899378396737848E-012
  4.180000000000001E-003  6.904268942749692E-012
  4.200000000000001E-003  6.908967509941500E-012
  4.220000000000001E-003  6.913487705182515E-012
  4.240000000000001E-003  6.917839834188703E-012
  4.260000000000001E-003  6.922022933509338E-012
  4.280000000000000E-003  6.926010200163270E-012
  4.300000000000000E-003  6.929745595060071E-012
  4.320000000000000E-003  6.933155146514462E-012
  4.340000000000000E-003  6.936167447508144E-012
  4.360000000000000E-003  6.938741052965966E-012
  4.380000000000000E-003  6.940889049340994E-012
  4.400000000000000E-003  6.942680022654892E-012
  4.420000000000000E-003  6.944228034922050E-012
  4.440000000000000E-003  6.945650663160755E-012
  4.460000000000000E-003  6.947047101344155E-012
  4.480000000000000E-003  6.948475057435238E-012
  4.500000000000001E-003  6.950052156762818E-012
  4.520000000000001E-003  6.952045386686115E-012
  4.540000000000001E-003  6.954565186365391E-012
  4.560000000000001E-003  6.957714555850018E-012
  4.580000000000001E-003  6.961230986774147E-012
  4.600000000000001E-003  6.964669100192194E-012
  4.620000000000000E-003  6.967881594601365E-012
  4.640000000000000E-003  6.970843258061515E-012
  4.660000000000000E-003  6.973566339286465E-012
  4.680000000000000E-003  6.976085150573475E-012
  4.700000000000000E-003  6.978444269731347E-012
  4.720000000000000E-003  6.980699143730336E-012
  4.740000000000000E-003  6.982901119581780E-012
  4.760000000000000E-003  6.985102180510783E-012
  4.780000000000000E-003  6.987444181137222E-012
  4.800000000000000E-003  6.990219912720308E-012
  4.820000000000000E-003  6.993073793987063E-012
  4.840000000000001E-003  6.995365322414430E-012
  4.860000000000001E-003  6.996863288485082E-012
  4.880000000000001E-003  6.997579756841941E-012
  4.900000000000001E-003  6.997713314174186E-012
  4.920000000000001E-003  6.997561570827767E-012
  4.940000000000001E-003  6.997010351236457E-012
  4.960000000000000E-003  6.996004303335023E-012
  4.980000000000000E-003  6.994559021188713E-012
  5.000000000000000E-003  6.992721811762876E-012
  5.020000000000000E-003  6.990549629393592E-012
  5.040000000000000E-003  6.988092601398860E-012
  5.060000000000000E-003  6.985365934756237E-012
  5.080000000000000E-003  6.982308834990124E-012
  5.100000000000000E-003  6.978790669328056E-012
  5.120000000000000E-003  6.974577112525113E-012
  5.140000000000000E-003  6.968595958567497E-012
  5.160000000000001E-003  6.954244528500436E-012
  5.180000000000001E-003  6.897051908815761E-012
  5.200000000000001E-003  6.695232509565270E-012
  5.220000000000001E-003  6.447175084364065E-012
  5.240000000000001E-003  6.344475183240839E-012
  5.260000000000001E-003  6.308946912776223E-012
  5.280000000000001E-003  6.292347883033671E-012
  5.300000000000000E-003  6.280529507267414E-012
  5.320000000000000E-003  6.270006063775550E-012
  5.340000000000000E-003  6.260058674322430E-012
  5.360000000000000E-003  6.251010115536305E-012
  5.380000000000000E-003  6.242916984871819E-012
  5.400000000000000E-003  6.236719581487282E-012
  5.420000000000000E-003  6.233096372070109E-012
  5.440000000000000E-003  6.231539508148820E-012
  5.460000000000000E-003  6.231425561578401E-012
  5.480000000000000E-003  6.231945946470787E-012
  5.500000000000001E-003  6.233025314628914E-012
  5.520000000000001E-003  6.234721362313533E-012
  5.540000000000001E-003  6.236156254113640E-012
  5.560000000000001E-003  6.236847729402220E-012
  5.580000000000001E-003  6.236233592099831E-012
  5.600000000000001E-003  6.232371676635503E-012
  5.620000000000001E-003  6.221446538872615E-012
  5.640000000000000E-003  6.197696647122642E-012
  5.660000000000000E-003  6.157711840453849E-012
  5.680000000000000E-003  6.122383976186270E-012
  5.700000000000000E-003  6.101624392516753E-012
  5.720000000000000E-003  6.091639114574347E-012
  5.740000000000000E-003  6.087903950037591E-012
  5.760000000000000E-003  6.087486558476440E-012
  5.780000000000000E-003  6.088795761529141E-012
  5.800000000000000E-003  6.094375668160951E-012
  5.820000000000001E-003  6.103228472503968E-012
  5.840000000000001E-003  6.112351182225963E-012
  5.860000000000001E-003  6.121060903367380E-012
  5.880000000000001E-003  6.129554831040170E-012
  5.900000000000001E-003  6.137904300532773E-012
  5.920000000000001E-003  6.146099983784920E-012
  5.940000000000001E-003  6.154096686096974E-012
  5.960000000000001E-003  6.161840730107142E-012
  5.980000000000000E-003  6.169282998102356E-012
  6.000000000000000E-003  6.176385224983018E-012
  6.020000000000000E-003  6.183121870836525E-012
  6.040000000000000E-003  6.189477216029448E-012
  6.060000000000000E-003  6.195442239465802E-012
  6.080000000000000E-003  6.201015377332253E-012
  6.100000000000000E-003  6.206204848173670E-012
  6.120000000000000E-003  6.211029128333758E-012
  6.140000000000000E-003  6.215513050291703E-012
  6.160000000000001E-003  6.219680389990800E-012
  6.180000000000001E-003  6.223550731450119E-012
  6.200000000000001E-003  6.227135567410154E-012
  6.220000000000001E-003  6.230451233316124E-012
  6.240000000000001E-003  6.233497685635288E-012
  6.260000000000001E-003  6.236261745168574E-012
  6.280000000000001E-003  6.238725246063896E-012
  6.300000000000001E-003  6.240867877330381E-012
  6.320000000000000E-003  6.242691729144161E-012
  6.340000000000000E-003  6.244210978923508E-012
  6.360000000000000E-003  6.245486166157634E-012
  6.380000000000000E-003  6.246555702251680E-012
  6.400000000000000E-003  6.247541047545720E-012
  6.420000000000000E-003  6.248429144337762E-012
  6.440000000000000E-003  6.249318088556781E-012
  6.460000000000000E-003  6.250228335765272E-012
  6.480000000000001E-003  6.251243481260669E-012
  6.500000000000001E-003  6.252446517750837E-012
  6.520000000000001E-003  6.253866794874081E-012
  6.540000000000001E-003  6.255571206059601E-012
  6.560000000000001E-003  6.257612120180025E-012
  6.580000000000001E-003  6.260102438917344E-012
  6.600000000000001E-003  6.263193155669953E-012
  6.620000000000001E-003  6.266431860557567E-012
  6.640000000000001E-003  6.269440352920048E-012
  6.660000000000000E-003  6.272192017314565E-012
  6.680000000000000E-003  6.274720865579298E-012
  6.700000000000000E-003  6.277025583754434E-012
  6.720000000000000E-003  6.279063267627438E-012
  6.740000000000000E-003  6.280636072983478E-012
  6.760000000000000E-003  6.281663972295625E-012
  6.780000000000000E-003  6.281487285543081E-012
  6.800000000000000E-003  6.280850675643791E-012
  6.820000000000001E-003  6.280406554265558E-012
  6.840000000000001E-003  6.280421802717183E-012
  6.860000000000001E-003  6.280778501127586E-012
  6.880000000000001E-003  6.281462875553796E-012
  6.900000000000001E-003  6.282613247908615E-012
  6.920000000000001E-003  6.284240363301339E-012
  6.940000000000001E-003  6.286233118076772E-012
  6.960000000000001E-003  6.288492193674950E-012
  6.980000000000001E-003  6.290992237089767E-012
  7.000000000000000E-003  6.293811319109240E-012
  7.020000000000000E-003  6.296205379584984E-012
  7.040000000000000E-003  6.297518347981616E-012
  7.060000000000000E-003  6.297454183000333E-012
  7.080000000000000E-003  6.295921706456791E-012
  7.100000000000000E-003  6.292024475119636E-012
  7.120000000000000E-003  6.285207080797369E-012
  7.140000000000001E-003  6.275038877349559E-012
  7.160000000000001E-003  6.261280326570959E-012
  7.180000000000001E-003  6.245064883937251E-012
  7.200000000000001E-003  6.231062570588747E-012
  7.220000000000001E-003  6.220506630006495E-012
  7.240000000000001E-003  6.212736844718089E-012
  7.260000000000001E-003  6.207086052683852E-012
  7.280000000000001E-003  6.203016210721492E-012
  7.300000000000001E-003  6.200116750127424E-012
  7.320000000000001E-003  6.198083220534027E-012
  7.340000000000000E-003  6.196697472709584E-012
  7.360000000000000E-003  6.195753009050367E-012
  7.380000000000000E-003  6.195059045346932E-012
  7.400000000000000E-003  6.194473257662991E-012
  7.420000000000000E-003  6.193949996046954E-012
  7.440000000000000E-003  6.193489957782945E-012
  7.460000000000000E-003  6.193120707469107E-012
  7.480000000000001E-003  6.192871888536425E-012
  7.500000000000001E-003  6.192747778950723E-012
  7.520000000000001E-003  6.192702421847260E-012
  7.540000000000001E-003  6.192705734852617E-012
  7.560000000000001E-003  6.192731803791721E-012
  7.580000000000001E-003  6.192771108353028E-012
  7.600000000000001E-003  6.192812587522352E-012
  7.620000000000001E-003  6.192847639864054E-012
  7.640000000000001E-003  6.192856057804661E-012
  7.660000000000001E-003  6.192804644718223E-012
  7.680000000000001E-003  6.192699531863309E-012
  7.700000000000000E-003  6.192550424364524E-012
  7.720000000000000E-003  6.192342461524494E-012
  7.740000000000000E-003  6.192080523970538E-012
  7.760000000000000E-003  6.191770571812558E-012
  7.780000000000000E-003  6.191423751366403E-012
  7.800000000000001E-003  6.191120748646872E-012
  7.820000000000001E-003  6.190906336101731E-012
  7.840000000000001E-003  6.190876030842484E-012
  7.860000000000001E-003  6.190981899630854E-012
  7.880000000000000E-003  6.191305067701549E-012
  7.900000000000001E-003  6.191832092284196E-012
  7.920000000000000E-003  6.192580958969811E-012
  7.940000000000001E-003  6.193541548999820E-012
  7.960000000000000E-003  6.194693492188271E-012
  7.980000000000001E-003  6.196045578518132E-012
  8.000000000000000E-003  6.197582003073621E-012
  8.020000000000001E-003  6.199273952640124E-012
  8.040000000000000E-003  6.201083623034904E-012
  8.060000000000001E-003  6.202973542420720E-012
  8.080000000000000E-003  6.204833561220356E-012
  8.100000000000001E-003  6.206499602374553E-012
  8.120000000000000E-003  6.207913693930842E-012
  8.140000000000001E-003  6.208960949727643E-012
  8.160000000000001E-003  6.209477949298486E-012
  8.180000000000002E-003  6.209272693517343E-012
  8.200000000000001E-003  6.208478344300237E-012
  8.220000000000000E-003  6.206859643438614E-012
  8.240000000000001E-003  6.204216626042696E-012
  8.260000000000000E-003  6.200356860550146E-012
  8.280000000000001E-003  6.195040405370137E-012
  8.300000000000000E-003  6.187990339152994E-012
  8.320000000000001E-003  6.178938600329433E-012
  8.340000000000000E-003  6.167696555026374E-012
  8.360000000000001E-003  6.155764240637685E-012
  8.380000000000000E-003  6.144771420057122E-012
  8.400000000000001E-003  6.135027270587851E-012
  8.420000000000000E-003  6.126456613399296E-012
  8.440000000000001E-003  6.118882691566662E-012
  8.460000000000001E-003  6.112107892306799E-012
  8.480000000000001E-003  6.106020972307853E-012
  8.500000000000001E-003  6.100722071027821E-012
  8.520000000000002E-003  6.096332553815663E-012
  8.540000000000001E-003  6.092877085783753E-012
  8.560000000000000E-003  6.090290969166075E-012
  8.580000000000001E-003  6.088650158000495E-012
  8.600000000000000E-003  6.087936650512616E-012
  8.620000000000001E-003  6.087834528912327E-012
  8.640000000000000E-003  6.088254760532742E-012
  8.660000000000001E-003  6.089217331475720E-012
  8.680000000000000E-003  6.090685323618215E-012
  8.700000000000001E-003  6.092509583306643E-012
  8.720000000000000E-003  6.094579602078441E-012
  8.740000000000001E-003  6.096720784425696E-012
  8.760000000000000E-003  6.098810980857334E-012
  8.780000000000001E-003  6.100842610027868E-012
  8.800000000000001E-003  6.102881281930237E-012
  8.820000000000001E-003  6.104991779208638E-012
  8.840000000000001E-003  6.107302600524319E-012
  8.860000000000002E-003  6.109900113527720E-012
  8.880000000000001E-003  6.112826539417772E-012
  8.900000000000000E-003  6.116100358882965E-012
  8.920000000000001E-003  6.119704781733527E-012
  8.940000000000000E-003  6.123578097977073E-012
  8.960000000000001E-003  6.127641035821463E-012
  8.980000000000000E-003  6.131812535180330E-012
  9.000000000000001E-003  6.136027960648636E-012
  9.020000000000000E-003  6.140266356528990E-012
  9.040000000000001E-003  6.144534750624428E-012
  9.060000000000000E-003  6.148727667711224E-012
  9.080000000000001E-003  6.152763651140367E-012
  9.100000000000000E-003  6.156573495020854E-012
  9.120000000000001E-003  6.160105760309278E-012
  9.140000000000001E-003  6.163326580082606E-012
  9.160000000000001E-003  6.166223354881168E-012
  9.180000000000001E-003  6.168803078564614E-012
  9.200000000000002E-003  6.171100606139341E-012
  9.220000000000001E-003  6.173164793377836E-012
  9.240000000000000E-003  6.175061733642635E-012
  9.260000000000001E-003  6.176855832767154E-012
  9.280000000000000E-003  6.178593894654076E-012
  9.300000000000001E-003  6.180324574123795E-012
  9.320000000000000E-003  6.182096080781340E-012
  9.340000000000001E-003  6.184014363352879E-012
  9.360000000000000E-003  6.186226768169826E-012
  9.380000000000001E-003  6.188847424573792E-012
  9.400000000000000E-003  6.191936927552311E-012
  9.420000000000001E-003  6.195507976454020E-012
  9.440000000000000E-003  6.199553661130833E-012
  9.460000000000001E-003  6.204048091713518E-012
  9.480000000000001E-003  6.208955345618746E-012
  9.500000000000001E-003  6.214245613281730E-012
  9.520000000000001E-003  6.219679992987256E-012
  9.540000000000002E-003  6.224952672440741E-012
  9.560000000000001E-003  6.230044971091713E-012
  9.580000000000000E-003  6.234946679412147E-012
  9.600000000000001E-003  6.239650721098692E-012
  9.620000000000000E-003  6.244148271727925E-012
  9.640000000000001E-003  6.248420440556435E-012
  9.660000000000000E-003  6.252437767829818E-012
  9.680000000000001E-003  6.256168316531454E-012
  9.700000000000000E-003  6.259581885393607E-012
  9.720000000000001E-003  6.262654300058135E-012
  9.740000000000000E-003  6.265348887870941E-012
  9.760000000000001E-003  6.267626350667352E-012
  9.780000000000000E-003  6.269411436240576E-012
  9.800000000000001E-003  6.270757989005507E-012
  9.820000000000001E-003  6.271665133315605E-012
  9.840000000000002E-003  6.272245781585018E-012
  9.860000000000001E-003  6.272592671355655E-012
  9.880000000000002E-003  6.272844261099599E-012
  9.900000000000001E-003  6.272829503847889E-012
  9.920000000000000E-003  6.272591649984720E-012
  9.940000000000001E-003  6.272200653636693E-012
  9.960000000000000E-003  6.271689462138959E-012
  9.980000000000001E-003  6.271061731786584E-012
  1.000000000000000E-002  6.270294274070083E-012
  1.002000000000000E-002  6.269358170712631E-012
  1.004000000000000E-002  6.268251055256484E-012
  1.006000000000000E-002  6.267055878404224E-012
  1.008000000000000E-002  6.265814224107196E-012
  1.010000000000000E-002  6.264461446515535E-012
  1.012000000000000E-002  6.262947312692063E-012
  1.014000000000000E-002  6.261253556148984E-012
  1.016000000000000E-002  6.259389312851304E-012
  1.018000000000000E-002  6.257353545055388E-012
  1.020000000000000E-002  6.255184488212385E-012
  1.022000000000000E-002  6.252913920736791E-012
  1.024000000000000E-002  6.250544635070630E-012
  1.026000000000000E-002  6.248159858159437E-012
  1.028000000000000E-002  6.245888221839598E-012
  1.030000000000000E-002  6.243811576442410E-012
  1.032000000000000E-002  6.242018334533421E-012
  1.034000000000000E-002  6.240616974860588E-012
  1.036000000000000E-002  6.239754336449733E-012
  1.038000000000000E-002  6.239452233007192E-012
  1.040000000000000E-002  6.239806681244787E-012
  1.042000000000000E-002  6.240600897903409E-012
  1.044000000000000E-002  6.241869098232006E-012
  1.046000000000000E-002  6.243759777198894E-012
  1.048000000000000E-002  6.246184829014056E-012
  1.050000000000000E-002  6.249057189636503E-012
  1.052000000000000E-002  6.252297326524969E-012
  1.054000000000000E-002  6.255841283070756E-012
  1.056000000000000E-002  6.259652281368569E-012
  1.058000000000000E-002  6.263698596363278E-012
  1.060000000000000E-002  6.267936997399544E-012
  1.062000000000000E-002  6.272293710331219E-012
  1.064000000000000E-002  6.276691686782734E-012
  1.066000000000000E-002  6.281053957383521E-012
  1.068000000000000E-002  6.285314323766433E-012
  1.070000000000000E-002  6.289381890600795E-012
  1.072000000000000E-002  6.293191520013827E-012
  1.074000000000000E-002  6.296720338533208E-012
  1.076000000000000E-002  6.299982941504274E-012
  1.078000000000000E-002  6.303007787354712E-012
  1.080000000000000E-002  6.305830180903209E-012
  1.082000000000000E-002  6.308486777864492E-012
  1.084000000000000E-002  6.311017005641963E-012
  1.086000000000000E-002  6.313454358268725E-012
  1.088000000000000E-002  6.315834206612273E-012
  1.090000000000000E-002  6.318210460844277E-012
  1.092000000000000E-002  6.320648096209068E-012
  1.094000000000000E-002  6.323202871538331E-012
  1.096000000000000E-002  6.325922357074952E-012
  1.098000000000000E-002  6.328819482473487E-012
  1.100000000000000E-002  6.331677141060571E-012
  1.102000000000000E-002  6.334433132626274E-012
  1.104000000000000E-002  6.337066619730224E-012
  1.106000000000000E-002  6.339568493362708E-012
  1.108000000000000E-002  6.341941939315440E-012
  1.110000000000000E-002  6.344190591026357E-012
  1.112000000000000E-002  6.346328409869050E-012
  1.114000000000000E-002  6.348365797229865E-012
  1.116000000000000E-002  6.350311483137645E-012
  1.118000000000000E-002  6.352168402428723E-012
  1.120000000000000E-002  6.353926303753587E-012
  1.122000000000000E-002  6.355580490902779E-012
  1.124000000000000E-002  6.357132663512895E-012
  1.126000000000000E-002  6.358582583889378E-012
  1.128000000000000E-002  6.359925845024411E-012
  1.130000000000000E-002  6.361164234700098E-012
  1.132000000000000E-002  6.362306333534264E-012
  1.134000000000000E-002  6.363376528572233E-012
  1.136000000000000E-002  6.364307156170153E-012
  1.138000000000000E-002  6.364986744543905E-012
  1.140000000000000E-002  6.365315344671941E-012
  1.142000000000000E-002  6.365238796520700E-012
  1.144000000000000E-002  6.364774338152236E-012
  1.146000000000000E-002  6.363907106422370E-012
  1.148000000000000E-002  6.362646851185620E-012
  1.150000000000000E-002  6.360969601047056E-012
  1.152000000000000E-002  6.358886787730172E-012
  1.154000000000000E-002  6.356375758719622E-012
  1.156000000000000E-002  6.353416820983347E-012
  1.158000000000000E-002  6.350063696385156E-012
  1.160000000000000E-002  6.346364661414959E-012
  1.162000000000000E-002  6.342339185899593E-012
  1.164000000000000E-002  6.338035633233201E-012
  1.166000000000000E-002  6.333563634584289E-012
  1.168000000000000E-002  6.328952581941094E-012
  1.170000000000000E-002  6.324215941021149E-012
  1.172000000000000E-002  6.319369503817294E-012
  1.174000000000000E-002  6.314437489000589E-012
  1.176000000000000E-002  6.309426083852868E-012
  1.178000000000000E-002  6.304397228545786E-012
  1.180000000000000E-002  6.299387151456155E-012
  1.182000000000000E-002  6.294403092226695E-012
  1.184000000000000E-002  6.289438170864650E-012
  1.186000000000000E-002  6.284516122956652E-012
  1.188000000000000E-002  6.279668729310747E-012
  1.190000000000000E-002  6.274916887269593E-012
  1.192000000000000E-002  6.270267399172941E-012
  1.194000000000000E-002  6.265722678085647E-012
  1.196000000000000E-002  6.261282913322726E-012
  1.198000000000000E-002  6.256981819934413E-012
  1.200000000000000E-002  6.252834126718312E-012
  1.202000000000000E-002  6.248860316542163E-012
  1.204000000000000E-002  6.245128629201364E-012
  1.206000000000000E-002  6.241566907194075E-012
  1.208000000000000E-002  6.238264566353071E-012
  1.210000000000000E-002  6.235201528016622E-012
  1.212000000000000E-002  6.232370320915417E-012
  1.214000000000000E-002  6.229772373692897E-012
  1.216000000000000E-002  6.227433882620276E-012
  1.218000000000000E-002  6.225421480304996E-012
  1.220000000000000E-002  6.223744413252029E-012
  1.222000000000000E-002  6.222406350122433E-012
  1.224000000000000E-002  6.221337228204025E-012
  1.226000000000000E-002  6.220705283930721E-012
  1.228000000000000E-002  6.220444544149231E-012
  1.230000000000000E-002  6.220486778465852E-012
  1.232000000000000E-002  6.221401025855071E-012
  1.234000000000000E-002  6.223271361888669E-012
  1.236000000000000E-002  6.226156288675448E-012
  1.238000000000000E-002  6.230396160243524E-012
  1.240000000000000E-002  6.236368936646776E-012
  1.242000000000000E-002  6.244560666288380E-012
  1.244000000000000E-002  6.255607622541944E-012
  1.246000000000000E-002  6.270327674146849E-012
  1.248000000000000E-002  6.289737022860001E-012
  1.250000000000000E-002  6.314974630366564E-012
  1.252000000000000E-002  6.345938712261607E-012
  1.254000000000000E-002  6.383667526137832E-012
  1.256000000000000E-002  6.431571302292465E-012
  1.258000000000000E-002  6.494558047012987E-012
  1.260000000000000E-002  6.581225497400284E-012
  1.262000000000000E-002  6.708460084414970E-012
  1.264000000000000E-002  6.909454798595844E-012
  1.266000000000000E-002  7.249382835149348E-012
  1.268000000000000E-002  7.854227441960325E-012
  1.270000000000000E-002  8.965387376235231E-012
  1.272000000000000E-002  1.104077421422169E-011
  1.274000000000000E-002  1.494412096562221E-011
  1.276000000000000E-002  2.229148771644834E-011
  1.278000000000000E-002  3.608858805518300E-011
  1.280000000000000E-002  6.190582915655861E-011
  1.282000000000000E-002  1.100359335755251E-010
  1.284000000000000E-002  1.994696779167609E-010
  1.286000000000000E-002  3.652196344490079E-010
  1.288000000000000E-002  6.718098465515919E-010
  1.290000000000000E-002  1.238163618144755E-009
  1.292000000000000E-002  2.283696884591726E-009
  1.294000000000000E-002  4.213460102910107E-009
  1.296000000000000E-002  7.774801667631403E-009
  1.298000000000000E-002  1.434493964944495E-008
  1.300000000000000E-002  2.645630320719827E-008
  1.302000000000000E-002  4.874982455451135E-008
  1.304000000000000E-002  8.969087907233627E-008
  1.306000000000000E-002  1.646384356199359E-007
  1.308000000000000E-002  3.012540861811057E-007
  1.310000000000000E-002  5.488029093915740E-007
  1.312000000000000E-002  9.942261209155406E-007
  1.314000000000000E-002  1.790267494912501E-006
  1.316000000000000E-002  3.205229656785620E-006
  1.318000000000000E-002  5.700966542615374E-006
  1.320000000000000E-002  1.005723483014542E-005
  1.322000000000000E-002  1.756284686165000E-005
  1.324000000000000E-002  3.031111695366226E-005
  1.326000000000000E-002  5.164621219079883E-005
  1.328000000000000E-002  8.679722457435273E-005
  1.330000000000000E-002  1.437660923138100E-004
  1.332000000000000E-002  2.345386315059291E-004
  1.334000000000000E-002  3.766945439531980E-004
  1.336000000000000E-002  5.955035021345504E-004
  1.338000000000000E-002  9.266326087623495E-004
  1.340000000000000E-002  1.419606590878275E-003
  1.342000000000000E-002  2.142289895121422E-003
  1.344000000000000E-002  3.186969630351832E-003
  1.346000000000000E-002  4.679351443258562E-003
  1.348000000000000E-002  6.793332608681647E-003
  1.350000000000000E-002  9.774118675240117E-003
  1.352000000000000E-002  1.397332576048407E-002
  1.354000000000000E-002  1.992299186219330E-002
  1.356000000000000E-002  2.847645530031560E-002
  1.358000000000000E-002  4.109629008648984E-002
  1.360000000000000E-002  6.050096437762831E-002
  1.362000000000000E-002  8.924993365217988E-002
  1.364000000000000E-002  0.124227348668106     
  1.366000000000000E-002  0.165077368708716     
  1.368000000000000E-002  0.211132904773398     
  1.370000000000000E-002  0.260867393488033     
  1.372000000000000E-002  0.311689551111242     
  1.374000000000000E-002  0.359732773049747     
  1.376000000000000E-002  0.401278863386289     
  1.378000000000000E-002  0.434155274305783     
  1.380000000000000E-002  0.458225197705939     
  1.382000000000000E-002  0.474797347798250     
  1.384000000000000E-002  0.485703460811492     
  1.386000000000000E-002  0.492658359263752     
  1.388000000000000E-002  0.497007975221719     
  1.390000000000000E-002  0.499704442303851     
  1.392000000000000E-002  0.501375653251364     
  1.394000000000000E-002  0.502413871259984     
  1.396000000000000E-002  0.503063007527338     
  1.398000000000000E-002  0.503465865419474     
  1.400000000000000E-002  0.503716693225854     
  1.402000000000000E-002  0.503874715762026     
  1.404000000000000E-002  0.503977886485755     
  1.406000000000000E-002  0.504052213700544     
  1.408000000000000E-002  0.504105057927772     
  1.410000000000000E-002  0.504138594658540     
  1.412000000000000E-002  0.504161422529207     
  1.414000000000000E-002  0.504175448566900     
  1.416000000000000E-002  0.504184918687073     
  1.418000000000000E-002  0.504192566599067     
  1.420000000000000E-002  0.504188983674408     
  1.422000000000000E-002  0.504177548632412     
  1.424000000000000E-002  0.504156386569024     
  1.426000000000000E-002  0.504127648289548     
  1.428000000000000E-002  0.504079580914181     
  1.430000000000000E-002  0.504004386910696     
  1.432000000000000E-002  0.503889830713421     
  1.434000000000000E-002  0.503711853566676     
  1.436000000000000E-002  0.503440883970678     
  1.438000000000000E-002  0.503023013143076     
  1.440000000000000E-002  0.502356276021382     
  1.442000000000000E-002  0.501252267465337     
  1.444000000000000E-002  0.499344664839694     
  1.446000000000000E-002  0.495888280779088     
  1.448000000000000E-002  0.489418214799797     
  1.450000000000000E-002  0.477185621312071     
  1.452000000000000E-002  0.454674442015205     
  1.454000000000000E-002  0.415996678017617     
  1.456000000000000E-002  0.357132564178447     
  1.458000000000000E-002  0.281464258150677     
  1.460000000000000E-002  0.201432297169009     
  1.462000000000000E-002  0.130915905507495     
  1.464000000000000E-002  7.686261708733065E-002
  1.466000000000000E-002  4.143955415559140E-002
  1.468000000000000E-002  2.550822942485177E-002
  1.470000000000000E-002  1.858120396354239E-002
  1.472000000000000E-002  1.562852769563640E-002
  1.474000000000000E-002  1.448427464041480E-002
  1.476000000000000E-002  1.408639463763105E-002
  1.478000000000000E-002  1.392222369906955E-002
  1.480000000000000E-002  1.378427591486940E-002
  1.482000000000000E-002  1.360192544526361E-002
  1.484000000000000E-002  1.329434956476024E-002
  1.486000000000000E-002  1.282082132998816E-002
  1.488000000000000E-002  1.247750308442812E-002
  1.490000000000000E-002  1.245304200438863E-002
  1.492000000000000E-002  1.266420392618308E-002
  1.494000000000000E-002  1.324529927859746E-002
  1.496000000000000E-002  1.430203857692223E-002
  1.498000000000000E-002  1.588584952166565E-002
  1.500000000000000E-002  1.800344244701478E-002
  1.502000000000000E-002  2.062735128054426E-002
  1.504000000000000E-002  2.370689536972463E-002
  1.506000000000000E-002  2.717593568165806E-002
  1.508000000000000E-002  3.090461949450970E-002
  1.510000000000000E-002  3.480628772392093E-002
  1.512000000000000E-002  3.897628379224718E-002
  1.514000000000000E-002  4.362618039535465E-002
  1.516000000000000E-002  4.914815176659111E-002
  1.518000000000000E-002  5.614754363868617E-002
  1.520000000000000E-002  6.551767965634378E-002
  1.522000000000000E-002  7.857863422303059E-002
  1.524000000000000E-002  9.726150579044084E-002
  1.526000000000000E-002  0.121675967232995     
  1.528000000000000E-002  0.147054000390756     
  1.530000000000000E-002  0.170840758786040     
  1.532000000000000E-002  0.191923117482707     
  1.534000000000000E-002  0.209583697498550     
  1.536000000000000E-002  0.223571580352707     
  1.538000000000000E-002  0.233978103099866     
  1.540000000000000E-002  0.241117376834683     
  1.542000000000000E-002  0.245437363227967     
  1.544000000000000E-002  0.247498797839868     
  1.546000000000000E-002  0.247980491481876     
  1.548000000000000E-002  0.247520462555696     
  1.550000000000000E-002  0.245614910314754     
  1.552000000000000E-002  0.241864921249160     
  1.554000000000000E-002  0.236411326820892     
  1.556000000000000E-002  0.229544146784118     
  1.558000000000000E-002  0.221459817644605     
  1.560000000000000E-002  0.212242665158877     
  1.562000000000000E-002  0.201940657274842     
  1.564000000000000E-002  0.190634337319884     
  1.566000000000000E-002  0.178463325346388     
  1.568000000000000E-002  0.165623157279236     
  1.570000000000000E-002  0.152347862424336     
  1.572000000000000E-002  0.138904245848437     
  1.574000000000000E-002  0.125568448487109     
  1.576000000000000E-002  0.112606249295575     
  1.578000000000000E-002  0.100259091848773     
  1.580000000000000E-002  8.879559028178423E-002
  1.582000000000000E-002  7.920387620926259E-002
  1.584000000000000E-002  7.148110914302325E-002
  1.586000000000000E-002  6.508158859306136E-002
  1.588000000000000E-002  5.963318664725258E-002
  1.590000000000000E-002  5.487742671445971E-002
  1.592000000000000E-002  5.062693334556145E-002
  1.594000000000000E-002  4.674482379457827E-002
  1.596000000000000E-002  4.313507306351240E-002
  1.598000000000000E-002  3.973512369241229E-002
  1.600000000000000E-002  3.650175374452848E-002
  1.602000000000000E-002  3.337150270590668E-002
  1.604000000000000E-002  3.027879605792006E-002
  1.606000000000000E-002  2.717448134261657E-002
  1.608000000000000E-002  2.404286394748313E-002
  1.610000000000000E-002  2.091003060313838E-002
  1.612000000000000E-002  1.789505382482292E-002
  1.614000000000000E-002  1.521178693515294E-002
  1.616000000000000E-002  1.285282051105338E-002
  1.618000000000000E-002  1.078034680601858E-002
  1.620000000000000E-002  8.971487789610062E-003
  1.622000000000000E-002  7.411000898353602E-003
  1.624000000000000E-002  6.086475354042996E-003
  1.626000000000000E-002  4.985071613230764E-003
  1.628000000000000E-002  4.091912453453804E-003
  1.630000000000000E-002  3.389353166967729E-003
  1.632000000000000E-002  2.856601221651065E-003
  1.634000000000000E-002  2.469341953766001E-003
  1.636000000000000E-002  2.199910882834317E-003
  1.638000000000000E-002  2.017608700503206E-003
  1.640000000000000E-002  1.899346819584479E-003
  1.642000000000000E-002  1.847286805879044E-003
  1.644000000000000E-002  1.847128887525489E-003
  1.646000000000000E-002  1.888509208084741E-003
  1.648000000000000E-002  1.994291689168448E-003
  1.650000000000000E-002  2.192047489174229E-003
  1.652000000000000E-002  2.513569143680814E-003
  1.654000000000000E-002  2.995690864914449E-003
  1.656000000000000E-002  3.681185351691656E-003
  1.658000000000000E-002  4.619575750731902E-003
  1.660000000000000E-002  5.867811839102813E-003
  1.662000000000000E-002  7.489812199208067E-003
  1.664000000000000E-002  9.548988851833671E-003
  1.666000000000000E-002  1.161106962565509E-002
  1.668000000000000E-002  1.302127654362256E-002
  1.670000000000000E-002  1.381013631079550E-002
  1.672000000000000E-002  1.412554185201323E-002
  1.674000000000000E-002  1.416266736543296E-002
  1.676000000000000E-002  1.403327072095426E-002
  1.678000000000000E-002  1.369225341486724E-002
  1.680000000000000E-002  1.305478928530726E-002
  1.682000000000000E-002  1.203287039414228E-002
  1.684000000000000E-002  1.058634148054885E-002
  1.686000000000000E-002  8.736195119333091E-003
  1.688000000000000E-002  6.568056539539307E-003
  1.690000000000000E-002  4.446110009818658E-003
  1.692000000000000E-002  2.943595586621758E-003
  1.694000000000000E-002  1.921297372300185E-003
  1.696000000000000E-002  1.234996792316639E-003
  1.698000000000000E-002  7.810469044923222E-004
  1.700000000000000E-002  4.857164639411806E-004
  1.702000000000000E-002  2.969365839035460E-004
  1.704000000000000E-002  1.784379154463095E-004
  1.706000000000000E-002  1.054141433784832E-004
  1.708000000000000E-002  6.123879210158792E-005
  1.710000000000000E-002  3.499908014290537E-005
  1.712000000000000E-002  1.968804132073786E-005
  1.714000000000000E-002  1.090590103612649E-005
  1.716000000000000E-002  5.951158110182409E-006
  1.718000000000000E-002  3.200710131572816E-006
  1.720000000000000E-002  1.697458702441738E-006
  1.722000000000000E-002  8.880290766415490E-007
  1.724000000000000E-002  4.584550039494893E-007
  1.726000000000000E-002  2.336542422011732E-007
  1.728000000000000E-002  1.175956780836700E-007
  1.730000000000000E-002  5.846230963876536E-008
  1.732000000000000E-002  2.871741277433677E-008
  1.734000000000000E-002  1.394169653308922E-008
  1.736000000000000E-002  6.691548730614270E-009
  1.738000000000000E-002  3.176750588673956E-009
  1.740000000000000E-002  1.492952531446002E-009
  1.742000000000000E-002  6.957225202342425E-010
  1.744000000000000E-002  3.226111838556396E-010
  1.746000000000000E-002  1.499765662818900E-010
  1.748000000000000E-002  7.099302526235243E-011
  1.750000000000000E-002  3.525337120392392E-011
  1.752000000000000E-002  1.925595918081772E-011
  1.754000000000000E-002  1.217146076468635E-011
  1.756000000000000E-002  9.067113464222232E-012
  1.758000000000000E-002  7.721321032359587E-012
  1.760000000000000E-002  7.144523295059743E-012
  1.762000000000000E-002  6.900655924216147E-012
  1.764000000000000E-002  6.799550728088821E-012
  1.766000000000000E-002  6.759103845172682E-012
  1.768000000000000E-002  6.744213235702554E-012
  1.770000000000000E-002  6.740019280423558E-012
  1.772000000000000E-002  6.740296080069015E-012
  1.774000000000000E-002  6.742463991676650E-012
  1.776000000000000E-002  6.745457768962696E-012
  1.778000000000000E-002  6.748813038300334E-012
  1.780000000000000E-002  6.752276875609720E-012
  1.782000000000000E-002  6.755741593039003E-012
  1.784000000000000E-002  6.759113976316061E-012
  1.786000000000000E-002  6.762341606829043E-012
  1.788000000000000E-002  6.765380352154142E-012
  1.790000000000000E-002  6.768185703586158E-012
  1.792000000000000E-002  6.770740743974522E-012
  1.794000000000000E-002  6.773025524320005E-012
  1.796000000000000E-002  6.775025146021103E-012
  1.798000000000000E-002  6.776710579289648E-012
  1.800000000000000E-002  6.778096262786063E-012
  1.802000000000000E-002  6.779150688204329E-012
  1.804000000000000E-002  6.779870824766117E-012
  1.806000000000000E-002  6.780306883251670E-012
  1.808000000000000E-002  6.780542940773652E-012
  1.810000000000000E-002  6.780563366314252E-012
  1.812000000000000E-002  6.780274257783859E-012
  1.814000000000000E-002  6.779637117929441E-012
  1.816000000000000E-002  6.778804053435718E-012
  1.818000000000000E-002  6.777847722941124E-012
  1.820000000000000E-002  6.776774222922184E-012
  1.822000000000000E-002  6.775558917091902E-012
  1.824000000000000E-002  6.774199792670801E-012
  1.826000000000000E-002  6.772705532382184E-012
  1.828000000000000E-002  6.771768792732703E-012
  1.830000000000000E-002  6.771633606178010E-012
  1.832000000000000E-002  6.771863110241128E-012
  1.834000000000000E-002  6.772498312483340E-012
  1.836000000000000E-002  6.773687889493071E-012
  1.838000000000000E-002  6.775685923723023E-012
  1.840000000000000E-002  6.778900995702866E-012
  1.842000000000000E-002  6.783780069120747E-012
  1.844000000000000E-002  6.790710970903124E-012
  1.846000000000000E-002  6.799973759931886E-012
  1.848000000000000E-002  6.811723004501621E-012
  1.850000000000000E-002  6.826070628001535E-012
  1.852000000000000E-002  6.843097344508124E-012
  1.854000000000000E-002  6.862759949588847E-012
  1.856000000000000E-002  6.882889546965480E-012
  1.858000000000000E-002  6.898631242104970E-012
  1.860000000000000E-002  6.910467402740898E-012
  1.862000000000000E-002  6.919329973527985E-012
  1.864000000000000E-002  6.926439554412928E-012
  1.866000000000000E-002  6.932199398750733E-012
  1.868000000000000E-002  6.936505076981138E-012
  1.870000000000000E-002  6.939473344854876E-012
  1.872000000000000E-002  6.941384497890052E-012
  1.874000000000000E-002  6.942388245264654E-012
  1.876000000000000E-002  6.942962550725428E-012
  1.878000000000000E-002  6.943044831063491E-012
  1.880000000000000E-002  6.942690597667228E-012
  1.882000000000000E-002  6.942358844659135E-012
  1.884000000000000E-002  6.942240264090917E-012
  1.886000000000000E-002  6.942433879564467E-012
  1.888000000000000E-002  6.943236411657572E-012
  1.890000000000000E-002  6.944849959514111E-012
  1.892000000000000E-002  6.947362207356448E-012
  1.894000000000000E-002  6.950741498206289E-012
  1.896000000000000E-002  6.954867783591632E-012
  1.898000000000000E-002  6.959604806502623E-012
  1.900000000000000E-002  6.964864025411859E-012
  1.902000000000000E-002  6.970451404541958E-012
  1.904000000000000E-002  6.975531464854915E-012
  1.906000000000000E-002  6.979891243437143E-012
  1.908000000000000E-002  6.983528763093725E-012
  1.910000000000000E-002  6.986507042100463E-012
  1.912000000000000E-002  6.988924573198027E-012
  1.914000000000000E-002  6.990896237592138E-012
  1.916000000000000E-002  6.992533189854299E-012
  1.918000000000000E-002  6.993915909021353E-012
  1.920000000000000E-002  6.995098416742403E-012
  1.922000000000000E-002  6.996108685523523E-012
  1.924000000000000E-002  6.996957183309397E-012
  1.926000000000000E-002  6.997678188194985E-012
  1.928000000000000E-002  6.998319386441614E-012
  1.930000000000000E-002  6.998906649249864E-012
  1.932000000000000E-002  6.999481363927151E-012
  1.934000000000000E-002  7.000013655233505E-012
  1.936000000000000E-002  7.000441981979970E-012
  1.938000000000000E-002  7.000817042975921E-012
  1.940000000000000E-002  7.001197012406382E-012
  1.942000000000000E-002  7.001628696027378E-012
  1.944000000000000E-002  7.002171674452813E-012
  1.946000000000000E-002  7.002793252722470E-012
  1.948000000000000E-002  7.003182904230537E-012
  1.950000000000000E-002  7.003289826343646E-012
  1.952000000000000E-002  7.003172331187067E-012
  1.954000000000000E-002  7.002795945726609E-012
  1.956000000000000E-002  7.002173310802264E-012
  1.958000000000000E-002  7.001403882966639E-012
  1.960000000000000E-002  7.000555566741461E-012
  1.962000000000000E-002  6.999657097669461E-012
  1.964000000000000E-002  6.998713325886732E-012
  1.966000000000000E-002  6.997721339677138E-012
  1.968000000000000E-002  6.996680482337875E-012
  1.970000000000000E-002  6.995588362635344E-012
  1.972000000000000E-002  6.994437453724724E-012
  1.974000000000000E-002  6.993213129899935E-012
  1.976000000000000E-002  6.991884214160828E-012
  1.978000000000000E-002  6.990401236591228E-012
  1.980000000000000E-002  6.988713040868207E-012
  1.982000000000000E-002  6.986786686253910E-012
  1.984000000000000E-002  6.984631449130679E-012
  1.986000000000000E-002  6.982324132858991E-012
  1.988000000000000E-002  6.979851342597100E-012
  1.990000000000000E-002  6.977145909218145E-012
  1.992000000000000E-002  6.974154853426913E-012
  1.994000000000000E-002  6.970847592853470E-012
  1.996000000000000E-002  6.967217396751457E-012
  1.998000000000000E-002  6.963282371358692E-012
  2.000000000000000E-002  6.959080957820884E-012
  2.002000000000000E-002  6.954674776826125E-012
  2.004000000000000E-002  6.950206511442941E-012
  2.006000000000000E-002  6.945909087888706E-012
  2.008000000000000E-002  6.941833577960102E-012
  2.010000000000000E-002  6.938026741886961E-012
  2.012000000000000E-002  6.934558882960087E-012
  2.014000000000000E-002  6.931499807198399E-012
  2.016000000000000E-002  6.928861671804343E-012
  2.018000000000000E-002  6.926633101001997E-012
  2.020000000000000E-002  6.924764607253628E-012
  2.022000000000000E-002  6.923311870355546E-012
  2.024000000000000E-002  6.922315257613196E-012
  2.026000000000000E-002  6.921618891944626E-012
  2.028000000000000E-002  6.921025098222622E-012
  2.030000000000000E-002  6.920536977746596E-012
  2.032000000000000E-002  6.920121711478119E-012
  2.034000000000000E-002  6.919666267875091E-012
  2.036000000000000E-002  6.919081712059614E-012
  2.038000000000000E-002  6.918352905899593E-012
  2.040000000000000E-002  6.917471231059500E-012
  2.042000000000000E-002  6.916366638134290E-012
  2.044000000000000E-002  6.914976420802315E-012
  2.046000000000000E-002  6.913340558809694E-012
  2.048000000000000E-002  6.911552052784049E-012
  2.050000000000000E-002  6.909631045952308E-012
  2.052000000000000E-002  6.907526772676554E-012
  2.054000000000000E-002  6.905231798471486E-012
  2.056000000000000E-002  6.902760313791328E-012
  2.058000000000000E-002  6.900104096946762E-012
  2.060000000000000E-002  6.897264479445430E-012
  2.062000000000000E-002  6.894287670996170E-012
  2.064000000000000E-002  6.891226476763289E-012
  2.066000000000000E-002  6.888089568255255E-012
  2.068000000000000E-002  6.884878055270313E-012
  2.070000000000000E-002  6.881616271139155E-012
  2.072000000000000E-002  6.878341945451142E-012
  2.074000000000000E-002  6.875038103408194E-012
  2.076000000000000E-002  6.871658608042137E-012
  2.078000000000000E-002  6.868193805122866E-012
  2.080000000000000E-002  6.864666566543066E-012
  2.082000000000000E-002  6.861058787664722E-012
  2.084000000000000E-002  6.857314395905355E-012
  2.086000000000000E-002  6.853413547084369E-012
  2.088000000000000E-002  6.849380457104025E-012
  2.090000000000000E-002  6.845219353469801E-012
  2.092000000000000E-002  6.840869328723604E-012
  2.094000000000000E-002  6.836281688903998E-012
  2.096000000000000E-002  6.831468170706075E-012
  2.098000000000000E-002  6.826440750538576E-012
  2.100000000000000E-002  6.821132021996668E-012
  2.102000000000000E-002  6.815470294489175E-012
  2.104000000000000E-002  6.809467658610935E-012
  2.106000000000000E-002  6.803174833074465E-012
  2.108000000000000E-002  6.796589674099606E-012
  2.110000000000000E-002  6.789661985045937E-012
  2.112000000000000E-002  6.782389666321187E-012
  2.114000000000000E-002  6.774834100874334E-012
  2.116000000000000E-002  6.767057145380333E-012
  2.118000000000000E-002  6.759068750439716E-012
  2.120000000000000E-002  6.750825484172647E-012
  2.122000000000000E-002  6.742314770272853E-012
  2.124000000000000E-002  6.733636165510479E-012
  2.126000000000000E-002  6.724898641980143E-012
  2.128000000000000E-002  6.716135109842959E-012
  2.130000000000000E-002  6.707300453096814E-012
  2.132000000000000E-002  6.698331171563571E-012
  2.134000000000000E-002  6.689263535906765E-012
  2.136000000000000E-002  6.680214366256204E-012
  2.138000000000000E-002  6.671095070144334E-012
  2.140000000000000E-002  6.661727418294964E-012
  2.142000000000000E-002  6.652187348208363E-012
  2.144000000000000E-002  6.642536413820746E-012
  2.146000000000000E-002  6.632704643305817E-012
  2.148000000000000E-002  6.622684969615626E-012
  2.150000000000000E-002  6.612451809873232E-012
  2.152000000000000E-002  6.601905857151569E-012
  2.154000000000000E-002  6.590845491714269E-012
  2.156000000000000E-002  6.579525091137251E-012
  2.158000000000000E-002  6.569818268326185E-012
  2.160000000000000E-002  6.564061101401307E-012
  2.162000000000000E-002  6.560652167107351E-012
  2.164000000000000E-002  6.559236946127060E-012
  2.166000000000000E-002  6.556210390004774E-012
  2.168000000000000E-002  6.555474459066554E-012
  2.170000000000000E-002  6.577336073721667E-012
  2.172000000000000E-002  6.631625097636123E-012
  2.174000000000000E-002  6.795989068137773E-012
  2.176000000000000E-002  7.406694804772708E-012
  2.178000000000000E-002  9.567732789493004E-012
  2.180000000000000E-002  1.267489425502836E-011
  2.182000000000000E-002  1.360798809731636E-011
  2.184000000000000E-002  1.374052683188756E-011
  2.186000000000000E-002  1.375563914723667E-011
  2.188000000000000E-002  1.375731432475443E-011
  2.190000000000000E-002  1.375750024513197E-011
  2.192000000000000E-002  1.375752100709778E-011
  2.194000000000000E-002  1.375752334511818E-011
  2.196000000000000E-002  1.375752361108630E-011
  2.198000000000000E-002  1.375752364169676E-011
  2.200000000000000E-002  1.375752364526488E-011
  2.202000000000000E-002  1.375752364568636E-011
  2.204000000000000E-002  1.375752364573679E-011
  2.206000000000000E-002  1.375752364574292E-011
  2.208000000000000E-002  1.375752364574367E-011
  2.210000000000000E-002  1.375752364574375E-011
  2.212000000000000E-002  1.375752364574377E-011
  2.214000000000000E-002  1.375752364574377E-011
  2.216000000000000E-002  1.375752364574377E-011
  2.218000000000000E-002  1.375752364574377E-011
  2.220000000000000E-002  1.375752364574377E-011
  2.222000000000000E-002  1.375752364574377E-011
  2.224000000000000E-002  1.375752364574377E-011
  2.226000000000000E-002  1.375752364574377E-011
  2.228000000000000E-002  1.375752364574377E-011
  2.230000000000000E-002  1.375752364574377E-011
  2.232000000000000E-002  1.375752364574377E-011
  2.234000000000000E-002  1.375752364574377E-011
  2.236000000000000E-002  1.375752364574377E-011
  2.238000000000000E-002  1.375752364574377E-011
  2.240000000000000E-002  1.375752364574377E-011
  2.242000000000000E-002  1.375752364574377E-011
  2.244000000000000E-002  1.375752364574377E-011
  2.246000000000000E-002  1.375752364574377E-011
  2.248000000000000E-002  1.375752364574377E-011
  2.250000000000000E-002  1.375752364574377E-011
  2.252000000000000E-002  1.375752364574377E-011
  2.254000000000000E-002  1.375752364574377E-011
  2.256000000000000E-002  1.375752364574377E-011
  2.258000000000000E-002  1.375752364574377E-011
  2.260000000000000E-002  1.375752364574377E-011
  2.262000000000000E-002  1.375752364574377E-011
  2.264000000000000E-002  1.375752364574377E-011
  2.266000000000000E-002  1.375752364574377E-011
  2.268000000000000E-002  1.375752364574377E-011
  2.270000000000000E-002  1.375752364574377E-011
  2.272000000000000E-002  1.375752364574377E-011
  2.274000000000000E-002  1.375752364574377E-011
  2.276000000000000E-002  1.375752364574377E-011
  2.278000000000000E-002  1.375752364574377E-011
  2.280000000000000E-002  1.375752364574377E-011
  2.282000000000000E-002  1.375752364574377E-011
  2.284000000000000E-002  1.375752364574377E-011
  2.286000000000000E-002  1.375752364574377E-011
  2.288000000000000E-002  1.375752364574377E-011
  2.290000000000000E-002  1.375752364574377E-011
  2.292000000000000E-002  1.375752364574377E-011
  2.294000000000000E-002  1.375752364574377E-011
  2.296000000000000E-002  1.375752364574377E-011
  2.298000000000000E-002  1.375752364574377E-011
  2.300000000000000E-002  1.375752364574377E-011
  2.302000000000000E-002  1.375752364574377E-011
  2.304000000000000E-002  1.375752364574377E-011
  2.306000000000000E-002  1.375752364574377E-011
  2.308000000000000E-002  1.375752364574377E-011
  2.310000000000000E-002  1.375752364574377E-011
  2.312000000000000E-002  1.375752364574377E-011
  2.314000000000000E-002  1.375752364574377E-011
  2.316000000000000E-002  1.375752364574377E-011
  2.318000000000000E-002  1.375752364574377E-011
  2.320000000000000E-002  1.375752364574377E-011
  2.322000000000000E-002  1.375752364574377E-011
  2.324000000000000E-002  1.375752364574377E-011
  2.326000000000000E-002  1.375752364574377E-011
  2.328000000000000E-002  1.375752364574377E-011
  2.330000000000000E-002  1.375752364574377E-011
  2.332000000000000E-002  1.375752364574377E-011
  2.334000000000000E-002  1.375752364574377E-011
  2.336000000000000E-002  1.375752364574377E-011
  2.338000000000000E-002  1.375752364574377E-011
  2.340000000000000E-002  1.375752364574377E-011
  2.342000000000000E-002  1.375752364574377E-011
  2.344000000000000E-002  1.375752364574377E-011
  2.346000000000000E-002  1.375752364574377E-011
  2.348000000000000E-002  1.375752364574377E-011
  2.350000000000000E-002  1.375752364574377E-011
  2.352000000000000E-002  1.375752364574377E-011
  2.354000000000000E-002  1.375752364574377E-011
  2.356000000000000E-002  1.375752364574377E-011
  2.358000000000000E-002  1.375752364574377E-011
  2.360000000000000E-002  1.375752364574377E-011
  2.362000000000000E-002  1.375752364574377E-011
  2.364000000000000E-002  1.375752364574377E-011
  2.366000000000000E-002  1.375752364574377E-011
  2.368000000000000E-002  1.375752364574377E-011
  2.370000000000000E-002  1.375752364574377E-011
  2.372000000000000E-002  1.375752364574377E-011
  2.374000000000000E-002  1.375752364574377E-011
  2.376000000000000E-002  1.375752364574377E-011
  2.378000000000000E-002  1.375752364574377E-011
  2.380000000000000E-002  1.375752364574377E-011
  2.382000000000000E-002  1.375752364574377E-011
  2.384000000000000E-002  1.375752364574377E-011
  2.386000000000000E-002  1.375752364574377E-011
  2.388000000000000E-002  1.375752364574377E-011
  2.390000000000000E-002  1.375752364574377E-011
  2.392000000000000E-002  1.375752364574377E-011
  2.394000000000000E-002  1.375752364574377E-011
  2.396000000000000E-002  1.375752364574377E-011
  2.398000000000000E-002  1.375752364574377E-011
  2.400000000000000E-002  1.375752364574377E-011
  2.402000000000000E-002  1.375752364574377E-011
  2.404000000000000E-002  1.375752364574377E-011
  2.406000000000000E-002  1.375752364574377E-011
  2.408000000000000E-002  1.375752364574377E-011
  2.410000000000000E-002  1.375752364574377E-011
  2.412000000000000E-002  1.375752364574377E-011
  2.414000000000000E-002  1.375752364574377E-011
  2.416000000000000E-002  1.375752364574377E-011
  2.418000000000000E-002  1.375752364574377E-011
  2.420000000000000E-002  1.375752364574377E-011
  2.422000000000000E-002  1.375752364574377E-011
  2.424000000000000E-002  1.375752364574377E-011
  2.426000000000000E-002  1.375752364574377E-011
  2.428000000000000E-002  1.375752364574377E-011
  2.430000000000000E-002  1.375752364574377E-011
  2.432000000000000E-002  1.375752364574377E-011
  2.434000000000000E-002  1.375752364574377E-011
  2.436000000000000E-002  1.375752364574377E-011
  2.438000000000000E-002  1.375752364574377E-011
  2.440000000000000E-002  1.375752364574377E-011
  2.442000000000000E-002  1.375752364574377E-011
  2.444000000000000E-002  1.375752364574377E-011
  2.446000000000000E-002  1.375752364574377E-011
  2.448000000000000E-002  1.375752364574377E-011
  2.450000000000000E-002  1.375752364574377E-011
  2.452000000000000E-002  1.375752364574377E-011
  2.454000000000000E-002  1.375752364574377E-011
  2.456000000000000E-002  1.375752364574377E-011
  2.458000000000000E-002  1.375752364574377E-011
  2.460000000000000E-002  1.375752364574377E-011
  2.462000000000000E-002  1.375752364574377E-011
  2.464000000000000E-002  1.375752364574377E-011
  2.466000000000000E-002  1.375752364574377E-011
  2.468000000000000E-002  1.375752364574377E-011
  2.470000000000000E-002  1.375752364574377E-011
  2.472000000000000E-002  1.375752364574377E-011
  2.474000000000000E-002  1.375752364574377E-011
  2.476000000000000E-002  1.375752364574377E-011
  2.478000000000000E-002  1.375752364574377E-011
  2.480000000000000E-002  1.375752364574377E-011
  2.482000000000000E-002  1.375752364574377E-011
  2.484000000000000E-002  1.375752364574377E-011
  2.486000000000000E-002  1.375752364574377E-011
  2.488000000000000E-002  1.375752364574377E-011
  2.490000000000000E-002  1.375752364574377E-011
  2.492000000000000E-002  1.375752364574377E-011
  2.494000000000000E-002  1.375752364574377E-011
  2.496000000000000E-002  1.375752364574377E-011
  2.498000000000000E-002  1.375752364574377E-011
  2.500000000000000E-002  1.375752364574377E-011
  2.502000000000000E-002  1.375752364574377E-011
  2.504000000000000E-002  1.375752364574377E-011
  2.506000000000000E-002  1.375752364574377E-011
  2.508000000000000E-002  1.375752364574377E-011
  2.510000000000000E-002  1.375752364574377E-011
  2.512000000000000E-002  1.375752364574377E-011
  2.514000000000000E-002  1.375752364574377E-011
  2.516000000000000E-002  1.375752364574377E-011
  2.518000000000000E-002  1.375752364574377E-011
  2.520000000000000E-002  1.375752364574377E-011
  2.522000000000000E-002  1.375752364574377E-011
  2.524000000000000E-002  1.375752364574377E-011
  2.526000000000000E-002  1.375752364574377E-011
  2.528000000000000E-002  1.375752364574377E-011
  2.530000000000000E-002  1.375752364574377E-011
  2.532000000000000E-002  1.375752364574377E-011
  2.534000000000000E-002  1.375752364574377E-011
  2.536000000000000E-002  1.375752364574377E-011
  2.538000000000000E-002  1.375752364574377E-011
  2.540000000000000E-002  1.375752364574377E-011
  2.542000000000000E-002  1.375752364574377E-011
  2.544000000000000E-002  1.375752364574377E-011
  2.546000000000000E-002  1.375752364574377E-011
  2.548000000000000E-002  1.375752364574377E-011
  2.550000000000000E-002  1.375752364574377E-011
  2.552000000000000E-002  1.375752364574377E-011
  2.554000000000000E-002  1.375752364574377E-011
  2.556000000000000E-002  1.375752364574377E-011
  2.558000000000000E-002  1.375752364574377E-011
  2.560000000000000E-002  1.375752364574377E-011
  2.562000000000000E-002  1.375752364574377E-011
  2.564000000000000E-002  1.375752364574377E-011
  2.566000000000000E-002  1.375752364574377E-011
  2.568000000000000E-002  1.375752364574377E-011
  2.570000000000000E-002  1.375752364574377E-011
  2.572000000000000E-002  1.375752364574377E-011
  2.574000000000000E-002  1.375752364574377E-011
  2.576000000000000E-002  1.375752364574377E-011
  2.578000000000000E-002  1.375752364574377E-011
  2.580000000000000E-002  1.375752364574377E-011
  2.582000000000000E-002  1.375752364574377E-011
  2.584000000000000E-002  1.375752364574377E-011
  2.586000000000000E-002  1.375752364574377E-011
  2.588000000000000E-002  1.375752364574377E-011
  2.590000000000000E-002  1.375752364574377E-011
  2.592000000000000E-002  1.375752364574377E-011
  2.594000000000000E-002  1.375752364574377E-011
  2.596000000000000E-002  1.375752364574377E-011
  2.598000000000000E-002  1.375752364574377E-011
  2.600000000000000E-002  1.375752364574377E-011
  2.602000000000000E-002  1.375752364574377E-011
  2.604000000000000E-002  1.375752364574377E-011
  2.606000000000000E-002  1.375752364574377E-011
  2.608000000000000E-002  1.375752364574377E-011
  2.610000000000000E-002  1.375752364574377E-011
  2.612000000000000E-002  1.375752364574377E-011
  2.614000000000000E-002  1.375752364574377E-011
  2.616000000000000E-002  1.375752364574377E-011
  2.618000000000000E-002  1.375752364574377E-011
  2.620000000000000E-002  1.375752364574377E-011
  2.622000000000000E-002  1.375752364574377E-011
  2.624000000000000E-002  1.375752364574377E-011
  2.626000000000000E-002  1.375752364574377E-011
  2.628000000000000E-002  1.375752364574377E-011
  2.630000000000000E-002  1.375752364574377E-011
  2.632000000000000E-002  1.375752364574377E-011
  2.634000000000000E-002  1.375752364574377E-011
  2.636000000000000E-002  1.375752364574377E-011
  2.638000000000000E-002  1.375752364574377E-011
  2.640000000000000E-002  1.375752364574377E-011
  2.642000000000000E-002  1.375752364574377E-011
  2.644000000000000E-002  1.375752364574377E-011
  2.646000000000000E-002  1.375752364574377E-011
  2.648000000000000E-002  1.375752364574377E-011
  2.650000000000000E-002  1.375752364574377E-011
  2.652000000000000E-002  1.375752364574377E-011
  2.654000000000000E-002  1.375752364574377E-011
  2.656000000000000E-002  1.375752364574377E-011
  2.658000000000000E-002  1.375752364574377E-011
  2.660000000000000E-002  1.375752364574377E-011
  2.662000000000000E-002  1.375752364574377E-011
  2.664000000000000E-002  1.375752364574377E-011
  2.666000000000000E-002  1.375752364574377E-011
  2.668000000000000E-002  1.375752364574377E-011
  2.670000000000000E-002  1.375752364574377E-011
  2.672000000000000E-002  1.375752364574377E-011
  2.674000000000000E-002  1.375752364574377E-011
  2.676000000000000E-002  1.375752364574377E-011
  2.678000000000000E-002  1.375752364574377E-011
  2.680000000000000E-002  1.375752364574377E-011
  2.682000000000000E-002  1.375752364574377E-011
  2.684000000000000E-002  1.375752364574377E-011
  2.686000000000000E-002  1.375752364574377E-011
  2.688000000000000E-002  1.375752364574377E-011
  2.690000000000000E-002  1.375752364574377E-011
  2.692000000000000E-002  1.375752364574377E-011
  2.694000000000000E-002  1.375752364574377E-011
  2.696000000000000E-002  1.375752364574377E-011
  2.698000000000000E-002  1.375752364574377E-011
  2.700000000000000E-002  1.375752364574377E-011
  2.702000000000000E-002  1.375752364574377E-011
  2.704000000000000E-002  1.375752364574377E-011
  2.706000000000000E-002  1.375752364574377E-011
  2.708000000000000E-002  1.375752364574377E-011
  2.710000000000000E-002  1.375752364574377E-011
  2.712000000000000E-002  1.375752364574377E-011
  2.714000000000000E-002  1.375752364574377E-011
  2.716000000000000E-002  1.375752364574377E-011
  2.718000000000000E-002  1.375752364574377E-011
  2.720000000000000E-002  1.375752364574377E-011
  2.722000000000000E-002  1.375752364574377E-011
  2.724000000000000E-002  1.375752364574377E-011
  2.726000000000000E-002  1.375752364574377E-011
  2.728000000000000E-002  1.375752364574377E-011
  2.730000000000000E-002  1.375752364574377E-011
  2.732000000000000E-002  1.375752364574377E-011
  2.734000000000000E-002  1.375752364574377E-011
  2.736000000000000E-002  1.375752364574377E-011
  2.738000000000000E-002  1.375752364574377E-011
  2.740000000000000E-002  1.375752364574377E-011
  2.742000000000000E-002  1.375752364574377E-011
  2.744000000000000E-002  1.375752364574377E-011
  2.746000000000000E-002  1.375752364574377E-011
  2.748000000000000E-002  1.375752364574377E-011
  2.750000000000000E-002  1.375752364574377E-011
  2.752000000000000E-002  1.375752364574377E-011
  2.754000000000000E-002  1.375752364574377E-011
  2.756000000000000E-002  1.375752364574377E-011
  2.758000000000000E-002  1.375752364574377E-011
  2.760000000000000E-002  1.375752364574377E-011
  2.762000000000000E-002  1.375752364574377E-011
  2.764000000000000E-002  1.375752364574377E-011
  2.766000000000000E-002  1.375752364574377E-011
  2.768000000000000E-002  1.375752364574377E-011
  2.770000000000000E-002  1.375752364574377E-011
  2.772000000000000E-002  1.375752364574377E-011
  2.774000000000000E-002  1.375752364574377E-011
  2.776000000000000E-002  1.375752364574377E-011
  2.778000000000000E-002  1.375752364574377E-011
  2.780000000000000E-002  1.375752364574377E-011
  2.782000000000000E-002  1.375752364574377E-011
  2.784000000000000E-002  1.375752364574377E-011
  2.786000000000000E-002  1.375752364574377E-011
  2.788000000000000E-002  1.375752364574377E-011
  2.790000000000000E-002  1.375752364574377E-011
  2.792000000000000E-002  1.375752364574377E-011
  2.794000000000000E-002  1.375752364574377E-011
  2.796000000000000E-002  1.375752364574377E-011
  2.798000000000000E-002  1.375752364574377E-011
  2.800000000000000E-002  1.375752364574377E-011
  2.802000000000000E-002  1.375752364574377E-011
  2.804000000000000E-002  1.375752364574377E-011
  2.806000000000000E-002  1.375752364574377E-011
  2.808000000000000E-002  1.375752364574377E-011
  2.810000000000000E-002  1.375752364574377E-011
  2.812000000000000E-002  1.375752364574377E-011
  2.814000000000000E-002  1.375752364574377E-011
  2.816000000000000E-002  1.375752364574377E-011
  2.818000000000000E-002  1.375752364574377E-011
  2.820000000000000E-002  1.375752364574377E-011
  2.822000000000000E-002  1.375752364574377E-011
  2.824000000000000E-002  1.375752364574377E-011
  2.826000000000000E-002  1.375752364574377E-011
  2.828000000000000E-002  1.375752364574377E-011
  2.830000000000000E-002  1.375752364574377E-011
  2.832000000000000E-002  1.375752364574377E-011
  2.834000000000000E-002  1.375752364574377E-011
  2.836000000000000E-002  1.375752364574377E-011
  2.838000000000000E-002  1.375752364574377E-011
  2.840000000000000E-002  1.375752364574377E-011
  2.842000000000000E-002  1.375752364574377E-011
  2.844000000000000E-002  1.375752364574377E-011
  2.846000000000000E-002  1.375752364574377E-011
  2.848000000000000E-002  1.375752364574377E-011
  2.850000000000000E-002  1.375752364574377E-011
  2.852000000000000E-002  1.375752364574377E-011
  2.854000000000000E-002  1.375752364574377E-011
  2.856000000000000E-002  1.375752364574377E-011
  2.858000000000000E-002  1.375752364574377E-011
  2.860000000000000E-002  1.375752364574377E-011
  2.862000000000000E-002  1.375752364574377E-011
  2.864000000000000E-002  1.375752364574377E-011
  2.866000000000000E-002  1.375752364574377E-011
  2.868000000000000E-002  1.375752364574377E-011
  2.870000000000000E-002  1.375752364574377E-011
  2.872000000000000E-002  1.375752364574377E-011
  2.874000000000000E-002  1.375752364574377E-011
  2.876000000000000E-002  1.375752364574377E-011
  2.878000000000000E-002  1.375752364574377E-011
  2.880000000000000E-002  1.375752364574377E-011
  2.882000000000000E-002  1.375752364574377E-011
  2.884000000000000E-002  1.375752364574377E-011
  2.886000000000000E-002  1.375752364574377E-011
  2.888000000000000E-002  1.375752364574377E-011
  2.890000000000000E-002  1.375752364574377E-011
  2.892000000000000E-002  1.375752364574377E-011
  2.894000000000000E-002  1.375752364574377E-011
  2.896000000000000E-002  1.375752364574377E-011
  2.898000000000000E-002  1.375752364574377E-011
  2.900000000000000E-002  1.375752364574377E-011
  2.902000000000000E-002  1.375752364574377E-011
  2.904000000000000E-002  1.375752364574377E-011
  2.906000000000000E-002  1.375752364574377E-011
  2.908000000000000E-002  1.375752364574377E-011
  2.910000000000000E-002  1.375752364574377E-011
  2.912000000000000E-002  1.375752364574377E-011
  2.914000000000000E-002  1.375752364574377E-011
  2.916000000000000E-002  1.375752364574377E-011
  2.918000000000000E-002  1.375752364574377E-011
  2.920000000000000E-002  1.375752364574377E-011
  2.922000000000000E-002  1.375752364574377E-011
  2.924000000000000E-002  1.375752364574377E-011
  2.926000000000000E-002  1.375752364574377E-011
  2.928000000000000E-002  1.375752364574377E-011
  2.930000000000000E-002  1.375752364574377E-011
  2.932000000000000E-002  1.375752364574377E-011
  2.934000000000000E-002  1.375752364574377E-011
  2.936000000000000E-002  1.375752364574377E-011
  2.938000000000000E-002  1.375752364574377E-011
  2.940000000000000E-002  1.375752364574377E-011
  2.942000000000000E-002  1.375752364574377E-011
  2.944000000000000E-002  1.375752364574377E-011
  2.946000000000000E-002  1.375752364574377E-011
  2.948000000000000E-002  1.375752364574377E-011
  2.950000000000000E-002  1.375752364574377E-011
  2.952000000000000E-002  1.375752364574377E-011
  2.954000000000000E-002  1.375752364574377E-011
  2.956000000000000E-002  1.375752364574377E-011
  2.958000000000000E-002  1.375752364574377E-011
  2.960000000000000E-002  1.375752364574377E-011
  2.962000000000000E-002  1.375752364574377E-011
  2.964000000000000E-002  1.375752364574377E-011
  2.966000000000000E-002  1.375752364574377E-011
  2.968000000000000E-002  1.375752364574377E-011
  2.970000000000000E-002  1.375752364574377E-011
  2.972000000000000E-002  1.375752364574377E-011
  2.974000000000000E-002  1.375752364574377E-011
  2.976000000000000E-002  1.375752364574377E-011
  2.978000000000000E-002  1.375752364574377E-011
  2.980000000000000E-002  1.375752364574377E-011
  2.982000000000000E-002  1.375752364574377E-011
  2.984000000000000E-002  1.375752364574377E-011
  2.986000000000000E-002  1.375752364574377E-011
  2.988000000000000E-002  1.375752364574377E-011
  2.990000000000000E-002  1.375752364574377E-011
  2.992000000000000E-002  1.375752364574377E-011
  2.994000000000000E-002  1.375752364574377E-011
  2.996000000000000E-002  1.375752364574377E-011
  2.998000000000000E-002  1.375752364574377E-011
  3.000000000000000E-002  1.375752364574377E-011
  3.002000000000000E-002  1.375752364574377E-011
  3.004000000000000E-002  1.375752364574377E-011
  3.006000000000000E-002  1.375752364574377E-011
  3.008000000000000E-002  1.375752364574377E-011
  3.010000000000000E-002  1.375752364574377E-011
  3.012000000000000E-002  1.375752364574377E-011
  3.014000000000000E-002  1.375752364574377E-011
  3.016000000000000E-002  1.375752364574377E-011
  3.018000000000000E-002  1.375752364574377E-011
  3.020000000000000E-002  1.375752364574377E-011
  3.022000000000000E-002  1.375752364574377E-011
  3.024000000000000E-002  1.375752364574377E-011
  3.026000000000000E-002  1.375752364574377E-011
  3.028000000000000E-002  1.375752364574377E-011
  3.030000000000000E-002  1.375752364574377E-011
  3.032000000000000E-002  1.375752364574377E-011
  3.034000000000000E-002  1.375752364574377E-011
  3.036000000000000E-002  1.375752364574377E-011
  3.038000000000000E-002  1.375752364574377E-011
  3.040000000000000E-002  1.375752364574377E-011
  3.042000000000000E-002  1.375752364574377E-011
  3.044000000000000E-002  1.375752364574377E-011
  3.046000000000000E-002  1.375752364574377E-011
  3.048000000000000E-002  1.375752364574377E-011
  3.050000000000000E-002  1.375752364574377E-011
  3.052000000000000E-002  1.375752364574377E-011
  3.054000000000000E-002  1.375752364574377E-011
  3.056000000000000E-002  1.375752364574377E-011
  3.058000000000000E-002  1.375752364574377E-011
  3.060000000000000E-002  1.375752364574377E-011
  3.062000000000000E-002  1.375752364574377E-011
  3.064000000000000E-002  1.375752364574377E-011
  3.066000000000000E-002  1.375752364574377E-011
  3.068000000000000E-002  1.375752364574377E-011
  3.070000000000000E-002  1.375752364574377E-011
  3.072000000000000E-002  1.375752364574377E-011
  3.074000000000000E-002  1.375752364574377E-011
  3.076000000000000E-002  1.375752364574377E-011
  3.078000000000000E-002  1.375752364574377E-011
  3.080000000000000E-002  1.375752364574377E-011
  3.082000000000000E-002  1.375752364574377E-011
  3.084000000000000E-002  1.375752364574377E-011
  3.086000000000000E-002  1.375752364574377E-011
  3.088000000000000E-002  1.375752364574377E-011
  3.090000000000000E-002  1.375752364574377E-011
  3.092000000000000E-002  1.375752364574377E-011
  3.094000000000000E-002  1.375752364574377E-011
  3.096000000000000E-002  1.375752364574377E-011
  3.098000000000000E-002  1.375752364574377E-011
  3.100000000000000E-002  1.375752364574377E-011
  3.102000000000000E-002  1.375752364574377E-011
  3.104000000000000E-002  1.375752364574377E-011
  3.106000000000000E-002  1.375752364574377E-011
  3.108000000000000E-002  1.375752364574377E-011
  3.110000000000000E-002  1.375752364574377E-011
  3.112000000000000E-002  1.375752364574377E-011
  3.114000000000000E-002  1.375752364574377E-011
  3.116000000000000E-002  1.375752364574377E-011
  3.118000000000000E-002  1.375752364574377E-011
  3.120000000000000E-002  1.375752364574377E-011
  3.122000000000000E-002  1.375752364574377E-011
  3.124000000000000E-002  1.375752364574377E-011
  3.126000000000000E-002  1.375752364574377E-011
  3.128000000000000E-002  1.375752364574377E-011
  3.130000000000000E-002  1.375752364574377E-011
  3.132000000000000E-002  1.375752364574377E-011
  3.134000000000000E-002  1.375752364574377E-011
  3.136000000000001E-002  1.375752364574377E-011
  3.138000000000001E-002  1.375752364574377E-011
  3.140000000000000E-002  1.375752364574377E-011
  3.142000000000000E-002  1.375752364574377E-011
  3.144000000000000E-002  1.375752364574377E-011
  3.146000000000000E-002  1.375752364574377E-011
  3.148000000000000E-002  1.375752364574377E-011
  3.150000000000000E-002  1.375752364574377E-011
  3.152000000000000E-002  1.375752364574377E-011
  3.154000000000001E-002  1.375752364574377E-011
  3.156000000000000E-002  1.375752364574377E-011
  3.158000000000000E-002  1.375752364574377E-011
  3.160000000000000E-002  1.375752364574377E-011
  3.162000000000000E-002  1.375752364574377E-011
  3.164000000000000E-002  1.375752364574377E-011
  3.166000000000000E-002  1.375752364574377E-011
  3.168000000000000E-002  1.375752364574377E-011
  3.170000000000001E-002  1.375752364574377E-011
  3.172000000000001E-002  1.375752364574377E-011
  3.174000000000000E-002  1.375752364574377E-011
  3.176000000000000E-002  1.375752364574377E-011
  3.178000000000000E-002  1.375752364574377E-011
  3.180000000000000E-002  1.375752364574377E-011
  3.182000000000000E-002  1.375752364574377E-011
  3.184000000000000E-002  1.375752364574377E-011
  3.186000000000000E-002  1.375752364574377E-011
  3.188000000000001E-002  1.375752364574377E-011
  3.190000000000000E-002  1.375752364574377E-011
  3.192000000000000E-002  1.375752364574377E-011
  3.194000000000000E-002  1.375752364574377E-011
  3.196000000000000E-002  1.375752364574377E-011
  3.198000000000000E-002  1.375752364574377E-011
  3.200000000000000E-002  1.375752364574377E-011
  3.202000000000000E-002  1.375752364574377E-011
  3.204000000000001E-002  1.375752364574377E-011
  3.206000000000001E-002  1.375752364574377E-011
  3.208000000000000E-002  1.375752364574377E-011
  3.210000000000000E-002  1.375752364574377E-011
  3.212000000000000E-002  1.375752364574377E-011
  3.214000000000000E-002  1.375752364574377E-011
  3.216000000000000E-002  1.375752364574377E-011
  3.218000000000000E-002  1.375752364574377E-011
  3.220000000000000E-002  1.375752364574377E-011
  3.222000000000001E-002  1.375752364574377E-011
  3.224000000000000E-002  1.375752364574377E-011
  3.226000000000000E-002  1.375752364574377E-011
  3.228000000000000E-002  1.375752364574377E-011
  3.230000000000000E-002  1.375752364574377E-011
  3.232000000000000E-002  1.375752364574377E-011
  3.234000000000000E-002  1.375752364574377E-011
  3.236000000000000E-002  1.375752364574377E-011
  3.238000000000001E-002  1.375752364574377E-011
  3.240000000000001E-002  1.375752364574377E-011
  3.242000000000000E-002  1.375752364574377E-011
  3.244000000000000E-002  1.375752364574377E-011
  3.246000000000000E-002  1.375752364574377E-011
  3.248000000000000E-002  1.375752364574377E-011
  3.250000000000000E-002  1.375752364574377E-011
  3.252000000000000E-002  1.375752364574377E-011
  3.254000000000000E-002  1.375752364574377E-011
  3.256000000000001E-002  1.375752364574377E-011
  3.258000000000000E-002  1.375752364574377E-011
  3.260000000000000E-002  1.375752364574377E-011
  3.262000000000000E-002  1.375752364574377E-011
  3.264000000000000E-002  1.375752364574377E-011
  3.266000000000000E-002  1.375752364574377E-011
  3.268000000000000E-002  1.375752364574377E-011
  3.270000000000000E-002  1.375752364574377E-011
  3.272000000000001E-002  1.375752364574377E-011
  3.274000000000001E-002  1.375752364574377E-011
  3.276000000000000E-002  1.375752364574377E-011
  3.278000000000000E-002  1.375752364574377E-011
  3.280000000000000E-002  1.375752364574377E-011
  3.282000000000000E-002  1.375752364574377E-011
  3.284000000000000E-002  1.375752364574377E-011
  3.286000000000000E-002  1.375752364574377E-011
  3.288000000000000E-002  1.375752364574377E-011
  3.290000000000001E-002  1.375752364574377E-011
  3.292000000000000E-002  1.375752364574377E-011
  3.294000000000000E-002  1.375752364574377E-011
  3.296000000000000E-002  1.375752364574377E-011
  3.298000000000000E-002  1.375752364574377E-011
  3.300000000000000E-002  1.375752364574377E-011
  3.302000000000000E-002  1.375752364574377E-011
  3.304000000000000E-002  1.375752364574377E-011
  3.306000000000001E-002  1.375752364574377E-011
  3.308000000000001E-002  1.375752364574377E-011
  3.310000000000000E-002  1.375752364574377E-011
  3.312000000000000E-002  1.375752364574377E-011
  3.314000000000000E-002  1.375752364574377E-011
  3.316000000000000E-002  1.375752364574377E-011
  3.318000000000000E-002  1.375752364574377E-011
  3.320000000000000E-002  1.375752364574377E-011
  3.322000000000000E-002  1.375752364574377E-011
  3.324000000000001E-002  1.375752364574377E-011
  3.326000000000000E-002  1.375752364574377E-011
  3.328000000000000E-002  1.375752364574377E-011
  3.330000000000000E-002  1.375752364574377E-011
  3.332000000000000E-002  1.375752364574377E-011
  3.334000000000000E-002  1.375752364574377E-011
  3.336000000000000E-002  1.375752364574377E-011
  3.338000000000000E-002  1.375752364574377E-011
  3.340000000000001E-002  1.375752364574377E-011
  3.342000000000001E-002  1.375752364574377E-011
  3.344000000000000E-002  1.375752364574377E-011
  3.346000000000000E-002  1.375752364574377E-011
  3.348000000000000E-002  1.375752364574377E-011
  3.350000000000000E-002  1.375752364574377E-011
  3.352000000000000E-002  1.375752364574377E-011
  3.354000000000000E-002  1.375752364574377E-011
  3.356000000000000E-002  1.375752364574377E-011
  3.358000000000001E-002  1.375752364574377E-011
  3.360000000000000E-002  1.375752364574377E-011
  3.362000000000000E-002  1.375752364574377E-011
  3.364000000000000E-002  1.375752364574377E-011
  3.366000000000000E-002  1.375752364574377E-011
  3.368000000000000E-002  1.375752364574377E-011
  3.370000000000000E-002  1.375752364574377E-011
  3.372000000000000E-002  1.375752364574377E-011
  3.374000000000001E-002  1.375752364574377E-011
  3.376000000000001E-002  1.375752364574377E-011
  3.378000000000000E-002  1.375752364574377E-011
  3.380000000000000E-002  1.375752364574377E-011
  3.382000000000000E-002  1.375752364574377E-011
  3.384000000000000E-002  1.375752364574377E-011
  3.386000000000000E-002  1.375752364574377E-011
  3.388000000000000E-002  1.375752364574377E-011
  3.390000000000000E-002  1.375752364574377E-011
  3.392000000000001E-002  1.375752364574377E-011
  3.394000000000000E-002  1.375752364574377E-011
  3.396000000000000E-002  1.375752364574377E-011
  3.398000000000000E-002  1.375752364574377E-011
  3.400000000000000E-002  1.375752364574377E-011
  3.402000000000000E-002  1.375752364574377E-011
  3.404000000000000E-002  1.375752364574377E-011
  3.406000000000000E-002  1.375752364574377E-011
  3.408000000000001E-002  1.375752364574377E-011
  3.410000000000001E-002  1.375752364574377E-011
  3.412000000000000E-002  1.375752364574377E-011
  3.414000000000000E-002  1.375752364574377E-011
  3.416000000000000E-002  1.375752364574377E-011
  3.418000000000000E-002  1.375752364574377E-011
  3.420000000000000E-002  1.375752364574377E-011
  3.422000000000000E-002  1.375752364574377E-011
  3.424000000000000E-002  1.375752364574377E-011
  3.426000000000001E-002  1.375752364574377E-011
  3.428000000000000E-002  1.375752364574377E-011
  3.430000000000000E-002  1.375752364574377E-011
  3.432000000000000E-002  1.375752364574377E-011
  3.434000000000000E-002  1.375752364574377E-011
  3.436000000000000E-002  1.375752364574377E-011
  3.438000000000000E-002  1.375752364574377E-011
  3.440000000000000E-002  1.375752364574377E-011
  3.442000000000001E-002  1.375752364574377E-011
  3.444000000000001E-002  1.375752364574377E-011
  3.446000000000000E-002  1.375752364574377E-011
  3.448000000000000E-002  1.375752364574377E-011
  3.450000000000000E-002  1.375752364574377E-011
  3.452000000000000E-002  1.375752364574377E-011
  3.454000000000000E-002  1.375752364574377E-011
  3.456000000000000E-002  1.375752364574377E-011
  3.458000000000000E-002  1.375752364574377E-011
  3.460000000000001E-002  1.375752364574377E-011
  3.462000000000000E-002  1.375752364574377E-011
  3.464000000000000E-002  1.375752364574377E-011
  3.466000000000000E-002  1.375752364574377E-011
  3.468000000000000E-002  1.375752364574377E-011
  3.470000000000000E-002  1.375752364574377E-011
  3.472000000000000E-002  1.375752364574377E-011
  3.474000000000000E-002  1.375752364574377E-011
  3.476000000000001E-002  1.375752364574377E-011
  3.478000000000001E-002  1.375752364574377E-011
  3.480000000000000E-002  1.375752364574377E-011
  3.482000000000000E-002  1.375752364574377E-011
  3.484000000000000E-002  1.375752364574377E-011
  3.486000000000000E-002  1.375752364574377E-011
  3.488000000000000E-002  1.375752364574377E-011
  3.490000000000000E-002  1.375752364574377E-011
  3.492000000000000E-002  1.375752364574377E-011
  3.494000000000001E-002  1.375752364574377E-011
  3.496000000000000E-002  1.375752364574377E-011
  3.498000000000000E-002  1.375752364574377E-011
  3.500000000000000E-002  1.375752364574377E-011
  3.502000000000000E-002  1.375752364574377E-011
  3.504000000000000E-002  1.375752364574377E-011
  3.506000000000000E-002  1.375752364574377E-011
  3.508000000000000E-002  1.375752364574377E-011
  3.510000000000001E-002  1.375752364574377E-011
  3.512000000000001E-002  1.375752364574377E-011
  3.514000000000000E-002  1.375752364574377E-011
  3.516000000000000E-002  1.375752364574377E-011
  3.518000000000000E-002  1.375752364574377E-011
  3.520000000000000E-002  1.375752364574377E-011
  3.522000000000000E-002  1.375752364574377E-011
  3.524000000000000E-002  1.375752364574377E-011
  3.526000000000000E-002  1.375752364574377E-011
  3.528000000000001E-002  1.375752364574377E-011
  3.530000000000000E-002  1.375752364574377E-011
  3.532000000000000E-002  1.375752364574377E-011
  3.534000000000000E-002  1.375752364574377E-011
  3.536000000000000E-002  1.375752364574377E-011
  3.538000000000000E-002  1.375752364574377E-011
  3.540000000000000E-002  1.375752364574377E-011
  3.542000000000000E-002  1.375752364574377E-011
  3.544000000000001E-002  1.375752364574377E-011
  3.546000000000001E-002  1.375752364574377E-011
  3.548000000000000E-002  1.375752364574377E-011
  3.550000000000000E-002  1.375752364574377E-011
  3.552000000000000E-002  1.375752364574377E-011
  3.554000000000000E-002  1.375752364574377E-011
  3.556000000000000E-002  1.375752364574377E-011
  3.558000000000000E-002  1.375752364574377E-011
  3.560000000000000E-002  1.375752364574377E-011
  3.562000000000001E-002  1.375752364574377E-011
  3.564000000000001E-002  1.375752364574377E-011
  3.566000000000000E-002  1.375752364574377E-011
  3.568000000000000E-002  1.375752364574377E-011
  3.570000000000000E-002  1.375752364574377E-011
  3.572000000000000E-002  1.375752364574377E-011
  3.574000000000000E-002  1.375752364574377E-011
  3.576000000000000E-002  1.375752364574377E-011
  3.578000000000001E-002  1.375752364574377E-011
  3.580000000000001E-002  1.375752364574377E-011
  3.582000000000000E-002  1.375752364574377E-011
  3.584000000000000E-002  1.375752364574377E-011
  3.586000000000000E-002  1.375752364574377E-011
  3.588000000000000E-002  1.375752364574377E-011
  3.590000000000000E-002  1.375752364574377E-011
  3.592000000000000E-002  1.375752364574377E-011
  3.594000000000000E-002  1.375752364574377E-011
  3.596000000000001E-002  1.375752364574377E-011
  3.598000000000001E-002  1.375752364574377E-011
  3.600000000000000E-002  1.375752364574377E-011
  3.602000000000000E-002  1.375752364574377E-011
  3.604000000000000E-002  1.375752364574377E-011
  3.606000000000000E-002  1.375752364574377E-011
  3.608000000000000E-002  1.375752364574377E-011
  3.610000000000000E-002  1.375752364574377E-011
  3.612000000000001E-002  1.375752364574377E-011
  3.614000000000001E-002  1.375752364574377E-011
  3.616000000000000E-002  1.375752364574377E-011
  3.618000000000000E-002  1.375752364574377E-011
  3.620000000000000E-002  1.375752364574377E-011
  3.622000000000000E-002  1.375752364574377E-011
  3.624000000000000E-002  1.375752364574377E-011
  3.626000000000000E-002  1.375752364574377E-011
  3.628000000000000E-002  1.375752364574377E-011
  3.630000000000001E-002  1.375752364574377E-011
  3.632000000000001E-002  1.375752364574377E-011
  3.634000000000000E-002  1.375752364574377E-011
  3.636000000000000E-002  1.375752364574377E-011
  3.638000000000000E-002  1.375752364574377E-011
  3.640000000000000E-002  1.375752364574377E-011
  3.642000000000000E-002  1.375752364574377E-011
  3.644000000000000E-002  1.375752364574377E-011
  3.646000000000001E-002  1.375752364574377E-011
  3.648000000000001E-002  1.375752364574377E-011
  3.650000000000000E-002  1.375752364574377E-011
  3.652000000000000E-002  1.375752364574377E-011
  3.654000000000000E-002  1.375752364574377E-011
  3.656000000000000E-002  1.375752364574377E-011
  3.658000000000000E-002  1.375752364574377E-011
  3.660000000000000E-002  1.375752364574377E-011
  3.662000000000000E-002  1.375752364574377E-011
  3.664000000000001E-002  1.375752364574377E-011
  3.666000000000001E-002  1.375752364574377E-011
  3.668000000000000E-002  1.375752364574377E-011
  3.670000000000000E-002  1.375752364574377E-011
  3.672000000000000E-002  1.375752364574377E-011
  3.674000000000000E-002  1.375752364574377E-011
  3.676000000000000E-002  1.375752364574377E-011
  3.678000000000000E-002  1.375752364574377E-011
  3.680000000000001E-002  1.375752364574377E-011
  3.682000000000001E-002  1.375752364574377E-011
  3.684000000000000E-002  1.375752364574377E-011
  3.686000000000000E-002  1.375752364574377E-011
  3.688000000000000E-002  1.375752364574377E-011
  3.690000000000000E-002  1.375752364574377E-011
  3.692000000000000E-002  1.375752364574377E-011
  3.694000000000000E-002  1.375752364574377E-011
  3.696000000000000E-002  1.375752364574377E-011
  3.698000000000001E-002  1.375752364574377E-011
  3.700000000000001E-002  1.375752364574377E-011
  3.702000000000000E-002  1.375752364574377E-011
  3.704000000000000E-002  1.375752364574377E-011
  3.706000000000000E-002  1.375752364574377E-011
  3.708000000000000E-002  1.375752364574377E-011
  3.710000000000000E-002  1.375752364574377E-011
  3.712000000000000E-002  1.375752364574377E-011
  3.714000000000001E-002  1.375752364574377E-011
  3.716000000000001E-002  1.375752364574377E-011
  3.718000000000000E-002  1.375752364574377E-011
  3.720000000000000E-002  1.375752364574377E-011
  3.722000000000000E-002  1.375752364574377E-011
  3.724000000000000E-002  1.375752364574377E-011
  3.726000000000000E-002  1.375752364574377E-011
  3.728000000000000E-002  1.375752364574377E-011
  3.730000000000000E-002  1.375752364574377E-011
  3.732000000000001E-002  1.375752364574377E-011
  3.734000000000001E-002  1.375752364574377E-011
  3.736000000000000E-002  1.375752364574377E-011
  3.738000000000000E-002  1.375752364574377E-011
  3.740000000000000E-002  1.375752364574377E-011
  3.742000000000000E-002  1.375752364574377E-011
  3.744000000000000E-002  1.375752364574377E-011
  3.746000000000000E-002  1.375752364574377E-011
  3.748000000000001E-002  1.375752364574377E-011
  3.750000000000001E-002  1.375752364574377E-011
  3.752000000000000E-002  1.375752364574377E-011
  3.754000000000000E-002  1.375752364574377E-011
  3.756000000000000E-002  1.375752364574377E-011
  3.758000000000000E-002  1.375752364574377E-011
  3.760000000000000E-002  1.375752364574377E-011
  3.762000000000000E-002  1.375752364574377E-011
  3.764000000000000E-002  1.375752364574377E-011
  3.766000000000001E-002  1.375752364574377E-011
  3.768000000000001E-002  1.375752364574377E-011
  3.770000000000000E-002  1.375752364574377E-011
  3.772000000000000E-002  1.375752364574377E-011
  3.774000000000000E-002  1.375752364574377E-011
  3.776000000000000E-002  1.375752364574377E-011
  3.778000000000000E-002  1.375752364574377E-011
  3.780000000000000E-002  1.375752364574377E-011
  3.782000000000001E-002  1.375752364574377E-011
  3.784000000000001E-002  1.375752364574377E-011
  3.786000000000000E-002  1.375752364574377E-011
  3.788000000000000E-002  1.375752364574377E-011
  3.790000000000000E-002  1.375752364574377E-011
  3.792000000000000E-002  1.375752364574377E-011
  3.794000000000000E-002  1.375752364574377E-011
  3.796000000000000E-002  1.375752364574377E-011
  3.798000000000000E-002  1.375752364574377E-011
  3.800000000000001E-002  1.375752364574377E-011
  3.802000000000001E-002  1.375752364574377E-011
  3.804000000000000E-002  1.375752364574377E-011
  3.806000000000000E-002  1.375752364574377E-011
  3.808000000000000E-002  1.375752364574377E-011
  3.810000000000000E-002  1.375752364574377E-011
  3.812000000000000E-002  1.375752364574377E-011
  3.814000000000000E-002  1.375752364574377E-011
  3.816000000000001E-002  1.375752364574377E-011
  3.818000000000001E-002  1.375752364574377E-011
  3.820000000000000E-002  1.375752364574377E-011
  3.822000000000000E-002  1.375752364574377E-011
  3.824000000000000E-002  1.375752364574377E-011
  3.826000000000000E-002  1.375752364574377E-011
  3.828000000000000E-002  1.375752364574377E-011
  3.830000000000000E-002  1.375752364574377E-011
  3.832000000000000E-002  1.375752364574377E-011
  3.834000000000001E-002  1.375752364574377E-011
  3.836000000000001E-002  1.375752364574377E-011
  3.838000000000000E-002  1.375752364574377E-011
  3.840000000000000E-002  1.375752364574377E-011
  3.842000000000000E-002  1.375752364574377E-011
  3.844000000000000E-002  1.375752364574377E-011
  3.846000000000000E-002  1.375752364574377E-011
  3.848000000000000E-002  1.375752364574377E-011
  3.850000000000001E-002  1.375752364574377E-011
  3.852000000000001E-002  1.375752364574377E-011
  3.854000000000000E-002  1.375752364574377E-011
  3.856000000000000E-002  1.375752364574377E-011
  3.858000000000000E-002  1.375752364574377E-011
  3.860000000000000E-002  1.375752364574377E-011
  3.862000000000000E-002  1.375752364574377E-011
  3.864000000000000E-002  1.375752364574377E-011
  3.866000000000000E-002  1.375752364574377E-011
  3.868000000000001E-002  1.375752364574377E-011
  3.870000000000001E-002  1.375752364574377E-011
  3.872000000000000E-002  1.375752364574377E-011
  3.874000000000000E-002  1.375752364574377E-011
  3.876000000000000E-002  1.375752364574377E-011
  3.878000000000000E-002  1.375752364574377E-011
  3.880000000000000E-002  1.375752364574377E-011
  3.882000000000000E-002  1.375752364574377E-011
  3.884000000000001E-002  1.375752364574377E-011
  3.886000000000001E-002  1.375752364574377E-011
  3.888000000000000E-002  1.375752364574377E-011
  3.890000000000000E-002  1.375752364574377E-011
  3.892000000000000E-002  1.375752364574377E-011
  3.894000000000000E-002  1.375752364574377E-011
  3.896000000000000E-002  1.375752364574377E-011
  3.898000000000000E-002  1.375752364574377E-011
  3.900000000000000E-002  1.375752364574377E-011
  3.902000000000001E-002  1.375752364574377E-011
  3.904000000000001E-002  1.375752364574377E-011
  3.906000000000000E-002  1.375752364574377E-011
  3.908000000000000E-002  1.375752364574377E-011
  3.910000000000000E-002  1.375752364574377E-011
  3.912000000000000E-002  1.375752364574377E-011
  3.914000000000000E-002  1.375752364574377E-011
  3.916000000000000E-002  1.375752364574377E-011
  3.918000000000001E-002  1.375752364574377E-011
  3.920000000000001E-002  1.375752364574377E-011
  3.922000000000000E-002  1.375752364574377E-011
  3.924000000000000E-002  1.375752364574377E-011
  3.926000000000000E-002  1.375752364574377E-011
  3.928000000000000E-002  1.375752364574377E-011
  3.930000000000000E-002  1.375752364574377E-011
  3.932000000000000E-002  1.375752364574377E-011
  3.934000000000000E-002  1.375752364574377E-011
  3.936000000000001E-002  1.375752364574377E-011
  3.938000000000001E-002  1.375752364574377E-011
  3.940000000000000E-002  1.375752364574377E-011
  3.942000000000000E-002  1.375752364574377E-011
  3.944000000000000E-002  1.375752364574377E-011
  3.946000000000000E-002  1.375752364574377E-011
  3.948000000000000E-002  1.375752364574377E-011
  3.950000000000000E-002  1.375752364574377E-011
  3.952000000000001E-002  1.375752364574377E-011
  3.954000000000001E-002  1.375752364574377E-011
  3.956000000000000E-002  1.375752364574377E-011
  3.958000000000000E-002  1.375752364574377E-011
  3.960000000000000E-002  1.375752364574377E-011
  3.962000000000000E-002  1.375752364574377E-011
  3.964000000000000E-002  1.375752364574377E-011
  3.966000000000000E-002  1.375752364574377E-011
  3.968000000000000E-002  1.375752364574377E-011
  3.970000000000001E-002  1.375752364574377E-011
  3.972000000000001E-002  1.375752364574377E-011
  3.974000000000000E-002  1.375752364574377E-011
  3.976000000000000E-002  1.375752364574377E-011
  3.978000000000000E-002  1.375752364574377E-011
  3.980000000000000E-002  1.375752364574377E-011
  3.982000000000000E-002  1.375752364574377E-011
  3.984000000000000E-002  1.375752364574377E-011
  3.986000000000001E-002  1.375752364574377E-011
  3.988000000000001E-002  1.375752364574377E-011
  3.990000000000000E-002  1.375752364574377E-011
  3.992000000000000E-002  1.375752364574377E-011
  3.994000000000000E-002  1.375752364574377E-011
  3.996000000000000E-002  1.375752364574377E-011
  3.998000000000000E-002  1.375752364574377E-011
  4.000000000000000E-002  1.375754016018804E-011
