  0.000000000000000E+000  6.118102317530011E-012
  2.000000000000000E-005  6.449702549187293E-012
  4.000000000000000E-005  6.495002930263949E-012
  6.000000000000001E-005  6.498167219689551E-012
  8.000000000000001E-005  6.501111160498799E-012
  1.000000000000000E-004  6.504053652629542E-012
  1.200000000000000E-004  6.506994975278644E-012
  1.400000000000000E-004  6.509935602587744E-012
  1.600000000000000E-004  6.512876139862747E-012
  1.800000000000000E-004  6.515817193923791E-012
  2.000000000000000E-004  6.518759222865974E-012
  2.200000000000000E-004  6.521702388056092E-012
  2.400000000000000E-004  6.524646458287573E-012
  2.600000000000000E-004  6.527590817181180E-012
  2.800000000000000E-004  6.530534569548910E-012
  3.000000000000000E-004  6.533476690109580E-012
  3.200000000000000E-004  6.536416159256379E-012
  3.400000000000000E-004  6.539352065388835E-012
  3.600000000000000E-004  6.542283669601793E-012
  3.800000000000000E-004  6.545210431126864E-012
  4.000000000000000E-004  6.548131994207561E-012
  4.200000000000000E-004  6.551048147088853E-012
  4.400000000000000E-004  6.553958777190234E-012
  4.600000000000000E-004  6.556863838207377E-012
  4.800000000000001E-004  6.559763338235889E-012
  5.000000000000000E-004  6.562657332369767E-012
  5.200000000000001E-004  6.565545906656456E-012
  5.400000000000000E-004  6.568429158733435E-012
  5.600000000000001E-004  6.571307186782798E-012
  5.800000000000000E-004  6.574180090432692E-012
  6.000000000000001E-004  6.577047972126590E-012
  6.200000000000000E-004  6.579910928694669E-012
  6.400000000000001E-004  6.582769037127331E-012
  6.600000000000001E-004  6.585622344574474E-012
  6.800000000000000E-004  6.588470866545880E-012
  7.000000000000001E-004  6.591314589343174E-012
  7.200000000000000E-004  6.594153474798631E-012
  7.400000000000001E-004  6.596987468887078E-012
  7.600000000000000E-004  6.599816511516779E-012
  7.800000000000001E-004  6.602640547745703E-012
  8.000000000000000E-004  6.605459538553131E-012
  8.200000000000001E-004  6.608273484315468E-012
  8.400000000000000E-004  6.611082455229827E-012
  8.600000000000001E-004  6.613886620536564E-012
  8.800000000000000E-004  6.616686255258770E-012
  9.000000000000001E-004  6.619481728337054E-012
  9.200000000000000E-004  6.622273503452584E-012
  9.400000000000001E-004  6.625062248048772E-012
  9.600000000000001E-004  6.627849277331103E-012
  9.800000000000002E-004  6.630636481616158E-012
  1.000000000000000E-003  6.633426303861800E-012
  1.020000000000000E-003  6.636219343445035E-012
  1.040000000000000E-003  6.639016526350199E-012
  1.060000000000000E-003  6.641818726012185E-012
  1.080000000000000E-003  6.644626817673000E-012
  1.100000000000000E-003  6.647440836658640E-012
  1.120000000000000E-003  6.650260679364272E-012
  1.140000000000000E-003  6.653086224722569E-012
  1.160000000000000E-003  6.655917513848946E-012
  1.180000000000000E-003  6.658755084859794E-012
  1.200000000000000E-003  6.661599930109595E-012
  1.220000000000000E-003  6.664452818885122E-012
  1.240000000000000E-003  6.667313873457312E-012
  1.260000000000000E-003  6.670183089100644E-012
  1.280000000000000E-003  6.673061103893176E-012
  1.300000000000000E-003  6.675949436730288E-012
  1.320000000000000E-003  6.678849977432463E-012
  1.340000000000000E-003  6.681764045294196E-012
  1.360000000000000E-003  6.684697084607180E-012
  1.380000000000000E-003  6.687645738802776E-012
  1.400000000000000E-003  6.690610035662570E-012
  1.420000000000000E-003  6.693592828146019E-012
  1.440000000000000E-003  6.696585023440800E-012
  1.460000000000000E-003  6.699584286477233E-012
  1.480000000000000E-003  6.702592785984236E-012
  1.500000000000000E-003  6.705611238605943E-012
  1.520000000000000E-003  6.708645870993974E-012
  1.540000000000000E-003  6.711695447882584E-012
  1.560000000000000E-003  6.714756646009545E-012
  1.580000000000000E-003  6.717831075388447E-012
  1.600000000000000E-003  6.720919274243074E-012
  1.620000000000000E-003  6.724020884749012E-012
  1.640000000000000E-003  6.727135134861902E-012
  1.660000000000000E-003  6.730261309625345E-012
  1.680000000000000E-003  6.733399063288622E-012
  1.700000000000000E-003  6.736548438397229E-012
  1.720000000000000E-003  6.739709717604315E-012
  1.740000000000000E-003  6.742883098407106E-012
  1.760000000000000E-003  6.746068292768999E-012
  1.780000000000000E-003  6.749264339438620E-012
  1.800000000000000E-003  6.752469679338404E-012
  1.820000000000000E-003  6.755682461420519E-012
  1.840000000000000E-003  6.758901039020983E-012
  1.860000000000000E-003  6.762124261452390E-012
  1.880000000000000E-003  6.765351276504312E-012
  1.900000000000000E-003  6.768582661251564E-012
  1.920000000000000E-003  6.771823833557542E-012
  1.940000000000000E-003  6.775129150861795E-012
  1.960000000000000E-003  6.778834742416243E-012
  1.980000000000000E-003  6.782721901503195E-012
  2.000000000000000E-003  6.784964747960474E-012
  2.020000000000000E-003  6.783792822264344E-012
  2.040000000000000E-003  6.761471927886375E-012
  2.060000000000000E-003  6.615522765750957E-012
  2.080000000000000E-003  6.314321484811098E-012
  2.100000000000000E-003  6.165403714323953E-012
  2.120000000000000E-003  6.125933954196438E-012
  2.140000000000000E-003  6.117423764649309E-012
  2.160000000000000E-003  6.116529014996791E-012
  2.180000000000000E-003  6.117675260819013E-012
  2.200000000000000E-003  6.121099540578721E-012
  2.220000000000000E-003  6.124343300359757E-012
  2.240000000000000E-003  6.127260900931270E-012
  2.260000000000000E-003  6.130190322623650E-012
  2.280000000000000E-003  6.133238878014888E-012
  2.300000000000000E-003  6.136423326203218E-012
  2.320000000000000E-003  6.139609079808043E-012
  2.340000000000000E-003  6.142685310735832E-012
  2.360000000000000E-003  6.145679733723055E-012
  2.380000000000000E-003  6.148665935747752E-012
  2.400000000000000E-003  6.151739027687276E-012
  2.420000000000000E-003  6.154971350471118E-012
  2.440000000000000E-003  6.158347314877442E-012
  2.460000000000000E-003  6.161770323502398E-012
  2.480000000000000E-003  6.165161220579450E-012
  2.500000000000000E-003  6.168513041897812E-012
  2.520000000000000E-003  6.171810681868807E-012
  2.540000000000000E-003  6.175036067919099E-012
  2.560000000000000E-003  6.178161942573824E-012
  2.580000000000000E-003  6.181169482914584E-012
  2.600000000000000E-003  6.184085340690364E-012
  2.620000000000000E-003  6.186990193670339E-012
  2.640000000000000E-003  6.189933373027498E-012
  2.660000000000000E-003  6.192965137198533E-012
  2.680000000000000E-003  6.196111013882609E-012
  2.700000000000000E-003  6.199343675317293E-012
  2.720000000000000E-003  6.202596156730517E-012
  2.740000000000000E-003  6.205833441449024E-012
  2.760000000000000E-003  6.209039431111993E-012
  2.780000000000000E-003  6.212196807391540E-012
  2.800000000000000E-003  6.215290785698455E-012
  2.820000000000000E-003  6.218322295557638E-012
  2.840000000000000E-003  6.221320453598553E-012
  2.860000000000000E-003  6.224322837156316E-012
  2.880000000000000E-003  6.227370142573367E-012
  2.900000000000000E-003  6.230543832439681E-012
  2.920000000000000E-003  6.233887912257951E-012
  2.940000000000000E-003  6.237394696737191E-012
  2.960000000000000E-003  6.241076291541263E-012
  2.980000000000000E-003  6.244957544650051E-012
  3.000000000000000E-003  6.249083484106777E-012
  3.020000000000000E-003  6.253262992059960E-012
  3.040000000000000E-003  6.257090532223921E-012
  3.060000000000000E-003  6.260484841100637E-012
  3.080000000000000E-003  6.263260082373003E-012
  3.100000000000000E-003  6.265238730716008E-012
  3.120000000000000E-003  6.266458714742931E-012
  3.140000000000000E-003  6.266938129634845E-012
  3.160000000000000E-003  6.267096493858365E-012
  3.180000000000000E-003  6.266715137443175E-012
  3.200000000000000E-003  6.265143630001541E-012
  3.220000000000000E-003  6.261563664777883E-012
  3.240000000000000E-003  6.254995895995604E-012
  3.260000000000000E-003  6.244390397275756E-012
  3.280000000000000E-003  6.228641142027256E-012
  3.300000000000000E-003  6.206539564996729E-012
  3.320000000000000E-003  6.176681029592138E-012
  3.340000000000000E-003  6.141693622834204E-012
  3.360000000000000E-003  6.112978022975071E-012
  3.380000000000000E-003  6.093517204778648E-012
  3.400000000000000E-003  6.081463023983753E-012
  3.420000000000000E-003  6.074684276434293E-012
  3.440000000000000E-003  6.071374320133000E-012
  3.460000000000000E-003  6.070121614648947E-012
  3.480000000000000E-003  6.070193910842943E-012
  3.500000000000000E-003  6.072089426378268E-012
  3.520000000000000E-003  6.075849947782604E-012
  3.540000000000000E-003  6.079847129017289E-012
  3.560000000000000E-003  6.083556375279280E-012
  3.580000000000000E-003  6.087005759459655E-012
  3.600000000000000E-003  6.090266161770905E-012
  3.620000000000000E-003  6.093412848873443E-012
  3.640000000000000E-003  6.096510640354541E-012
  3.660000000000000E-003  6.099601240062532E-012
  3.680000000000000E-003  6.102704250262446E-012
  3.700000000000000E-003  6.105813971550518E-012
  3.720000000000000E-003  6.108907673053848E-012
  3.740000000000000E-003  6.111959721653578E-012
  3.760000000000000E-003  6.114960448778870E-012
  3.780000000000000E-003  6.117891566805043E-012
  3.800000000000000E-003  6.120748660433927E-012
  3.820000000000000E-003  6.123543167636807E-012
  3.840000000000001E-003  6.126277683775507E-012
  3.860000000000000E-003  6.128951685978677E-012
  3.880000000000000E-003  6.131558689917880E-012
  3.900000000000000E-003  6.134085686851289E-012
  3.920000000000001E-003  6.136516994607795E-012
  3.940000000000000E-003  6.138838480762595E-012
  3.960000000000000E-003  6.141041904595117E-012
  3.980000000000000E-003  6.143128014494198E-012
  4.000000000000000E-003  6.145108864125106E-012
  4.020000000000000E-003  6.147008771631488E-012
  4.040000000000000E-003  6.148858350106409E-012
  4.060000000000000E-003  6.150687130244409E-012
  4.080000000000000E-003  6.152517369338791E-012
  4.100000000000000E-003  6.154360685597683E-012
  4.120000000000000E-003  6.156221023053596E-012
  4.140000000000000E-003  6.158085217105294E-012
  4.160000000000001E-003  6.159948339139687E-012
  4.180000000000001E-003  6.161810809252907E-012
  4.200000000000001E-003  6.163674135070855E-012
  4.220000000000001E-003  6.165551951408369E-012
  4.240000000000001E-003  6.167458257002138E-012
  4.260000000000001E-003  6.169402892172265E-012
  4.280000000000000E-003  6.171391198068851E-012
  4.300000000000000E-003  6.173425116682044E-012
  4.320000000000000E-003  6.175501362600313E-012
  4.340000000000000E-003  6.177617204972880E-012
  4.360000000000000E-003  6.179768586964094E-012
  4.380000000000000E-003  6.181956767388859E-012
  4.400000000000000E-003  6.184191523116394E-012
  4.420000000000000E-003  6.186484963399090E-012
  4.440000000000000E-003  6.188847669113341E-012
  4.460000000000000E-003  6.191285319298544E-012
  4.480000000000000E-003  6.193798344522409E-012
  4.500000000000001E-003  6.196384587122686E-012
  4.520000000000001E-003  6.199041370350234E-012
  4.540000000000001E-003  6.201766190953352E-012
  4.560000000000001E-003  6.204550839947152E-012
  4.580000000000001E-003  6.207378019674803E-012
  4.600000000000001E-003  6.210230911057187E-012
  4.620000000000000E-003  6.213098325932319E-012
  4.640000000000000E-003  6.215979700132402E-012
  4.660000000000000E-003  6.218884050457399E-012
  4.680000000000000E-003  6.221821283496399E-012
  4.700000000000000E-003  6.224803276741845E-012
  4.720000000000000E-003  6.227838490619271E-012
  4.740000000000000E-003  6.230939548994296E-012
  4.760000000000000E-003  6.234126729947786E-012
  4.780000000000000E-003  6.237431346818610E-012
  4.800000000000000E-003  6.240857525147051E-012
  4.820000000000000E-003  6.244252659435270E-012
  4.840000000000001E-003  6.247511306920341E-012
  4.860000000000001E-003  6.250600484306249E-012
  4.880000000000001E-003  6.253502415351732E-012
  4.900000000000001E-003  6.256102393652496E-012
  4.920000000000001E-003  6.258220161065496E-012
  4.940000000000001E-003  6.259727450191961E-012
  4.960000000000000E-003  6.260582386016018E-012
  4.980000000000000E-003  6.260854500465193E-012
  5.000000000000000E-003  6.260652560395574E-012
  5.020000000000000E-003  6.259667196452493E-012
  5.040000000000000E-003  6.257514086742730E-012
  5.060000000000000E-003  6.253881673936272E-012
  5.080000000000000E-003  6.249012152602403E-012
  5.100000000000000E-003  6.244819773778179E-012
  5.120000000000000E-003  6.241969316953548E-012
  5.140000000000000E-003  6.240207794468752E-012
  5.160000000000001E-003  6.239230294902444E-012
  5.180000000000001E-003  6.238793832089476E-012
  5.200000000000001E-003  6.238954279045376E-012
  5.220000000000001E-003  6.239818746478920E-012
  5.240000000000001E-003  6.241593901003849E-012
  5.260000000000001E-003  6.244099163652684E-012
  5.280000000000001E-003  6.246882265021598E-012
  5.300000000000000E-003  6.249680756542813E-012
  5.320000000000000E-003  6.252449720637177E-012
  5.340000000000000E-003  6.255181350064686E-012
  5.360000000000000E-003  6.257861004028176E-012
  5.380000000000000E-003  6.260471978862811E-012
  5.400000000000000E-003  6.262997730435432E-012
  5.420000000000000E-003  6.265423580158076E-012
  5.440000000000000E-003  6.267737378417940E-012
  5.460000000000000E-003  6.269928032754339E-012
  5.480000000000000E-003  6.271985818844068E-012
  5.500000000000001E-003  6.273901969355927E-012
  5.520000000000001E-003  6.275670126529907E-012
  5.540000000000001E-003  6.277285696347833E-012
  5.560000000000001E-003  6.278745845990288E-012
  5.580000000000001E-003  6.280048650436860E-012
  5.600000000000001E-003  6.281191495981732E-012
  5.620000000000001E-003  6.282171524906263E-012
  5.640000000000000E-003  6.282989172204884E-012
  5.660000000000000E-003  6.283653911802919E-012
  5.680000000000000E-003  6.284195647926919E-012
  5.700000000000000E-003  6.284666658886413E-012
  5.720000000000000E-003  6.285126517233936E-012
  5.740000000000000E-003  6.285603445516123E-012
  5.760000000000000E-003  6.286145823365738E-012
  5.780000000000000E-003  6.286786880843416E-012
  5.800000000000000E-003  6.287531458851577E-012
  5.820000000000001E-003  6.288357394031471E-012
  5.840000000000001E-003  6.289181601783600E-012
  5.860000000000001E-003  6.289890149781983E-012
  5.880000000000001E-003  6.290364370056908E-012
  5.900000000000001E-003  6.290572479563522E-012
  5.920000000000001E-003  6.290536990479935E-012
  5.940000000000001E-003  6.290233379867223E-012
  5.960000000000001E-003  6.289502346145319E-012
  5.980000000000000E-003  6.288191976808559E-012
  6.000000000000000E-003  6.286132641502809E-012
  6.020000000000000E-003  6.283131551671414E-012
  6.040000000000000E-003  6.278967892693689E-012
  6.060000000000000E-003  6.273388368968329E-012
  6.080000000000000E-003  6.266102506364129E-012
  6.100000000000000E-003  6.256806241894343E-012
  6.120000000000000E-003  6.245350759311176E-012
  6.140000000000000E-003  6.233603557845687E-012
  6.160000000000001E-003  6.223350240159615E-012
  6.180000000000001E-003  6.214674049836624E-012
  6.200000000000001E-003  6.207452662569023E-012
  6.220000000000001E-003  6.201556236405104E-012
  6.240000000000001E-003  6.196845432292810E-012
  6.260000000000001E-003  6.193180950120429E-012
  6.280000000000001E-003  6.190412651012640E-012
  6.300000000000001E-003  6.188385916899182E-012
  6.320000000000000E-003  6.186928450954458E-012
  6.340000000000000E-003  6.185899621166123E-012
  6.360000000000000E-003  6.185169608917251E-012
  6.380000000000000E-003  6.184665114471627E-012
  6.400000000000000E-003  6.184301636616657E-012
  6.420000000000000E-003  6.184021502868497E-012
  6.440000000000000E-003  6.183850040523935E-012
  6.460000000000000E-003  6.183772932153239E-012
  6.480000000000001E-003  6.183969272981159E-012
  6.500000000000001E-003  6.184495564011606E-012
  6.520000000000001E-003  6.185259401205074E-012
  6.540000000000001E-003  6.186288656002629E-012
  6.560000000000001E-003  6.187520412533096E-012
  6.580000000000001E-003  6.188878184629275E-012
  6.600000000000001E-003  6.190337744327066E-012
  6.620000000000001E-003  6.191914550436443E-012
  6.640000000000001E-003  6.193602122116996E-012
  6.660000000000000E-003  6.195469503185182E-012
  6.680000000000000E-003  6.197516459082973E-012
  6.700000000000000E-003  6.199721117087994E-012
  6.720000000000000E-003  6.202049271212610E-012
  6.740000000000000E-003  6.204437904305630E-012
  6.760000000000000E-003  6.206826168397574E-012
  6.780000000000000E-003  6.209179948457979E-012
  6.800000000000000E-003  6.211493073007384E-012
  6.820000000000001E-003  6.213762090932147E-012
  6.840000000000001E-003  6.215982719482206E-012
  6.860000000000001E-003  6.218147600319552E-012
  6.880000000000001E-003  6.220247075484297E-012
  6.900000000000001E-003  6.222269402994494E-012
  6.920000000000001E-003  6.224202858139280E-012
  6.940000000000001E-003  6.226039113763669E-012
  6.960000000000001E-003  6.227774172254982E-012
  6.980000000000001E-003  6.229408043009572E-012
  7.000000000000000E-003  6.230945249660519E-012
  7.020000000000000E-003  6.232395113490495E-012
  7.040000000000000E-003  6.233770407984493E-012
  7.060000000000000E-003  6.235088929596735E-012
  7.080000000000000E-003  6.236375288720845E-012
  7.100000000000000E-003  6.237654155161714E-012
  7.120000000000000E-003  6.238946422050010E-012
  7.140000000000001E-003  6.240274769745940E-012
  7.160000000000001E-003  6.241642605386982E-012
  7.180000000000001E-003  6.243041312260752E-012
  7.200000000000001E-003  6.244463050502772E-012
  7.220000000000001E-003  6.245908708495620E-012
  7.240000000000001E-003  6.247413584564571E-012
  7.260000000000001E-003  6.248955932011563E-012
  7.280000000000001E-003  6.250480041342601E-012
  7.300000000000001E-003  6.251964476147131E-012
  7.320000000000001E-003  6.253387528321609E-012
  7.340000000000000E-003  6.254729362267277E-012
  7.360000000000000E-003  6.255977183504837E-012
  7.380000000000000E-003  6.257126551229255E-012
  7.400000000000000E-003  6.258182698992588E-012
  7.420000000000000E-003  6.259159444382506E-012
  7.440000000000000E-003  6.260076582034452E-012
  7.460000000000000E-003  6.260954804520435E-012
  7.480000000000001E-003  6.261811392647133E-012
  7.500000000000001E-003  6.262656824963418E-012
  7.520000000000001E-003  6.263490870105119E-012
  7.540000000000001E-003  6.264313457312374E-012
  7.560000000000001E-003  6.265153644359934E-012
  7.580000000000001E-003  6.266034515278889E-012
  7.600000000000001E-003  6.266960807939961E-012
  7.620000000000001E-003  6.267909055880906E-012
  7.640000000000001E-003  6.268802833853939E-012
  7.660000000000001E-003  6.269584017525053E-012
  7.680000000000001E-003  6.270174061664810E-012
  7.700000000000000E-003  6.270520603349614E-012
  7.720000000000000E-003  6.270507903236817E-012
  7.740000000000000E-003  6.270179302155438E-012
  7.760000000000000E-003  6.269420887836852E-012
  7.780000000000000E-003  6.268026041930853E-012
  7.800000000000001E-003  6.265849625102544E-012
  7.820000000000001E-003  6.262767249049102E-012
  7.840000000000001E-003  6.258690036913883E-012
  7.860000000000001E-003  6.253580235691711E-012
  7.880000000000000E-003  6.248106658047356E-012
  7.900000000000001E-003  6.243192348627997E-012
  7.920000000000000E-003  6.238928095878510E-012
  7.940000000000001E-003  6.235264439936723E-012
  7.960000000000000E-003  6.232142369458084E-012
  7.980000000000001E-003  6.229502117126236E-012
  8.000000000000000E-003  6.227296847338597E-012
  8.020000000000001E-003  6.225482394040884E-012
  8.040000000000000E-003  6.224014973093664E-012
  8.060000000000001E-003  6.222941170696740E-012
  8.080000000000000E-003  6.222224438783317E-012
  8.100000000000001E-003  6.221825213665380E-012
  8.120000000000000E-003  6.221661433556876E-012
  8.140000000000001E-003  6.221737079489944E-012
  8.160000000000001E-003  6.221945780849369E-012
  8.180000000000002E-003  6.222277273582654E-012
  8.200000000000001E-003  6.222745112599172E-012
  8.220000000000000E-003  6.223331311306860E-012
  8.240000000000001E-003  6.224002023235181E-012
  8.260000000000000E-003  6.224731150377121E-012
  8.280000000000001E-003  6.225465164931101E-012
  8.300000000000000E-003  6.226164735435501E-012
  8.320000000000001E-003  6.226816736553400E-012
  8.340000000000000E-003  6.227422302822628E-012
  8.360000000000001E-003  6.227994135801359E-012
  8.380000000000000E-003  6.228548039086376E-012
  8.400000000000001E-003  6.229103435755722E-012
  8.420000000000000E-003  6.229686967645075E-012
  8.440000000000001E-003  6.230324374554150E-012
  8.460000000000001E-003  6.231027847132556E-012
  8.480000000000001E-003  6.231805896082210E-012
  8.500000000000001E-003  6.232662866960215E-012
  8.520000000000002E-003  6.233613708441954E-012
  8.540000000000001E-003  6.234671897536657E-012
  8.560000000000000E-003  6.235854282759587E-012
  8.580000000000001E-003  6.237170054217725E-012
  8.600000000000000E-003  6.238621000179927E-012
  8.620000000000001E-003  6.240185519551250E-012
  8.640000000000000E-003  6.241853716061750E-012
  8.660000000000001E-003  6.243633279798419E-012
  8.680000000000000E-003  6.245511548920486E-012
  8.700000000000001E-003  6.247445002060561E-012
  8.720000000000000E-003  6.249434754775686E-012
  8.740000000000001E-003  6.251472685071365E-012
  8.760000000000000E-003  6.253541551003434E-012
  8.780000000000001E-003  6.255635973474595E-012
  8.800000000000001E-003  6.257763896397509E-012
  8.820000000000001E-003  6.259928209438189E-012
  8.840000000000001E-003  6.262127012650993E-012
  8.860000000000002E-003  6.264352239768528E-012
  8.880000000000001E-003  6.266596082988621E-012
  8.900000000000000E-003  6.268851204865442E-012
  8.920000000000001E-003  6.271096580122300E-012
  8.940000000000000E-003  6.273319170570885E-012
  8.960000000000001E-003  6.275504462287260E-012
  8.980000000000000E-003  6.277638053970396E-012
  9.000000000000001E-003  6.279708805286394E-012
  9.020000000000000E-003  6.281709864021605E-012
  9.040000000000001E-003  6.283638288410836E-012
  9.060000000000000E-003  6.285494145111333E-012
  9.080000000000001E-003  6.287279382559345E-012
  9.100000000000000E-003  6.288996774064334E-012
  9.120000000000001E-003  6.290649137180999E-012
  9.140000000000001E-003  6.292238961953843E-012
  9.160000000000001E-003  6.293768105638482E-012
  9.180000000000001E-003  6.295237052808574E-012
  9.200000000000002E-003  6.296646486287425E-012
  9.220000000000001E-003  6.297997287771976E-012
  9.240000000000000E-003  6.299288848931058E-012
  9.260000000000001E-003  6.300520336329270E-012
  9.280000000000000E-003  6.301693356749856E-012
  9.300000000000001E-003  6.302817123387039E-012
  9.320000000000000E-003  6.303906049646765E-012
  9.340000000000001E-003  6.304973150823299E-012
  9.360000000000000E-003  6.306030414583913E-012
  9.380000000000001E-003  6.307085557855595E-012
  9.400000000000000E-003  6.308140662619721E-012
  9.420000000000001E-003  6.309192738602125E-012
  9.440000000000000E-003  6.310236562476106E-012
  9.460000000000001E-003  6.311266365569882E-012
  9.480000000000001E-003  6.312277174560739E-012
  9.500000000000001E-003  6.313265563060399E-012
  9.520000000000001E-003  6.314232174250086E-012
  9.540000000000002E-003  6.315182115557370E-012
  9.560000000000001E-003  6.316122451553266E-012
  9.580000000000000E-003  6.317061617891942E-012
  9.600000000000001E-003  6.318002942840807E-012
  9.620000000000000E-003  6.318942829517666E-012
  9.640000000000001E-003  6.319868608146197E-012
  9.660000000000000E-003  6.320751729387873E-012
  9.680000000000001E-003  6.321550714375022E-012
  9.700000000000000E-003  6.322191009538024E-012
  9.720000000000001E-003  6.322621395302240E-012
  9.740000000000000E-003  6.322708845025751E-012
  9.760000000000001E-003  6.322479032751462E-012
  9.780000000000000E-003  6.321919595247973E-012
  9.800000000000001E-003  6.320963070039648E-012
  9.820000000000001E-003  6.319396086809581E-012
  9.840000000000002E-003  6.316991241381392E-012
  9.860000000000001E-003  6.313433008334423E-012
  9.880000000000002E-003  6.308306806052239E-012
  9.900000000000001E-003  6.301081738799779E-012
  9.920000000000000E-003  6.291118326919354E-012
  9.940000000000001E-003  6.277711031162091E-012
  9.960000000000000E-003  6.260165760404404E-012
  9.980000000000001E-003  6.240141791754073E-012
  1.000000000000000E-002  6.222854554538123E-012
  1.002000000000000E-002  6.209602485900256E-012
  1.004000000000000E-002  6.199891608069985E-012
  1.006000000000000E-002  6.193065788488219E-012
  1.008000000000000E-002  6.188504686321716E-012
  1.010000000000000E-002  6.185661234200945E-012
  1.012000000000000E-002  6.184083614477028E-012
  1.014000000000000E-002  6.183446875385664E-012
  1.016000000000000E-002  6.183552873982338E-012
  1.018000000000000E-002  6.184091795771216E-012
  1.020000000000000E-002  6.185116753997066E-012
  1.022000000000000E-002  6.186702005114481E-012
  1.024000000000000E-002  6.188602600213632E-012
  1.026000000000000E-002  6.190608687069275E-012
  1.028000000000000E-002  6.192631229887217E-012
  1.030000000000000E-002  6.194670918125343E-012
  1.032000000000000E-002  6.196709973160358E-012
  1.034000000000000E-002  6.198680320636702E-012
  1.036000000000000E-002  6.200549723739748E-012
  1.038000000000000E-002  6.202324492185776E-012
  1.040000000000000E-002  6.204007491369906E-012
  1.042000000000000E-002  6.205604871507274E-012
  1.044000000000000E-002  6.207103793772392E-012
  1.046000000000000E-002  6.208494786542005E-012
  1.048000000000000E-002  6.209794436957383E-012
  1.050000000000000E-002  6.210986368589545E-012
  1.052000000000000E-002  6.212041516358588E-012
  1.054000000000000E-002  6.212943584339763E-012
  1.056000000000000E-002  6.213688433692782E-012
  1.058000000000000E-002  6.214278638904237E-012
  1.060000000000000E-002  6.214722271194353E-012
  1.062000000000000E-002  6.215030857134680E-012
  1.064000000000000E-002  6.215215221807072E-012
  1.066000000000000E-002  6.215279392557083E-012
  1.068000000000000E-002  6.215230846666889E-012
  1.070000000000000E-002  6.215030643174867E-012
  1.072000000000000E-002  6.214663110981725E-012
  1.074000000000000E-002  6.214075423984493E-012
  1.076000000000000E-002  6.213348752585816E-012
  1.078000000000000E-002  6.212708193506112E-012
  1.080000000000000E-002  6.212212407540011E-012
  1.082000000000000E-002  6.211872895207664E-012
  1.084000000000000E-002  6.211683475908309E-012
  1.086000000000000E-002  6.211610041226099E-012
  1.088000000000000E-002  6.211642395526118E-012
  1.090000000000000E-002  6.211784071649536E-012
  1.092000000000000E-002  6.212111371345782E-012
  1.094000000000000E-002  6.212621047389624E-012
  1.096000000000000E-002  6.213278077216265E-012
  1.098000000000000E-002  6.214051802531432E-012
  1.100000000000000E-002  6.214914324450801E-012
  1.102000000000000E-002  6.215837749919440E-012
  1.104000000000000E-002  6.216791183778620E-012
  1.106000000000000E-002  6.217730208709422E-012
  1.108000000000000E-002  6.218611897652546E-012
  1.110000000000000E-002  6.219407552319331E-012
  1.112000000000000E-002  6.220108740831359E-012
  1.114000000000000E-002  6.220724613377710E-012
  1.116000000000000E-002  6.221252169414309E-012
  1.118000000000000E-002  6.221638228355705E-012
  1.120000000000000E-002  6.221858719974089E-012
  1.122000000000000E-002  6.221860512292093E-012
  1.124000000000000E-002  6.221699380117645E-012
  1.126000000000000E-002  6.221279685106886E-012
  1.128000000000000E-002  6.220584542873656E-012
  1.130000000000000E-002  6.219592481535448E-012
  1.132000000000000E-002  6.218283593041439E-012
  1.134000000000000E-002  6.216647555782304E-012
  1.136000000000000E-002  6.214681919726418E-012
  1.138000000000000E-002  6.212433324298688E-012
  1.140000000000000E-002  6.210166867833313E-012
  1.142000000000000E-002  6.207980641273217E-012
  1.144000000000000E-002  6.205912375453202E-012
  1.146000000000000E-002  6.203933043095634E-012
  1.148000000000000E-002  6.202007505736626E-012
  1.150000000000000E-002  6.200100492963091E-012
  1.152000000000000E-002  6.198170430337244E-012
  1.154000000000000E-002  6.196174280139069E-012
  1.156000000000000E-002  6.194081930014736E-012
  1.158000000000000E-002  6.191892977724348E-012
  1.160000000000000E-002  6.189595936935480E-012
  1.162000000000000E-002  6.187182764051381E-012
  1.164000000000000E-002  6.184649893066002E-012
  1.166000000000000E-002  6.182075519934731E-012
  1.168000000000000E-002  6.179596586255432E-012
  1.170000000000000E-002  6.177294486118881E-012
  1.172000000000000E-002  6.175234239065041E-012
  1.174000000000000E-002  6.173454100909729E-012
  1.176000000000000E-002  6.171967987969133E-012
  1.178000000000000E-002  6.170764617188123E-012
  1.180000000000000E-002  6.169833248575124E-012
  1.182000000000000E-002  6.169161385141994E-012
  1.184000000000000E-002  6.168739281484181E-012
  1.186000000000000E-002  6.168561861131225E-012
  1.188000000000000E-002  6.168586447341508E-012
  1.190000000000000E-002  6.168772968875098E-012
  1.192000000000000E-002  6.169140903617211E-012
  1.194000000000000E-002  6.169654117582560E-012
  1.196000000000000E-002  6.170287868288886E-012
  1.198000000000000E-002  6.171025060248919E-012
  1.200000000000000E-002  6.171851861446131E-012
  1.202000000000000E-002  6.172752535597206E-012
  1.204000000000000E-002  6.173704712232405E-012
  1.206000000000000E-002  6.174685063041920E-012
  1.208000000000000E-002  6.175673406162647E-012
  1.210000000000000E-002  6.176658350050089E-012
  1.212000000000000E-002  6.177614945722901E-012
  1.214000000000000E-002  6.178524982233525E-012
  1.216000000000000E-002  6.179371277220995E-012
  1.218000000000000E-002  6.180137372510509E-012
  1.220000000000000E-002  6.180816057159806E-012
  1.222000000000000E-002  6.181406334212945E-012
  1.224000000000000E-002  6.181908376697386E-012
  1.226000000000000E-002  6.182328969627705E-012
  1.228000000000000E-002  6.182682535490206E-012
  1.230000000000000E-002  6.182990417421906E-012
  1.232000000000000E-002  6.183240858931478E-012
  1.234000000000000E-002  6.183449324630316E-012
  1.236000000000000E-002  6.183631643026261E-012
  1.238000000000000E-002  6.183806988281657E-012
  1.240000000000000E-002  6.183999046797446E-012
  1.242000000000000E-002  6.184226711718187E-012
  1.244000000000000E-002  6.184491748056453E-012
  1.246000000000000E-002  6.184801162864259E-012
  1.248000000000000E-002  6.185180803697991E-012
  1.250000000000000E-002  6.185646320326040E-012
  1.252000000000000E-002  6.186203871386473E-012
  1.254000000000000E-002  6.186857281852211E-012
  1.256000000000000E-002  6.187609575457614E-012
  1.258000000000000E-002  6.188463136720324E-012
  1.260000000000000E-002  6.189411375746015E-012
  1.262000000000000E-002  6.190446899079972E-012
  1.264000000000000E-002  6.191561155793431E-012
  1.266000000000000E-002  6.192701754679193E-012
  1.268000000000000E-002  6.193793316462256E-012
  1.270000000000000E-002  6.194820586290283E-012
  1.272000000000000E-002  6.195773862165859E-012
  1.274000000000000E-002  6.196650717413207E-012
  1.276000000000000E-002  6.197459969183000E-012
  1.278000000000000E-002  6.198225852620937E-012
  1.280000000000000E-002  6.198971617566950E-012
  1.282000000000000E-002  6.199721388399918E-012
  1.284000000000000E-002  6.200487137054441E-012
  1.286000000000000E-002  6.201288247468093E-012
  1.288000000000000E-002  6.202146886436538E-012
  1.290000000000000E-002  6.203090517230078E-012
  1.292000000000000E-002  6.204143192451412E-012
  1.294000000000000E-002  6.205327412488613E-012
  1.296000000000000E-002  6.206658750684033E-012
  1.298000000000000E-002  6.208139990757436E-012
  1.300000000000000E-002  6.209762972030837E-012
  1.302000000000000E-002  6.211516871275485E-012
  1.304000000000000E-002  6.213389160035750E-012
  1.306000000000000E-002  6.215364495996915E-012
  1.308000000000000E-002  6.217423803652635E-012
  1.310000000000000E-002  6.219554107778138E-012
  1.312000000000000E-002  6.221743798716670E-012
  1.314000000000000E-002  6.223979642606990E-012
  1.316000000000000E-002  6.226261961721479E-012
  1.318000000000000E-002  6.228543808077081E-012
  1.320000000000000E-002  6.230761255542565E-012
  1.322000000000000E-002  6.232879065373708E-012
  1.324000000000000E-002  6.234873883476824E-012
  1.326000000000000E-002  6.236733728518107E-012
  1.328000000000000E-002  6.238454399935455E-012
  1.330000000000000E-002  6.240034564227291E-012
  1.332000000000000E-002  6.241474363590341E-012
  1.334000000000000E-002  6.242773806684055E-012
  1.336000000000000E-002  6.243932126886294E-012
  1.338000000000000E-002  6.244954257092493E-012
  1.340000000000000E-002  6.245851342327411E-012
  1.342000000000000E-002  6.246638203910422E-012
  1.344000000000000E-002  6.247331282771611E-012
  1.346000000000000E-002  6.247960420327865E-012
  1.348000000000000E-002  6.248554702142376E-012
  1.350000000000000E-002  6.249142402017378E-012
  1.352000000000000E-002  6.249735180420550E-012
  1.354000000000000E-002  6.250341117964116E-012
  1.356000000000000E-002  6.250974077818911E-012
  1.358000000000000E-002  6.251649113081941E-012
  1.360000000000000E-002  6.252376587458606E-012
  1.362000000000000E-002  6.253166600078009E-012
  1.364000000000000E-002  6.254029761968306E-012
  1.366000000000000E-002  6.254977019173832E-012
  1.368000000000000E-002  6.256017194913549E-012
  1.370000000000000E-002  6.257153140693459E-012
  1.372000000000000E-002  6.258380850505324E-012
  1.374000000000000E-002  6.259691308653231E-012
  1.376000000000000E-002  6.261072677913854E-012
  1.378000000000000E-002  6.262511819231450E-012
  1.380000000000000E-002  6.263995114783671E-012
  1.382000000000000E-002  6.265511891956875E-012
  1.384000000000000E-002  6.267054047834757E-012
  1.386000000000000E-002  6.268612714324398E-012
  1.388000000000000E-002  6.270182337494037E-012
  1.390000000000000E-002  6.271767517524926E-012
  1.392000000000000E-002  6.273363339666288E-012
  1.394000000000000E-002  6.274967795500285E-012
  1.396000000000000E-002  6.276582154323467E-012
  1.398000000000000E-002  6.278201577037542E-012
  1.400000000000000E-002  6.279827139434280E-012
  1.402000000000000E-002  6.281458625958819E-012
  1.404000000000000E-002  6.283099769543718E-012
  1.406000000000000E-002  6.284752442804304E-012
  1.408000000000000E-002  6.286415621926150E-012
  1.410000000000000E-002  6.288093244933001E-012
  1.412000000000000E-002  6.289787294317135E-012
  1.414000000000000E-002  6.291496052426053E-012
  1.416000000000000E-002  6.293225733595613E-012
  1.418000000000000E-002  6.294981638863230E-012
  1.420000000000000E-002  6.296761685722131E-012
  1.422000000000000E-002  6.298560754018117E-012
  1.424000000000000E-002  6.300372935278922E-012
  1.426000000000000E-002  6.302182276412682E-012
  1.428000000000000E-002  6.303976543442468E-012
  1.430000000000000E-002  6.305750840063573E-012
  1.432000000000000E-002  6.307501667991474E-012
  1.434000000000000E-002  6.309224993100467E-012
  1.436000000000000E-002  6.310915285893899E-012
  1.438000000000000E-002  6.312565203033966E-012
  1.440000000000000E-002  6.314165789026057E-012
  1.442000000000000E-002  6.315707131103520E-012
  1.444000000000000E-002  6.317179200231529E-012
  1.446000000000000E-002  6.318572770742508E-012
  1.448000000000000E-002  6.319880279632461E-012
  1.450000000000000E-002  6.321096446295008E-012
  1.452000000000000E-002  6.322218295981531E-012
  1.454000000000000E-002  6.323244960126487E-012
  1.456000000000000E-002  6.324177562128790E-012
  1.458000000000000E-002  6.325019092150274E-012
  1.460000000000000E-002  6.325775000461495E-012
  1.462000000000000E-002  6.326452566039130E-012
  1.464000000000000E-002  6.327062315261025E-012
  1.466000000000000E-002  6.327617362533801E-012
  1.468000000000000E-002  6.328132753738861E-012
  1.470000000000000E-002  6.328624934630274E-012
  1.472000000000000E-002  6.329103604635648E-012
  1.474000000000000E-002  6.329578101355234E-012
  1.476000000000000E-002  6.330050127795382E-012
  1.478000000000000E-002  6.330516257747762E-012
  1.480000000000000E-002  6.330968912399675E-012
  1.482000000000000E-002  6.331396550139126E-012
  1.484000000000000E-002  6.331786368873662E-012
  1.486000000000000E-002  6.332124996080206E-012
  1.488000000000000E-002  6.332404247620937E-012
  1.490000000000000E-002  6.332625958424095E-012
  1.492000000000000E-002  6.332814951663339E-012
  1.494000000000000E-002  6.332985490720430E-012
  1.496000000000000E-002  6.333079227085349E-012
  1.498000000000000E-002  6.333062470818968E-012
  1.500000000000000E-002  6.332914292942660E-012
  1.502000000000000E-002  6.332582800413983E-012
  1.504000000000000E-002  6.332011523965420E-012
  1.506000000000000E-002  6.331137616639775E-012
  1.508000000000000E-002  6.329897192837515E-012
  1.510000000000000E-002  6.328222469435177E-012
  1.512000000000000E-002  6.326038535343742E-012
  1.514000000000000E-002  6.323266684050720E-012
  1.516000000000000E-002  6.319825917960715E-012
  1.518000000000000E-002  6.315633442226792E-012
  1.520000000000000E-002  6.310606748686468E-012
  1.522000000000000E-002  6.304669309172572E-012
  1.524000000000000E-002  6.297764400974189E-012
  1.526000000000000E-002  6.289827775457464E-012
  1.528000000000000E-002  6.281584028449671E-012
  1.530000000000000E-002  6.273859172841066E-012
  1.532000000000000E-002  6.266794203273569E-012
  1.534000000000000E-002  6.260386609130779E-012
  1.536000000000000E-002  6.254599989909760E-012
  1.538000000000000E-002  6.249404934246113E-012
  1.540000000000000E-002  6.244767589433938E-012
  1.542000000000000E-002  6.240655123932360E-012
  1.544000000000000E-002  6.237034136793543E-012
  1.546000000000000E-002  6.233871093664122E-012
  1.548000000000000E-002  6.231133194244998E-012
  1.550000000000000E-002  6.228788953370032E-012
  1.552000000000000E-002  6.226807811082874E-012
  1.554000000000000E-002  6.225158740812382E-012
  1.556000000000000E-002  6.223808559822461E-012
  1.558000000000000E-002  6.222721467258074E-012
  1.560000000000000E-002  6.221860552831361E-012
  1.562000000000000E-002  6.221191070891097E-012
  1.564000000000000E-002  6.220683513077259E-012
  1.566000000000000E-002  6.220314999496069E-012
  1.568000000000000E-002  6.220066763833230E-012
  1.570000000000000E-002  6.219926170614342E-012
  1.572000000000000E-002  6.219868891342413E-012
  1.574000000000000E-002  6.219904340107788E-012
  1.576000000000000E-002  6.220047178467352E-012
  1.578000000000000E-002  6.220320051630856E-012
  1.580000000000000E-002  6.220680177984608E-012
  1.582000000000000E-002  6.221105451145001E-012
  1.584000000000000E-002  6.221575726471006E-012
  1.586000000000000E-002  6.222080835315906E-012
  1.588000000000000E-002  6.222611488854269E-012
  1.590000000000000E-002  6.223163496079911E-012
  1.592000000000000E-002  6.223736837375653E-012
  1.594000000000000E-002  6.224331622509173E-012
  1.596000000000000E-002  6.224945964885770E-012
  1.598000000000000E-002  6.225575844790946E-012
  1.600000000000000E-002  6.226216493588895E-012
  1.602000000000000E-002  6.226864277535150E-012
  1.604000000000000E-002  6.227516589021696E-012
  1.606000000000000E-002  6.228164933780118E-012
  1.608000000000000E-002  6.228793692336982E-012
  1.610000000000000E-002  6.229394708575202E-012
  1.612000000000000E-002  6.229959282132094E-012
  1.614000000000000E-002  6.230479720454388E-012
  1.616000000000000E-002  6.230949763659102E-012
  1.618000000000000E-002  6.231364281707259E-012
  1.620000000000000E-002  6.231719441398207E-012
  1.622000000000000E-002  6.232012714168860E-012
  1.624000000000000E-002  6.232240352520921E-012
  1.626000000000000E-002  6.232398759152866E-012
  1.628000000000000E-002  6.232487670956106E-012
  1.630000000000000E-002  6.232511315350846E-012
  1.632000000000000E-002  6.232490766684245E-012
  1.634000000000000E-002  6.232427535455077E-012
  1.636000000000000E-002  6.232334664490401E-012
  1.638000000000000E-002  6.232237632636780E-012
  1.640000000000000E-002  6.232145545600899E-012
  1.642000000000000E-002  6.232057240622515E-012
  1.644000000000000E-002  6.231972789259148E-012
  1.646000000000000E-002  6.231892274299998E-012
  1.648000000000000E-002  6.231814948891811E-012
  1.650000000000000E-002  6.231739620265619E-012
  1.652000000000000E-002  6.231670536468278E-012
  1.654000000000000E-002  6.231613380751613E-012
  1.656000000000000E-002  6.231572303550581E-012
  1.658000000000000E-002  6.231551601074986E-012
  1.660000000000000E-002  6.231554720354511E-012
  1.662000000000000E-002  6.231585171098815E-012
  1.664000000000000E-002  6.231641337867837E-012
  1.666000000000000E-002  6.231725875306462E-012
  1.668000000000000E-002  6.231848286542171E-012
  1.670000000000000E-002  6.232004959991774E-012
  1.672000000000000E-002  6.232198266412584E-012
  1.674000000000000E-002  6.232433088550061E-012
  1.676000000000000E-002  6.232710630269887E-012
  1.678000000000000E-002  6.233037405039070E-012
  1.680000000000000E-002  6.233414452209924E-012
  1.682000000000000E-002  6.233841112074542E-012
  1.684000000000000E-002  6.234309674908151E-012
  1.686000000000000E-002  6.234810031990131E-012
  1.688000000000000E-002  6.235333868060009E-012
  1.690000000000000E-002  6.235867036279514E-012
  1.692000000000000E-002  6.236400956702170E-012
  1.694000000000000E-002  6.236923547698607E-012
  1.696000000000000E-002  6.237418684546699E-012
  1.698000000000000E-002  6.237872270270044E-012
  1.700000000000000E-002  6.238266695627402E-012
  1.702000000000000E-002  6.238595335543090E-012
  1.704000000000000E-002  6.238841002927916E-012
  1.706000000000000E-002  6.238943880454119E-012
  1.708000000000000E-002  6.238935481276857E-012
  1.710000000000000E-002  6.238823724718761E-012
  1.712000000000000E-002  6.238588799681187E-012
  1.714000000000000E-002  6.238234271772588E-012
  1.716000000000000E-002  6.237759115566826E-012
  1.718000000000000E-002  6.237158669825374E-012
  1.720000000000000E-002  6.236422282281497E-012
  1.722000000000000E-002  6.235540249567750E-012
  1.724000000000000E-002  6.234508472242516E-012
  1.726000000000000E-002  6.233314781275317E-012
  1.728000000000000E-002  6.231945077261660E-012
  1.730000000000000E-002  6.230387701641313E-012
  1.732000000000000E-002  6.228641389030994E-012
  1.734000000000000E-002  6.226714491199215E-012
  1.736000000000000E-002  6.224616005516771E-012
  1.738000000000000E-002  6.222363183904438E-012
  1.740000000000000E-002  6.219972768049096E-012
  1.742000000000000E-002  6.217453770192987E-012
  1.744000000000000E-002  6.214805704605077E-012
  1.746000000000000E-002  6.212020881731406E-012
  1.748000000000000E-002  6.209093308486450E-012
  1.750000000000000E-002  6.205999547554191E-012
  1.752000000000000E-002  6.202878685416688E-012
  1.754000000000000E-002  6.199939618223643E-012
  1.756000000000000E-002  6.197252310492562E-012
  1.758000000000000E-002  6.194795855552279E-012
  1.760000000000000E-002  6.192558866261505E-012
  1.762000000000000E-002  6.190546509036406E-012
  1.764000000000000E-002  6.188774696016858E-012
  1.766000000000000E-002  6.187252934142720E-012
  1.768000000000000E-002  6.185970190293028E-012
  1.770000000000000E-002  6.184902418273166E-012
  1.772000000000000E-002  6.184025308717382E-012
  1.774000000000000E-002  6.183316683484703E-012
  1.776000000000000E-002  6.182760801879502E-012
  1.778000000000000E-002  6.182354827990216E-012
  1.780000000000000E-002  6.182075727352670E-012
  1.782000000000000E-002  6.181952067488829E-012
  1.784000000000000E-002  6.181995401836599E-012
  1.786000000000000E-002  6.182176101052457E-012
  1.788000000000000E-002  6.182498072011045E-012
  1.790000000000000E-002  6.182959937479448E-012
  1.792000000000000E-002  6.183544375149045E-012
  1.794000000000000E-002  6.184251715797088E-012
  1.796000000000000E-002  6.185063217574058E-012
  1.798000000000000E-002  6.185959064821519E-012
  1.800000000000000E-002  6.186922375367510E-012
  1.802000000000000E-002  6.187939561323196E-012
  1.804000000000000E-002  6.188995001453030E-012
  1.806000000000000E-002  6.190067447282611E-012
  1.808000000000000E-002  6.191141385382749E-012
  1.810000000000000E-002  6.192202329264463E-012
  1.812000000000000E-002  6.193244084325328E-012
  1.814000000000000E-002  6.194265235947304E-012
  1.816000000000000E-002  6.195264666183471E-012
  1.818000000000000E-002  6.196241060327818E-012
  1.820000000000000E-002  6.197193652734657E-012
  1.822000000000000E-002  6.198116179913423E-012
  1.824000000000000E-002  6.199008673999527E-012
  1.826000000000000E-002  6.199886621600893E-012
  1.828000000000000E-002  6.200755790900833E-012
  1.830000000000000E-002  6.201618653061312E-012
  1.832000000000000E-002  6.202476479242294E-012
  1.834000000000000E-002  6.203337315789478E-012
  1.836000000000000E-002  6.204204540001548E-012
  1.838000000000000E-002  6.205082142059418E-012
  1.840000000000000E-002  6.205972573672865E-012
  1.842000000000000E-002  6.206877212184617E-012
  1.844000000000000E-002  6.207795516016230E-012
  1.846000000000000E-002  6.208726106781395E-012
  1.848000000000000E-002  6.209667837300282E-012
  1.850000000000000E-002  6.210618224939257E-012
  1.852000000000000E-002  6.211572035850225E-012
  1.854000000000000E-002  6.212521056676279E-012
  1.856000000000000E-002  6.213457759900852E-012
  1.858000000000000E-002  6.214379672051101E-012
  1.860000000000000E-002  6.215283245979132E-012
  1.862000000000000E-002  6.216167729440066E-012
  1.864000000000000E-002  6.217032573407728E-012
  1.866000000000000E-002  6.217876198329857E-012
  1.868000000000000E-002  6.218700710889855E-012
  1.870000000000000E-002  6.219502873522935E-012
  1.872000000000000E-002  6.220277047600907E-012
  1.874000000000000E-002  6.221008047352427E-012
  1.876000000000000E-002  6.221685461724515E-012
  1.878000000000000E-002  6.222302896369695E-012
  1.880000000000000E-002  6.222858274217222E-012
  1.882000000000000E-002  6.223347679278340E-012
  1.884000000000000E-002  6.223767617008290E-012
  1.886000000000000E-002  6.224115750766601E-012
  1.888000000000000E-002  6.224386131487980E-012
  1.890000000000000E-002  6.224586241492733E-012
  1.892000000000000E-002  6.224713858416615E-012
  1.894000000000000E-002  6.224778823012652E-012
  1.896000000000000E-002  6.224805165791907E-012
  1.898000000000000E-002  6.224795970352566E-012
  1.900000000000000E-002  6.224741895136423E-012
  1.902000000000000E-002  6.224641355125710E-012
  1.904000000000000E-002  6.224498494038641E-012
  1.906000000000000E-002  6.224316505715547E-012
  1.908000000000000E-002  6.224096311723865E-012
  1.910000000000000E-002  6.223842055925294E-012
  1.912000000000000E-002  6.223560818619673E-012
  1.914000000000000E-002  6.223256396426398E-012
  1.916000000000000E-002  6.222929240134926E-012
  1.918000000000000E-002  6.222579234688993E-012
  1.920000000000000E-002  6.222206257100187E-012
  1.922000000000000E-002  6.221809751115367E-012
  1.924000000000000E-002  6.221388896887793E-012
  1.926000000000000E-002  6.220942768657427E-012
  1.928000000000000E-002  6.220470401533884E-012
  1.930000000000000E-002  6.219970468903431E-012
  1.932000000000000E-002  6.219440580684375E-012
  1.934000000000000E-002  6.218877555312685E-012
  1.936000000000000E-002  6.218276908206740E-012
  1.938000000000000E-002  6.217633770954726E-012
  1.940000000000000E-002  6.216944320995675E-012
  1.942000000000000E-002  6.216204291837127E-012
  1.944000000000000E-002  6.215412647614340E-012
  1.946000000000000E-002  6.214562557587094E-012
  1.948000000000000E-002  6.213651935394282E-012
  1.950000000000000E-002  6.212701495773505E-012
  1.952000000000000E-002  6.211736342932557E-012
  1.954000000000000E-002  6.210783818386162E-012
  1.956000000000000E-002  6.209846072151302E-012
  1.958000000000000E-002  6.208918541019478E-012
  1.960000000000000E-002  6.208001541882232E-012
  1.962000000000000E-002  6.207095250025427E-012
  1.964000000000000E-002  6.206200207687048E-012
  1.966000000000000E-002  6.205317123297443E-012
  1.968000000000000E-002  6.204445852745129E-012
  1.970000000000000E-002  6.203584217406155E-012
  1.972000000000000E-002  6.202729710240177E-012
  1.974000000000000E-002  6.201881990032676E-012
  1.976000000000000E-002  6.201043986809067E-012
  1.978000000000000E-002  6.200221417921396E-012
  1.980000000000000E-002  6.199420998517417E-012
  1.982000000000000E-002  6.198646251965253E-012
  1.984000000000000E-002  6.197900914196878E-012
  1.986000000000000E-002  6.197186581187518E-012
  1.988000000000000E-002  6.196502399562835E-012
  1.990000000000000E-002  6.195845985392317E-012
  1.992000000000000E-002  6.195214534183973E-012
  1.994000000000000E-002  6.194605816724494E-012
  1.996000000000000E-002  6.194018039071224E-012
  1.998000000000000E-002  6.193448948457180E-012
  2.000000000000000E-002  6.192895982003026E-012
  2.002000000000000E-002  6.192356762793221E-012
  2.004000000000000E-002  6.191830453850406E-012
  2.006000000000000E-002  6.191317934410859E-012
  2.008000000000000E-002  6.190820065088900E-012
  2.010000000000000E-002  6.190337354027326E-012
  2.012000000000000E-002  6.189870092552585E-012
  2.014000000000000E-002  6.189418589534125E-012
  2.016000000000000E-002  6.188982896400835E-012
  2.018000000000000E-002  6.188563343816676E-012
  2.020000000000000E-002  6.188162068447633E-012
  2.022000000000000E-002  6.187781622659569E-012
  2.024000000000000E-002  6.187427088510899E-012
  2.026000000000000E-002  6.187105543996583E-012
  2.028000000000000E-002  6.186822856193580E-012
  2.030000000000000E-002  6.186578945539225E-012
  2.032000000000000E-002  6.186383023711277E-012
  2.034000000000000E-002  6.186253954978038E-012
  2.036000000000000E-002  6.186197325409007E-012
  2.038000000000000E-002  6.186214224561753E-012
  2.040000000000000E-002  6.186307039587656E-012
  2.042000000000000E-002  6.186457342333331E-012
  2.044000000000000E-002  6.186678657030638E-012
  2.046000000000000E-002  6.186970319214286E-012
  2.048000000000000E-002  6.187335931226712E-012
  2.050000000000000E-002  6.187773411816153E-012
  2.052000000000000E-002  6.188281659962491E-012
  2.054000000000000E-002  6.188860351664926E-012
  2.056000000000000E-002  6.189509082773422E-012
  2.058000000000000E-002  6.190227099660098E-012
  2.060000000000000E-002  6.191013911951848E-012
  2.062000000000000E-002  6.191869378655901E-012
  2.064000000000000E-002  6.192790943622736E-012
  2.066000000000000E-002  6.193775597795144E-012
  2.068000000000000E-002  6.194819863005360E-012
  2.070000000000000E-002  6.195919697440380E-012
  2.072000000000000E-002  6.197070398358010E-012
  2.074000000000000E-002  6.198266917380138E-012
  2.076000000000000E-002  6.199502844093315E-012
  2.078000000000000E-002  6.200769404732695E-012
  2.080000000000000E-002  6.202056290379645E-012
  2.082000000000000E-002  6.203350797809651E-012
  2.084000000000000E-002  6.204646375237960E-012
  2.086000000000000E-002  6.205936965858596E-012
  2.088000000000000E-002  6.207219246784424E-012
  2.090000000000000E-002  6.208491026245444E-012
  2.092000000000000E-002  6.209750797437051E-012
  2.094000000000000E-002  6.210998052054779E-012
  2.096000000000000E-002  6.212232096654590E-012
  2.098000000000000E-002  6.213452605906053E-012
  2.100000000000000E-002  6.214653461329935E-012
  2.102000000000000E-002  6.215829730010734E-012
  2.104000000000000E-002  6.216980348976470E-012
  2.106000000000000E-002  6.218106519196849E-012
  2.108000000000000E-002  6.219209168552385E-012
  2.110000000000000E-002  6.220290280602561E-012
  2.112000000000000E-002  6.221351343998164E-012
  2.114000000000000E-002  6.222392696068786E-012
  2.116000000000000E-002  6.223413830635647E-012
  2.118000000000000E-002  6.224413996160190E-012
  2.120000000000000E-002  6.225392632763966E-012
  2.122000000000000E-002  6.226349872208023E-012
  2.124000000000000E-002  6.227286596765123E-012
  2.126000000000000E-002  6.228204361781402E-012
  2.128000000000000E-002  6.229104938694566E-012
  2.130000000000000E-002  6.229989587173806E-012
  2.132000000000000E-002  6.230858786534873E-012
  2.134000000000000E-002  6.231712573543532E-012
  2.136000000000000E-002  6.232550697583024E-012
  2.138000000000000E-002  6.233372643185909E-012
  2.140000000000000E-002  6.234177868725555E-012
  2.142000000000000E-002  6.234965634513507E-012
  2.144000000000000E-002  6.235735261854505E-012
  2.146000000000000E-002  6.236486664001073E-012
  2.148000000000000E-002  6.237220569987033E-012
  2.150000000000000E-002  6.237938475509411E-012
  2.152000000000000E-002  6.238642727449024E-012
  2.154000000000000E-002  6.239336279447441E-012
  2.156000000000000E-002  6.240022943312403E-012
  2.158000000000000E-002  6.240705225393016E-012
  2.160000000000000E-002  6.241386652108605E-012
  2.162000000000000E-002  6.242069761164610E-012
  2.164000000000000E-002  6.242757276871598E-012
  2.166000000000000E-002  6.243452618771559E-012
  2.168000000000000E-002  6.244159579254600E-012
  2.170000000000000E-002  6.244881266011941E-012
  2.172000000000000E-002  6.245619493178699E-012
  2.174000000000000E-002  6.246375586911134E-012
  2.176000000000000E-002  6.247151179438600E-012
  2.178000000000000E-002  6.247947779301297E-012
  2.180000000000000E-002  6.248766018123999E-012
  2.182000000000000E-002  6.249605232537641E-012
  2.184000000000000E-002  6.250463442869918E-012
  2.186000000000000E-002  6.251337242775916E-012
  2.188000000000000E-002  6.252221888629414E-012
  2.190000000000000E-002  6.253113236012907E-012
  2.192000000000000E-002  6.254000054216471E-012
  2.194000000000000E-002  6.254871773564092E-012
  2.196000000000000E-002  6.255722003152623E-012
  2.198000000000000E-002  6.256546643281877E-012
  2.200000000000000E-002  6.257342976799223E-012
  2.202000000000000E-002  6.258109021361426E-012
  2.204000000000000E-002  6.258843002308643E-012
  2.206000000000000E-002  6.259543074524910E-012
  2.208000000000000E-002  6.260207373108554E-012
  2.210000000000000E-002  6.260834215811254E-012
  2.212000000000000E-002  6.261422291068362E-012
  2.214000000000000E-002  6.261970871619690E-012
  2.216000000000000E-002  6.262479866556394E-012
  2.218000000000000E-002  6.262949783953658E-012
  2.220000000000000E-002  6.263381308366990E-012
  2.222000000000000E-002  6.263774831120956E-012
  2.224000000000000E-002  6.264130019761184E-012
  2.226000000000000E-002  6.264445701535794E-012
  2.228000000000000E-002  6.264719554935965E-012
  2.230000000000000E-002  6.264948394573449E-012
  2.232000000000000E-002  6.265135217927171E-012
  2.234000000000000E-002  6.265271764298645E-012
  2.236000000000000E-002  6.265356672902636E-012
  2.238000000000000E-002  6.265385539813541E-012
  2.240000000000000E-002  6.265360862214034E-012
  2.242000000000000E-002  6.265291102612751E-012
  2.244000000000000E-002  6.265168631291365E-012
  2.246000000000000E-002  6.264990863658991E-012
  2.248000000000000E-002  6.264755710347047E-012
  2.250000000000000E-002  6.264461428982203E-012
  2.252000000000000E-002  6.264105882510293E-012
  2.254000000000000E-002  6.263690052834635E-012
  2.256000000000000E-002  6.263217330063368E-012
  2.258000000000000E-002  6.262698248090765E-012
  2.260000000000000E-002  6.262146725756508E-012
  2.262000000000000E-002  6.261576675889430E-012
  2.264000000000000E-002  6.260991557320577E-012
  2.266000000000000E-002  6.260387949029244E-012
  2.268000000000000E-002  6.259770885961648E-012
  2.270000000000000E-002  6.259144576679157E-012
  2.272000000000000E-002  6.258510349677806E-012
  2.274000000000000E-002  6.257867265620038E-012
  2.276000000000000E-002  6.257214520921753E-012
  2.278000000000000E-002  6.256550924583035E-012
  2.280000000000000E-002  6.255873183217810E-012
  2.282000000000000E-002  6.255177400608960E-012
  2.284000000000000E-002  6.254459531059532E-012
  2.286000000000000E-002  6.253715287159519E-012
  2.288000000000000E-002  6.252939850025749E-012
  2.290000000000000E-002  6.252129079841399E-012
  2.292000000000000E-002  6.251281143790156E-012
  2.294000000000000E-002  6.250384849938286E-012
  2.296000000000000E-002  6.249461665303399E-012
  2.298000000000000E-002  6.248539003395936E-012
  2.300000000000000E-002  6.247650361603775E-012
  2.302000000000000E-002  6.246800173740873E-012
  2.304000000000000E-002  6.245987288625113E-012
  2.306000000000000E-002  6.245211284996716E-012
  2.308000000000000E-002  6.244470195170730E-012
  2.310000000000000E-002  6.243761585016936E-012
  2.312000000000000E-002  6.243082991558327E-012
  2.314000000000000E-002  6.242432365201882E-012
  2.316000000000000E-002  6.241807859177440E-012
  2.318000000000000E-002  6.241207486829804E-012
  2.320000000000000E-002  6.240629175035454E-012
  2.322000000000000E-002  6.240071208670735E-012
  2.324000000000000E-002  6.239533148822764E-012
  2.326000000000000E-002  6.239016679468737E-012
  2.328000000000000E-002  6.238523312357384E-012
  2.330000000000000E-002  6.238055517459222E-012
  2.332000000000000E-002  6.237612554390318E-012
  2.334000000000000E-002  6.237196158493256E-012
  2.336000000000000E-002  6.236805812856900E-012
  2.338000000000000E-002  6.236437705382971E-012
  2.340000000000000E-002  6.236090517851442E-012
  2.342000000000000E-002  6.235774369730775E-012
  2.344000000000000E-002  6.235513839904296E-012
  2.346000000000000E-002  6.235302330602862E-012
  2.348000000000000E-002  6.235127708972249E-012
  2.350000000000000E-002  6.234986395398282E-012
  2.352000000000000E-002  6.234878010316322E-012
  2.354000000000000E-002  6.234794921728182E-012
  2.356000000000000E-002  6.234728842083946E-012
  2.358000000000000E-002  6.234679438793622E-012
  2.360000000000000E-002  6.234642784425692E-012
  2.362000000000000E-002  6.234617823257306E-012
  2.364000000000000E-002  6.234602240129043E-012
  2.366000000000000E-002  6.234596289532009E-012
  2.368000000000000E-002  6.234601912899843E-012
  2.370000000000000E-002  6.234622296496368E-012
  2.372000000000000E-002  6.234662097664822E-012
  2.374000000000000E-002  6.234726276645183E-012
  2.376000000000000E-002  6.234814942879427E-012
  2.378000000000000E-002  6.234929000682444E-012
  2.380000000000000E-002  6.235076035671255E-012
  2.382000000000000E-002  6.235255262118669E-012
  2.384000000000000E-002  6.235466323428582E-012
  2.386000000000000E-002  6.235708572847310E-012
  2.388000000000000E-002  6.235981105358107E-012
  2.390000000000000E-002  6.236282553877474E-012
  2.392000000000000E-002  6.236610784912446E-012
  2.394000000000000E-002  6.236963949759418E-012
  2.396000000000000E-002  6.237339931319837E-012
  2.398000000000000E-002  6.237736732208222E-012
  2.400000000000000E-002  6.238151960380287E-012
  2.402000000000000E-002  6.238582732835013E-012
  2.404000000000000E-002  6.239025436563381E-012
  2.406000000000000E-002  6.239476171792993E-012
  2.408000000000000E-002  6.239930736633984E-012
  2.410000000000000E-002  6.240386129616716E-012
  2.412000000000000E-002  6.240837957573065E-012
  2.414000000000000E-002  6.241284388666688E-012
  2.416000000000000E-002  6.241724104354840E-012
  2.418000000000000E-002  6.242155933494255E-012
  2.420000000000000E-002  6.242578966555628E-012
  2.422000000000000E-002  6.242992569855294E-012
  2.424000000000000E-002  6.243396562520398E-012
  2.426000000000000E-002  6.243791133031564E-012
  2.428000000000000E-002  6.244176637944773E-012
  2.430000000000000E-002  6.244553431744379E-012
  2.432000000000000E-002  6.244921229348741E-012
  2.434000000000000E-002  6.245278747255569E-012
  2.436000000000000E-002  6.245624355599819E-012
  2.438000000000000E-002  6.245956566041934E-012
  2.440000000000000E-002  6.246274350830974E-012
  2.442000000000000E-002  6.246577205912805E-012
  2.444000000000000E-002  6.246864936996015E-012
  2.446000000000000E-002  6.247137287560530E-012
  2.448000000000000E-002  6.247393920851057E-012
  2.450000000000000E-002  6.247634240647017E-012
  2.452000000000000E-002  6.247858132202875E-012
  2.454000000000000E-002  6.248065651330875E-012
  2.456000000000000E-002  6.248257410804442E-012
  2.458000000000000E-002  6.248434606504578E-012
  2.460000000000000E-002  6.248598766323918E-012
  2.462000000000000E-002  6.248751837978172E-012
  2.464000000000000E-002  6.248895636306282E-012
  2.466000000000000E-002  6.249031650100256E-012
  2.468000000000000E-002  6.249161605633054E-012
  2.470000000000000E-002  6.249287045396673E-012
  2.472000000000000E-002  6.249410078949008E-012
  2.474000000000000E-002  6.249532356507449E-012
  2.476000000000000E-002  6.249655307634350E-012
  2.478000000000000E-002  6.249779828341638E-012
  2.480000000000000E-002  6.249906705939669E-012
  2.482000000000000E-002  6.250036933512780E-012
  2.484000000000000E-002  6.250171433033991E-012
  2.486000000000000E-002  6.250310273402113E-012
  2.488000000000000E-002  6.250453373882407E-012
  2.490000000000000E-002  6.250599684893205E-012
  2.492000000000000E-002  6.250747535748006E-012
  2.494000000000000E-002  6.250895851960526E-012
  2.496000000000000E-002  6.251043833472528E-012
  2.498000000000000E-002  6.251190891939585E-012
  2.500000000000000E-002  6.251336625032371E-012
  2.502000000000000E-002  6.251480416230665E-012
  2.504000000000000E-002  6.251620642560903E-012
  2.506000000000000E-002  6.251759574446026E-012
  2.508000000000000E-002  6.251902450085201E-012
  2.510000000000000E-002  6.252050657909631E-012
  2.512000000000000E-002  6.252203947684172E-012
  2.514000000000000E-002  6.252360074296580E-012
  2.516000000000000E-002  6.252517438099339E-012
  2.518000000000000E-002  6.252677316742697E-012
  2.520000000000000E-002  6.252840926764909E-012
  2.522000000000000E-002  6.253007946397823E-012
  2.524000000000000E-002  6.253176281549162E-012
  2.526000000000000E-002  6.253338926517627E-012
  2.528000000000000E-002  6.253490481660641E-012
  2.530000000000000E-002  6.253636817351990E-012
  2.532000000000000E-002  6.253778830806732E-012
  2.534000000000000E-002  6.253907017651408E-012
  2.536000000000000E-002  6.254034412212739E-012
  2.538000000000000E-002  6.254172988052287E-012
  2.540000000000000E-002  6.254307751605996E-012
  2.542000000000000E-002  6.254433646035448E-012
  2.544000000000000E-002  6.254553144704361E-012
  2.546000000000000E-002  6.254666594761646E-012
  2.548000000000000E-002  6.254773695856664E-012
  2.550000000000000E-002  6.254874433299912E-012
  2.552000000000000E-002  6.254970916678505E-012
  2.554000000000000E-002  6.255063667746008E-012
  2.556000000000000E-002  6.255155688435065E-012
  2.558000000000000E-002  6.255248496283492E-012
  2.560000000000000E-002  6.255343299645342E-012
  2.562000000000000E-002  6.255439883320849E-012
  2.564000000000000E-002  6.255536520512580E-012
  2.566000000000000E-002  6.255630774484507E-012
  2.568000000000000E-002  6.255721119651569E-012
  2.570000000000000E-002  6.255807461674770E-012
  2.572000000000000E-002  6.255890241130610E-012
  2.574000000000000E-002  6.255970184889778E-012
  2.576000000000000E-002  6.256047460425421E-012
  2.578000000000000E-002  6.256122950703688E-012
  2.580000000000000E-002  6.256204069968245E-012
  2.582000000000000E-002  6.256296003019874E-012
  2.584000000000000E-002  6.256402138153309E-012
  2.586000000000000E-002  6.256524760793756E-012
  2.588000000000000E-002  6.256666539739673E-012
  2.590000000000000E-002  6.256828571575970E-012
  2.592000000000000E-002  6.257014058554053E-012
  2.594000000000000E-002  6.257231049536281E-012
  2.596000000000000E-002  6.257476839943445E-012
  2.598000000000000E-002  6.257751804797303E-012
  2.600000000000000E-002  6.258055737197072E-012
  2.602000000000000E-002  6.258388960493977E-012
  2.604000000000000E-002  6.258750329678680E-012
  2.606000000000000E-002  6.259141670978823E-012
  2.608000000000000E-002  6.259560878873199E-012
  2.610000000000000E-002  6.260006392242950E-012
  2.612000000000000E-002  6.260476082953940E-012
  2.614000000000000E-002  6.260967589079611E-012
  2.616000000000000E-002  6.261479476189586E-012
  2.618000000000000E-002  6.262011847601921E-012
  2.620000000000000E-002  6.262563863346590E-012
  2.622000000000000E-002  6.263133682102924E-012
  2.624000000000000E-002  6.263717837585797E-012
  2.626000000000000E-002  6.264313529697656E-012
  2.628000000000000E-002  6.264920773531919E-012
  2.630000000000000E-002  6.265535279166731E-012
  2.632000000000000E-002  6.266153008944069E-012
  2.634000000000000E-002  6.266772672075085E-012
  2.636000000000000E-002  6.267393167664703E-012
  2.638000000000000E-002  6.268013636095242E-012
  2.640000000000000E-002  6.268632729622368E-012
  2.642000000000000E-002  6.269248935035283E-012
  2.644000000000000E-002  6.269860934896182E-012
  2.646000000000000E-002  6.270467465269598E-012
  2.648000000000000E-002  6.271066718832071E-012
  2.650000000000000E-002  6.271654801102023E-012
  2.652000000000000E-002  6.272229186097994E-012
  2.654000000000000E-002  6.272787475441876E-012
  2.656000000000000E-002  6.273326951114455E-012
  2.658000000000000E-002  6.273845596787675E-012
  2.660000000000000E-002  6.274341288281699E-012
  2.662000000000000E-002  6.274812847218121E-012
  2.664000000000000E-002  6.275258154856353E-012
  2.666000000000000E-002  6.275677666959574E-012
  2.668000000000000E-002  6.276068838712001E-012
  2.670000000000000E-002  6.276436617305920E-012
  2.672000000000000E-002  6.276775798201579E-012
  2.674000000000000E-002  6.277101575854686E-012
  2.676000000000000E-002  6.277402336682720E-012
  2.678000000000000E-002  6.277682012905234E-012
  2.680000000000000E-002  6.277945053297468E-012
  2.682000000000000E-002  6.278194104840474E-012
  2.684000000000000E-002  6.278431995064584E-012
  2.686000000000000E-002  6.278660105799922E-012
  2.688000000000000E-002  6.278878712723687E-012
  2.690000000000000E-002  6.279089327536345E-012
  2.692000000000000E-002  6.279293502485398E-012
  2.694000000000000E-002  6.279492455195988E-012
  2.696000000000000E-002  6.279686405981665E-012
  2.698000000000000E-002  6.279875022871175E-012
  2.700000000000000E-002  6.280058248041061E-012
  2.702000000000000E-002  6.280236139093753E-012
  2.704000000000000E-002  6.280407187862428E-012
  2.706000000000000E-002  6.280569233827074E-012
  2.708000000000000E-002  6.280722065626881E-012
  2.710000000000000E-002  6.280867937133791E-012
  2.712000000000000E-002  6.281008696921795E-012
  2.714000000000000E-002  6.281143800062002E-012
  2.716000000000000E-002  6.281271847735733E-012
  2.718000000000000E-002  6.281392153129600E-012
  2.720000000000000E-002  6.281504562981973E-012
  2.722000000000000E-002  6.281608771856196E-012
  2.724000000000000E-002  6.281704541604513E-012
  2.726000000000000E-002  6.281791355823046E-012
  2.728000000000000E-002  6.281868757259775E-012
  2.730000000000000E-002  6.281936542729780E-012
  2.732000000000000E-002  6.281995810163265E-012
  2.734000000000000E-002  6.282044629734518E-012
  2.736000000000000E-002  6.282080908288359E-012
  2.738000000000000E-002  6.282104820217860E-012
  2.740000000000000E-002  6.282117296357911E-012
  2.742000000000000E-002  6.282118042642063E-012
  2.744000000000000E-002  6.282106232089578E-012
  2.746000000000000E-002  6.282080929472018E-012
  2.748000000000000E-002  6.282041467221696E-012
  2.750000000000000E-002  6.281987376788949E-012
  2.752000000000000E-002  6.281918387252342E-012
  2.754000000000000E-002  6.281835170806738E-012
  2.756000000000000E-002  6.281739245889684E-012
  2.758000000000000E-002  6.281632620330897E-012
  2.760000000000000E-002  6.281516693751142E-012
  2.762000000000000E-002  6.281394151138246E-012
  2.764000000000000E-002  6.281267572304599E-012
  2.766000000000000E-002  6.281139875403114E-012
  2.768000000000000E-002  6.281013101867445E-012
  2.770000000000000E-002  6.280886596686404E-012
  2.772000000000000E-002  6.280759141967034E-012
  2.774000000000000E-002  6.280628946854138E-012
  2.776000000000000E-002  6.280493309741246E-012
  2.778000000000000E-002  6.280347936536668E-012
  2.780000000000000E-002  6.280187944537801E-012
  2.782000000000000E-002  6.280006801444911E-012
  2.784000000000000E-002  6.279797105555901E-012
  2.786000000000000E-002  6.279552779969126E-012
  2.788000000000000E-002  6.279264676671592E-012
  2.790000000000000E-002  6.278920040578604E-012
  2.792000000000000E-002  6.278500274804211E-012
  2.794000000000000E-002  6.277987357522393E-012
  2.796000000000000E-002  6.277538044628739E-012
  2.798000000000000E-002  6.277277114547806E-012
  2.800000000000000E-002  6.277180534348481E-012
  2.802000000000000E-002  6.277181356236350E-012
  2.804000000000000E-002  6.277218984652693E-012
  2.806000000000000E-002  6.277337449384597E-012
  2.808000000000000E-002  6.277606708300540E-012
  2.810000000000000E-002  6.278119914542699E-012
  2.812000000000000E-002  6.279006910646964E-012
  2.814000000000000E-002  6.280443547727425E-012
  2.816000000000000E-002  6.282668627480191E-012
  2.818000000000000E-002  6.286016720697985E-012
  2.820000000000000E-002  6.290941572538518E-012
  2.822000000000000E-002  6.298068633689215E-012
  2.824000000000000E-002  6.308247616893002E-012
  2.826000000000000E-002  6.322631917584378E-012
  2.828000000000000E-002  6.342773150523310E-012
  2.830000000000000E-002  6.370745490946112E-012
  2.832000000000000E-002  6.409296357177737E-012
  2.834000000000000E-002  6.462034278314839E-012
  2.836000000000000E-002  6.533654902413741E-012
  2.838000000000000E-002  6.630191661849129E-012
  2.840000000000000E-002  6.759166783854478E-012
  2.842000000000000E-002  6.930017836301254E-012
  2.844000000000000E-002  7.154707321344942E-012
  2.846000000000000E-002  7.447849948897343E-012
  2.848000000000000E-002  7.827037377784221E-012
  2.850000000000000E-002  8.313127267426614E-012
  2.852000000000000E-002  8.930146015463417E-012
  2.854000000000000E-002  9.705091029288543E-012
  2.856000000000000E-002  1.066754606344455E-011
  2.858000000000000E-002  1.184881201709979E-011
  2.860000000000000E-002  1.328054062315693E-011
  2.862000000000000E-002  1.499289114405404E-011
  2.864000000000000E-002  1.701221844808341E-011
  2.866000000000000E-002  1.935835681019434E-011
  2.868000000000000E-002  2.204155515127089E-011
  2.870000000000000E-002  2.505895026275321E-011
  2.872000000000000E-002  2.839023822486879E-011
  2.874000000000000E-002  3.199213118080928E-011
  2.876000000000000E-002  3.579317855248108E-011
  2.878000000000000E-002  3.968747134225421E-011
  2.880000000000000E-002  4.348595175685886E-011
  2.882000000000000E-002  4.713351090200309E-011
  2.884000000000000E-002  5.054046265507350E-011
  2.886000000000000E-002  5.351846262213732E-011
  2.888000000000000E-002  5.587957834544201E-011
  2.890000000000000E-002  5.754151084493295E-011
  2.892000000000000E-002  5.851052042526136E-011
  2.894000000000000E-002  5.890941767637222E-011
  2.896000000000000E-002  5.895064119884555E-011
  2.898000000000000E-002  5.886427926610303E-011
  2.900000000000000E-002  5.870716653939616E-011
  2.902000000000000E-002  5.842140161716897E-011
  2.904000000000000E-002  5.795444130622064E-011
  2.906000000000000E-002  5.725349796175567E-011
  2.908000000000000E-002  5.626062394803346E-011
  2.910000000000000E-002  5.490978932833404E-011
  2.912000000000000E-002  5.312539940400171E-011
  2.914000000000000E-002  5.082404882630017E-011
  2.916000000000000E-002  4.791796075065889E-011
  2.918000000000000E-002  4.432047787320804E-011
  2.920000000000000E-002  4.025220294986957E-011
  2.922000000000000E-002  3.722376302567358E-011
  2.924000000000000E-002  3.548948178026854E-011
  2.926000000000000E-002  3.477058263030104E-011
  2.928000000000000E-002  3.465646385244110E-011
  2.930000000000000E-002  3.480917257667828E-011
  2.932000000000000E-002  3.541616260898641E-011
  2.934000000000000E-002  3.680639240020230E-011
  2.936000000000000E-002  3.933495206021838E-011
  2.938000000000000E-002  4.338398331708790E-011
  2.940000000000000E-002  4.935333252499887E-011
  2.942000000000000E-002  5.764751420264907E-011
  2.944000000000000E-002  6.866102796513848E-011
  2.946000000000000E-002  8.276234574848735E-011
  2.948000000000000E-002  1.002813570215507E-010
  2.950000000000000E-002  1.215058377203962E-010
  2.952000000000000E-002  1.466935431662607E-010
  2.954000000000000E-002  1.761093548620841E-010
  2.956000000000000E-002  2.100984796163482E-010
  2.958000000000000E-002  2.492093077887259E-010
  2.960000000000000E-002  2.943824983191356E-010
  2.962000000000000E-002  3.472267786092394E-010
  2.964000000000000E-002  4.104070681315215E-010
  2.966000000000000E-002  4.881764882413618E-010
  2.968000000000000E-002  5.870835865881516E-010
  2.970000000000000E-002  7.168255886639345E-010
  2.972000000000000E-002  8.915018335823714E-010
  2.974000000000000E-002  1.131086795935066E-009
  2.976000000000000E-002  1.463095567945622E-009
  2.978000000000000E-002  1.924463900001711E-009
  2.980000000000000E-002  2.563447361760097E-009
  2.982000000000000E-002  3.441255667249077E-009
  2.984000000000000E-002  4.632983377879554E-009
  2.986000000000000E-002  6.227239704034500E-009
  2.988000000000000E-002  8.323778033111864E-009
  2.990000000000000E-002  1.102859051351651E-008
  2.992000000000000E-002  1.444627052949937E-008
  2.994000000000000E-002  1.867040308518830E-008
  2.996000000000000E-002  2.377453047309023E-008
  2.998000000000000E-002  2.980962393328153E-008
  3.000000000000000E-002  3.681607612277251E-008
  3.002000000000000E-002  4.481392433121336E-008
  3.004000000000000E-002  5.308482340466769E-008
  3.006000000000000E-002  5.952094896388173E-008
  3.008000000000000E-002  6.384470742595512E-008
  3.010000000000000E-002  6.639553409677717E-008
  3.012000000000000E-002  6.771725946744558E-008
  3.014000000000000E-002  6.810498807479858E-008
  3.016000000000000E-002  6.809931210891896E-008
  3.018000000000000E-002  6.788742739429486E-008
  3.020000000000000E-002  6.771145301562997E-008
  3.022000000000000E-002  6.785573243951351E-008
  3.024000000000000E-002  6.841900123685172E-008
  3.026000000000000E-002  6.984200253551860E-008
  3.028000000000000E-002  7.263502790444788E-008
  3.030000000000000E-002  7.737516601889861E-008
  3.032000000000000E-002  8.468500299172582E-008
  3.034000000000000E-002  9.527657271183175E-008
  3.036000000000000E-002  1.100521666048014E-007
  3.038000000000000E-002  1.302434995034600E-007
  3.040000000000000E-002  1.575931327646128E-007
  3.042000000000000E-002  1.945783908142400E-007
  3.044000000000000E-002  2.446880973687585E-007
  3.046000000000000E-002  3.127191933867525E-007
  3.048000000000000E-002  4.052954133572194E-007
  3.050000000000000E-002  5.315728749293550E-007
  3.052000000000000E-002  7.042395411733303E-007
  3.054000000000000E-002  9.409381376465021E-007
  3.056000000000000E-002  1.266698497431150E-006
  3.058000000000000E-002  1.716205313066782E-006
  3.060000000000000E-002  2.337077651509649E-006
  3.062000000000000E-002  3.195093374596802E-006
  3.064000000000000E-002  4.380704883993916E-006
  3.066000000000000E-002  6.017732600113068E-006
  3.068000000000000E-002  8.274662234394693E-006
  3.070000000000000E-002  1.137904756656674E-005
  3.072000000000000E-002  1.563545352967141E-005
  3.074000000000000E-002  2.144740639508769E-005
  3.076000000000000E-002  2.934326323543191E-005
  3.078000000000000E-002  4.000638823436228E-005
  3.080000000000000E-002  5.431229735738009E-005
  3.082000000000000E-002  7.336554616896430E-005
  3.084000000000000E-002  9.853605443696281E-005
  3.086000000000000E-002  1.314881887522566E-004
  3.088000000000000E-002  1.741926445374514E-004
  3.090000000000000E-002  2.289214141587245E-004
  3.092000000000000E-002  2.982071650694125E-004
  3.094000000000000E-002  3.847468618708000E-004
  3.096000000000000E-002  4.912346157985097E-004
  3.098000000000000E-002  6.200970696414524E-004
  3.100000000000000E-002  7.589526956538674E-004
  3.102000000000000E-002  8.668165466674062E-004
  3.104000000000000E-002  9.411859832566576E-004
  3.106000000000000E-002  9.868584149450446E-004
  3.108000000000000E-002  1.010068055428021E-003
  3.110000000000000E-002  1.018341847991780E-003
  3.112000000000000E-002  1.018419376309282E-003
  3.114000000000000E-002  1.008217508451837E-003
  3.116000000000000E-002  9.814773170881183E-004
  3.118000000000000E-002  9.325834166594135E-004
  3.120000000000000E-002  8.570654289387410E-004
  3.122000000000000E-002  7.532877208379480E-004
  3.124000000000000E-002  6.562231881388578E-004
  3.126000000000000E-002  5.992278131495891E-004
  3.128000000000000E-002  5.741355709343849E-004
  3.130000000000000E-002  5.688230771626805E-004
  3.132000000000000E-002  5.755560154312041E-004
  3.134000000000000E-002  6.016494687622653E-004
  3.136000000000001E-002  6.624051452174987E-004
  3.138000000000001E-002  7.763950482095957E-004
  3.140000000000000E-002  9.670149797275883E-004
  3.142000000000000E-002  1.264144482985072E-003
  3.144000000000000E-002  1.706235290983737E-003
  3.146000000000000E-002  2.342932928134955E-003
  3.148000000000000E-002  3.238373647546648E-003
  3.150000000000000E-002  4.475419869084772E-003
  3.152000000000000E-002  6.161282811988764E-003
  3.154000000000001E-002  8.435309739205168E-003
  3.156000000000000E-002  1.148027955592810E-002
  3.158000000000000E-002  1.553959849770762E-002
  3.160000000000000E-002  2.094446732387908E-002
  3.162000000000000E-002  2.815875506524340E-002
  3.164000000000000E-002  3.785599916323759E-002
  3.166000000000000E-002  5.040313208012990E-002
  3.168000000000000E-002  6.343442286404859E-002
  3.170000000000001E-002  7.586820904767790E-002
  3.172000000000001E-002  8.735763482437656E-002
  3.174000000000000E-002  9.768827731863514E-002
  3.176000000000000E-002  0.106725536581802     
  3.178000000000000E-002  0.114350830325798     
  3.180000000000000E-002  0.120444180675086     
  3.182000000000000E-002  0.124912031892823     
  3.184000000000000E-002  0.127764809091119     
  3.186000000000000E-002  0.129176723157692     
  3.188000000000001E-002  0.129526691388894     
  3.190000000000000E-002  0.129203003314330     
  3.192000000000000E-002  0.128054655772125     
  3.194000000000000E-002  0.126007965865228     
  3.196000000000000E-002  0.122701887975291     
  3.198000000000000E-002  0.117825446496646     
  3.200000000000000E-002  0.111904280100433     
  3.202000000000000E-002  0.108553699353426     
  3.204000000000001E-002  0.107741723811066     
  3.206000000000001E-002  0.108047060563682     
  3.208000000000000E-002  0.109813573893676     
  3.210000000000000E-002  0.114166271675758     
  3.212000000000000E-002  0.122224902703161     
  3.214000000000000E-002  0.134997666330166     
  3.216000000000000E-002  0.152223202613877     
  3.218000000000000E-002  0.168083772108199     
  3.220000000000000E-002  0.181553869038018     
  3.222000000000001E-002  0.193468594002615     
  3.224000000000000E-002  0.204559354532647     
  3.226000000000000E-002  0.215392309480354     
  3.228000000000000E-002  0.226320266189449     
  3.230000000000000E-002  0.237607795399117     
  3.232000000000000E-002  0.249326890414124     
  3.234000000000000E-002  0.261009846805187     
  3.236000000000000E-002  0.272162950020055     
  3.238000000000001E-002  0.282492471176540     
  3.240000000000001E-002  0.291801725837190     
  3.242000000000000E-002  0.300000222615768     
  3.244000000000000E-002  0.307079468466902     
  3.246000000000000E-002  0.313085977781631     
  3.248000000000000E-002  0.318101845165376     
  3.250000000000000E-002  0.322220811536658     
  3.252000000000000E-002  0.325536082945999     
  3.254000000000000E-002  0.328134195033956     
  3.256000000000001E-002  0.330087683049931     
  3.258000000000000E-002  0.331464441830900     
  3.260000000000000E-002  0.332315671188818     
  3.262000000000000E-002  0.332687351871150     
  3.264000000000000E-002  0.332683205935087     
  3.266000000000000E-002  0.332306317510968     
  3.268000000000000E-002  0.331386003086088     
  3.270000000000000E-002  0.329970537746300     
  3.272000000000001E-002  0.328117503450843     
  3.274000000000001E-002  0.325814904471598     
  3.276000000000000E-002  0.323016205316061     
  3.278000000000000E-002  0.319677818526557     
  3.280000000000000E-002  0.315765229418535     
  3.282000000000000E-002  0.311247317516989     
  3.284000000000000E-002  0.306096064511454     
  3.286000000000000E-002  0.300289245410248     
  3.288000000000000E-002  0.293814062291612     
  3.290000000000001E-002  0.286671101940313     
  3.292000000000000E-002  0.278875877876273     
  3.294000000000000E-002  0.270459382541322     
  3.296000000000000E-002  0.261470219579189     
  3.298000000000000E-002  0.251976057702176     
  3.300000000000000E-002  0.242063008359220     
  3.302000000000000E-002  0.231835703935485     
  3.304000000000000E-002  0.221413082295116     
  3.306000000000001E-002  0.210925692804057     
  3.308000000000001E-002  0.200512243763878     
  3.310000000000000E-002  0.190316048474644     
  3.312000000000000E-002  0.180482572188559     
  3.314000000000000E-002  0.171244324569631     
  3.316000000000000E-002  0.162885695884503     
  3.318000000000000E-002  0.155259410510909     
  3.320000000000000E-002  0.148160144079167     
  3.322000000000000E-002  0.141476387416887     
  3.324000000000001E-002  0.135138963106667     
  3.326000000000000E-002  0.129088388113782     
  3.328000000000000E-002  0.123269377432352     
  3.330000000000000E-002  0.117625826437807     
  3.332000000000000E-002  0.112097811020599     
  3.334000000000000E-002  0.106622041980310     
  3.336000000000000E-002  0.101124236929423     
  3.338000000000000E-002  9.553277352680503E-002
  3.340000000000001E-002  8.977935886709730E-002
  3.342000000000001E-002  8.381398739997560E-002
  3.344000000000000E-002  7.760570961416359E-002
  3.346000000000000E-002  7.115486727128693E-002
  3.348000000000000E-002  6.449826134894779E-002
  3.350000000000000E-002  5.770420995722227E-002
  3.352000000000000E-002  5.090278842397564E-002
  3.354000000000000E-002  4.510395421654990E-002
  3.356000000000000E-002  4.079493390353506E-002
  3.358000000000001E-002  3.759995258152295E-002
  3.360000000000000E-002  3.521156253404976E-002
  3.362000000000000E-002  3.338007164174980E-002
  3.364000000000000E-002  3.190773901258048E-002
  3.366000000000000E-002  3.064564781009566E-002
  3.368000000000000E-002  2.949105983824038E-002
  3.370000000000000E-002  2.838202716327583E-002
  3.372000000000000E-002  2.729534208171681E-002
  3.374000000000001E-002  2.620750738588365E-002
  3.376000000000001E-002  2.507800632133650E-002
  3.378000000000000E-002  2.385645756543744E-002
  3.380000000000000E-002  2.248445294932111E-002
  3.382000000000000E-002  2.090448682375404E-002
  3.384000000000000E-002  1.906735790863512E-002
  3.386000000000000E-002  1.694412842809439E-002
  3.388000000000000E-002  1.453466669761539E-002
  3.390000000000000E-002  1.187250317614676E-002
  3.392000000000001E-002  9.048800821337936E-003
  3.394000000000000E-002  6.595741016801018E-003
  3.396000000000000E-002  4.764212879670483E-003
  3.398000000000000E-002  3.411541829859004E-003
  3.400000000000000E-002  2.422295956797325E-003
  3.402000000000000E-002  1.706388775371087E-003
  3.404000000000000E-002  1.193489593007675E-003
  3.406000000000000E-002  8.297219862358420E-004
  3.408000000000001E-002  5.742547493254370E-004
  3.410000000000001E-002  3.964991773342433E-004
  3.412000000000000E-002  2.738340101886326E-004
  3.414000000000000E-002  1.897572754691278E-004
  3.416000000000000E-002  1.323985442934563E-004
  3.418000000000000E-002  9.333955192858927E-005
  3.420000000000000E-002  6.669584251547707E-005
  3.422000000000000E-002  4.841371764006476E-005
  3.424000000000000E-002  3.574009454230879E-005
  3.426000000000001E-002  2.682857764261973E-005
  3.428000000000000E-002  2.045164980148829E-005
  3.430000000000000E-002  1.579535101633965E-005
  3.432000000000000E-002  1.231827261580492E-005
  3.434000000000000E-002  9.664963495582162E-006
  3.436000000000000E-002  7.584437343113188E-006
  3.438000000000000E-002  5.918725347827875E-006
  3.440000000000000E-002  4.573808258546735E-006
  3.442000000000001E-002  3.494386735953073E-006
  3.444000000000001E-002  2.643821389859240E-006
  3.446000000000000E-002  1.994828322571398E-006
  3.448000000000000E-002  1.527713304870528E-006
  3.450000000000000E-002  1.223160005867149E-006
  3.452000000000000E-002  1.056421621662752E-006
  3.454000000000000E-002  9.920346767595412E-007
  3.456000000000000E-002  9.841440958727607E-007
  3.458000000000000E-002  1.003423615450360E-006
  3.460000000000001E-002  1.076175302391905E-006
  3.462000000000000E-002  1.241131047606873E-006
  3.464000000000000E-002  1.547762336120041E-006
  3.466000000000000E-002  2.062080671217450E-006
  3.468000000000000E-002  2.873774356994529E-006
  3.470000000000000E-002  4.105324944344530E-006
  3.472000000000000E-002  5.923210474812359E-006
  3.474000000000000E-002  8.551500257567182E-006
  3.476000000000001E-002  1.228788985229944E-005
  3.478000000000001E-002  1.752201890703614E-005
  3.480000000000000E-002  2.475545822011477E-005
  3.482000000000000E-002  3.462262106738466E-005
  3.484000000000000E-002  4.791198551987228E-005
  3.486000000000000E-002  6.558363915733958E-005
  3.488000000000000E-002  8.878059789996410E-005
  3.490000000000000E-002  1.188297330231559E-004
  3.492000000000000E-002  1.572256818739456E-004
  3.494000000000001E-002  2.055747095379471E-004
  3.496000000000000E-002  2.655413065562037E-004
  3.498000000000000E-002  3.387660642356624E-004
  3.500000000000000E-002  4.267235261705372E-004
  3.502000000000000E-002  5.305154864036282E-004
  3.504000000000000E-002  6.346593872324081E-004
  3.506000000000000E-002  7.115473792129444E-004
  3.508000000000000E-002  7.621422993062942E-004
  3.510000000000001E-002  7.907508156504210E-004
  3.512000000000001E-002  8.029587329246581E-004
  3.514000000000000E-002  8.050174758012970E-004
  3.516000000000000E-002  8.025952654143364E-004
  3.518000000000000E-002  7.950514483470999E-004
  3.520000000000000E-002  7.790767749008954E-004
  3.522000000000000E-002  7.514553743062323E-004
  3.524000000000000E-002  7.095575243572042E-004
  3.526000000000000E-002  6.518234567908793E-004
  3.528000000000001E-002  5.777525756130534E-004
  3.530000000000000E-002  4.874420189453751E-004
  3.532000000000000E-002  3.829745306705657E-004
  3.534000000000000E-002  2.862882627855246E-004
  3.536000000000000E-002  2.115567326867593E-004
  3.538000000000000E-002  1.546772079830086E-004
  3.540000000000000E-002  1.119286354356718E-004
  3.542000000000000E-002  8.018934693244535E-005
  3.544000000000001E-002  5.689627433184873E-005
  3.546000000000001E-002  3.999103175589248E-005
  3.548000000000000E-002  2.785281258888549E-005
  3.550000000000000E-002  1.922789199391934E-005
  3.552000000000000E-002  1.316063609529773E-005
  3.554000000000000E-002  8.933476175813324E-006
  3.556000000000000E-002  6.015468758461215E-006
  3.558000000000000E-002  4.019054508414639E-006
  3.560000000000000E-002  2.664884893507841E-006
  3.562000000000001E-002  1.753976648816842E-006
  3.564000000000001E-002  1.146165413389835E-006
  3.566000000000000E-002  7.437606136609397E-007
  3.568000000000000E-002  4.793609019505832E-007
  3.570000000000000E-002  3.069121165200298E-007
  3.572000000000000E-002  1.952377946283492E-007
  3.574000000000000E-002  1.234205140932626E-007
  3.576000000000000E-002  7.754595973737109E-008
  3.578000000000001E-002  4.843444713427877E-008
  3.580000000000001E-002  3.007793695921474E-008
  3.582000000000000E-002  1.857439805070351E-008
  3.584000000000000E-002  1.140846048485162E-008
  3.586000000000000E-002  6.970365701339749E-009
  3.588000000000000E-002  4.237095615181615E-009
  3.590000000000000E-002  2.563000001768160E-009
  3.592000000000000E-002  1.542746926908228E-009
  3.594000000000000E-002  9.241556449994238E-010
  3.596000000000001E-002  5.513951679706979E-010
  3.598000000000001E-002  3.281670185605648E-010
  3.600000000000000E-002  1.953215435552350E-010
  3.602000000000000E-002  1.167586777849474E-010
  3.604000000000000E-002  7.058703606317021E-011
  3.606000000000000E-002  4.361868105852838E-011
  3.608000000000000E-002  2.796232230121270E-011
  3.610000000000000E-002  1.892828807820671E-011
  3.612000000000001E-002  1.374639617264213E-011
  3.614000000000001E-002  1.079128958670371E-011
  3.616000000000000E-002  9.115777596029270E-012
  3.618000000000000E-002  8.171034364171574E-012
  3.620000000000000E-002  7.641144288013480E-012
  3.622000000000000E-002  7.345354910244652E-012
  3.624000000000000E-002  7.180934971213211E-012
  3.626000000000000E-002  7.089819152532819E-012
  3.628000000000000E-002  7.039346330080785E-012
  3.630000000000001E-002  7.011239828535974E-012
  3.632000000000001E-002  6.995332608299743E-012
  3.634000000000000E-002  6.986009578184703E-012
  3.636000000000000E-002  6.980201915590988E-012
  3.638000000000000E-002  6.976263645207592E-012
  3.640000000000000E-002  6.973313348533104E-012
  3.642000000000000E-002  6.970868435143566E-012
  3.644000000000000E-002  6.968677971186805E-012
  3.646000000000001E-002  6.966680659151237E-012
  3.648000000000001E-002  6.964836086487788E-012
  3.650000000000000E-002  6.963170817347502E-012
  3.652000000000000E-002  6.961691738607845E-012
  3.654000000000000E-002  6.960382427005985E-012
  3.656000000000000E-002  6.959207957902167E-012
  3.658000000000000E-002  6.958075970337533E-012
  3.660000000000000E-002  6.956931458646956E-012
  3.662000000000000E-002  6.955791772397805E-012
  3.664000000000001E-002  6.954665775560279E-012
  3.666000000000001E-002  6.953556216046223E-012
  3.668000000000000E-002  6.952462465934051E-012
  3.670000000000000E-002  6.951382453474499E-012
  3.672000000000000E-002  6.950314523089770E-012
  3.674000000000000E-002  6.949256405701492E-012
  3.676000000000000E-002  6.948205941916692E-012
  3.678000000000000E-002  6.947161986822524E-012
  3.680000000000001E-002  6.946122159536540E-012
  3.682000000000001E-002  6.945084690849392E-012
  3.684000000000000E-002  6.944047924314961E-012
  3.686000000000000E-002  6.943010038588192E-012
  3.688000000000000E-002  6.941968569582703E-012
  3.690000000000000E-002  6.940921344358654E-012
  3.692000000000000E-002  6.939866901906792E-012
  3.694000000000000E-002  6.938805375188120E-012
  3.696000000000000E-002  6.937733547032393E-012
  3.698000000000001E-002  6.936648737282065E-012
  3.700000000000001E-002  6.935550078927336E-012
  3.702000000000000E-002  6.934436924035176E-012
  3.704000000000000E-002  6.933309546177129E-012
  3.706000000000000E-002  6.932167666121368E-012
  3.708000000000000E-002  6.931009474205360E-012
  3.710000000000000E-002  6.929834139353691E-012
  3.712000000000000E-002  6.928639201175285E-012
  3.714000000000001E-002  6.927425070450251E-012
  3.716000000000001E-002  6.926190095833223E-012
  3.718000000000000E-002  6.924932025620398E-012
  3.720000000000000E-002  6.923649261474270E-012
  3.722000000000000E-002  6.922338149281970E-012
  3.724000000000000E-002  6.920996828822995E-012
  3.726000000000000E-002  6.919669996089285E-012
  3.728000000000000E-002  6.918411680539537E-012
  3.730000000000000E-002  6.917245352774490E-012
  3.732000000000001E-002  6.916181742404200E-012
  3.734000000000001E-002  6.915218205799217E-012
  3.736000000000000E-002  6.914356385766946E-012
  3.738000000000000E-002  6.913593167567507E-012
  3.740000000000000E-002  6.912919061105766E-012
  3.742000000000000E-002  6.912312358840306E-012
  3.744000000000000E-002  6.911747645381545E-012
  3.746000000000000E-002  6.911235776450934E-012
  3.748000000000001E-002  6.910796770743351E-012
  3.750000000000001E-002  6.910419271794491E-012
  3.752000000000000E-002  6.910096682470897E-012
  3.754000000000000E-002  6.909807385664609E-012
  3.756000000000000E-002  6.909538362439303E-012
  3.758000000000000E-002  6.909312889403029E-012
  3.760000000000000E-002  6.909125323661457E-012
  3.762000000000000E-002  6.908966388917428E-012
  3.764000000000000E-002  6.908818945218211E-012
  3.766000000000001E-002  6.908696968177559E-012
  3.768000000000001E-002  6.908601473135975E-012
  3.770000000000000E-002  6.908540507144306E-012
  3.772000000000000E-002  6.908563973835566E-012
  3.774000000000000E-002  6.908630570303603E-012
  3.776000000000000E-002  6.908702509831395E-012
  3.778000000000000E-002  6.908505535672474E-012
  3.780000000000000E-002  6.907569370855746E-012
  3.782000000000001E-002  6.904901504517631E-012
  3.784000000000001E-002  6.898128647793080E-012
  3.786000000000000E-002  6.880952470662650E-012
  3.788000000000000E-002  6.838163785315821E-012
  3.790000000000000E-002  6.746619728903701E-012
  3.792000000000000E-002  6.658536882749694E-012
  3.794000000000000E-002  6.609304413283551E-012
  3.796000000000000E-002  6.584554265593161E-012
  3.798000000000000E-002  6.575900232994243E-012
  3.800000000000001E-002  6.571220325820888E-012
  3.802000000000001E-002  6.571729561517270E-012
  3.804000000000000E-002  6.573725810886092E-012
  3.806000000000000E-002  6.576800601262554E-012
  3.808000000000000E-002  6.580661811056145E-012
  3.810000000000000E-002  6.585095972594390E-012
  3.812000000000000E-002  6.589956949848347E-012
  3.814000000000000E-002  6.595202418361359E-012
  3.816000000000001E-002  6.600841668472844E-012
  3.818000000000001E-002  6.606153484599370E-012
  3.820000000000000E-002  6.611122857358231E-012
  3.822000000000000E-002  6.615218465954446E-012
  3.824000000000000E-002  6.619086020991113E-012
  3.826000000000000E-002  6.622657268008179E-012
  3.828000000000000E-002  6.625909743429772E-012
  3.830000000000000E-002  6.628823825727255E-012
  3.832000000000000E-002  6.631461855280388E-012
  3.834000000000001E-002  6.633897275426819E-012
  3.836000000000001E-002  6.636077445943387E-012
  3.838000000000000E-002  6.637835266618075E-012
  3.840000000000000E-002  6.639538392145754E-012
  3.842000000000000E-002  6.640528202950836E-012
  3.844000000000000E-002  6.641491595444207E-012
  3.846000000000000E-002  6.641537320390267E-012
  3.848000000000000E-002  6.641242521856067E-012
  3.850000000000001E-002  6.640614798863654E-012
  3.852000000000001E-002  6.639714242436792E-012
  3.854000000000000E-002  6.638519319753628E-012
  3.856000000000000E-002  6.636840660313689E-012
  3.858000000000000E-002  6.634671933368702E-012
  3.860000000000000E-002  6.632202578773496E-012
  3.862000000000000E-002  6.629561647839241E-012
  3.864000000000000E-002  6.626751538793406E-012
  3.866000000000000E-002  6.623817112121111E-012
  3.868000000000001E-002  6.620798661546297E-012
  3.870000000000001E-002  6.617737368198456E-012
  3.872000000000000E-002  6.614601599068642E-012
  3.874000000000000E-002  6.611698456303154E-012
  3.876000000000000E-002  6.608951772323600E-012
  3.878000000000000E-002  6.606651149420708E-012
  3.880000000000000E-002  6.604741929244740E-012
  3.882000000000000E-002  6.603054770345168E-012
  3.884000000000001E-002  6.601487715351869E-012
  3.886000000000001E-002  6.599866162813763E-012
  3.888000000000000E-002  6.598140459168834E-012
  3.890000000000000E-002  6.596355996077761E-012
  3.892000000000000E-002  6.594487468896939E-012
  3.894000000000000E-002  6.592329176256678E-012
  3.896000000000000E-002  6.589678354311232E-012
  3.898000000000000E-002  6.586689010646105E-012
  3.900000000000000E-002  6.583738961163794E-012
  3.902000000000001E-002  6.580971305408929E-012
  3.904000000000001E-002  6.578281913085826E-012
  3.906000000000000E-002  6.575787672002007E-012
  3.908000000000000E-002  6.573448912463209E-012
  3.910000000000000E-002  6.571482552306177E-012
  3.912000000000000E-002  6.569855517315166E-012
  3.914000000000000E-002  6.568484937211338E-012
  3.916000000000000E-002  6.567483919745497E-012
  3.918000000000001E-002  6.566832939126616E-012
  3.920000000000001E-002  6.566534544360724E-012
  3.922000000000000E-002  6.566679876709502E-012
  3.924000000000000E-002  6.566994780740393E-012
  3.926000000000000E-002  6.567465709401903E-012
  3.928000000000000E-002  6.568338750908929E-012
  3.930000000000000E-002  6.569759141665176E-012
  3.932000000000000E-002  6.571859194832666E-012
  3.934000000000000E-002  6.574784639113593E-012
  3.936000000000001E-002  6.578604407128909E-012
  3.938000000000001E-002  6.582431748236603E-012
  3.940000000000000E-002  6.585525957281964E-012
  3.942000000000000E-002  6.587649241958376E-012
  3.944000000000000E-002  6.588829323540097E-012
  3.946000000000000E-002  6.589437181831101E-012
  3.948000000000000E-002  6.589108287462395E-012
  3.950000000000000E-002  6.588521335727761E-012
  3.952000000000001E-002  6.587527151749131E-012
  3.954000000000001E-002  6.586112731061347E-012
  3.956000000000000E-002  6.584239534289300E-012
  3.958000000000000E-002  6.582521452157816E-012
  3.960000000000000E-002  6.581141302225208E-012
  3.962000000000000E-002  6.580449339198694E-012
  3.964000000000000E-002  6.579970075487740E-012
  3.966000000000000E-002  6.580162204190863E-012
  3.968000000000000E-002  6.580618775134721E-012
  3.970000000000001E-002  6.581260713442052E-012
  3.972000000000001E-002  6.581812142893526E-012
  3.974000000000000E-002  6.582045493588446E-012
  3.976000000000000E-002  6.581954204540188E-012
  3.978000000000000E-002  6.581747084071603E-012
  3.980000000000000E-002  6.581440606535781E-012
  3.982000000000000E-002  6.581411689253675E-012
  3.984000000000000E-002  6.581576872935245E-012
  3.986000000000001E-002  6.581930638594643E-012
  3.988000000000001E-002  6.582408464731112E-012
  3.990000000000000E-002  6.582924866242699E-012
  3.992000000000000E-002  6.583445458645449E-012
  3.994000000000000E-002  6.583972467391738E-012
  3.996000000000000E-002  6.584504007354429E-012
  3.998000000000000E-002  6.585257315673774E-012
  4.000000000000000E-002  1.566618954566931E-011
