  0.000000000000000E+000   443.669005160825     
  2.000000000000000E-005   997.660142468328     
  4.000000000000000E-005   997.660142468328     
  6.000000000000001E-005   997.660142468329     
  8.000000000000001E-005   997.660142468329     
  1.000000000000000E-004   997.660142468329     
  1.200000000000000E-004   997.660142468329     
  1.400000000000000E-004   997.660142468329     
  1.600000000000000E-004   997.660142468328     
  1.800000000000000E-004   997.660142468329     
  2.000000000000000E-004   997.660142468333     
  2.200000000000000E-004   997.660142468335     
  2.400000000000000E-004   997.660142468337     
  2.600000000000000E-004   997.660142468339     
  2.800000000000000E-004   997.660142468340     
  3.000000000000000E-004   997.660142468341     
  3.200000000000000E-004   997.660142468343     
  3.400000000000000E-004   997.660142468344     
  3.600000000000000E-004   997.660142468347     
  3.800000000000000E-004   997.660142468348     
  4.000000000000000E-004   997.660142468350     
  4.200000000000000E-004   997.660142468351     
  4.400000000000000E-004   997.660142468350     
  4.600000000000000E-004   997.660142468333     
  4.800000000000001E-004   997.660142468278     
  5.000000000000000E-004   997.660142468140     
  5.200000000000001E-004   997.660142467802     
  5.400000000000000E-004   997.660142466989     
  5.600000000000001E-004   997.660142465047     
  5.800000000000000E-004   997.660142460434     
  6.000000000000001E-004   997.660142449595     
  6.200000000000000E-004   997.660142424424     
  6.400000000000001E-004   997.660142366706     
  6.600000000000001E-004   997.660142236066     
  6.800000000000000E-004   997.660141944226     
  7.000000000000001E-004   997.660141300936     
  7.200000000000000E-004   997.660139902218     
  7.400000000000001E-004   997.660136903158     
  7.600000000000000E-004   997.660130563876     
  7.800000000000001E-004   997.660117358404     
  8.000000000000000E-004   997.660090258046     
  8.200000000000001E-004   997.660035488181     
  8.400000000000000E-004   997.659926524734     
  8.600000000000001E-004   997.659713217097     
  8.800000000000000E-004   997.659302523693     
  9.000000000000001E-004   997.658525207573     
  9.200000000000000E-004   997.657079732045     
  9.400000000000001E-004   997.654440358309     
  9.600000000000001E-004   997.649711139100     
  9.800000000000002E-004   997.641401668623     
  1.000000000000000E-003   997.627095469507     
  1.020000000000000E-003   997.602980351602     
  1.040000000000000E-003   997.563215871550     
  1.060000000000000E-003   997.499130804104     
  1.080000000000000E-003   997.398276680973     
  1.100000000000000E-003   997.243409925276     
  1.120000000000000E-003   997.011521387724     
  1.140000000000000E-003   996.673041670784     
  1.160000000000000E-003   996.191144367003     
  1.180000000000000E-003   995.520409109366     
  1.200000000000000E-003   994.738639024924     
  1.220000000000000E-003   994.073644771819     
  1.240000000000000E-003   993.561804314473     
  1.260000000000000E-003   993.206591053433     
  1.280000000000000E-003   992.994047878070     
  1.300000000000000E-003   992.895465913315     
  1.320000000000000E-003   992.869810290835     
  1.340000000000000E-003   992.892537568185     
  1.360000000000000E-003   993.037034579050     
  1.380000000000000E-003   993.397850714933     
  1.400000000000000E-003   994.029023236775     
  1.420000000000000E-003   994.667362843351     
  1.440000000000000E-003   995.157757591219     
  1.460000000000000E-003   995.523163960730     
  1.480000000000000E-003   995.792003237731     
  1.500000000000000E-003   995.992165270896     
  1.520000000000000E-003   996.146397049137     
  1.540000000000000E-003   996.270919391248     
  1.560000000000000E-003   996.376290171266     
  1.580000000000000E-003   996.468865185030     
  1.600000000000000E-003   996.552835326269     
  1.620000000000000E-003   996.631135652684     
  1.640000000000000E-003   996.705676880731     
  1.660000000000000E-003   996.777357577792     
  1.680000000000000E-003   996.845824547908     
  1.700000000000000E-003   996.910045106112     
  1.720000000000000E-003   996.968630715627     
  1.740000000000000E-003   997.020672921362     
  1.760000000000000E-003   997.066023865412     
  1.780000000000000E-003   997.105100760955     
  1.800000000000000E-003   997.138646572916     
  1.820000000000000E-003   997.167462946715     
  1.840000000000000E-003   997.192312554235     
  1.860000000000000E-003   997.213879637376     
  1.880000000000000E-003   997.232750575967     
  1.900000000000000E-003   997.249403512084     
  1.920000000000000E-003   997.264205201956     
  1.940000000000000E-003   997.277410368737     
  1.960000000000000E-003   997.289185890067     
  1.980000000000000E-003   997.299656503454     
  2.000000000000000E-003   997.308951645971     
  2.020000000000000E-003   997.317249169845     
  2.040000000000000E-003   997.324786395958     
  2.060000000000000E-003   997.331871969275     
  2.080000000000000E-003   997.338780787981     
  2.100000000000000E-003   997.345697053920     
  2.120000000000000E-003   997.352833171587     
  2.140000000000000E-003   997.360201714990     
  2.160000000000000E-003   997.367059648399     
  2.180000000000000E-003   997.372879580489     
  2.200000000000000E-003   997.377246620507     
  2.220000000000000E-003   997.380156857644     
  2.240000000000000E-003   997.381515436715     
  2.260000000000000E-003   997.381983257889     
  2.280000000000000E-003   997.381309546707     
  2.300000000000000E-003   997.378329880088     
  2.320000000000000E-003   997.371140985065     
  2.340000000000000E-003   997.357088523547     
  2.360000000000000E-003   997.332351415107     
  2.380000000000000E-003   997.291446593145     
  2.400000000000000E-003   997.226732653639     
  2.420000000000000E-003   997.127913428956     
  2.440000000000000E-003   996.981674054607     
  2.460000000000000E-003   996.771627725652     
  2.480000000000000E-003   996.478774653866     
  2.500000000000000E-003   996.082608518712     
  2.520000000000000E-003   995.562873116966     
  2.540000000000000E-003   994.901770998675     
  2.560000000000000E-003   994.086219577141     
  2.580000000000000E-003   993.109640419893     
  2.600000000000000E-003   991.972845320848     
  2.620000000000000E-003   990.683906113881     
  2.640000000000000E-003   989.256782151329     
  2.660000000000000E-003   987.709455621084     
  2.680000000000000E-003   986.061873445423     
  2.700000000000000E-003   984.334144472673     
  2.720000000000000E-003   982.546083084338     
  2.740000000000000E-003   980.715428855394     
  2.760000000000000E-003   978.856493818996     
  2.780000000000000E-003   976.979987428799     
  2.800000000000000E-003   975.093247615345     
  2.820000000000000E-003   973.200848100461     
  2.840000000000000E-003   971.305411887010     
  2.860000000000000E-003   969.409162893329     
  2.880000000000000E-003   967.514423359692     
  2.900000000000000E-003   965.620808603326     
  2.920000000000000E-003   963.727482854941     
  2.940000000000000E-003   961.833491407976     
  2.960000000000000E-003   959.936297801363     
  2.980000000000000E-003   958.031788862545     
  3.000000000000000E-003   956.130930500893     
  3.020000000000000E-003   954.244212078941     
  3.040000000000000E-003   952.376937159780     
  3.060000000000000E-003   950.534562286962     
  3.080000000000000E-003   948.723734306178     
  3.100000000000000E-003   946.951055642741     
  3.120000000000000E-003   945.220850727597     
  3.140000000000000E-003   943.536980039824     
  3.160000000000000E-003   941.901786172207     
  3.180000000000000E-003   940.315924887705     
  3.200000000000000E-003   938.778163975496     
  3.220000000000000E-003   937.285531040303     
  3.240000000000000E-003   935.833432135335     
  3.260000000000000E-003   934.416170985721     
  3.280000000000000E-003   933.027246401346     
  3.300000000000000E-003   931.659849292923     
  3.320000000000000E-003   930.307596335751     
  3.340000000000000E-003   928.964316120125     
  3.360000000000000E-003   927.626283046438     
  3.380000000000000E-003   926.289404229086     
  3.400000000000000E-003   924.949339460140     
  3.420000000000000E-003   923.597029476746     
  3.440000000000000E-003   922.217765360920     
  3.460000000000000E-003   920.793407901709     
  3.480000000000000E-003   919.304990549495     
  3.500000000000000E-003   917.740006258351     
  3.520000000000000E-003   916.095392667218     
  3.540000000000000E-003   914.373728065435     
  3.560000000000000E-003   912.620185579309     
  3.580000000000000E-003   910.893306127896     
  3.600000000000000E-003   909.189780594858     
  3.620000000000000E-003   907.504195416990     
  3.640000000000000E-003   905.832924140521     
  3.660000000000000E-003   904.173970425746     
  3.680000000000000E-003   902.526466216157     
  3.700000000000000E-003   900.890303101438     
  3.720000000000000E-003   899.265656819122     
  3.740000000000000E-003   897.653094920131     
  3.760000000000000E-003   896.053391228160     
  3.780000000000000E-003   894.467341107632     
  3.800000000000000E-003   892.895845828150     
  3.820000000000000E-003   891.339581641363     
  3.840000000000001E-003   889.799226330576     
  3.860000000000000E-003   888.275358848638     
  3.880000000000000E-003   886.768413756741     
  3.900000000000000E-003   885.278652666566     
  3.920000000000001E-003   883.806191456645     
  3.940000000000000E-003   882.351058860112     
  3.960000000000000E-003   880.913264268396     
  3.980000000000000E-003   879.492855369680     
  4.000000000000000E-003   878.089998769613     
  4.020000000000000E-003   876.704867999555     
  4.040000000000000E-003   875.337857328192     
  4.060000000000000E-003   873.989625158916     
  4.080000000000000E-003   872.661147990162     
  4.100000000000000E-003   871.353793556149     
  4.120000000000000E-003   870.069241415932     
  4.140000000000000E-003   868.808772440303     
  4.160000000000001E-003   867.571732068628     
  4.180000000000001E-003   866.353522990254     
  4.200000000000001E-003   865.151856312254     
  4.220000000000001E-003   863.967554584667     
  4.240000000000001E-003   862.803635885323     
  4.260000000000001E-003   861.665116861718     
  4.280000000000000E-003   860.558422503344     
  4.300000000000000E-003   859.493765212450     
  4.320000000000000E-003   858.485687271398     
  4.340000000000000E-003   857.564002689338     
  4.360000000000000E-003   856.776148233555     
  4.380000000000000E-003   856.206808855003     
  4.400000000000000E-003   855.928114295680     
  4.420000000000000E-003   856.022876079975     
  4.440000000000000E-003   856.435996131627     
  4.460000000000000E-003   857.400038963397     
  4.480000000000000E-003   859.044729636777     
  4.500000000000001E-003   860.914160119336     
  4.520000000000001E-003   862.377050944420     
  4.540000000000001E-003   863.360149841246     
  4.560000000000001E-003   863.911960149658     
  4.580000000000001E-003   864.134681642107     
  4.600000000000001E-003   864.203510789521     
  4.620000000000000E-003   864.181445995216     
  4.640000000000000E-003   864.071741547441     
  4.660000000000000E-003   863.782558770564     
  4.680000000000000E-003   863.382140770652     
  4.700000000000000E-003   862.893516735254     
  4.720000000000000E-003   862.382669386701     
  4.740000000000000E-003   861.863462627112     
  4.760000000000000E-003   861.346570608920     
  4.780000000000000E-003   860.841819683406     
  4.800000000000000E-003   860.312227638032     
  4.820000000000000E-003   859.726182777275     
  4.840000000000001E-003   859.070931108540     
  4.860000000000001E-003   858.346362614614     
  4.880000000000001E-003   857.569083878365     
  4.900000000000001E-003   856.813685815151     
  4.920000000000001E-003   856.124673186974     
  4.940000000000001E-003   855.522689264502     
  4.960000000000000E-003   855.001502363040     
  4.980000000000000E-003   854.527998741709     
  5.000000000000000E-003   854.073160591431     
  5.020000000000000E-003   853.608928279780     
  5.040000000000000E-003   853.080927501695     
  5.060000000000000E-003   852.418533584350     
  5.080000000000000E-003   851.610476984915     
  5.100000000000000E-003   850.845578073650     
  5.120000000000000E-003   850.190314491392     
  5.140000000000000E-003   849.659064529002     
  5.160000000000001E-003   849.271254021067     
  5.180000000000001E-003   848.971143305406     
  5.200000000000001E-003   848.782243409992     
  5.220000000000001E-003   848.661129933414     
  5.240000000000001E-003   848.515472555633     
  5.260000000000001E-003   848.309121669315     
  5.280000000000001E-003   848.038529609594     
  5.300000000000000E-003   847.701723543858     
  5.320000000000000E-003   847.316116081938     
  5.340000000000000E-003   846.896325962938     
  5.360000000000000E-003   846.471135854978     
  5.380000000000000E-003   846.051713979670     
  5.400000000000000E-003   845.635796793941     
  5.420000000000000E-003   845.213147782741     
  5.440000000000000E-003   844.795744105647     
  5.460000000000000E-003   844.430697508772     
  5.480000000000000E-003   844.136862247270     
  5.500000000000001E-003   843.983088624763     
  5.520000000000001E-003   843.966071573852     
  5.540000000000001E-003   844.044049558778     
  5.560000000000001E-003   844.225519465470     
  5.580000000000001E-003   844.515243162128     
  5.600000000000001E-003   844.898884733011     
  5.620000000000001E-003   845.293816691952     
  5.640000000000000E-003   845.682958235402     
  5.660000000000000E-003   846.174115522789     
  5.680000000000000E-003   846.990429779555     
  5.700000000000000E-003   848.701922444470     
  5.720000000000000E-003   852.781143057692     
  5.740000000000000E-003   862.231573572467     
  5.760000000000000E-003   874.643905053295     
  5.780000000000000E-003   882.863179770392     
  5.800000000000000E-003   887.460559546601     
  5.820000000000001E-003   889.961518650994     
  5.840000000000001E-003   891.360968808679     
  5.860000000000001E-003   892.108482025119     
  5.880000000000001E-003   892.491071506541     
  5.900000000000001E-003   892.584858763753     
  5.920000000000001E-003   892.487186329748     
  5.940000000000001E-003   892.287914987316     
  5.960000000000001E-003   892.054081469419     
  5.980000000000000E-003   892.003098086412     
  6.000000000000000E-003   892.097804031492     
  6.020000000000000E-003   892.352595119062     
  6.040000000000000E-003   892.752495857710     
  6.060000000000000E-003   893.284546716553     
  6.080000000000000E-003   893.993712018467     
  6.100000000000000E-003   894.913116708753     
  6.120000000000000E-003   896.091274915646     
  6.140000000000000E-003   897.646839564062     
  6.160000000000001E-003   899.805188546991     
  6.180000000000001E-003   903.004444362052     
  6.200000000000001E-003   908.049141015996     
  6.220000000000001E-003   916.321087841766     
  6.240000000000001E-003   929.643403518780     
  6.260000000000001E-003   945.410158931406     
  6.280000000000001E-003   956.775542465162     
  6.300000000000001E-003   964.029883728081     
  6.320000000000000E-003   968.712492157343     
  6.340000000000000E-003   971.922138876829     
  6.360000000000000E-003   974.320569676041     
  6.380000000000000E-003   976.276518124931     
  6.400000000000000E-003   977.990942029221     
  6.420000000000000E-003   979.613905176750     
  6.440000000000000E-003   981.257443010858     
  6.460000000000000E-003   982.988148685113     
  6.480000000000001E-003   984.661156031193     
  6.500000000000001E-003   986.143006576925     
  6.520000000000001E-003   987.422576624210     
  6.540000000000001E-003   988.537708775407     
  6.560000000000001E-003   989.551157424586     
  6.580000000000001E-003   990.487768921297     
  6.600000000000001E-003   991.353708574958     
  6.620000000000001E-003   992.097337674029     
  6.640000000000001E-003   992.789993188679     
  6.660000000000000E-003   993.429962035907     
  6.680000000000000E-003   994.034586262340     
  6.700000000000000E-003   994.670420744645     
  6.720000000000000E-003   995.404429730310     
  6.740000000000000E-003   996.217820403072     
  6.760000000000000E-003   996.884295957493     
  6.780000000000000E-003   997.339520532557     
  6.800000000000000E-003   997.628197335888     
  6.820000000000001E-003   997.840526735220     
  6.840000000000001E-003   998.060759343154     
  6.860000000000001E-003   998.363513428408     
  6.880000000000001E-003   998.796014193402     
  6.900000000000001E-003   999.467892298645     
  6.920000000000001E-003   1000.69798864618     
  6.940000000000001E-003   1002.85666213831     
  6.960000000000001E-003   1006.33862763615     
  6.980000000000001E-003   1011.42738922555     
  7.000000000000000E-003   1016.96248856553     
  7.020000000000000E-003   1021.58315262985     
  7.040000000000000E-003   1025.28122386323     
  7.060000000000000E-003   1028.21584256584     
  7.080000000000000E-003   1030.51700974814     
  7.100000000000000E-003   1032.27124631820     
  7.120000000000000E-003   1033.67361406823     
  7.140000000000001E-003   1034.76543971498     
  7.160000000000001E-003   1035.51641512432     
  7.180000000000001E-003   1035.94367436249     
  7.200000000000001E-003   1036.06977666412     
  7.220000000000001E-003   1035.97518828191     
  7.240000000000001E-003   1035.68586619309     
  7.260000000000001E-003   1035.28051476653     
  7.280000000000001E-003   1034.89871314740     
  7.300000000000001E-003   1034.59131873215     
  7.320000000000001E-003   1034.44484533448     
  7.340000000000000E-003   1034.45336510187     
  7.360000000000000E-003   1034.65616610072     
  7.380000000000000E-003   1035.09272673879     
  7.400000000000000E-003   1035.67443514214     
  7.420000000000000E-003   1036.15428979215     
  7.440000000000000E-003   1036.48690972191     
  7.460000000000000E-003   1036.68254902385     
  7.480000000000001E-003   1036.72975659419     
  7.500000000000001E-003   1036.64319225406     
  7.520000000000001E-003   1036.45152371866     
  7.540000000000001E-003   1036.20329561335     
  7.560000000000001E-003   1035.85604376038     
  7.580000000000001E-003   1035.42412672789     
  7.600000000000001E-003   1034.98187972452     
  7.620000000000001E-003   1034.56492352612     
  7.640000000000001E-003   1034.17281628657     
  7.660000000000001E-003   1033.80915734463     
  7.680000000000001E-003   1033.47671983562     
  7.700000000000000E-003   1033.18015636952     
  7.720000000000000E-003   1032.92412458564     
  7.740000000000000E-003   1032.71526308134     
  7.760000000000000E-003   1032.53775805789     
  7.780000000000000E-003   1032.40654596469     
  7.800000000000001E-003   1032.32399782485     
  7.820000000000001E-003   1032.29875435604     
  7.840000000000001E-003   1032.31552708331     
  7.860000000000001E-003   1032.37842302121     
  7.880000000000000E-003   1032.49385827061     
  7.900000000000001E-003   1032.66020203384     
  7.920000000000000E-003   1032.87104109403     
  7.940000000000001E-003   1033.11633572311     
  7.960000000000000E-003   1033.38500736869     
  7.980000000000001E-003   1033.66823639266     
  8.000000000000000E-003   1033.96598064741     
  8.020000000000001E-003   1034.28723068213     
  8.040000000000000E-003   1034.64862482132     
  8.060000000000001E-003   1035.07447215572     
  8.080000000000000E-003   1035.59843322839     
  8.100000000000001E-003   1036.26793045224     
  8.120000000000000E-003   1037.15745928187     
  8.140000000000001E-003   1038.18433472941     
  8.160000000000001E-003   1039.03359631363     
  8.180000000000002E-003   1039.64323099852     
  8.200000000000001E-003   1039.99464754643     
  8.220000000000000E-003   1040.10778252134     
  8.240000000000001E-003   1040.02802504473     
  8.260000000000000E-003   1039.80428813052     
  8.280000000000001E-003   1039.26495287590     
  8.300000000000000E-003   1038.34136554860     
  8.320000000000001E-003   1037.12781919415     
  8.340000000000000E-003   1035.90088605502     
  8.360000000000001E-003   1034.68142190694     
  8.380000000000000E-003   1033.44260233112     
  8.400000000000001E-003   1032.17723420475     
  8.420000000000000E-003   1030.89983728326     
  8.440000000000001E-003   1029.61114440327     
  8.460000000000001E-003   1028.30677488135     
  8.480000000000001E-003   1026.98448706107     
  8.500000000000001E-003   1025.64333302495     
  8.520000000000002E-003   1024.30122508173     
  8.540000000000001E-003   1022.98057883671     
  8.560000000000000E-003   1021.67958046664     
  8.580000000000001E-003   1020.39032860205     
  8.600000000000000E-003   1019.10549324989     
  8.620000000000001E-003   1017.81553499183     
  8.640000000000000E-003   1016.51399882966     
  8.660000000000001E-003   1015.19944060485     
  8.680000000000000E-003   1013.86701070748     
  8.700000000000001E-003   1012.50601701614     
  8.720000000000000E-003   1011.10807353850     
  8.740000000000001E-003   1009.67033940784     
  8.760000000000000E-003   1008.19450734915     
  8.780000000000001E-003   1006.68397719282     
  8.800000000000001E-003   1005.14279336232     
  8.820000000000001E-003   1003.57073648796     
  8.840000000000001E-003   1001.97946635451     
  8.860000000000002E-003   1000.39628896195     
  8.880000000000001E-003   998.849997162694     
  8.900000000000000E-003   997.350533940486     
  8.920000000000001E-003   995.899892368175     
  8.940000000000000E-003   994.494341263381     
  8.960000000000001E-003   993.123871194583     
  8.980000000000000E-003   991.776788058009     
  9.000000000000001E-003   990.443242697645     
  9.020000000000000E-003   989.113772406367     
  9.040000000000001E-003   987.784625218054     
  9.060000000000000E-003   986.447436585151     
  9.080000000000001E-003   985.092697970973     
  9.100000000000000E-003   983.710144597092     
  9.120000000000001E-003   982.295775447528     
  9.140000000000001E-003   980.862579253983     
  9.160000000000001E-003   979.416224104609     
  9.180000000000001E-003   977.977729779482     
  9.200000000000002E-003   976.562915173027     
  9.220000000000001E-003   975.184071917428     
  9.240000000000000E-003   973.847593644154     
  9.260000000000001E-003   972.581966677492     
  9.280000000000000E-003   971.385945464895     
  9.300000000000001E-003   970.316189016180     
  9.320000000000000E-003   969.330303390681     
  9.340000000000001E-003   968.569265304466     
  9.360000000000000E-003   968.052199350884     
  9.380000000000001E-003   967.766215438106     
  9.400000000000000E-003   967.674984830804     
  9.420000000000001E-003   967.703573236904     
  9.440000000000000E-003   967.794081032955     
  9.460000000000001E-003   967.914824046808     
  9.480000000000001E-003   968.030255507608     
  9.500000000000001E-003   968.097482548977     
  9.520000000000001E-003   968.069577801936     
  9.540000000000002E-003   967.957570021718     
  9.560000000000001E-003   967.748633025215     
  9.580000000000000E-003   967.448209011435     
  9.600000000000001E-003   967.071362153527     
  9.620000000000000E-003   966.631598820294     
  9.640000000000001E-003   966.151144064883     
  9.660000000000000E-003   965.702556288683     
  9.680000000000001E-003   965.318645742415     
  9.700000000000000E-003   965.025698077808     
  9.720000000000001E-003   964.846353586741     
  9.740000000000000E-003   964.792445422168     
  9.760000000000001E-003   964.832134537037     
  9.780000000000000E-003   964.939280916174     
  9.800000000000001E-003   965.088691657200     
  9.820000000000001E-003   965.215687012927     
  9.840000000000002E-003   965.256821718750     
  9.860000000000001E-003   965.165192795147     
  9.880000000000002E-003   964.932702730187     
  9.900000000000001E-003   964.517311112877     
  9.920000000000000E-003   963.885901571949     
  9.940000000000001E-003   963.026141495250     
  9.960000000000000E-003   961.954221794948     
  9.980000000000001E-003   960.709370331930     
  1.000000000000000E-002   959.336559651550     
  1.002000000000000E-002   957.867336496505     
  1.004000000000000E-002   956.309768070994     
  1.006000000000000E-002   954.655609857076     
  1.008000000000000E-002   952.903098269233     
  1.010000000000000E-002   951.075142681857     
  1.012000000000000E-002   949.163818469442     
  1.014000000000000E-002   947.233313588776     
  1.016000000000000E-002   945.362748267572     
  1.018000000000000E-002   943.722197150897     
  1.020000000000000E-002   942.635414929620     
  1.022000000000000E-002   942.654979023314     
  1.024000000000000E-002   944.625872522818     
  1.026000000000000E-002   949.863529714447     
  1.028000000000000E-002   960.334716892598     
  1.030000000000000E-002   978.931935709606     
  1.032000000000000E-002   1009.96751816247     
  1.034000000000000E-002   1060.38647820176     
  1.036000000000000E-002   1142.04643620924     
  1.038000000000000E-002   1277.22360595722     
  1.040000000000000E-002   1512.16955025227     
  1.042000000000000E-002   1862.93724919107     
  1.044000000000000E-002   2286.16679233656     
  1.046000000000000E-002   2756.99374155935     
  1.048000000000000E-002   3231.84846881151     
  1.050000000000000E-002   3660.20414415677     
  1.052000000000000E-002   4005.88028200544     
  1.054000000000000E-002   4259.95764027238     
  1.056000000000000E-002   4433.62159137877     
  1.058000000000000E-002   4547.28094719409     
  1.060000000000000E-002   4620.21273750589     
  1.062000000000000E-002   4666.68285561365     
  1.064000000000000E-002   4696.26196786836     
  1.066000000000000E-002   4715.04660325609     
  1.068000000000000E-002   4726.79387129888     
  1.070000000000000E-002   4733.99055663474     
  1.072000000000000E-002   4738.33733034908     
  1.074000000000000E-002   4740.88901358125     
  1.076000000000000E-002   4742.33929805291     
  1.078000000000000E-002   4743.10129726628     
  1.080000000000000E-002   4743.39145036113     
  1.082000000000000E-002   4743.42806516809     
  1.084000000000000E-002   4743.36400485734     
  1.086000000000000E-002   4743.23162129532     
  1.088000000000000E-002   4743.07022159265     
  1.090000000000000E-002   4742.92114698751     
  1.092000000000000E-002   4742.79260646310     
  1.094000000000000E-002   4742.68594380810     
  1.096000000000000E-002   4742.58846539536     
  1.098000000000000E-002   4742.49742718577     
  1.100000000000000E-002   4742.41949331477     
  1.102000000000000E-002   4742.35679182936     
  1.104000000000000E-002   4742.30009014206     
  1.106000000000000E-002   4742.23618170944     
  1.108000000000000E-002   4742.15918855549     
  1.110000000000000E-002   4742.08350660252     
  1.112000000000000E-002   4742.02359948571     
  1.114000000000000E-002   4741.98635059831     
  1.116000000000000E-002   4741.96901431546     
  1.118000000000000E-002   4741.95140017802     
  1.120000000000000E-002   4741.91232900450     
  1.122000000000000E-002   4741.85315691436     
  1.124000000000000E-002   4741.78277601211     
  1.126000000000000E-002   4741.70611457271     
  1.128000000000000E-002   4741.62497734036     
  1.130000000000000E-002   4741.53392584156     
  1.132000000000000E-002   4741.42739901815     
  1.134000000000000E-002   4741.29790571064     
  1.136000000000000E-002   4741.13584811145     
  1.138000000000000E-002   4740.93076577360     
  1.140000000000000E-002   4740.62052207890     
  1.142000000000000E-002   4740.17288973630     
  1.144000000000000E-002   4739.52790711965     
  1.146000000000000E-002   4738.55538343444     
  1.148000000000000E-002   4737.04609806011     
  1.150000000000000E-002   4734.69119649183     
  1.152000000000000E-002   4731.05206123144     
  1.154000000000000E-002   4725.56290609732     
  1.156000000000000E-002   4717.56434367562     
  1.158000000000000E-002   4706.34195929680     
  1.160000000000000E-002   4691.11964133513     
  1.162000000000000E-002   4671.01347631228     
  1.164000000000000E-002   4644.93604080504     
  1.166000000000000E-002   4611.38782450599     
  1.168000000000000E-002   4568.74084912815     
  1.170000000000000E-002   4516.51026756331     
  1.172000000000000E-002   4456.94918068181     
  1.174000000000000E-002   4394.17342412009     
  1.176000000000000E-002   4330.95290437777     
  1.178000000000000E-002   4265.57081804463     
  1.180000000000000E-002   4191.73313332790     
  1.182000000000000E-002   4101.41938092384     
  1.184000000000000E-002   3989.30891961123     
  1.186000000000000E-002   3854.69650665970     
  1.188000000000000E-002   3701.57321249179     
  1.190000000000000E-002   3536.88519652062     
  1.192000000000000E-002   3368.33928031336     
  1.194000000000000E-002   3203.00183383197     
  1.196000000000000E-002   3046.07250316083     
  1.198000000000000E-002   2899.99540933420     
  1.200000000000000E-002   2764.45150109329     
  1.202000000000000E-002   2638.87645806260     
  1.204000000000000E-002   2518.17859381906     
  1.206000000000000E-002   2399.71374026385     
  1.208000000000000E-002   2280.33636621618     
  1.210000000000000E-002   2158.10095121874     
  1.212000000000000E-002   2032.40710272674     
  1.214000000000000E-002   1903.96730739065     
  1.216000000000000E-002   1775.32860580615     
  1.218000000000000E-002   1651.44876799190     
  1.220000000000000E-002   1534.90598541883     
  1.222000000000000E-002   1423.62372455483     
  1.224000000000000E-002   1318.26261509101     
  1.226000000000000E-002   1221.07068217732     
  1.228000000000000E-002   1135.07852933882     
  1.230000000000000E-002   1068.85457297419     
  1.232000000000000E-002   1022.77499215496     
  1.234000000000000E-002   990.399210682894     
  1.236000000000000E-002   967.213034233697     
  1.238000000000000E-002   950.478234831252     
  1.240000000000000E-002   938.409215805351     
  1.242000000000000E-002   929.774224249319     
  1.244000000000000E-002   923.681721830684     
  1.246000000000000E-002   919.505429816775     
  1.248000000000000E-002   916.764862007023     
  1.250000000000000E-002   915.103124534865     
  1.252000000000000E-002   914.259280788326     
  1.254000000000000E-002   914.037407104567     
  1.256000000000000E-002   914.285547747557     
  1.258000000000000E-002   914.883924308721     
  1.260000000000000E-002   915.741015677039     
  1.262000000000000E-002   916.788858638232     
  1.264000000000000E-002   917.979257609386     
  1.266000000000000E-002   919.278768342271     
  1.268000000000000E-002   920.656693952500     
  1.270000000000000E-002   922.079622469648     
  1.272000000000000E-002   923.522053432509     
  1.274000000000000E-002   924.975060581050     
  1.276000000000000E-002   926.438209304420     
  1.278000000000000E-002   927.913098333577     
  1.280000000000000E-002   929.403921232211     
  1.282000000000000E-002   930.918534788228     
  1.284000000000000E-002   932.457283345479     
  1.286000000000000E-002   934.002301251557     
  1.288000000000000E-002   935.528387824056     
  1.290000000000000E-002   937.025444913473     
  1.292000000000000E-002   938.478923298138     
  1.294000000000000E-002   939.879438395336     
  1.296000000000000E-002   941.236110160571     
  1.298000000000000E-002   942.532969220422     
  1.300000000000000E-002   943.768065010437     
  1.302000000000000E-002   944.958577280594     
  1.304000000000000E-002   946.117998467231     
  1.306000000000000E-002   947.250789934468     
  1.308000000000000E-002   948.382589980974     
  1.310000000000000E-002   949.531202812460     
  1.312000000000000E-002   950.721396599611     
  1.314000000000000E-002   951.976918155909     
  1.316000000000000E-002   953.316409914649     
  1.318000000000000E-002   954.754676847699     
  1.320000000000000E-002   956.306392871007     
  1.322000000000000E-002   957.987138028022     
  1.324000000000000E-002   959.814588599449     
  1.326000000000000E-002   961.801372522530     
  1.328000000000000E-002   963.950015950099     
  1.330000000000000E-002   966.253495617605     
  1.332000000000000E-002   968.700752847505     
  1.334000000000000E-002   971.275964938799     
  1.336000000000000E-002   973.967644855090     
  1.338000000000000E-002   976.677601923180     
  1.340000000000000E-002   979.313822702846     
  1.342000000000000E-002   981.889608911303     
  1.344000000000000E-002   984.426122590478     
  1.346000000000000E-002   986.942562043942     
  1.348000000000000E-002   989.452780970922     
  1.350000000000000E-002   991.970232462199     
  1.352000000000000E-002   994.523398065557     
  1.354000000000000E-002   997.145824719457     
  1.356000000000000E-002   999.865763408286     
  1.358000000000000E-002   1002.72042899159     
  1.360000000000000E-002   1005.75108328118     
  1.362000000000000E-002   1008.99593910142     
  1.364000000000000E-002   1012.41411691216     
  1.366000000000000E-002   1015.65018398926     
  1.368000000000000E-002   1018.62789189765     
  1.370000000000000E-002   1021.38475454721     
  1.372000000000000E-002   1023.94404277464     
  1.374000000000000E-002   1026.30063774925     
  1.376000000000000E-002   1028.42085716009     
  1.378000000000000E-002   1030.25293699426     
  1.380000000000000E-002   1031.74142396711     
  1.382000000000000E-002   1032.83363057030     
  1.384000000000000E-002   1033.51171325520     
  1.386000000000000E-002   1033.82617216979     
  1.388000000000000E-002   1033.89233400619     
  1.390000000000000E-002   1033.78083773776     
  1.392000000000000E-002   1033.38005206275     
  1.394000000000000E-002   1032.61881370055     
  1.396000000000000E-002   1031.60397191829     
  1.398000000000000E-002   1030.38772935514     
  1.400000000000000E-002   1028.96132882676     
  1.402000000000000E-002   1027.52502712709     
  1.404000000000000E-002   1026.39182064065     
  1.406000000000000E-002   1025.54678579280     
  1.408000000000000E-002   1024.93605216232     
  1.410000000000000E-002   1024.58399834418     
  1.412000000000000E-002   1024.45503720230     
  1.414000000000000E-002   1024.40550625517     
  1.416000000000000E-002   1024.31004381480     
  1.418000000000000E-002   1024.08080585449     
  1.420000000000000E-002   1023.64591786183     
  1.422000000000000E-002   1023.04349702021     
  1.424000000000000E-002   1022.24580577696     
  1.426000000000000E-002   1021.20793807211     
  1.428000000000000E-002   1019.90512721531     
  1.430000000000000E-002   1018.33410035064     
  1.432000000000000E-002   1016.51462008524     
  1.434000000000000E-002   1014.65760722061     
  1.436000000000000E-002   1013.10909978638     
  1.438000000000000E-002   1011.85167551850     
  1.440000000000000E-002   1010.84479393648     
  1.442000000000000E-002   1010.04599275795     
  1.444000000000000E-002   1009.41526172405     
  1.446000000000000E-002   1008.91486084150     
  1.448000000000000E-002   1008.60079749798     
  1.450000000000000E-002   1008.51285946454     
  1.452000000000000E-002   1008.57790289186     
  1.454000000000000E-002   1008.79755794098     
  1.456000000000000E-002   1009.22204213405     
  1.458000000000000E-002   1009.89175821421     
  1.460000000000000E-002   1010.82667330260     
  1.462000000000000E-002   1012.02704518172     
  1.464000000000000E-002   1013.47163512635     
  1.466000000000000E-002   1015.12589244637     
  1.468000000000000E-002   1016.94553520456     
  1.470000000000000E-002   1018.88269031204     
  1.472000000000000E-002   1020.90890829174     
  1.474000000000000E-002   1023.01257864307     
  1.476000000000000E-002   1025.19675593719     
  1.478000000000000E-002   1027.48151286556     
  1.480000000000000E-002   1029.88911390410     
  1.482000000000000E-002   1032.44464275593     
  1.484000000000000E-002   1035.20756702176     
  1.486000000000000E-002   1038.18266845980     
  1.488000000000000E-002   1041.33214079558     
  1.490000000000000E-002   1044.59690545193     
  1.492000000000000E-002   1047.95206597196     
  1.494000000000000E-002   1051.18570380584     
  1.496000000000000E-002   1054.14794544997     
  1.498000000000000E-002   1056.81624300713     
  1.500000000000000E-002   1059.19160633324     
  1.502000000000000E-002   1061.30589669593     
  1.504000000000000E-002   1063.19510430995     
  1.506000000000000E-002   1064.81520488204     
  1.508000000000000E-002   1066.32736003897     
  1.510000000000000E-002   1067.56681412931     
  1.512000000000000E-002   1068.75588990791     
  1.514000000000000E-002   1069.82268520118     
  1.516000000000000E-002   1070.78703936454     
  1.518000000000000E-002   1071.68638903501     
  1.520000000000000E-002   1072.49173759746     
  1.522000000000000E-002   1073.27612299350     
  1.524000000000000E-002   1074.09852541897     
  1.526000000000000E-002   1074.71298325917     
  1.528000000000000E-002   1075.33923771118     
  1.530000000000000E-002   1076.06210876912     
  1.532000000000000E-002   1076.83044794313     
  1.534000000000000E-002   1077.59473376517     
  1.536000000000000E-002   1078.42092032953     
  1.538000000000000E-002   1079.28306605104     
  1.540000000000000E-002   1080.06902737416     
  1.542000000000000E-002   1080.74585055761     
  1.544000000000000E-002   1081.28037466491     
  1.546000000000000E-002   1081.62982163243     
  1.548000000000000E-002   1081.77005801734     
  1.550000000000000E-002   1081.75040616550     
  1.552000000000000E-002   1081.61782131110     
  1.554000000000000E-002   1081.35152726520     
  1.556000000000000E-002   1080.89866604271     
  1.558000000000000E-002   1080.16950496640     
  1.560000000000000E-002   1078.81638001340     
  1.562000000000000E-002   1075.59525229431     
  1.564000000000000E-002   1065.75863796157     
  1.566000000000000E-002   1031.91123286178     
  1.568000000000000E-002   918.312651835640     
  1.570000000000000E-002   633.819162780198     
  1.572000000000000E-002   363.809081492999     
  1.574000000000000E-002   307.669928335361     
  1.576000000000000E-002   300.525883709079     
  1.578000000000000E-002   299.702628059234     
  1.580000000000000E-002   299.609496058943     
  1.582000000000000E-002   299.598978902759     
  1.584000000000000E-002   299.597791512817     
  1.586000000000000E-002   299.597657451185     
  1.588000000000000E-002   299.597642313638     
  1.590000000000000E-002   299.597640604239     
  1.592000000000000E-002   299.597640411191     
  1.594000000000000E-002   299.597640389388     
  1.596000000000000E-002   299.597640386926     
  1.598000000000000E-002   299.597640386648     
  1.600000000000000E-002   299.597640386616     
  1.602000000000000E-002   299.597640386613     
  1.604000000000000E-002   299.597640386612     
  1.606000000000000E-002   299.597640386612     
  1.608000000000000E-002   299.597640386612     
  1.610000000000000E-002   299.597640386612     
  1.612000000000000E-002   299.597640386612     
  1.614000000000000E-002   299.597640386612     
  1.616000000000000E-002   299.597640386612     
  1.618000000000000E-002   299.597640386612     
  1.620000000000000E-002   299.597640386612     
  1.622000000000000E-002   299.597640386612     
  1.624000000000000E-002   299.597640386612     
  1.626000000000000E-002   299.597640386612     
  1.628000000000000E-002   299.597640386612     
  1.630000000000000E-002   299.597640386612     
  1.632000000000000E-002   299.597640386612     
  1.634000000000000E-002   299.597640386612     
  1.636000000000000E-002   299.597640386612     
  1.638000000000000E-002   299.597640386612     
  1.640000000000000E-002   299.597640386612     
  1.642000000000000E-002   299.597640386612     
  1.644000000000000E-002   299.597640386612     
  1.646000000000000E-002   299.597640386612     
  1.648000000000000E-002   299.597640386612     
  1.650000000000000E-002   299.597640386612     
  1.652000000000000E-002   299.597640386612     
  1.654000000000000E-002   299.597640386612     
  1.656000000000000E-002   299.597640386612     
  1.658000000000000E-002   299.597640386612     
  1.660000000000000E-002   299.597640386612     
  1.662000000000000E-002   299.597640386612     
  1.664000000000000E-002   299.597640386612     
  1.666000000000000E-002   299.597640386612     
  1.668000000000000E-002   299.597640386612     
  1.670000000000000E-002   299.597640386612     
  1.672000000000000E-002   299.597640386612     
  1.674000000000000E-002   299.597640386612     
  1.676000000000000E-002   299.597640386612     
  1.678000000000000E-002   299.597640386612     
  1.680000000000000E-002   299.597640386612     
  1.682000000000000E-002   299.597640386612     
  1.684000000000000E-002   299.597640386612     
  1.686000000000000E-002   299.597640386612     
  1.688000000000000E-002   299.597640386612     
  1.690000000000000E-002   299.597640386612     
  1.692000000000000E-002   299.597640386612     
  1.694000000000000E-002   299.597640386612     
  1.696000000000000E-002   299.597640386612     
  1.698000000000000E-002   299.597640386612     
  1.700000000000000E-002   299.597640386612     
  1.702000000000000E-002   299.597640386612     
  1.704000000000000E-002   299.597640386612     
  1.706000000000000E-002   299.597640386612     
  1.708000000000000E-002   299.597640386612     
  1.710000000000000E-002   299.597640386612     
  1.712000000000000E-002   299.597640386612     
  1.714000000000000E-002   299.597640386612     
  1.716000000000000E-002   299.597640386612     
  1.718000000000000E-002   299.597640386612     
  1.720000000000000E-002   299.597640386612     
  1.722000000000000E-002   299.597640386612     
  1.724000000000000E-002   299.597640386612     
  1.726000000000000E-002   299.597640386612     
  1.728000000000000E-002   299.597640386612     
  1.730000000000000E-002   299.597640386612     
  1.732000000000000E-002   299.597640386612     
  1.734000000000000E-002   299.597640386612     
  1.736000000000000E-002   299.597640386612     
  1.738000000000000E-002   299.597640386612     
  1.740000000000000E-002   299.597640386612     
  1.742000000000000E-002   299.597640386612     
  1.744000000000000E-002   299.597640386612     
  1.746000000000000E-002   299.597640386612     
  1.748000000000000E-002   299.597640386612     
  1.750000000000000E-002   299.597640386612     
  1.752000000000000E-002   299.597640386612     
  1.754000000000000E-002   299.597640386612     
  1.756000000000000E-002   299.597640386612     
  1.758000000000000E-002   299.597640386612     
  1.760000000000000E-002   299.597640386612     
  1.762000000000000E-002   299.597640386612     
  1.764000000000000E-002   299.597640386612     
  1.766000000000000E-002   299.597640386612     
  1.768000000000000E-002   299.597640386612     
  1.770000000000000E-002   299.597640386612     
  1.772000000000000E-002   299.597640386612     
  1.774000000000000E-002   299.597640386612     
  1.776000000000000E-002   299.597640386612     
  1.778000000000000E-002   299.597640386612     
  1.780000000000000E-002   299.597640386612     
  1.782000000000000E-002   299.597640386612     
  1.784000000000000E-002   299.597640386612     
  1.786000000000000E-002   299.597640386612     
  1.788000000000000E-002   299.597640386612     
  1.790000000000000E-002   299.597640386612     
  1.792000000000000E-002   299.597640386612     
  1.794000000000000E-002   299.597640386612     
  1.796000000000000E-002   299.597640386612     
  1.798000000000000E-002   299.597640386612     
  1.800000000000000E-002   299.597640386612     
  1.802000000000000E-002   299.597640386612     
  1.804000000000000E-002   299.597640386612     
  1.806000000000000E-002   299.597640386612     
  1.808000000000000E-002   299.597640386612     
  1.810000000000000E-002   299.597640386612     
  1.812000000000000E-002   299.597640386612     
  1.814000000000000E-002   299.597640386612     
  1.816000000000000E-002   299.597640386612     
  1.818000000000000E-002   299.597640386612     
  1.820000000000000E-002   299.597640386612     
  1.822000000000000E-002   299.597640386612     
  1.824000000000000E-002   299.597640386612     
  1.826000000000000E-002   299.597640386612     
  1.828000000000000E-002   299.597640386612     
  1.830000000000000E-002   299.597640386612     
  1.832000000000000E-002   299.597640386612     
  1.834000000000000E-002   299.597640386612     
  1.836000000000000E-002   299.597640386612     
  1.838000000000000E-002   299.597640386612     
  1.840000000000000E-002   299.597640386612     
  1.842000000000000E-002   299.597640386612     
  1.844000000000000E-002   299.597640386612     
  1.846000000000000E-002   299.597640386612     
  1.848000000000000E-002   299.597640386612     
  1.850000000000000E-002   299.597640386612     
  1.852000000000000E-002   299.597640386612     
  1.854000000000000E-002   299.597640386612     
  1.856000000000000E-002   299.597640386612     
  1.858000000000000E-002   299.597640386612     
  1.860000000000000E-002   299.597640386612     
  1.862000000000000E-002   299.597640386612     
  1.864000000000000E-002   299.597640386612     
  1.866000000000000E-002   299.597640386612     
  1.868000000000000E-002   299.597640386612     
  1.870000000000000E-002   299.597640386612     
  1.872000000000000E-002   299.597640386612     
  1.874000000000000E-002   299.597640386612     
  1.876000000000000E-002   299.597640386612     
  1.878000000000000E-002   299.597640386612     
  1.880000000000000E-002   299.597640386612     
  1.882000000000000E-002   299.597640386612     
  1.884000000000000E-002   299.597640386612     
  1.886000000000000E-002   299.597640386612     
  1.888000000000000E-002   299.597640386612     
  1.890000000000000E-002   299.597640386612     
  1.892000000000000E-002   299.597640386612     
  1.894000000000000E-002   299.597640386612     
  1.896000000000000E-002   299.597640386612     
  1.898000000000000E-002   299.597640386612     
  1.900000000000000E-002   299.597640386612     
  1.902000000000000E-002   299.597640386612     
  1.904000000000000E-002   299.597640386612     
  1.906000000000000E-002   299.597640386612     
  1.908000000000000E-002   299.597640386612     
  1.910000000000000E-002   299.597640386612     
  1.912000000000000E-002   299.597640386612     
  1.914000000000000E-002   299.597640386612     
  1.916000000000000E-002   299.597640386612     
  1.918000000000000E-002   299.597640386612     
  1.920000000000000E-002   299.597640386612     
  1.922000000000000E-002   299.597640386612     
  1.924000000000000E-002   299.597640386612     
  1.926000000000000E-002   299.597640386612     
  1.928000000000000E-002   299.597640386612     
  1.930000000000000E-002   299.597640386612     
  1.932000000000000E-002   299.597640386612     
  1.934000000000000E-002   299.597640386612     
  1.936000000000000E-002   299.597640386612     
  1.938000000000000E-002   299.597640386612     
  1.940000000000000E-002   299.597640386612     
  1.942000000000000E-002   299.597640386612     
  1.944000000000000E-002   299.597640386612     
  1.946000000000000E-002   299.597640386612     
  1.948000000000000E-002   299.597640386612     
  1.950000000000000E-002   299.597640386612     
  1.952000000000000E-002   299.597640386612     
  1.954000000000000E-002   299.597640386612     
  1.956000000000000E-002   299.597640386612     
  1.958000000000000E-002   299.597640386612     
  1.960000000000000E-002   299.597640386612     
  1.962000000000000E-002   299.597640386612     
  1.964000000000000E-002   299.597640386612     
  1.966000000000000E-002   299.597640386612     
  1.968000000000000E-002   299.597640386612     
  1.970000000000000E-002   299.597640386612     
  1.972000000000000E-002   299.597640386612     
  1.974000000000000E-002   299.597640386612     
  1.976000000000000E-002   299.597640386612     
  1.978000000000000E-002   299.597640386612     
  1.980000000000000E-002   299.597640386612     
  1.982000000000000E-002   299.597640386612     
  1.984000000000000E-002   299.597640386612     
  1.986000000000000E-002   299.597640386612     
  1.988000000000000E-002   299.597640386612     
  1.990000000000000E-002   299.597640386612     
  1.992000000000000E-002   299.597640386612     
  1.994000000000000E-002   299.597640386612     
  1.996000000000000E-002   299.597640386612     
  1.998000000000000E-002   299.597640386612     
  2.000000000000000E-002   299.597640386612     
  2.002000000000000E-002   299.597640386612     
  2.004000000000000E-002   299.597640386612     
  2.006000000000000E-002   299.597640386612     
  2.008000000000000E-002   299.597640386612     
  2.010000000000000E-002   299.597640386612     
  2.012000000000000E-002   299.597640386612     
  2.014000000000000E-002   299.597640386612     
  2.016000000000000E-002   299.597640386612     
  2.018000000000000E-002   299.597640386612     
  2.020000000000000E-002   299.597640386612     
  2.022000000000000E-002   299.597640386612     
  2.024000000000000E-002   299.597640386612     
  2.026000000000000E-002   299.597640386612     
  2.028000000000000E-002   299.597640386612     
  2.030000000000000E-002   299.597640386612     
  2.032000000000000E-002   299.597640386612     
  2.034000000000000E-002   299.597640386612     
  2.036000000000000E-002   299.597640386612     
  2.038000000000000E-002   299.597640386612     
  2.040000000000000E-002   299.597640386612     
  2.042000000000000E-002   299.597640386612     
  2.044000000000000E-002   299.597640386612     
  2.046000000000000E-002   299.597640386612     
  2.048000000000000E-002   299.597640386612     
  2.050000000000000E-002   299.597640386612     
  2.052000000000000E-002   299.597640386612     
  2.054000000000000E-002   299.597640386612     
  2.056000000000000E-002   299.597640386612     
  2.058000000000000E-002   299.597640386612     
  2.060000000000000E-002   299.597640386612     
  2.062000000000000E-002   299.597640386612     
  2.064000000000000E-002   299.597640386612     
  2.066000000000000E-002   299.597640386612     
  2.068000000000000E-002   299.597640386612     
  2.070000000000000E-002   299.597640386612     
  2.072000000000000E-002   299.597640386612     
  2.074000000000000E-002   299.597640386612     
  2.076000000000000E-002   299.597640386612     
  2.078000000000000E-002   299.597640386612     
  2.080000000000000E-002   299.597640386612     
  2.082000000000000E-002   299.597640386612     
  2.084000000000000E-002   299.597640386612     
  2.086000000000000E-002   299.597640386612     
  2.088000000000000E-002   299.597640386612     
  2.090000000000000E-002   299.597640386612     
  2.092000000000000E-002   299.597640386612     
  2.094000000000000E-002   299.597640386612     
  2.096000000000000E-002   299.597640386612     
  2.098000000000000E-002   299.597640386612     
  2.100000000000000E-002   299.597640386612     
  2.102000000000000E-002   299.597640386612     
  2.104000000000000E-002   299.597640386612     
  2.106000000000000E-002   299.597640386612     
  2.108000000000000E-002   299.597640386612     
  2.110000000000000E-002   299.597640386612     
  2.112000000000000E-002   299.597640386612     
  2.114000000000000E-002   299.597640386612     
  2.116000000000000E-002   299.597640386612     
  2.118000000000000E-002   299.597640386612     
  2.120000000000000E-002   299.597640386612     
  2.122000000000000E-002   299.597640386612     
  2.124000000000000E-002   299.597640386612     
  2.126000000000000E-002   299.597640386612     
  2.128000000000000E-002   299.597640386612     
  2.130000000000000E-002   299.597640386612     
  2.132000000000000E-002   299.597640386612     
  2.134000000000000E-002   299.597640386612     
  2.136000000000000E-002   299.597640386612     
  2.138000000000000E-002   299.597640386612     
  2.140000000000000E-002   299.597640386612     
  2.142000000000000E-002   299.597640386612     
  2.144000000000000E-002   299.597640386612     
  2.146000000000000E-002   299.597640386612     
  2.148000000000000E-002   299.597640386612     
  2.150000000000000E-002   299.597640386612     
  2.152000000000000E-002   299.597640386612     
  2.154000000000000E-002   299.597640386612     
  2.156000000000000E-002   299.597640386612     
  2.158000000000000E-002   299.597640386612     
  2.160000000000000E-002   299.597640386612     
  2.162000000000000E-002   299.597640386612     
  2.164000000000000E-002   299.597640386612     
  2.166000000000000E-002   299.597640386612     
  2.168000000000000E-002   299.597640386612     
  2.170000000000000E-002   299.597640386612     
  2.172000000000000E-002   299.597640386612     
  2.174000000000000E-002   299.597640386612     
  2.176000000000000E-002   299.597640386612     
  2.178000000000000E-002   299.597640386612     
  2.180000000000000E-002   299.597640386612     
  2.182000000000000E-002   299.597640386612     
  2.184000000000000E-002   299.597640386612     
  2.186000000000000E-002   299.597640386612     
  2.188000000000000E-002   299.597640386612     
  2.190000000000000E-002   299.597640386612     
  2.192000000000000E-002   299.597640386612     
  2.194000000000000E-002   299.597640386612     
  2.196000000000000E-002   299.597640386612     
  2.198000000000000E-002   299.597640386612     
  2.200000000000000E-002   299.597640386612     
  2.202000000000000E-002   299.597640386612     
  2.204000000000000E-002   299.597640386612     
  2.206000000000000E-002   299.597640386612     
  2.208000000000000E-002   299.597640386612     
  2.210000000000000E-002   299.597640386612     
  2.212000000000000E-002   299.597640386612     
  2.214000000000000E-002   299.597640386612     
  2.216000000000000E-002   299.597640386612     
  2.218000000000000E-002   299.597640386612     
  2.220000000000000E-002   299.597640386612     
  2.222000000000000E-002   299.597640386612     
  2.224000000000000E-002   299.597640386612     
  2.226000000000000E-002   299.597640386612     
  2.228000000000000E-002   299.597640386612     
  2.230000000000000E-002   299.597640386612     
  2.232000000000000E-002   299.597640386612     
  2.234000000000000E-002   299.597640386612     
  2.236000000000000E-002   299.597640386612     
  2.238000000000000E-002   299.597640386612     
  2.240000000000000E-002   299.597640386612     
  2.242000000000000E-002   299.597640386612     
  2.244000000000000E-002   299.597640386612     
  2.246000000000000E-002   299.597640386612     
  2.248000000000000E-002   299.597640386612     
  2.250000000000000E-002   299.597640386612     
  2.252000000000000E-002   299.597640386612     
  2.254000000000000E-002   299.597640386612     
  2.256000000000000E-002   299.597640386612     
  2.258000000000000E-002   299.597640386612     
  2.260000000000000E-002   299.597640386612     
  2.262000000000000E-002   299.597640386612     
  2.264000000000000E-002   299.597640386612     
  2.266000000000000E-002   299.597640386612     
  2.268000000000000E-002   299.597640386612     
  2.270000000000000E-002   299.597640386612     
  2.272000000000000E-002   299.597640386612     
  2.274000000000000E-002   299.597640386612     
  2.276000000000000E-002   299.597640386612     
  2.278000000000000E-002   299.597640386612     
  2.280000000000000E-002   299.597640386612     
  2.282000000000000E-002   299.597640386612     
  2.284000000000000E-002   299.597640386612     
  2.286000000000000E-002   299.597640386612     
  2.288000000000000E-002   299.597640386612     
  2.290000000000000E-002   299.597640386612     
  2.292000000000000E-002   299.597640386612     
  2.294000000000000E-002   299.597640386612     
  2.296000000000000E-002   299.597640386612     
  2.298000000000000E-002   299.597640386612     
  2.300000000000000E-002   299.597640386612     
  2.302000000000000E-002   299.597640386612     
  2.304000000000000E-002   299.597640386612     
  2.306000000000000E-002   299.597640386612     
  2.308000000000000E-002   299.597640386612     
  2.310000000000000E-002   299.597640386612     
  2.312000000000000E-002   299.597640386612     
  2.314000000000000E-002   299.597640386612     
  2.316000000000000E-002   299.597640386612     
  2.318000000000000E-002   299.597640386612     
  2.320000000000000E-002   299.597640386612     
  2.322000000000000E-002   299.597640386612     
  2.324000000000000E-002   299.597640386612     
  2.326000000000000E-002   299.597640386612     
  2.328000000000000E-002   299.597640386612     
  2.330000000000000E-002   299.597640386612     
  2.332000000000000E-002   299.597640386612     
  2.334000000000000E-002   299.597640386612     
  2.336000000000000E-002   299.597640386612     
  2.338000000000000E-002   299.597640386612     
  2.340000000000000E-002   299.597640386612     
  2.342000000000000E-002   299.597640386612     
  2.344000000000000E-002   299.597640386612     
  2.346000000000000E-002   299.597640386612     
  2.348000000000000E-002   299.597640386612     
  2.350000000000000E-002   299.597640386612     
  2.352000000000000E-002   299.597640386612     
  2.354000000000000E-002   299.597640386612     
  2.356000000000000E-002   299.597640386612     
  2.358000000000000E-002   299.597640386612     
  2.360000000000000E-002   299.597640386612     
  2.362000000000000E-002   299.597640386612     
  2.364000000000000E-002   299.597640386612     
  2.366000000000000E-002   299.597640386612     
  2.368000000000000E-002   299.597640386612     
  2.370000000000000E-002   299.597640386612     
  2.372000000000000E-002   299.597640386612     
  2.374000000000000E-002   299.597640386612     
  2.376000000000000E-002   299.597640386612     
  2.378000000000000E-002   299.597640386612     
  2.380000000000000E-002   299.597640386612     
  2.382000000000000E-002   299.597640386612     
  2.384000000000000E-002   299.597640386612     
  2.386000000000000E-002   299.597640386612     
  2.388000000000000E-002   299.597640386612     
  2.390000000000000E-002   299.597640386612     
  2.392000000000000E-002   299.597640386612     
  2.394000000000000E-002   299.597640386612     
  2.396000000000000E-002   299.597640386612     
  2.398000000000000E-002   299.597640386612     
  2.400000000000000E-002   299.597640386612     
  2.402000000000000E-002   299.597640386612     
  2.404000000000000E-002   299.597640386612     
  2.406000000000000E-002   299.597640386612     
  2.408000000000000E-002   299.597640386612     
  2.410000000000000E-002   299.597640386612     
  2.412000000000000E-002   299.597640386612     
  2.414000000000000E-002   299.597640386612     
  2.416000000000000E-002   299.597640386612     
  2.418000000000000E-002   299.597640386612     
  2.420000000000000E-002   299.597640386612     
  2.422000000000000E-002   299.597640386612     
  2.424000000000000E-002   299.597640386612     
  2.426000000000000E-002   299.597640386612     
  2.428000000000000E-002   299.597640386612     
  2.430000000000000E-002   299.597640386612     
  2.432000000000000E-002   299.597640386612     
  2.434000000000000E-002   299.597640386612     
  2.436000000000000E-002   299.597640386612     
  2.438000000000000E-002   299.597640386612     
  2.440000000000000E-002   299.597640386612     
  2.442000000000000E-002   299.597640386612     
  2.444000000000000E-002   299.597640386612     
  2.446000000000000E-002   299.597640386612     
  2.448000000000000E-002   299.597640386612     
  2.450000000000000E-002   299.597640386612     
  2.452000000000000E-002   299.597640386612     
  2.454000000000000E-002   299.597640386612     
  2.456000000000000E-002   299.597640386612     
  2.458000000000000E-002   299.597640386612     
  2.460000000000000E-002   299.597640386612     
  2.462000000000000E-002   299.597640386612     
  2.464000000000000E-002   299.597640386612     
  2.466000000000000E-002   299.597640386612     
  2.468000000000000E-002   299.597640386612     
  2.470000000000000E-002   299.597640386612     
  2.472000000000000E-002   299.597640386612     
  2.474000000000000E-002   299.597640386612     
  2.476000000000000E-002   299.597640386612     
  2.478000000000000E-002   299.597640386612     
  2.480000000000000E-002   299.597640386612     
  2.482000000000000E-002   299.597640386612     
  2.484000000000000E-002   299.597640386612     
  2.486000000000000E-002   299.597640386612     
  2.488000000000000E-002   299.597640386612     
  2.490000000000000E-002   299.597640386612     
  2.492000000000000E-002   299.597640386612     
  2.494000000000000E-002   299.597640386612     
  2.496000000000000E-002   299.597640386612     
  2.498000000000000E-002   299.597640386612     
  2.500000000000000E-002   299.597640386612     
  2.502000000000000E-002   299.597640386612     
  2.504000000000000E-002   299.597640386612     
  2.506000000000000E-002   299.597640386612     
  2.508000000000000E-002   299.597640386612     
  2.510000000000000E-002   299.597640386612     
  2.512000000000000E-002   299.597640386612     
  2.514000000000000E-002   299.597640386612     
  2.516000000000000E-002   299.597640386612     
  2.518000000000000E-002   299.597640386612     
  2.520000000000000E-002   299.597640386612     
  2.522000000000000E-002   299.597640386612     
  2.524000000000000E-002   299.597640386612     
  2.526000000000000E-002   299.597640386612     
  2.528000000000000E-002   299.597640386612     
  2.530000000000000E-002   299.597640386612     
  2.532000000000000E-002   299.597640386612     
  2.534000000000000E-002   299.597640386612     
  2.536000000000000E-002   299.597640386612     
  2.538000000000000E-002   299.597640386612     
  2.540000000000000E-002   299.597640386612     
  2.542000000000000E-002   299.597640386612     
  2.544000000000000E-002   299.597640386612     
  2.546000000000000E-002   299.597640386612     
  2.548000000000000E-002   299.597640386612     
  2.550000000000000E-002   299.597640386612     
  2.552000000000000E-002   299.597640386612     
  2.554000000000000E-002   299.597640386612     
  2.556000000000000E-002   299.597640386612     
  2.558000000000000E-002   299.597640386612     
  2.560000000000000E-002   299.597640386612     
  2.562000000000000E-002   299.597640386612     
  2.564000000000000E-002   299.597640386612     
  2.566000000000000E-002   299.597640386612     
  2.568000000000000E-002   299.597640386612     
  2.570000000000000E-002   299.597640386612     
  2.572000000000000E-002   299.597640386612     
  2.574000000000000E-002   299.597640386612     
  2.576000000000000E-002   299.597640386612     
  2.578000000000000E-002   299.597640386612     
  2.580000000000000E-002   299.597640386612     
  2.582000000000000E-002   299.597640386612     
  2.584000000000000E-002   299.597640386612     
  2.586000000000000E-002   299.597640386612     
  2.588000000000000E-002   299.597640386612     
  2.590000000000000E-002   299.597640386612     
  2.592000000000000E-002   299.597640386612     
  2.594000000000000E-002   299.597640386612     
  2.596000000000000E-002   299.597640386612     
  2.598000000000000E-002   299.597640386612     
  2.600000000000000E-002   299.597640386612     
  2.602000000000000E-002   299.597640386612     
  2.604000000000000E-002   299.597640386612     
  2.606000000000000E-002   299.597640386612     
  2.608000000000000E-002   299.597640386612     
  2.610000000000000E-002   299.597640386612     
  2.612000000000000E-002   299.597640386612     
  2.614000000000000E-002   299.597640386612     
  2.616000000000000E-002   299.597640386612     
  2.618000000000000E-002   299.597640386612     
  2.620000000000000E-002   299.597640386612     
  2.622000000000000E-002   299.597640386612     
  2.624000000000000E-002   299.597640386612     
  2.626000000000000E-002   299.597640386612     
  2.628000000000000E-002   299.597640386612     
  2.630000000000000E-002   299.597640386612     
  2.632000000000000E-002   299.597640386612     
  2.634000000000000E-002   299.597640386612     
  2.636000000000000E-002   299.597640386612     
  2.638000000000000E-002   299.597640386612     
  2.640000000000000E-002   299.597640386612     
  2.642000000000000E-002   299.597640386612     
  2.644000000000000E-002   299.597640386612     
  2.646000000000000E-002   299.597640386612     
  2.648000000000000E-002   299.597640386612     
  2.650000000000000E-002   299.597640386612     
  2.652000000000000E-002   299.597640386612     
  2.654000000000000E-002   299.597640386612     
  2.656000000000000E-002   299.597640386612     
  2.658000000000000E-002   299.597640386612     
  2.660000000000000E-002   299.597640386612     
  2.662000000000000E-002   299.597640386612     
  2.664000000000000E-002   299.597640386612     
  2.666000000000000E-002   299.597640386612     
  2.668000000000000E-002   299.597640386612     
  2.670000000000000E-002   299.597640386612     
  2.672000000000000E-002   299.597640386612     
  2.674000000000000E-002   299.597640386612     
  2.676000000000000E-002   299.597640386612     
  2.678000000000000E-002   299.597640386612     
  2.680000000000000E-002   299.597640386612     
  2.682000000000000E-002   299.597640386612     
  2.684000000000000E-002   299.597640386612     
  2.686000000000000E-002   299.597640386612     
  2.688000000000000E-002   299.597640386612     
  2.690000000000000E-002   299.597640386612     
  2.692000000000000E-002   299.597640386612     
  2.694000000000000E-002   299.597640386612     
  2.696000000000000E-002   299.597640386612     
  2.698000000000000E-002   299.597640386612     
  2.700000000000000E-002   299.597640386612     
  2.702000000000000E-002   299.597640386612     
  2.704000000000000E-002   299.597640386612     
  2.706000000000000E-002   299.597640386612     
  2.708000000000000E-002   299.597640386612     
  2.710000000000000E-002   299.597640386612     
  2.712000000000000E-002   299.597640386612     
  2.714000000000000E-002   299.597640386612     
  2.716000000000000E-002   299.597640386612     
  2.718000000000000E-002   299.597640386612     
  2.720000000000000E-002   299.597640386612     
  2.722000000000000E-002   299.597640386612     
  2.724000000000000E-002   299.597640386612     
  2.726000000000000E-002   299.597640386612     
  2.728000000000000E-002   299.597640386612     
  2.730000000000000E-002   299.597640386612     
  2.732000000000000E-002   299.597640386612     
  2.734000000000000E-002   299.597640386612     
  2.736000000000000E-002   299.597640386612     
  2.738000000000000E-002   299.597640386612     
  2.740000000000000E-002   299.597640386612     
  2.742000000000000E-002   299.597640386612     
  2.744000000000000E-002   299.597640386612     
  2.746000000000000E-002   299.597640386612     
  2.748000000000000E-002   299.597640386612     
  2.750000000000000E-002   299.597640386612     
  2.752000000000000E-002   299.597640386612     
  2.754000000000000E-002   299.597640386612     
  2.756000000000000E-002   299.597640386612     
  2.758000000000000E-002   299.597640386612     
  2.760000000000000E-002   299.597640386612     
  2.762000000000000E-002   299.597640386612     
  2.764000000000000E-002   299.597640386612     
  2.766000000000000E-002   299.597640386612     
  2.768000000000000E-002   299.597640386612     
  2.770000000000000E-002   299.597640386612     
  2.772000000000000E-002   299.597640386612     
  2.774000000000000E-002   299.597640386612     
  2.776000000000000E-002   299.597640386612     
  2.778000000000000E-002   299.597640386612     
  2.780000000000000E-002   299.597640386612     
  2.782000000000000E-002   299.597640386612     
  2.784000000000000E-002   299.597640386612     
  2.786000000000000E-002   299.597640386612     
  2.788000000000000E-002   299.597640386612     
  2.790000000000000E-002   299.597640386612     
  2.792000000000000E-002   299.597640386612     
  2.794000000000000E-002   299.597640386612     
  2.796000000000000E-002   299.597640386612     
  2.798000000000000E-002   299.597640386612     
  2.800000000000000E-002   299.597640386612     
  2.802000000000000E-002   299.597640386612     
  2.804000000000000E-002   299.597640386612     
  2.806000000000000E-002   299.597640386612     
  2.808000000000000E-002   299.597640386612     
  2.810000000000000E-002   299.597640386612     
  2.812000000000000E-002   299.597640386612     
  2.814000000000000E-002   299.597640386612     
  2.816000000000000E-002   299.597640386612     
  2.818000000000000E-002   299.597640386612     
  2.820000000000000E-002   299.597640386612     
  2.822000000000000E-002   299.597640386612     
  2.824000000000000E-002   299.597640386612     
  2.826000000000000E-002   299.597640386612     
  2.828000000000000E-002   299.597640386612     
  2.830000000000000E-002   299.597640386612     
  2.832000000000000E-002   299.597640386612     
  2.834000000000000E-002   299.597640386612     
  2.836000000000000E-002   299.597640386612     
  2.838000000000000E-002   299.597640386612     
  2.840000000000000E-002   299.597640386612     
  2.842000000000000E-002   299.597640386612     
  2.844000000000000E-002   299.597640386612     
  2.846000000000000E-002   299.597640386612     
  2.848000000000000E-002   299.597640386612     
  2.850000000000000E-002   299.597640386612     
  2.852000000000000E-002   299.597640386612     
  2.854000000000000E-002   299.597640386612     
  2.856000000000000E-002   299.597640386612     
  2.858000000000000E-002   299.597640386612     
  2.860000000000000E-002   299.597640386612     
  2.862000000000000E-002   299.597640386612     
  2.864000000000000E-002   299.597640386612     
  2.866000000000000E-002   299.597640386612     
  2.868000000000000E-002   299.597640386612     
  2.870000000000000E-002   299.597640386612     
  2.872000000000000E-002   299.597640386612     
  2.874000000000000E-002   299.597640386612     
  2.876000000000000E-002   299.597640386612     
  2.878000000000000E-002   299.597640386612     
  2.880000000000000E-002   299.597640386612     
  2.882000000000000E-002   299.597640386612     
  2.884000000000000E-002   299.597640386612     
  2.886000000000000E-002   299.597640386612     
  2.888000000000000E-002   299.597640386612     
  2.890000000000000E-002   299.597640386612     
  2.892000000000000E-002   299.597640386612     
  2.894000000000000E-002   299.597640386612     
  2.896000000000000E-002   299.597640386612     
  2.898000000000000E-002   299.597640386612     
  2.900000000000000E-002   299.597640386612     
  2.902000000000000E-002   299.597640386612     
  2.904000000000000E-002   299.597640386612     
  2.906000000000000E-002   299.597640386612     
  2.908000000000000E-002   299.597640386612     
  2.910000000000000E-002   299.597640386612     
  2.912000000000000E-002   299.597640386612     
  2.914000000000000E-002   299.597640386612     
  2.916000000000000E-002   299.597640386612     
  2.918000000000000E-002   299.597640386612     
  2.920000000000000E-002   299.597640386612     
  2.922000000000000E-002   299.597640386612     
  2.924000000000000E-002   299.597640386612     
  2.926000000000000E-002   299.597640386612     
  2.928000000000000E-002   299.597640386612     
  2.930000000000000E-002   299.597640386612     
  2.932000000000000E-002   299.597640386612     
  2.934000000000000E-002   299.597640386612     
  2.936000000000000E-002   299.597640386612     
  2.938000000000000E-002   299.597640386612     
  2.940000000000000E-002   299.597640386612     
  2.942000000000000E-002   299.597640386612     
  2.944000000000000E-002   299.597640386612     
  2.946000000000000E-002   299.597640386612     
  2.948000000000000E-002   299.597640386612     
  2.950000000000000E-002   299.597640386612     
  2.952000000000000E-002   299.597640386612     
  2.954000000000000E-002   299.597640386612     
  2.956000000000000E-002   299.597640386612     
  2.958000000000000E-002   299.597640386612     
  2.960000000000000E-002   299.597640386612     
  2.962000000000000E-002   299.597640386612     
  2.964000000000000E-002   299.597640386612     
  2.966000000000000E-002   299.597640386612     
  2.968000000000000E-002   299.597640386612     
  2.970000000000000E-002   299.597640386612     
  2.972000000000000E-002   299.597640386612     
  2.974000000000000E-002   299.597640386612     
  2.976000000000000E-002   299.597640386612     
  2.978000000000000E-002   299.597640386612     
  2.980000000000000E-002   299.597640386612     
  2.982000000000000E-002   299.597640386612     
  2.984000000000000E-002   299.597640386612     
  2.986000000000000E-002   299.597640386612     
  2.988000000000000E-002   299.597640386612     
  2.990000000000000E-002   299.597640386612     
  2.992000000000000E-002   299.597640386612     
  2.994000000000000E-002   299.597640386612     
  2.996000000000000E-002   299.597640386612     
  2.998000000000000E-002   299.597640386612     
  3.000000000000000E-002   299.597640386612     
  3.002000000000000E-002   299.597640386612     
  3.004000000000000E-002   299.597640386612     
  3.006000000000000E-002   299.597640386612     
  3.008000000000000E-002   299.597640386612     
  3.010000000000000E-002   299.597640386612     
  3.012000000000000E-002   299.597640386612     
  3.014000000000000E-002   299.597640386612     
  3.016000000000000E-002   299.597640386612     
  3.018000000000000E-002   299.597640386612     
  3.020000000000000E-002   299.597640386612     
  3.022000000000000E-002   299.597640386612     
  3.024000000000000E-002   299.597640386612     
  3.026000000000000E-002   299.597640386612     
  3.028000000000000E-002   299.597640386612     
  3.030000000000000E-002   299.597640386612     
  3.032000000000000E-002   299.597640386612     
  3.034000000000000E-002   299.597640386612     
  3.036000000000000E-002   299.597640386612     
  3.038000000000000E-002   299.597640386612     
  3.040000000000000E-002   299.597640386612     
  3.042000000000000E-002   299.597640386612     
  3.044000000000000E-002   299.597640386612     
  3.046000000000000E-002   299.597640386612     
  3.048000000000000E-002   299.597640386612     
  3.050000000000000E-002   299.597640386612     
  3.052000000000000E-002   299.597640386612     
  3.054000000000000E-002   299.597640386612     
  3.056000000000000E-002   299.597640386612     
  3.058000000000000E-002   299.597640386612     
  3.060000000000000E-002   299.597640386612     
  3.062000000000000E-002   299.597640386612     
  3.064000000000000E-002   299.597640386612     
  3.066000000000000E-002   299.597640386612     
  3.068000000000000E-002   299.597640386612     
  3.070000000000000E-002   299.597640386612     
  3.072000000000000E-002   299.597640386612     
  3.074000000000000E-002   299.597640386612     
  3.076000000000000E-002   299.597640386612     
  3.078000000000000E-002   299.597640386612     
  3.080000000000000E-002   299.597640386612     
  3.082000000000000E-002   299.597640386612     
  3.084000000000000E-002   299.597640386612     
  3.086000000000000E-002   299.597640386612     
  3.088000000000000E-002   299.597640386612     
  3.090000000000000E-002   299.597640386612     
  3.092000000000000E-002   299.597640386612     
  3.094000000000000E-002   299.597640386612     
  3.096000000000000E-002   299.597640386612     
  3.098000000000000E-002   299.597640386612     
  3.100000000000000E-002   299.597640386612     
  3.102000000000000E-002   299.597640386612     
  3.104000000000000E-002   299.597640386612     
  3.106000000000000E-002   299.597640386612     
  3.108000000000000E-002   299.597640386612     
  3.110000000000000E-002   299.597640386612     
  3.112000000000000E-002   299.597640386612     
  3.114000000000000E-002   299.597640386612     
  3.116000000000000E-002   299.597640386612     
  3.118000000000000E-002   299.597640386612     
  3.120000000000000E-002   299.597640386612     
  3.122000000000000E-002   299.597640386612     
  3.124000000000000E-002   299.597640386612     
  3.126000000000000E-002   299.597640386612     
  3.128000000000000E-002   299.597640386612     
  3.130000000000000E-002   299.597640386612     
  3.132000000000000E-002   299.597640386612     
  3.134000000000000E-002   299.597640386612     
  3.136000000000001E-002   299.597640386612     
  3.138000000000001E-002   299.597640386612     
  3.140000000000000E-002   299.597640386612     
  3.142000000000000E-002   299.597640386612     
  3.144000000000000E-002   299.597640386612     
  3.146000000000000E-002   299.597640386612     
  3.148000000000000E-002   299.597640386612     
  3.150000000000000E-002   299.597640386612     
  3.152000000000000E-002   299.597640386612     
  3.154000000000001E-002   299.597640386612     
  3.156000000000000E-002   299.597640386612     
  3.158000000000000E-002   299.597640386612     
  3.160000000000000E-002   299.597640386612     
  3.162000000000000E-002   299.597640386612     
  3.164000000000000E-002   299.597640386612     
  3.166000000000000E-002   299.597640386612     
  3.168000000000000E-002   299.597640386612     
  3.170000000000001E-002   299.597640386612     
  3.172000000000001E-002   299.597640386612     
  3.174000000000000E-002   299.597640386612     
  3.176000000000000E-002   299.597640386612     
  3.178000000000000E-002   299.597640386612     
  3.180000000000000E-002   299.597640386612     
  3.182000000000000E-002   299.597640386612     
  3.184000000000000E-002   299.597640386612     
  3.186000000000000E-002   299.597640386612     
  3.188000000000001E-002   299.597640386612     
  3.190000000000000E-002   299.597640386612     
  3.192000000000000E-002   299.597640386612     
  3.194000000000000E-002   299.597640386612     
  3.196000000000000E-002   299.597640386612     
  3.198000000000000E-002   299.597640386612     
  3.200000000000000E-002   299.597640386612     
  3.202000000000000E-002   299.597640386612     
  3.204000000000001E-002   299.597640386612     
  3.206000000000001E-002   299.597640386612     
  3.208000000000000E-002   299.597640386612     
  3.210000000000000E-002   299.597640386612     
  3.212000000000000E-002   299.597640386612     
  3.214000000000000E-002   299.597640386612     
  3.216000000000000E-002   299.597640386612     
  3.218000000000000E-002   299.597640386612     
  3.220000000000000E-002   299.597640386612     
  3.222000000000001E-002   299.597640386612     
  3.224000000000000E-002   299.597640386612     
  3.226000000000000E-002   299.597640386612     
  3.228000000000000E-002   299.597640386612     
  3.230000000000000E-002   299.597640386612     
  3.232000000000000E-002   299.597640386612     
  3.234000000000000E-002   299.597640386612     
  3.236000000000000E-002   299.597640386612     
  3.238000000000001E-002   299.597640386612     
  3.240000000000001E-002   299.597640386612     
  3.242000000000000E-002   299.597640386612     
  3.244000000000000E-002   299.597640386612     
  3.246000000000000E-002   299.597640386612     
  3.248000000000000E-002   299.597640386612     
  3.250000000000000E-002   299.597640386612     
  3.252000000000000E-002   299.597640386612     
  3.254000000000000E-002   299.597640386612     
  3.256000000000001E-002   299.597640386612     
  3.258000000000000E-002   299.597640386612     
  3.260000000000000E-002   299.597640386612     
  3.262000000000000E-002   299.597640386612     
  3.264000000000000E-002   299.597640386612     
  3.266000000000000E-002   299.597640386612     
  3.268000000000000E-002   299.597640386612     
  3.270000000000000E-002   299.597640386612     
  3.272000000000001E-002   299.597640386612     
  3.274000000000001E-002   299.597640386612     
  3.276000000000000E-002   299.597640386612     
  3.278000000000000E-002   299.597640386612     
  3.280000000000000E-002   299.597640386612     
  3.282000000000000E-002   299.597640386612     
  3.284000000000000E-002   299.597640386612     
  3.286000000000000E-002   299.597640386612     
  3.288000000000000E-002   299.597640386612     
  3.290000000000001E-002   299.597640386612     
  3.292000000000000E-002   299.597640386612     
  3.294000000000000E-002   299.597640386612     
  3.296000000000000E-002   299.597640386612     
  3.298000000000000E-002   299.597640386612     
  3.300000000000000E-002   299.597640386612     
  3.302000000000000E-002   299.597640386612     
  3.304000000000000E-002   299.597640386612     
  3.306000000000001E-002   299.597640386612     
  3.308000000000001E-002   299.597640386612     
  3.310000000000000E-002   299.597640386612     
  3.312000000000000E-002   299.597640386612     
  3.314000000000000E-002   299.597640386612     
  3.316000000000000E-002   299.597640386612     
  3.318000000000000E-002   299.597640386612     
  3.320000000000000E-002   299.597640386612     
  3.322000000000000E-002   299.597640386612     
  3.324000000000001E-002   299.597640386612     
  3.326000000000000E-002   299.597640386612     
  3.328000000000000E-002   299.597640386612     
  3.330000000000000E-002   299.597640386612     
  3.332000000000000E-002   299.597640386612     
  3.334000000000000E-002   299.597640386612     
  3.336000000000000E-002   299.597640386612     
  3.338000000000000E-002   299.597640386612     
  3.340000000000001E-002   299.597640386612     
  3.342000000000001E-002   299.597640386612     
  3.344000000000000E-002   299.597640386612     
  3.346000000000000E-002   299.597640386612     
  3.348000000000000E-002   299.597640386612     
  3.350000000000000E-002   299.597640386612     
  3.352000000000000E-002   299.597640386612     
  3.354000000000000E-002   299.597640386612     
  3.356000000000000E-002   299.597640386612     
  3.358000000000001E-002   299.597640386612     
  3.360000000000000E-002   299.597640386612     
  3.362000000000000E-002   299.597640386612     
  3.364000000000000E-002   299.597640386612     
  3.366000000000000E-002   299.597640386612     
  3.368000000000000E-002   299.597640386612     
  3.370000000000000E-002   299.597640386612     
  3.372000000000000E-002   299.597640386612     
  3.374000000000001E-002   299.597640386612     
  3.376000000000001E-002   299.597640386612     
  3.378000000000000E-002   299.597640386612     
  3.380000000000000E-002   299.597640386612     
  3.382000000000000E-002   299.597640386612     
  3.384000000000000E-002   299.597640386612     
  3.386000000000000E-002   299.597640386612     
  3.388000000000000E-002   299.597640386612     
  3.390000000000000E-002   299.597640386612     
  3.392000000000001E-002   299.597640386612     
  3.394000000000000E-002   299.597640386612     
  3.396000000000000E-002   299.597640386612     
  3.398000000000000E-002   299.597640386612     
  3.400000000000000E-002   299.597640386612     
  3.402000000000000E-002   299.597640386612     
  3.404000000000000E-002   299.597640386612     
  3.406000000000000E-002   299.597640386612     
  3.408000000000001E-002   299.597640386612     
  3.410000000000001E-002   299.597640386612     
  3.412000000000000E-002   299.597640386612     
  3.414000000000000E-002   299.597640386612     
  3.416000000000000E-002   299.597640386612     
  3.418000000000000E-002   299.597640386612     
  3.420000000000000E-002   299.597640386612     
  3.422000000000000E-002   299.597640386612     
  3.424000000000000E-002   299.597640386612     
  3.426000000000001E-002   299.597640386612     
  3.428000000000000E-002   299.597640386612     
  3.430000000000000E-002   299.597640386612     
  3.432000000000000E-002   299.597640386612     
  3.434000000000000E-002   299.597640386612     
  3.436000000000000E-002   299.597640386612     
  3.438000000000000E-002   299.597640386612     
  3.440000000000000E-002   299.597640386612     
  3.442000000000001E-002   299.597640386612     
  3.444000000000001E-002   299.597640386612     
  3.446000000000000E-002   299.597640386612     
  3.448000000000000E-002   299.597640386612     
  3.450000000000000E-002   299.597640386612     
  3.452000000000000E-002   299.597640386612     
  3.454000000000000E-002   299.597640386612     
  3.456000000000000E-002   299.597640386612     
  3.458000000000000E-002   299.597640386612     
  3.460000000000001E-002   299.597640386612     
  3.462000000000000E-002   299.597640386612     
  3.464000000000000E-002   299.597640386612     
  3.466000000000000E-002   299.597640386612     
  3.468000000000000E-002   299.597640386612     
  3.470000000000000E-002   299.597640386612     
  3.472000000000000E-002   299.597640386612     
  3.474000000000000E-002   299.597640386612     
  3.476000000000001E-002   299.597640386612     
  3.478000000000001E-002   299.597640386612     
  3.480000000000000E-002   299.597640386612     
  3.482000000000000E-002   299.597640386612     
  3.484000000000000E-002   299.597640386612     
  3.486000000000000E-002   299.597640386612     
  3.488000000000000E-002   299.597640386612     
  3.490000000000000E-002   299.597640386612     
  3.492000000000000E-002   299.597640386612     
  3.494000000000001E-002   299.597640386612     
  3.496000000000000E-002   299.597640386612     
  3.498000000000000E-002   299.597640386612     
  3.500000000000000E-002   299.597640386612     
  3.502000000000000E-002   299.597640386612     
  3.504000000000000E-002   299.597640386612     
  3.506000000000000E-002   299.597640386612     
  3.508000000000000E-002   299.597640386612     
  3.510000000000001E-002   299.597640386612     
  3.512000000000001E-002   299.597640386612     
  3.514000000000000E-002   299.597640386612     
  3.516000000000000E-002   299.597640386612     
  3.518000000000000E-002   299.597640386612     
  3.520000000000000E-002   299.597640386612     
  3.522000000000000E-002   299.597640386612     
  3.524000000000000E-002   299.597640386612     
  3.526000000000000E-002   299.597640386612     
  3.528000000000001E-002   299.597640386612     
  3.530000000000000E-002   299.597640386612     
  3.532000000000000E-002   299.597640386612     
  3.534000000000000E-002   299.597640386612     
  3.536000000000000E-002   299.597640386612     
  3.538000000000000E-002   299.597640386612     
  3.540000000000000E-002   299.597640386612     
  3.542000000000000E-002   299.597640386612     
  3.544000000000001E-002   299.597640386612     
  3.546000000000001E-002   299.597640386612     
  3.548000000000000E-002   299.597640386612     
  3.550000000000000E-002   299.597640386612     
  3.552000000000000E-002   299.597640386612     
  3.554000000000000E-002   299.597640386612     
  3.556000000000000E-002   299.597640386612     
  3.558000000000000E-002   299.597640386612     
  3.560000000000000E-002   299.597640386612     
  3.562000000000001E-002   299.597640386612     
  3.564000000000001E-002   299.597640386612     
  3.566000000000000E-002   299.597640386612     
  3.568000000000000E-002   299.597640386612     
  3.570000000000000E-002   299.597640386612     
  3.572000000000000E-002   299.597640386612     
  3.574000000000000E-002   299.597640386612     
  3.576000000000000E-002   299.597640386612     
  3.578000000000001E-002   299.597640386612     
  3.580000000000001E-002   299.597640386612     
  3.582000000000000E-002   299.597640386612     
  3.584000000000000E-002   299.597640386612     
  3.586000000000000E-002   299.597640386612     
  3.588000000000000E-002   299.597640386612     
  3.590000000000000E-002   299.597640386612     
  3.592000000000000E-002   299.597640386612     
  3.594000000000000E-002   299.597640386612     
  3.596000000000001E-002   299.597640386612     
  3.598000000000001E-002   299.597640386612     
  3.600000000000000E-002   299.597640386612     
  3.602000000000000E-002   299.597640386612     
  3.604000000000000E-002   299.597640386612     
  3.606000000000000E-002   299.597640386612     
  3.608000000000000E-002   299.597640386612     
  3.610000000000000E-002   299.597640386612     
  3.612000000000001E-002   299.597640386612     
  3.614000000000001E-002   299.597640386612     
  3.616000000000000E-002   299.597640386612     
  3.618000000000000E-002   299.597640386612     
  3.620000000000000E-002   299.597640386612     
  3.622000000000000E-002   299.597640386612     
  3.624000000000000E-002   299.597640386612     
  3.626000000000000E-002   299.597640386612     
  3.628000000000000E-002   299.597640386612     
  3.630000000000001E-002   299.597640386612     
  3.632000000000001E-002   299.597640386612     
  3.634000000000000E-002   299.597640386612     
  3.636000000000000E-002   299.597640386612     
  3.638000000000000E-002   299.597640386612     
  3.640000000000000E-002   299.597640386612     
  3.642000000000000E-002   299.597640386612     
  3.644000000000000E-002   299.597640386612     
  3.646000000000001E-002   299.597640386612     
  3.648000000000001E-002   299.597640386612     
  3.650000000000000E-002   299.597640386612     
  3.652000000000000E-002   299.597640386612     
  3.654000000000000E-002   299.597640386612     
  3.656000000000000E-002   299.597640386612     
  3.658000000000000E-002   299.597640386612     
  3.660000000000000E-002   299.597640386612     
  3.662000000000000E-002   299.597640386612     
  3.664000000000001E-002   299.597640386612     
  3.666000000000001E-002   299.597640386612     
  3.668000000000000E-002   299.597640386612     
  3.670000000000000E-002   299.597640386612     
  3.672000000000000E-002   299.597640386612     
  3.674000000000000E-002   299.597640386612     
  3.676000000000000E-002   299.597640386612     
  3.678000000000000E-002   299.597640386612     
  3.680000000000001E-002   299.597640386612     
  3.682000000000001E-002   299.597640386612     
  3.684000000000000E-002   299.597640386612     
  3.686000000000000E-002   299.597640386612     
  3.688000000000000E-002   299.597640386612     
  3.690000000000000E-002   299.597640386612     
  3.692000000000000E-002   299.597640386612     
  3.694000000000000E-002   299.597640386612     
  3.696000000000000E-002   299.597640386612     
  3.698000000000001E-002   299.597640386612     
  3.700000000000001E-002   299.597640386612     
  3.702000000000000E-002   299.597640386612     
  3.704000000000000E-002   299.597640386612     
  3.706000000000000E-002   299.597640386612     
  3.708000000000000E-002   299.597640386612     
  3.710000000000000E-002   299.597640386612     
  3.712000000000000E-002   299.597640386612     
  3.714000000000001E-002   299.597640386612     
  3.716000000000001E-002   299.597640386612     
  3.718000000000000E-002   299.597640386612     
  3.720000000000000E-002   299.597640386612     
  3.722000000000000E-002   299.597640386612     
  3.724000000000000E-002   299.597640386612     
  3.726000000000000E-002   299.597640386612     
  3.728000000000000E-002   299.597640386612     
  3.730000000000000E-002   299.597640386612     
  3.732000000000001E-002   299.597640386612     
  3.734000000000001E-002   299.597640386612     
  3.736000000000000E-002   299.597640386612     
  3.738000000000000E-002   299.597640386612     
  3.740000000000000E-002   299.597640386612     
  3.742000000000000E-002   299.597640386612     
  3.744000000000000E-002   299.597640386612     
  3.746000000000000E-002   299.597640386612     
  3.748000000000001E-002   299.597640386612     
  3.750000000000001E-002   299.597640386612     
  3.752000000000000E-002   299.597640386612     
  3.754000000000000E-002   299.597640386612     
  3.756000000000000E-002   299.597640386612     
  3.758000000000000E-002   299.597640386612     
  3.760000000000000E-002   299.597640386612     
  3.762000000000000E-002   299.597640386612     
  3.764000000000000E-002   299.597640386612     
  3.766000000000001E-002   299.597640386612     
  3.768000000000001E-002   299.597640386612     
  3.770000000000000E-002   299.597640386612     
  3.772000000000000E-002   299.597640386612     
  3.774000000000000E-002   299.597640386612     
  3.776000000000000E-002   299.597640386612     
  3.778000000000000E-002   299.597640386612     
  3.780000000000000E-002   299.597640386612     
  3.782000000000001E-002   299.597640386612     
  3.784000000000001E-002   299.597640386612     
  3.786000000000000E-002   299.597640386612     
  3.788000000000000E-002   299.597640386612     
  3.790000000000000E-002   299.597640386612     
  3.792000000000000E-002   299.597640386612     
  3.794000000000000E-002   299.597640386612     
  3.796000000000000E-002   299.597640386612     
  3.798000000000000E-002   299.597640386612     
  3.800000000000001E-002   299.597640386612     
  3.802000000000001E-002   299.597640386612     
  3.804000000000000E-002   299.597640386612     
  3.806000000000000E-002   299.597640386612     
  3.808000000000000E-002   299.597640386612     
  3.810000000000000E-002   299.597640386612     
  3.812000000000000E-002   299.597640386612     
  3.814000000000000E-002   299.597640386612     
  3.816000000000001E-002   299.597640386612     
  3.818000000000001E-002   299.597640386612     
  3.820000000000000E-002   299.597640386612     
  3.822000000000000E-002   299.597640386612     
  3.824000000000000E-002   299.597640386612     
  3.826000000000000E-002   299.597640386612     
  3.828000000000000E-002   299.597640386612     
  3.830000000000000E-002   299.597640386612     
  3.832000000000000E-002   299.597640386612     
  3.834000000000001E-002   299.597640386612     
  3.836000000000001E-002   299.597640386612     
  3.838000000000000E-002   299.597640386612     
  3.840000000000000E-002   299.597640386612     
  3.842000000000000E-002   299.597640386612     
  3.844000000000000E-002   299.597640386612     
  3.846000000000000E-002   299.597640386612     
  3.848000000000000E-002   299.597640386612     
  3.850000000000001E-002   299.597640386612     
  3.852000000000001E-002   299.597640386612     
  3.854000000000000E-002   299.597640386612     
  3.856000000000000E-002   299.597640386612     
  3.858000000000000E-002   299.597640386612     
  3.860000000000000E-002   299.597640386612     
  3.862000000000000E-002   299.597640386612     
  3.864000000000000E-002   299.597640386612     
  3.866000000000000E-002   299.597640386612     
  3.868000000000001E-002   299.597640386612     
  3.870000000000001E-002   299.597640386612     
  3.872000000000000E-002   299.597640386612     
  3.874000000000000E-002   299.597640386612     
  3.876000000000000E-002   299.597640386612     
  3.878000000000000E-002   299.597640386612     
  3.880000000000000E-002   299.597640386612     
  3.882000000000000E-002   299.597640386612     
  3.884000000000001E-002   299.597640386612     
  3.886000000000001E-002   299.597640386612     
  3.888000000000000E-002   299.597640386612     
  3.890000000000000E-002   299.597640386612     
  3.892000000000000E-002   299.597640386612     
  3.894000000000000E-002   299.597640386612     
  3.896000000000000E-002   299.597640386612     
  3.898000000000000E-002   299.597640386612     
  3.900000000000000E-002   299.597640386612     
  3.902000000000001E-002   299.597640386612     
  3.904000000000001E-002   299.597640386612     
  3.906000000000000E-002   299.597640386612     
  3.908000000000000E-002   299.597640386612     
  3.910000000000000E-002   299.597640386612     
  3.912000000000000E-002   299.597640386612     
  3.914000000000000E-002   299.597640386612     
  3.916000000000000E-002   299.597640386612     
  3.918000000000001E-002   299.597640386612     
  3.920000000000001E-002   299.597640386612     
  3.922000000000000E-002   299.597640386612     
  3.924000000000000E-002   299.597640386612     
  3.926000000000000E-002   299.597640386612     
  3.928000000000000E-002   299.597640386612     
  3.930000000000000E-002   299.597640386612     
  3.932000000000000E-002   299.597640386612     
  3.934000000000000E-002   299.597640386612     
  3.936000000000001E-002   299.597640386612     
  3.938000000000001E-002   299.597640386612     
  3.940000000000000E-002   299.597640386612     
  3.942000000000000E-002   299.597640386612     
  3.944000000000000E-002   299.597640386612     
  3.946000000000000E-002   299.597640386612     
  3.948000000000000E-002   299.597640386612     
  3.950000000000000E-002   299.597640386612     
  3.952000000000001E-002   299.597640386612     
  3.954000000000001E-002   299.597640386612     
  3.956000000000000E-002   299.597640386612     
  3.958000000000000E-002   299.597640386612     
  3.960000000000000E-002   299.597640386612     
  3.962000000000000E-002   299.597640386612     
  3.964000000000000E-002   299.597640386612     
  3.966000000000000E-002   299.597640386612     
  3.968000000000000E-002   299.597640386612     
  3.970000000000001E-002   299.597640386612     
  3.972000000000001E-002   299.597640386612     
  3.974000000000000E-002   299.597640386612     
  3.976000000000000E-002   299.597640386612     
  3.978000000000000E-002   299.597640386612     
  3.980000000000000E-002   299.597640386612     
  3.982000000000000E-002   299.597640386612     
  3.984000000000000E-002   299.597640386612     
  3.986000000000001E-002   299.597640386612     
  3.988000000000001E-002   299.597640386612     
  3.990000000000000E-002   299.597640386612     
  3.992000000000000E-002   299.597640386612     
  3.994000000000000E-002   299.597640386612     
  3.996000000000000E-002   299.597640386612     
  3.998000000000000E-002   299.597640386612     
  4.000000000000000E-002   299.597999998362     
