  0.000000000000000E+000   2.61519000003575     
  2.000000000000000E-005   2.48073455759849     
  4.000000000000000E-005   2.46343229892119     
  6.000000000000001E-005   2.46223272794824     
  8.000000000000001E-005   2.46111773895163     
  1.000000000000000E-004   2.46000430724173     
  1.200000000000000E-004   2.45889232445809     
  1.400000000000000E-004   2.45778160902850     
  1.600000000000000E-004   2.45667193055773     
  1.800000000000000E-004   2.45556305890848     
  2.000000000000000E-004   2.45445482076965     
  2.200000000000000E-004   2.45334715507757     
  2.400000000000000E-004   2.45224014853355     
  2.600000000000000E-004   2.45113403215879     
  2.800000000000000E-004   2.45002914073927     
  3.000000000000000E-004   2.44892585661489     
  3.200000000000000E-004   2.44782455862178     
  3.400000000000000E-004   2.44672558382107     
  3.600000000000000E-004   2.44562920350622     
  3.800000000000000E-004   2.44453561399787     
  4.000000000000000E-004   2.44344494187862     
  4.200000000000000E-004   2.44235725959518     
  4.400000000000000E-004   2.44127260239794     
  4.600000000000000E-004   2.44019098075008     
  4.800000000000001E-004   2.43911238485364     
  5.000000000000000E-004   2.43803678748871     
  5.200000000000001E-004   2.43696415004554     
  5.400000000000000E-004   2.43589442975514     
  5.600000000000001E-004   2.43482758379971     
  5.800000000000000E-004   2.43376356897867     
  6.000000000000001E-004   2.43270234120349     
  6.200000000000000E-004   2.43164385861590     
  6.400000000000001E-004   2.43058808683075     
  6.600000000000001E-004   2.42953500259266     
  6.800000000000000E-004   2.42848459439091     
  7.000000000000001E-004   2.42743686151299     
  7.200000000000000E-004   2.42639181225436     
  7.400000000000001E-004   2.42534946071365     
  7.600000000000000E-004   2.42430982317156     
  7.800000000000001E-004   2.42327291396512     
  8.000000000000000E-004   2.42223874154631     
  8.200000000000001E-004   2.42120729990602     
  8.400000000000000E-004   2.42017855749823     
  8.600000000000001E-004   2.41915244665957     
  8.800000000000000E-004   2.41812886129875     
  9.000000000000001E-004   2.41710766139081     
  9.200000000000000E-004   2.41608867281882     
  9.400000000000001E-004   2.41507164777393     
  9.600000000000001E-004   2.41405610334622     
  9.800000000000002E-004   2.41304134895058     
  1.000000000000000E-003   2.41202649537016     
  1.020000000000000E-003   2.41101132617084     
  1.040000000000000E-003   2.40999550708996     
  1.060000000000000E-003   2.40897872405599     
  1.080000000000000E-003   2.40796066341064     
  1.100000000000000E-003   2.40694131668909     
  1.120000000000000E-003   2.40592072573154     
  1.140000000000000E-003   2.40489893856249     
  1.160000000000000E-003   2.40387594448231     
  1.180000000000000E-003   2.40285155349529     
  1.200000000000000E-003   2.40182541249318     
  1.220000000000000E-003   2.40079724994986     
  1.240000000000000E-003   2.39976702817251     
  1.260000000000000E-003   2.39873475529400     
  1.280000000000000E-003   2.39770020847933     
  1.300000000000000E-003   2.39666284947724     
  1.320000000000000E-003   2.39562200888825     
  1.340000000000000E-003   2.39457722414912     
  1.360000000000000E-003   2.39352655737283     
  1.380000000000000E-003   2.39247122603482     
  1.400000000000000E-003   2.39141123376137     
  1.420000000000000E-003   2.39034557535697     
  1.440000000000000E-003   2.38927751144702     
  1.460000000000000E-003   2.38820788213609     
  1.480000000000000E-003   2.38713592051385     
  1.500000000000000E-003   2.38606137914525     
  1.520000000000000E-003   2.38498205266414     
  1.540000000000000E-003   2.38389839411556     
  1.560000000000000E-003   2.38281159593602     
  1.580000000000000E-003   2.38172109724787     
  1.600000000000000E-003   2.38062671892484     
  1.620000000000000E-003   2.37952859966425     
  1.640000000000000E-003   2.37842702417014     
  1.660000000000000E-003   2.37732225598989     
  1.680000000000000E-003   2.37621442745524     
  1.700000000000000E-003   2.37510353355475     
  1.720000000000000E-003   2.37398948477077     
  1.740000000000000E-003   2.37287222194016     
  1.760000000000000E-003   2.37175185687790     
  1.780000000000000E-003   2.37062873749153     
  1.800000000000000E-003   2.36950342020161     
  1.820000000000000E-003   2.36837656171242     
  1.840000000000000E-003   2.36724874467426     
  1.860000000000000E-003   2.36612037599017     
  1.880000000000000E-003   2.36499175668337     
  1.900000000000000E-003   2.36386268747163     
  1.920000000000000E-003   2.36273128085709     
  1.940000000000000E-003   2.36157859779910     
  1.960000000000000E-003   2.36028766122376     
  1.980000000000000E-003   2.35893498691935     
  2.000000000000000E-003   2.35815521441132     
  2.020000000000000E-003   2.35863484566674     
  2.040000000000000E-003   2.36780627862682     
  2.060000000000000E-003   2.42935611929096     
  2.080000000000000E-003   2.56619088893017     
  2.100000000000000E-003   2.63916154162259     
  2.120000000000000E-003   2.65930876382459     
  2.140000000000000E-003   2.66369945851379     
  2.160000000000000E-003   2.66410900464273     
  2.180000000000000E-003   2.66351419450746     
  2.200000000000000E-003   2.66177068545502     
  2.220000000000000E-003   2.66015328549284     
  2.240000000000000E-003   2.65868055119593     
  2.260000000000000E-003   2.65719162148027     
  2.280000000000000E-003   2.65563481000960     
  2.300000000000000E-003   2.65401095057034     
  2.320000000000000E-003   2.65240447295458     
  2.340000000000000E-003   2.65085859041857     
  2.360000000000000E-003   2.64935393129052     
  2.380000000000000E-003   2.64785109797279     
  2.400000000000000E-003   2.64629888291666     
  2.420000000000000E-003   2.64466481675213     
  2.440000000000000E-003   2.64296783196899     
  2.460000000000000E-003   2.64125585586589     
  2.480000000000000E-003   2.63955853196952     
  2.500000000000000E-003   2.63787834028034     
  2.520000000000000E-003   2.63622520284837     
  2.540000000000000E-003   2.63461170616962     
  2.560000000000000E-003   2.63305253561906     
  2.580000000000000E-003   2.63155583853408     
  2.600000000000000E-003   2.63010637043065     
  2.620000000000000E-003   2.62866286465531     
  2.640000000000000E-003   2.62719938948940     
  2.660000000000000E-003   2.62569156056398     
  2.680000000000000E-003   2.62412949920148     
  2.700000000000000E-003   2.62252857756049     
  2.720000000000000E-003   2.62092001801701     
  2.740000000000000E-003   2.61931937131663     
  2.760000000000000E-003   2.61773532884895     
  2.780000000000000E-003   2.61617722850629     
  2.800000000000000E-003   2.61465281342928     
  2.820000000000000E-003   2.61316148208769     
  2.840000000000000E-003   2.61168841788893     
  2.860000000000000E-003   2.61021475800385     
  2.880000000000000E-003   2.60872006971444     
  2.900000000000000E-003   2.60716417855086     
  2.920000000000000E-003   2.60552606492426     
  2.940000000000000E-003   2.60381035366466     
  2.960000000000000E-003   2.60201149736688     
  2.980000000000000E-003   2.60011730813365     
  3.000000000000000E-003   2.59810581442639     
  3.020000000000000E-003   2.59607121798699     
  3.040000000000000E-003   2.59421035720194     
  3.060000000000000E-003   2.59256285547162     
  3.080000000000000E-003   2.59122307750987     
  3.100000000000000E-003   2.59026702142615     
  3.120000000000000E-003   2.58968854893059     
  3.140000000000000E-003   2.58945776311786     
  3.160000000000000E-003   2.58939786453576     
  3.180000000000000E-003   2.58959072481570     
  3.200000000000000E-003   2.59036430727055     
  3.220000000000000E-003   2.59211761529899     
  3.240000000000000E-003   2.59533179446811     
  3.260000000000000E-003   2.60053128296028     
  3.280000000000000E-003   2.60828314430319     
  3.300000000000000E-003   2.61922978340622     
  3.320000000000000E-003   2.63415037961861     
  3.340000000000000E-003   2.65183767283385     
  3.360000000000000E-003   2.66651906426107     
  3.380000000000000E-003   2.67655765402408     
  3.400000000000000E-003   2.68281508925870     
  3.420000000000000E-003   2.68635165560298     
  3.440000000000000E-003   2.68808665117021     
  3.460000000000000E-003   2.68874907906553     
  3.480000000000000E-003   2.68873004382381     
  3.500000000000000E-003   2.68774889808838     
  3.520000000000000E-003   2.68580097689590     
  3.540000000000000E-003   2.68373598264892     
  3.560000000000000E-003   2.68182025871753     
  3.580000000000000E-003   2.68004063934707     
  3.600000000000000E-003   2.67836157774337     
  3.620000000000000E-003   2.67674382404044     
  3.640000000000000E-003   2.67515334795229     
  3.660000000000000E-003   2.67356749489406     
  3.680000000000000E-003   2.67197632632566     
  3.700000000000000E-003   2.67038276683552     
  3.720000000000000E-003   2.66879890625525     
  3.740000000000000E-003   2.66723808640137     
  3.760000000000000E-003   2.66570528662581     
  3.780000000000000E-003   2.66420953538683     
  3.800000000000000E-003   2.66275328631228     
  3.820000000000000E-003   2.66132991377936     
  3.840000000000001E-003   2.65993810899301     
  3.860000000000000E-003   2.65857858371136     
  3.880000000000000E-003   2.65725472973309     
  3.900000000000000E-003   2.65597291195530     
  3.920000000000001E-003   2.65474086524054     
  3.940000000000000E-003   2.65356566132054     
  3.960000000000000E-003   2.65245146551363     
  3.980000000000000E-003   2.65139784720882     
  4.000000000000000E-003   2.65039854177138     
  4.020000000000000E-003   2.64944105476085     
  4.040000000000000E-003   2.64850965356235     
  4.060000000000000E-003   2.64758936975265     
  4.080000000000000E-003   2.64666900247521     
  4.100000000000000E-003   2.64574273606392     
  4.120000000000000E-003   2.64480864198144     
  4.140000000000000E-003   2.64387341570720     
  4.160000000000001E-003   2.64293946000361     
  4.180000000000001E-003   2.64200658470169     
  4.200000000000001E-003   2.64107401842171     
  4.220000000000001E-003   2.64013485176632     
  4.240000000000001E-003   2.63918208678637     
  4.260000000000001E-003   2.63821081234632     
  4.280000000000000E-003   2.63721835077839     
  4.300000000000000E-003   2.63620372687764     
  4.320000000000000E-003   2.63516862297760     
  4.340000000000000E-003   2.63411447907851     
  4.360000000000000E-003   2.63304342587876     
  4.380000000000000E-003   2.63195493201676     
  4.400000000000000E-003   2.63084417104246     
  4.420000000000000E-003   2.62970510827859     
  4.440000000000000E-003   2.62853246314165     
  4.460000000000000E-003   2.62732343716947     
  4.480000000000000E-003   2.62607789087233     
  4.500000000000001E-003   2.62479700861985     
  4.520000000000001E-003   2.62348225628788     
  4.540000000000001E-003   2.62213501544808     
  4.560000000000001E-003   2.62075948836104     
  4.580000000000001E-003   2.61936435229840     
  4.600000000000001E-003   2.61795799389729     
  4.620000000000000E-003   2.61654597237005     
  4.640000000000000E-003   2.61512857204110     
  4.660000000000000E-003   2.61370135133736     
  4.680000000000000E-003   2.61225945253582     
  4.700000000000000E-003   2.61079706291669     
  4.720000000000000E-003   2.60931006834423     
  4.740000000000000E-003   2.60779230935317     
  4.760000000000000E-003   2.60623388424016     
  4.780000000000000E-003   2.60461951943067     
  4.800000000000000E-003   2.60294738738318     
  4.820000000000000E-003   2.60129256612503     
  4.840000000000001E-003   2.59970661299698     
  4.860000000000001E-003   2.59820543739243     
  4.880000000000001E-003   2.59679756119375     
  4.900000000000001E-003   2.59553869578299     
  4.920000000000001E-003   2.59451658817162     
  4.940000000000001E-003   2.59379256840069     
  4.960000000000000E-003   2.59338728055250     
  4.980000000000000E-003   2.59327167054629     
  5.000000000000000E-003   2.59337745632711     
  5.020000000000000E-003   2.59386989523180     
  5.040000000000000E-003   2.59493424588201     
  5.060000000000000E-003   2.59672114137473     
  5.080000000000000E-003   2.59911440095009     
  5.100000000000000E-003   2.60118137911581     
  5.120000000000000E-003   2.60259265029976     
  5.140000000000000E-003   2.60347068805031     
  5.160000000000001E-003   2.60396409128117     
  5.180000000000001E-003   2.60418938013212     
  5.200000000000001E-003   2.60413101205844     
  5.220000000000001E-003   2.60371652187685     
  5.240000000000001E-003   2.60285558532731     
  5.260000000000001E-003   2.60163983549449     
  5.280000000000001E-003   2.60029062150629     
  5.300000000000000E-003   2.59893420121831     
  5.320000000000000E-003   2.59759276895522     
  5.340000000000000E-003   2.59627177875549     
  5.360000000000000E-003   2.59497748643269     
  5.380000000000000E-003   2.59371801848907     
  5.400000000000000E-003   2.59250129463138     
  5.420000000000000E-003   2.59133426343967     
  5.440000000000000E-003   2.59022284413559     
  5.460000000000000E-003   2.58917225692809     
  5.480000000000000E-003   2.58818716933181     
  5.500000000000001E-003   2.58727167149990     
  5.520000000000001E-003   2.58642887262416     
  5.540000000000001E-003   2.58566080882833     
  5.560000000000001E-003   2.58496856546313     
  5.580000000000001E-003   2.58435289391854     
  5.600000000000001E-003   2.58381492037699     
  5.620000000000001E-003   2.58335591179867     
  5.640000000000000E-003   2.58297572165463     
  5.660000000000000E-003   2.58266959291888     
  5.680000000000000E-003   2.58242299158510     
  5.700000000000000E-003   2.58221082930418     
  5.720000000000000E-003   2.58200423362070     
  5.740000000000000E-003   2.58178954259611     
  5.760000000000000E-003   2.58154346278243     
  5.780000000000000E-003   2.58124994178200     
  5.800000000000000E-003   2.58090664316373     
  5.820000000000001E-003   2.58052429706646     
  5.840000000000001E-003   2.58014300609179     
  5.860000000000001E-003   2.57981788688502     
  5.880000000000001E-003   2.57960519918296     
  5.900000000000001E-003   2.57952666484196     
  5.920000000000001E-003   2.57955714803476     
  5.940000000000001E-003   2.57972009288740     
  5.960000000000001E-003   2.58009089104039     
  5.980000000000000E-003   2.58074125922999     
  6.000000000000000E-003   2.58175373447144     
  6.020000000000000E-003   2.58322311985654     
  6.040000000000000E-003   2.58525775409069     
  6.060000000000000E-003   2.58798267046479     
  6.080000000000000E-003   2.59154331043386     
  6.100000000000000E-003   2.59609475455978     
  6.120000000000000E-003   2.60171958397808     
  6.140000000000000E-003   2.60751121815171     
  6.160000000000001E-003   2.61258772942147     
  6.180000000000001E-003   2.61690080008083     
  6.200000000000001E-003   2.62050406253864     
  6.220000000000001E-003   2.62345670436264     
  6.240000000000001E-003   2.62582405949098     
  6.260000000000001E-003   2.62767277445457     
  6.280000000000001E-003   2.62907574809850     
  6.300000000000001E-003   2.63010962718025     
  6.320000000000000E-003   2.63085900167077     
  6.340000000000000E-003   2.63139464105984     
  6.360000000000000E-003   2.63178076922379     
  6.380000000000000E-003   2.63205240410372     
  6.400000000000000E-003   2.63225732238944     
  6.420000000000000E-003   2.63241520554733     
  6.440000000000000E-003   2.63252519413026     
  6.460000000000000E-003   2.63258180344445     
  6.480000000000001E-003   2.63251230541212     
  6.500000000000001E-003   2.63226666786525     
  6.520000000000001E-003   2.63190286029158     
  6.540000000000001E-003   2.63140701388503     
  6.560000000000001E-003   2.63081093126507     
  6.580000000000001E-003   2.63015271958790     
  6.600000000000001E-003   2.62944422169315     
  6.620000000000001E-003   2.62867762990860     
  6.640000000000001E-003   2.62785633918998     
  6.660000000000000E-003   2.62694607331684     
  6.680000000000000E-003   2.62594701728966     
  6.700000000000000E-003   2.62486997588886     
  6.720000000000000E-003   2.62373195814377     
  6.740000000000000E-003   2.62256455633716     
  6.760000000000000E-003   2.62139822088448     
  6.780000000000000E-003   2.62025071110783     
  6.800000000000000E-003   2.61912457256542     
  6.820000000000001E-003   2.61802111703597     
  6.840000000000001E-003   2.61694246354322     
  6.860000000000001E-003   2.61589212852858     
  6.880000000000001E-003   2.61487487503627     
  6.900000000000001E-003   2.61389655832352     
  6.920000000000001E-003   2.61296286124841     
  6.940000000000001E-003   2.61207796066520     
  6.960000000000001E-003   2.61124381867732     
  6.980000000000001E-003   2.61046013352368     
  7.000000000000000E-003   2.60972442960258     
  7.020000000000000E-003   2.60903220985310     
  7.040000000000000E-003   2.60837705213375     
  7.060000000000000E-003   2.60775004626152     
  7.080000000000000E-003   2.60713929441822     
  7.100000000000000E-003   2.60653260636028     
  7.120000000000000E-003   2.60591961615893     
  7.140000000000001E-003   2.60528914264932     
  7.160000000000001E-003   2.60463952218311     
  7.180000000000001E-003   2.60397503494155     
  7.200000000000001E-003   2.60329957414221     
  7.220000000000001E-003   2.60261272859462     
  7.240000000000001E-003   2.60189720596797     
  7.260000000000001E-003   2.60116371202030     
  7.280000000000001E-003   2.60043953678854     
  7.300000000000001E-003   2.59973513316151     
  7.320000000000001E-003   2.59906122936608     
  7.340000000000000E-003   2.59842735190967     
  7.360000000000000E-003   2.59783966997019     
  7.380000000000000E-003   2.59730029510573     
  7.400000000000000E-003   2.59680663964163     
  7.420000000000000E-003   2.59635202563020     
  7.440000000000000E-003   2.59592671853440     
  7.460000000000000E-003   2.59552042490233     
  7.480000000000001E-003   2.59512467441145     
  7.500000000000001E-003   2.59473455116650     
  7.520000000000001E-003   2.59435019215878     
  7.540000000000001E-003   2.59397148884735     
  7.560000000000001E-003   2.59358429074958     
  7.580000000000001E-003   2.59317733243328     
  7.600000000000001E-003   2.59274831765927     
  7.620000000000001E-003   2.59230874755299     
  7.640000000000001E-003   2.59189579055805     
  7.660000000000001E-003   2.59153780079293     
  7.680000000000001E-003   2.59127217827897     
  7.700000000000000E-003   2.59113187754862     
  7.720000000000000E-003   2.59115487317330     
  7.740000000000000E-003   2.59133714338412     
  7.760000000000000E-003   2.59172808730694     
  7.780000000000000E-003   2.59242829599801     
  7.800000000000001E-003   2.59351023008063     
  7.820000000000001E-003   2.59503532941780     
  7.840000000000001E-003   2.59704780264745     
  7.860000000000001E-003   2.59956821513086     
  7.880000000000000E-003   2.60227175376162     
  7.900000000000001E-003   2.60470568043892     
  7.920000000000000E-003   2.60682373894000     
  7.940000000000001E-003   2.60864872272374     
  7.960000000000000E-003   2.61020857789027     
  7.980000000000001E-003   2.61153199799583     
  8.000000000000000E-003   2.61264163535952     
  8.020000000000001E-003   2.61355902353408     
  8.040000000000000E-003   2.61430562778869     
  8.060000000000001E-003   2.61485811885473     
  8.080000000000000E-003   2.61523468103781     
  8.100000000000001E-003   2.61545381325706     
  8.120000000000000E-003   2.61555702114856     
  8.140000000000001E-003   2.61554469215768     
  8.160000000000001E-003   2.61546366401902     
  8.180000000000002E-003   2.61531942025213     
  8.200000000000001E-003   2.61510895570976     
  8.220000000000000E-003   2.61484056241707     
  8.240000000000001E-003   2.61453083002534     
  8.260000000000000E-003   2.61419231790343     
  8.280000000000001E-003   2.61385148801603     
  8.300000000000000E-003   2.61352764621110     
  8.320000000000001E-003   2.61322708611196     
  8.340000000000000E-003   2.61294963229210     
  8.360000000000001E-003   2.61268898360587     
  8.380000000000000E-003   2.61243738877439     
  8.400000000000001E-003   2.61218514348714     
  8.420000000000000E-003   2.61191907333157     
  8.440000000000001E-003   2.61162644807177     
  8.460000000000001E-003   2.61130125346141     
  8.480000000000001E-003   2.61093932090393     
  8.500000000000001E-003   2.61053857052985     
  8.520000000000002E-003   2.61009170046712     
  8.540000000000001E-003   2.60959214913266     
  8.560000000000000E-003   2.60903169174390     
  8.580000000000001E-003   2.60840586894584     
  8.600000000000000E-003   2.60771386008753     
  8.620000000000001E-003   2.60696635170548     
  8.640000000000000E-003   2.60616827281289     
  8.660000000000001E-003   2.60531593329499     
  8.680000000000000E-003   2.60441567212643     
  8.700000000000001E-003   2.60348897130890     
  8.720000000000000E-003   2.60253537130788     
  8.740000000000001E-003   2.60155891941525     
  8.760000000000000E-003   2.60056809337808     
  8.780000000000001E-003   2.59956552270850     
  8.800000000000001E-003   2.59854731127614     
  8.820000000000001E-003   2.59751205537778     
  8.840000000000001E-003   2.59646071699210     
  8.860000000000002E-003   2.59539728809204     
  8.880000000000001E-003   2.59432563809123     
  8.900000000000000E-003   2.59324938195384     
  8.920000000000001E-003   2.59217881925817     
  8.940000000000000E-003   2.59112026717381     
  8.960000000000001E-003   2.59008070393295     
  8.980000000000000E-003   2.58906699416305     
  9.000000000000001E-003   2.58808444062983     
  9.020000000000000E-003   2.58713633524612     
  9.040000000000001E-003   2.58622411619442     
  9.060000000000000E-003   2.58534777024876     
  9.080000000000001E-003   2.58450631224411     
  9.100000000000000E-003   2.58369827339958     
  9.120000000000001E-003   2.58292212196524     
  9.140000000000001E-003   2.58217650035106     
  9.160000000000001E-003   2.58146041476860     
  9.180000000000001E-003   2.58077360662354     
  9.200000000000002E-003   2.58011580794054     
  9.220000000000001E-003   2.57948668022789     
  9.240000000000000E-003   2.57888653843875     
  9.260000000000001E-003   2.57831567653484     
  9.280000000000000E-003   2.57777315354013     
  9.300000000000001E-003   2.57725444072885     
  9.320000000000000E-003   2.57675265181558     
  9.340000000000001E-003   2.57626167945989     
  9.360000000000000E-003   2.57577586856655     
  9.380000000000001E-003   2.57529150372988     
  9.400000000000000E-003   2.57480744613311     
  9.420000000000001E-003   2.57432495637525     
  9.440000000000000E-003   2.57384642745404     
  9.460000000000001E-003   2.57337453756795     
  9.480000000000001E-003   2.57291173928281     
  9.500000000000001E-003   2.57245966566668     
  9.520000000000001E-003   2.57201806353047     
  9.540000000000002E-003   2.57158444832113     
  9.560000000000001E-003   2.57115537224752     
  9.580000000000000E-003   2.57072683056891     
  9.600000000000001E-003   2.57029733333863     
  9.620000000000000E-003   2.56986863591152     
  9.640000000000001E-003   2.56944683317729     
  9.660000000000000E-003   2.56904566426296     
  9.680000000000001E-003   2.56868485769168     
  9.700000000000000E-003   2.56840006611376     
  9.720000000000001E-003   2.56821770229717     
  9.740000000000000E-003   2.56819718676112     
  9.760000000000001E-003   2.56832726695052     
  9.780000000000000E-003   2.56861457304110     
  9.800000000000001E-003   2.56909307375028     
  9.820000000000001E-003   2.56986448349698     
  9.840000000000002E-003   2.57103710344541     
  9.860000000000001E-003   2.57276356873624     
  9.880000000000002E-003   2.57524548627324     
  9.900000000000001E-003   2.57874238562978     
  9.920000000000000E-003   2.58357085367585     
  9.940000000000001E-003   2.59008741313371     
  9.960000000000000E-003   2.59865478995257     
  9.980000000000001E-003   2.60849469018341     
  1.000000000000000E-002   2.61704771595803     
  1.002000000000000E-002   2.62364423472011     
  1.004000000000000E-002   2.62850312491822     
  1.006000000000000E-002   2.63193454531552     
  1.008000000000000E-002   2.63423889140115     
  1.010000000000000E-002   2.63568500610657     
  1.012000000000000E-002   2.63649696361109     
  1.014000000000000E-002   2.63683609179905     
  1.016000000000000E-002   2.63680974297459     
  1.018000000000000E-002   2.63655284655806     
  1.020000000000000E-002   2.63605900198512     
  1.022000000000000E-002   2.63528445810864     
  1.024000000000000E-002   2.63435090558093     
  1.026000000000000E-002   2.63336573471406     
  1.028000000000000E-002   2.63237333687505     
  1.030000000000000E-002   2.63137267002792     
  1.032000000000000E-002   2.63037305352021     
  1.034000000000000E-002   2.62940838048769     
  1.036000000000000E-002   2.62849479259799     
  1.038000000000000E-002   2.62762911472688     
  1.040000000000000E-002   2.62680981836239     
  1.042000000000000E-002   2.62603375409896     
  1.044000000000000E-002   2.62530720784536     
  1.046000000000000E-002   2.62463464142830     
  1.048000000000000E-002   2.62400760355992     
  1.050000000000000E-002   2.62343413380975     
  1.052000000000000E-002   2.62292861509955     
  1.054000000000000E-002   2.62249910785415     
  1.056000000000000E-002   2.62214779401626     
  1.058000000000000E-002   2.62187319123139     
  1.060000000000000E-002   2.62167154936564     
  1.062000000000000E-002   2.62153810735497     
  1.064000000000000E-002   2.62146680925632     
  1.066000000000000E-002   2.62145336860958     
  1.068000000000000E-002   2.62149538043273     
  1.070000000000000E-002   2.62161321895439     
  1.072000000000000E-002   2.62181490180551     
  1.074000000000000E-002   2.62212615602074     
  1.076000000000000E-002   2.62250624201155     
  1.078000000000000E-002   2.62284359477939     
  1.080000000000000E-002   2.62310905197326     
  1.082000000000000E-002   2.62329678803814     
  1.084000000000000E-002   2.62340980123626     
  1.086000000000000E-002   2.62346514166418     
  1.088000000000000E-002   2.62346848216141     
  1.090000000000000E-002   2.62342054430950     
  1.092000000000000E-002   2.62327302544052     
  1.094000000000000E-002   2.62303802037615     
  1.096000000000000E-002   2.62273079569879     
  1.098000000000000E-002   2.62236512370221     
  1.100000000000000E-002   2.62195532453094     
  1.102000000000000E-002   2.62151579031838     
  1.104000000000000E-002   2.62106162027491     
  1.106000000000000E-002   2.62061442134955     
  1.108000000000000E-002   2.62019598717929     
  1.110000000000000E-002   2.61982030401172     
  1.112000000000000E-002   2.61949153014819     
  1.114000000000000E-002   2.61920505525368     
  1.116000000000000E-002   2.61896229333376     
  1.118000000000000E-002   2.61878938329622     
  1.120000000000000E-002   2.61870194909312     
  1.122000000000000E-002   2.61871675164577     
  1.124000000000000E-002   2.61881477129101     
  1.126000000000000E-002   2.61904058423426     
  1.128000000000000E-002   2.61940312195532     
  1.130000000000000E-002   2.61991312945394     
  1.132000000000000E-002   2.62058037875698     
  1.134000000000000E-002   2.62141030948709     
  1.136000000000000E-002   2.62240449638129     
  1.138000000000000E-002   2.62354003180308     
  1.140000000000000E-002   2.62468532411571     
  1.142000000000000E-002   2.62579145630876     
  1.144000000000000E-002   2.62683947711503     
  1.146000000000000E-002   2.62784373054643     
  1.148000000000000E-002   2.62882167328763     
  1.150000000000000E-002   2.62979079377757     
  1.152000000000000E-002   2.63077190580246     
  1.154000000000000E-002   2.63178647257039     
  1.156000000000000E-002   2.63284965571977     
  1.158000000000000E-002   2.63396176625738     
  1.160000000000000E-002   2.63512864429073     
  1.162000000000000E-002   2.63635447920526     
  1.164000000000000E-002   2.63764124296919     
  1.166000000000000E-002   2.63894985920053     
  1.168000000000000E-002   2.64021135635286     
  1.170000000000000E-002   2.64138470821623     
  1.172000000000000E-002   2.64243691375274     
  1.174000000000000E-002   2.64334836029634     
  1.176000000000000E-002   2.64411175020836     
  1.178000000000000E-002   2.64473256171978     
  1.180000000000000E-002   2.64521605261633     
  1.182000000000000E-002   2.64556842284049     
  1.184000000000000E-002   2.64579450613473     
  1.186000000000000E-002   2.64589669179754     
  1.188000000000000E-002   2.64589896154437     
  1.190000000000000E-002   2.64581509301789     
  1.192000000000000E-002   2.64564157145110     
  1.194000000000000E-002   2.64539339209257     
  1.196000000000000E-002   2.64508452096054     
  1.198000000000000E-002   2.64472364802987     
  1.200000000000000E-002   2.64431718577070     
  1.202000000000000E-002   2.64387324372623     
  1.204000000000000E-002   2.64340331487260     
  1.206000000000000E-002   2.64291908366642     
  1.208000000000000E-002   2.64243068347512     
  1.210000000000000E-002   2.64194394302562     
  1.212000000000000E-002   2.64147121888749     
  1.214000000000000E-002   2.64102180791558     
  1.216000000000000E-002   2.64060438465673     
  1.218000000000000E-002   2.64022722525756     
  1.220000000000000E-002   2.63989394792803     
  1.222000000000000E-002   2.63960503856423     
  1.224000000000000E-002   2.63936031449146     
  1.226000000000000E-002   2.63915649089609     
  1.228000000000000E-002   2.63898620725360     
  1.230000000000000E-002   2.63883877066801     
  1.232000000000000E-002   2.63872018800694     
  1.234000000000000E-002   2.63862273045490     
  1.236000000000000E-002   2.63853834669978     
  1.238000000000000E-002   2.63845745220168     
  1.240000000000000E-002   2.63836817600127     
  1.242000000000000E-002   2.63826105044421     
  1.244000000000000E-002   2.63813520677058     
  1.246000000000000E-002   2.63798712848223     
  1.248000000000000E-002   2.63780383569330     
  1.250000000000000E-002   2.63757748688987     
  1.252000000000000E-002   2.63730502872026     
  1.254000000000000E-002   2.63698459299135     
  1.256000000000000E-002   2.63661471692343     
  1.258000000000000E-002   2.63619425683836     
  1.260000000000000E-002   2.63572656464322     
  1.262000000000000E-002   2.63521538489963     
  1.264000000000000E-002   2.63466503488009     
  1.266000000000000E-002   2.63410176990930     
  1.268000000000000E-002   2.63356331632019     
  1.270000000000000E-002   2.63305738360552     
  1.272000000000000E-002   2.63258883867288     
  1.274000000000000E-002   2.63215887423804     
  1.276000000000000E-002   2.63176283620674     
  1.278000000000000E-002   2.63138857375522     
  1.280000000000000E-002   2.63102438425387     
  1.282000000000000E-002   2.63065823070640     
  1.284000000000000E-002   2.63028409506360     
  1.286000000000000E-002   2.62989230712894     
  1.288000000000000E-002   2.62947181021394     
  1.290000000000000E-002   2.62900887363717     
  1.292000000000000E-002   2.62849147575085     
  1.294000000000000E-002   2.62790841958614     
  1.296000000000000E-002   2.62725200920126     
  1.298000000000000E-002   2.62652094016140     
  1.300000000000000E-002   2.62571936085777     
  1.302000000000000E-002   2.62485274725012     
  1.304000000000000E-002   2.62392741966252     
  1.306000000000000E-002   2.62295107181033     
  1.308000000000000E-002   2.62193321179435     
  1.310000000000000E-002   2.62088028900605     
  1.312000000000000E-002   2.61979807735996     
  1.314000000000000E-002   2.61869317216646     
  1.316000000000000E-002   2.61756547182284     
  1.318000000000000E-002   2.61643855756564     
  1.320000000000000E-002   2.61534334568296     
  1.322000000000000E-002   2.61429767835814     
  1.324000000000000E-002   2.61331292314570     
  1.326000000000000E-002   2.61239486029405     
  1.328000000000000E-002   2.61154545610095     
  1.330000000000000E-002   2.61076526823085     
  1.332000000000000E-002   2.61005416161893     
  1.334000000000000E-002   2.60941207796453     
  1.336000000000000E-002   2.60883933338142     
  1.338000000000000E-002   2.60833343938012     
  1.340000000000000E-002   2.60788886674663     
  1.342000000000000E-002   2.60749829763752     
  1.344000000000000E-002   2.60715362404643     
  1.346000000000000E-002   2.60684016762259     
  1.348000000000000E-002   2.60654368200585     
  1.350000000000000E-002   2.60625013281383     
  1.352000000000000E-002   2.60595403481215     
  1.354000000000000E-002   2.60565138764227     
  1.356000000000000E-002   2.60533538372362     
  1.358000000000000E-002   2.60499866590243     
  1.360000000000000E-002   2.60463620000001     
  1.362000000000000E-002   2.60424307747510     
  1.364000000000000E-002   2.60381413234850     
  1.366000000000000E-002   2.60334404400383     
  1.368000000000000E-002   2.60282854652892     
  1.370000000000000E-002   2.60226630459061     
  1.372000000000000E-002   2.60165933809320     
  1.374000000000000E-002   2.60101211439777     
  1.376000000000000E-002   2.60033047535897     
  1.378000000000000E-002   2.59962089046618     
  1.380000000000000E-002   2.59889005152352     
  1.382000000000000E-002   2.59814319954299     
  1.384000000000000E-002   2.59738431075313     
  1.386000000000000E-002   2.59661772523295     
  1.388000000000000E-002   2.59584615802884     
  1.390000000000000E-002   2.59506737392593     
  1.392000000000000E-002   2.59428377832349     
  1.394000000000000E-002   2.59349635958963     
  1.396000000000000E-002   2.59270451197919     
  1.398000000000000E-002   2.59191060020668     
  1.400000000000000E-002   2.59111411001069     
  1.402000000000000E-002   2.59031515253834     
  1.404000000000000E-002   2.58951192040817     
  1.406000000000000E-002   2.58870351169867     
  1.408000000000000E-002   2.58789043072200     
  1.410000000000000E-002   2.58707077852710     
  1.412000000000000E-002   2.58624360806792     
  1.414000000000000E-002   2.58540976473868     
  1.416000000000000E-002   2.58456625684711     
  1.418000000000000E-002   2.58371054067750     
  1.420000000000000E-002   2.58284364396287     
  1.422000000000000E-002   2.58196805840278     
  1.424000000000000E-002   2.58108665899184     
  1.426000000000000E-002   2.58020715294415     
  1.428000000000000E-002   2.57933539374039     
  1.430000000000000E-002   2.57847375320193     
  1.432000000000000E-002   2.57762390492900     
  1.434000000000000E-002   2.57678776969532     
  1.436000000000000E-002   2.57596798008693     
  1.438000000000000E-002   2.57516803591930     
  1.440000000000000E-002   2.57439220855080     
  1.442000000000000E-002   2.57364521945391     
  1.444000000000000E-002   2.57293183030304     
  1.446000000000000E-002   2.57225641190534     
  1.448000000000000E-002   2.57162253271361     
  1.450000000000000E-002   2.57103266340120     
  1.452000000000000E-002   2.57048817367263     
  1.454000000000000E-002   2.56998942382269     
  1.456000000000000E-002   2.56953583741770     
  1.458000000000000E-002   2.56912593328698     
  1.460000000000000E-002   2.56875708610601     
  1.462000000000000E-002   2.56842577202523     
  1.464000000000000E-002   2.56812694933345     
  1.466000000000000E-002   2.56785432433838     
  1.468000000000000E-002   2.56760069906624     
  1.470000000000000E-002   2.56735821475107     
  1.472000000000000E-002   2.56712223562067     
  1.474000000000000E-002   2.56688828206341     
  1.476000000000000E-002   2.56665554313361     
  1.478000000000000E-002   2.56642565295151     
  1.480000000000000E-002   2.56620222343972     
  1.482000000000000E-002   2.56599075998414     
  1.484000000000000E-002   2.56579737041152     
  1.486000000000000E-002   2.56562843114889     
  1.488000000000000E-002   2.56548785977799     
  1.490000000000000E-002   2.56537477206234     
  1.492000000000000E-002   2.56527732585337     
  1.494000000000000E-002   2.56518873665421     
  1.496000000000000E-002   2.56513689178347     
  1.498000000000000E-002   2.56513656721788     
  1.500000000000000E-002   2.56520114820447     
  1.502000000000000E-002   2.56535198283618     
  1.504000000000000E-002   2.56561777675329     
  1.506000000000000E-002   2.56602777826111     
  1.508000000000000E-002   2.56661285604223     
  1.510000000000000E-002   2.56740576884317     
  1.512000000000000E-002   2.56844257278405     
  1.514000000000000E-002   2.56976149444381     
  1.516000000000000E-002   2.57140215491738     
  1.518000000000000E-002   2.57340539625263     
  1.520000000000000E-002   2.57581243470795     
  1.522000000000000E-002   2.57866221323265     
  1.524000000000000E-002   2.58198481460422     
  1.526000000000000E-002   2.58581469124252     
  1.528000000000000E-002   2.58980441092529     
  1.530000000000000E-002   2.59355309328050     
  1.532000000000000E-002   2.59698993412877     
  1.534000000000000E-002   2.60011391401680     
  1.536000000000000E-002   2.60294071539351     
  1.538000000000000E-002   2.60548293188209     
  1.540000000000000E-002   2.60775566011713     
  1.542000000000000E-002   2.60977375429991     
  1.544000000000000E-002   2.61155255743740     
  1.546000000000000E-002   2.61310769385248     
  1.548000000000000E-002   2.61445462455192     
  1.550000000000000E-002   2.61560831552622     
  1.552000000000000E-002   2.61658340804313     
  1.554000000000000E-002   2.61739489641793     
  1.556000000000000E-002   2.61805894762594     
  1.558000000000000E-002   2.61859311021005     
  1.560000000000000E-002   2.61901554996372     
  1.562000000000000E-002   2.61934341459560     
  1.564000000000000E-002   2.61959128993865     
  1.566000000000000E-002   2.61977049118263     
  1.568000000000000E-002   2.61989032560630     
  1.570000000000000E-002   2.61995706985857     
  1.572000000000000E-002   2.61998243545903     
  1.574000000000000E-002   2.61996298576098     
  1.576000000000000E-002   2.61989011552619     
  1.578000000000000E-002   2.61975336959647     
  1.580000000000000E-002   2.61957368559247     
  1.582000000000000E-002   2.61936207698643     
  1.584000000000000E-002   2.61912866726933     
  1.586000000000000E-002   2.61887846898621     
  1.588000000000000E-002   2.61861607839652     
  1.590000000000000E-002   2.61834360201495     
  1.592000000000000E-002   2.61806106464279     
  1.594000000000000E-002   2.61776842337529     
  1.596000000000000E-002   2.61746662440096     
  1.598000000000000E-002   2.61715766537148     
  1.600000000000000E-002   2.61684390514849     
  1.602000000000000E-002   2.61652713785660     
  1.604000000000000E-002   2.61620853664814     
  1.606000000000000E-002   2.61589250292764     
  1.608000000000000E-002   2.61558666045567     
  1.610000000000000E-002   2.61529505266729     
  1.612000000000000E-002   2.61502194983334     
  1.614000000000000E-002   2.61477113058904     
  1.616000000000000E-002   2.61454569777293     
  1.618000000000000E-002   2.61434819190276     
  1.620000000000000E-002   2.61418049915537     
  1.622000000000000E-002   2.61404385168294     
  1.624000000000000E-002   2.61394014138003     
  1.626000000000000E-002   2.61387174077306     
  1.628000000000000E-002   2.61383811257529     
  1.630000000000000E-002   2.61383605328940     
  1.632000000000000E-002   2.61385645751950     
  1.634000000000000E-002   2.61389821899902     
  1.636000000000000E-002   2.61395533192785     
  1.638000000000000E-002   2.61401515053851     
  1.640000000000000E-002   2.61407301131385     
  1.642000000000000E-002   2.61412930185733     
  1.644000000000000E-002   2.61418417146553     
  1.646000000000000E-002   2.61423772627530     
  1.648000000000000E-002   2.61429028952898     
  1.650000000000000E-002   2.61434232088258     
  1.652000000000000E-002   2.61439178238469     
  1.654000000000000E-002   2.61443599332462     
  1.656000000000000E-002   2.61447282285641     
  1.658000000000000E-002   2.61450017606716     
  1.660000000000000E-002   2.61451631461601     
  1.662000000000000E-002   2.61451962410477     
  1.664000000000000E-002   2.61451110927972     
  1.666000000000000E-002   2.61448859970834     
  1.668000000000000E-002   2.61444774163505     
  1.670000000000000E-002   2.61439033576568     
  1.672000000000000E-002   2.61431514890668     
  1.674000000000000E-002   2.61422001123627     
  1.676000000000000E-002   2.61410301298201     
  1.678000000000000E-002   2.61396273178544     
  1.680000000000000E-002   2.61379783524693     
  1.682000000000000E-002   2.61360880259727     
  1.684000000000000E-002   2.61339953513205     
  1.686000000000000E-002   2.61317487003226     
  1.688000000000000E-002   2.61293883288567     
  1.690000000000000E-002   2.61269842113767     
  1.692000000000000E-002   2.61245784666736     
  1.694000000000000E-002   2.61222309100047     
  1.696000000000000E-002   2.61200214553878     
  1.698000000000000E-002   2.61180198095671     
  1.700000000000000E-002   2.61163113967811     
  1.702000000000000E-002   2.61149417524846     
  1.704000000000000E-002   2.61139819027727     
  1.706000000000000E-002   2.61137150999574     
  1.708000000000000E-002   2.61139829725067     
  1.710000000000000E-002   2.61147749041864     
  1.712000000000000E-002   2.61161782841956     
  1.714000000000000E-002   2.61181713685994     
  1.716000000000000E-002   2.61207608347028     
  1.718000000000000E-002   2.61239697599643     
  1.720000000000000E-002   2.61278503375494     
  1.722000000000000E-002   2.61324509497010     
  1.724000000000000E-002   2.61377926362371     
  1.726000000000000E-002   2.61439365004208     
  1.728000000000000E-002   2.61509531320166     
  1.730000000000000E-002   2.61589012792390     
  1.732000000000000E-002   2.61677884248174     
  1.734000000000000E-002   2.61775750101494     
  1.736000000000000E-002   2.61882184681476     
  1.738000000000000E-002   2.61996354093884     
  1.740000000000000E-002   2.62117447969920     
  1.742000000000000E-002   2.62245036214361     
  1.744000000000000E-002   2.62379157758214     
  1.746000000000000E-002   2.62520209297986     
  1.748000000000000E-002   2.62668505731708     
  1.750000000000000E-002   2.62825236203140     
  1.752000000000000E-002   2.62983490356305     
  1.754000000000000E-002   2.63132834218279     
  1.756000000000000E-002   2.63269753400647     
  1.758000000000000E-002   2.63395265826825     
  1.760000000000000E-002   2.63509913679879     
  1.762000000000000E-002   2.63613408541383     
  1.764000000000000E-002   2.63704920219236     
  1.766000000000000E-002   2.63783941158385     
  1.768000000000000E-002   2.63851000388373     
  1.770000000000000E-002   2.63907288217991     
  1.772000000000000E-002   2.63954014549173     
  1.774000000000000E-002   2.63992285987158     
  1.776000000000000E-002   2.64022887670230     
  1.778000000000000E-002   2.64045957966487     
  1.780000000000000E-002   2.64062652746406     
  1.782000000000000E-002   2.64071531933713     
  1.784000000000000E-002   2.64072115407341     
  1.786000000000000E-002   2.64065853031163     
  1.788000000000000E-002   2.64052250028909     
  1.790000000000000E-002   2.64031562468924     
  1.792000000000000E-002   2.64004814642198     
  1.794000000000000E-002   2.63971922905025     
  1.796000000000000E-002   2.63933784125810     
  1.798000000000000E-002   2.63891417346667     
  1.800000000000000E-002   2.63845677270530     
  1.802000000000000E-002   2.63797248573395     
  1.804000000000000E-002   2.63746923510783     
  1.806000000000000E-002   2.63695772378053     
  1.808000000000000E-002   2.63644571585665     
  1.810000000000000E-002   2.63594058351424     
  1.812000000000000E-002   2.63544537939451     
  1.814000000000000E-002   2.63496080437294     
  1.816000000000000E-002   2.63448736725404     
  1.818000000000000E-002   2.63402566420463     
  1.820000000000000E-002   2.63357600419138     
  1.822000000000000E-002   2.63314144743432     
  1.824000000000000E-002   2.63272194390214     
  1.826000000000000E-002   2.63230976682914     
  1.828000000000000E-002   2.63190207585516     
  1.830000000000000E-002   2.63149766188728     
  1.832000000000000E-002   2.63109589582116     
  1.834000000000000E-002   2.63069275884302     
  1.836000000000000E-002   2.63028655766946     
  1.838000000000000E-002   2.62987529115220     
  1.840000000000000E-002   2.62945772152573     
  1.842000000000000E-002   2.62903314672764     
  1.844000000000000E-002   2.62860182570720     
  1.846000000000000E-002   2.62816444121458     
  1.848000000000000E-002   2.62772156724955     
  1.850000000000000E-002   2.62727444699080     
  1.852000000000000E-002   2.62682570336271     
  1.854000000000000E-002   2.62637941385631     
  1.856000000000000E-002   2.62593933002268     
  1.858000000000000E-002   2.62550667126754     
  1.860000000000000E-002   2.62508319989940     
  1.862000000000000E-002   2.62466930235070     
  1.864000000000000E-002   2.62426525264302     
  1.866000000000000E-002   2.62387182813180     
  1.868000000000000E-002   2.62348795481650     
  1.870000000000000E-002   2.62311523763910     
  1.872000000000000E-002   2.62275647845763     
  1.874000000000000E-002   2.62241918316094     
  1.876000000000000E-002   2.62210849697515     
  1.878000000000000E-002   2.62182755253672     
  1.880000000000000E-002   2.62157734840698     
  1.882000000000000E-002   2.62135982091314     
  1.884000000000000E-002   2.62117666890264     
  1.886000000000000E-002   2.62102957079533     
  1.888000000000000E-002   2.62092101014373     
  1.890000000000000E-002   2.62084673571609     
  1.892000000000000E-002   2.62080836438550     
  1.894000000000000E-002   2.62080060350881     
  1.896000000000000E-002   2.62081182110443     
  1.898000000000000E-002   2.62084117275753     
  1.900000000000000E-002   2.62089281213750     
  1.902000000000000E-002   2.62096751673964     
  1.904000000000000E-002   2.62106327147003     
  1.906000000000000E-002   2.62117846923638     
  1.908000000000000E-002   2.62131263593646     
  1.910000000000000E-002   2.62146368407162     
  1.912000000000000E-002   2.62162807268575     
  1.914000000000000E-002   2.62180391073316     
  1.916000000000000E-002   2.62199099187686     
  1.918000000000000E-002   2.62218943144042     
  1.920000000000000E-002   2.62239934571774     
  1.922000000000000E-002   2.62262106265399     
  1.924000000000000E-002   2.62285499347926     
  1.926000000000000E-002   2.62310160692443     
  1.928000000000000E-002   2.62336139383549     
  1.930000000000000E-002   2.62363503683540     
  1.932000000000000E-002   2.62392371631210     
  1.934000000000000E-002   2.62422899380421     
  1.936000000000000E-002   2.62455307223193     
  1.938000000000000E-002   2.62489835298771     
  1.940000000000000E-002   2.62526673551925     
  1.942000000000000E-002   2.62566036179801     
  1.944000000000000E-002   2.62607978517513     
  1.946000000000000E-002   2.62652845080513     
  1.948000000000000E-002   2.62700743332097     
  1.950000000000000E-002   2.62750644648756     
  1.952000000000000E-002   2.62801298412419     
  1.954000000000000E-002   2.62851340548421     
  1.956000000000000E-002   2.62900658709048     
  1.958000000000000E-002   2.62949477311910     
  1.960000000000000E-002   2.62997776800707     
  1.962000000000000E-002   2.63045547542754     
  1.964000000000000E-002   2.63092761323320     
  1.966000000000000E-002   2.63139381055641     
  1.968000000000000E-002   2.63185414073659     
  1.970000000000000E-002   2.63230965654473     
  1.972000000000000E-002   2.63276159551353     
  1.974000000000000E-002   2.63321007528188     
  1.976000000000000E-002   2.63365357634569     
  1.978000000000000E-002   2.63408922810822     
  1.980000000000000E-002   2.63451372548126     
  1.982000000000000E-002   2.63492529278674     
  1.984000000000000E-002   2.63532205349435     
  1.986000000000000E-002   2.63570318673555     
  1.988000000000000E-002   2.63606913420256     
  1.990000000000000E-002   2.63642108776112     
  1.992000000000000E-002   2.63676042966856     
  1.994000000000000E-002   2.63708824834650     
  1.996000000000000E-002   2.63740540471252     
  1.998000000000000E-002   2.63771299155073     
  2.000000000000000E-002   2.63801226567085     
  2.002000000000000E-002   2.63830439778090     
  2.004000000000000E-002   2.63858979122441     
  2.006000000000000E-002   2.63886799998708     
  2.008000000000000E-002   2.63913859805101     
  2.010000000000000E-002   2.63940135700851     
  2.012000000000000E-002   2.63965617695798     
  2.014000000000000E-002   2.63990296431930     
  2.016000000000000E-002   2.64014175798392     
  2.018000000000000E-002   2.64037244845889     
  2.020000000000000E-002   2.64059400532780     
  2.022000000000000E-002   2.64080516305240     
  2.024000000000000E-002   2.64100336464630     
  2.026000000000000E-002   2.64118503311418     
  2.028000000000000E-002   2.64134718647361     
  2.030000000000000E-002   2.64148983534929     
  2.032000000000000E-002   2.64160833992578     
  2.034000000000000E-002   2.64169317645742     
  2.036000000000000E-002   2.64174151124393     
  2.038000000000000E-002   2.64175308616483     
  2.040000000000000E-002   2.64172693810880     
  2.042000000000000E-002   2.64167107005621     
  2.044000000000000E-002   2.64157908902986     
  2.046000000000000E-002   2.64145083229210     
  2.048000000000000E-002   2.64128628895749     
  2.050000000000000E-002   2.64108567577715     
  2.052000000000000E-002   2.64084945043335     
  2.054000000000000E-002   2.64057786442670     
  2.056000000000000E-002   2.64027110243846     
  2.058000000000000E-002   2.63992961796761     
  2.060000000000000E-002   2.63955374464462     
  2.062000000000000E-002   2.63914358341344     
  2.064000000000000E-002   2.63870042594390     
  2.066000000000000E-002   2.63822577880761     
  2.068000000000000E-002   2.63772137003929     
  2.070000000000000E-002   2.63718920680895     
  2.072000000000000E-002   2.63663163398018     
  2.074000000000000E-002   2.63605118171384     
  2.076000000000000E-002   2.63545107422114     
  2.078000000000000E-002   2.63483572582934     
  2.080000000000000E-002   2.63421032288716     
  2.082000000000000E-002   2.63358125156598     
  2.084000000000000E-002   2.63295183977505     
  2.086000000000000E-002   2.63232509921769     
  2.088000000000000E-002   2.63170274857143     
  2.090000000000000E-002   2.63108587511082     
  2.092000000000000E-002   2.63047520177023     
  2.094000000000000E-002   2.62987093393801     
  2.096000000000000E-002   2.62927335758814     
  2.098000000000000E-002   2.62868259556231     
  2.100000000000000E-002   2.62810168945985     
  2.102000000000000E-002   2.62753309949758     
  2.104000000000000E-002   2.62697735686850     
  2.106000000000000E-002   2.62643385475052     
  2.108000000000000E-002   2.62590212146904     
  2.110000000000000E-002   2.62538116933820     
  2.112000000000000E-002   2.62487023322172     
  2.114000000000000E-002   2.62436910537296     
  2.116000000000000E-002   2.62387799133237     
  2.118000000000000E-002   2.62339718780694     
  2.120000000000000E-002   2.62292685752522     
  2.122000000000000E-002   2.62246691387336     
  2.124000000000000E-002   2.62201697513677     
  2.126000000000000E-002   2.62157635481620     
  2.128000000000000E-002   2.62114427339137     
  2.130000000000000E-002   2.62072014325974     
  2.132000000000000E-002   2.62030368898535     
  2.134000000000000E-002   2.61989485131147     
  2.136000000000000E-002   2.61949375060365     
  2.138000000000000E-002   2.61910065300821     
  2.140000000000000E-002   2.61871577861376     
  2.142000000000000E-002   2.61833945993446     
  2.144000000000000E-002   2.61797196411660     
  2.146000000000000E-002   2.61761332331496     
  2.148000000000000E-002   2.61726320793977     
  2.150000000000000E-002   2.61692083244492     
  2.152000000000000E-002   2.61658505322813     
  2.154000000000000E-002   2.61625444507871     
  2.156000000000000E-002   2.61592705493189     
  2.158000000000000E-002   2.61560163836167     
  2.160000000000000E-002   2.61527652582736     
  2.162000000000000E-002   2.61495044730250     
  2.164000000000000E-002   2.61462204768093     
  2.166000000000000E-002   2.61428965339186     
  2.168000000000000E-002   2.61395141469816     
  2.170000000000000E-002   2.61360582586934     
  2.172000000000000E-002   2.61325201661190     
  2.174000000000000E-002   2.61288934168906     
  2.176000000000000E-002   2.61251698975998     
  2.178000000000000E-002   2.61213420894002     
  2.180000000000000E-002   2.61174068887043     
  2.182000000000000E-002   2.61133676405150     
  2.184000000000000E-002   2.61092341210984     
  2.186000000000000E-002   2.61050229666253     
  2.188000000000000E-002   2.61007572073367     
  2.190000000000000E-002   2.60964571245048     
  2.192000000000000E-002   2.60921779828153     
  2.194000000000000E-002   2.60879694855538     
  2.196000000000000E-002   2.60838643939989     
  2.198000000000000E-002   2.60798829867440     
  2.200000000000000E-002   2.60760385125787     
  2.202000000000000E-002   2.60723407010481     
  2.204000000000000E-002   2.60687981027353     
  2.206000000000000E-002   2.60654193419604     
  2.208000000000000E-002   2.60622132415086     
  2.210000000000000E-002   2.60591879480680     
  2.212000000000000E-002   2.60563496755527     
  2.214000000000000E-002   2.60537013593135     
  2.216000000000000E-002   2.60512425271720     
  2.218000000000000E-002   2.60489698217120     
  2.220000000000000E-002   2.60468793838251     
  2.222000000000000E-002   2.60449690341358     
  2.224000000000000E-002   2.60432404670500     
  2.226000000000000E-002   2.60416995520942     
  2.228000000000000E-002   2.60403574460026     
  2.230000000000000E-002   2.60392298815922     
  2.232000000000000E-002   2.60383022003550     
  2.234000000000000E-002   2.60376147988238     
  2.236000000000000E-002   2.60371747034633     
  2.238000000000000E-002   2.60370038421734     
  2.240000000000000E-002   2.60370833745265     
  2.242000000000000E-002   2.60373901362037     
  2.244000000000000E-002   2.60379454386247     
  2.246000000000000E-002   2.60387683957804     
  2.248000000000000E-002   2.60398674593603     
  2.250000000000000E-002   2.60412515398653     
  2.252000000000000E-002   2.60429315264826     
  2.254000000000000E-002   2.60449025574107     
  2.256000000000000E-002   2.60471483518303     
  2.258000000000000E-002   2.60496176808924     
  2.260000000000000E-002   2.60522426613950     
  2.262000000000000E-002   2.60549554534965     
  2.264000000000000E-002   2.60577394023959     
  2.266000000000000E-002   2.60606114817553     
  2.268000000000000E-002   2.60635472619291     
  2.270000000000000E-002   2.60665259969588     
  2.272000000000000E-002   2.60695408957459     
  2.274000000000000E-002   2.60725967729441     
  2.276000000000000E-002   2.60756974850934     
  2.278000000000000E-002   2.60788485683270     
  2.280000000000000E-002   2.60820662044348     
  2.282000000000000E-002   2.60853696617876     
  2.284000000000000E-002   2.60887785579923     
  2.286000000000000E-002   2.60923131980489     
  2.288000000000000E-002   2.60959964839574     
  2.290000000000000E-002   2.60998485701686     
  2.292000000000000E-002   2.61038790230238     
  2.294000000000000E-002   2.61081438623050     
  2.296000000000000E-002   2.61125385259669     
  2.298000000000000E-002   2.61169292158374     
  2.300000000000000E-002   2.61211504661035     
  2.302000000000000E-002   2.61251809979661     
  2.304000000000000E-002   2.61290259205207     
  2.306000000000000E-002   2.61326870770093     
  2.308000000000000E-002   2.61361738094607     
  2.310000000000000E-002   2.61394976151387     
  2.312000000000000E-002   2.61426701196683     
  2.314000000000000E-002   2.61457012381754     
  2.316000000000000E-002   2.61486004821365     
  2.318000000000000E-002   2.61513779469199     
  2.320000000000000E-002   2.61540435184182     
  2.322000000000000E-002   2.61566051630416     
  2.324000000000000E-002   2.61590648103026     
  2.326000000000000E-002   2.61614145172499     
  2.328000000000000E-002   2.61636477766040     
  2.330000000000000E-002   2.61657533704278     
  2.332000000000000E-002   2.61677346946593     
  2.334000000000000E-002   2.61695816399169     
  2.336000000000000E-002   2.61712946050451     
  2.338000000000000E-002   2.61728905538936     
  2.340000000000000E-002   2.61743755993901     
  2.342000000000000E-002   2.61756902530944     
  2.344000000000000E-002   2.61767295696698     
  2.346000000000000E-002   2.61775201544066     
  2.348000000000000E-002   2.61781216509550     
  2.350000000000000E-002   2.61785493036512     
  2.352000000000000E-002   2.61788060923525     
  2.354000000000000E-002   2.61789294771749     
  2.356000000000000E-002   2.61789590530297     
  2.358000000000000E-002   2.61788970840817     
  2.360000000000000E-002   2.61787604447657     
  2.362000000000000E-002   2.61785562311479     
  2.364000000000000E-002   2.61782960874549     
  2.366000000000000E-002   2.61779793442466     
  2.368000000000000E-002   2.61775973101291     
  2.370000000000000E-002   2.61771352565277     
  2.372000000000000E-002   2.61765712747393     
  2.374000000000000E-002   2.61758819652646     
  2.376000000000000E-002   2.61750678617794     
  2.378000000000000E-002   2.61741254715989     
  2.380000000000000E-002   2.61730181418927     
  2.382000000000000E-002   2.61717504379147     
  2.384000000000000E-002   2.61703246456126     
  2.386000000000000E-002   2.61687443027444     
  2.388000000000000E-002   2.61670140429756     
  2.390000000000000E-002   2.61651407272992     
  2.392000000000000E-002   2.61631352024290     
  2.394000000000000E-002   2.61610073362776     
  2.396000000000000E-002   2.61587687442606     
  2.398000000000000E-002   2.61564305843542     
  2.400000000000000E-002   2.61540056908832     
  2.402000000000000E-002   2.61515087552503     
  2.404000000000000E-002   2.61489574383472     
  2.406000000000000E-002   2.61463703023567     
  2.408000000000000E-002   2.61437670578146     
  2.410000000000000E-002   2.61411614297849     
  2.412000000000000E-002   2.61385744444687     
  2.414000000000000E-002   2.61360131956549     
  2.416000000000000E-002   2.61334834759635     
  2.418000000000000E-002   2.61309903782409     
  2.420000000000000E-002   2.61285378152833     
  2.422000000000000E-002   2.61261283161108     
  2.424000000000000E-002   2.61237621925042     
  2.426000000000000E-002   2.61214377117942     
  2.428000000000000E-002   2.61191521144940     
  2.430000000000000E-002   2.61169034159235     
  2.432000000000000E-002   2.61146929460604     
  2.434000000000000E-002   2.61125264224346     
  2.436000000000000E-002   2.61104118564610     
  2.438000000000000E-002   2.61083565402718     
  2.440000000000000E-002   2.61063654191593     
  2.442000000000000E-002   2.61044408415697     
  2.444000000000000E-002   2.61025837152177     
  2.446000000000000E-002   2.61007948784207     
  2.448000000000000E-002   2.60990758921925     
  2.450000000000000E-002   2.60974286734977     
  2.452000000000000E-002   2.60958542530154     
  2.454000000000000E-002   2.60943519738017     
  2.456000000000000E-002   2.60929191048748     
  2.458000000000000E-002   2.60915500833479     
  2.460000000000000E-002   2.60902363650266     
  2.462000000000000E-002   2.60889677656413     
  2.464000000000000E-002   2.60877349609777     
  2.466000000000000E-002   2.60865299549952     
  2.468000000000000E-002   2.60853436392757     
  2.470000000000000E-002   2.60841677634187     
  2.472000000000000E-002   2.60829919005387     
  2.474000000000000E-002   2.60818071178283     
  2.476000000000000E-002   2.60806058197152     
  2.478000000000000E-002   2.60793830545895     
  2.480000000000000E-002   2.60781343581020     
  2.482000000000000E-002   2.60768542166522     
  2.484000000000000E-002   2.60755374133888     
  2.486000000000000E-002   2.60741828246486     
  2.488000000000000E-002   2.60727899485610     
  2.490000000000000E-002   2.60713629560685     
  2.492000000000000E-002   2.60699090533499     
  2.494000000000000E-002   2.60684326287283     
  2.496000000000000E-002   2.60669370104365     
  2.498000000000000E-002   2.60654249929390     
  2.500000000000000E-002   2.60638992194484     
  2.502000000000000E-002   2.60623643275122     
  2.504000000000000E-002   2.60608297622100     
  2.506000000000000E-002   2.60593062125514     
  2.508000000000000E-002   2.60578017264249     
  2.510000000000000E-002   2.60563224095096     
  2.512000000000000E-002   2.60548731539824     
  2.514000000000000E-002   2.60534579740218     
  2.516000000000000E-002   2.60520794168472     
  2.518000000000000E-002   2.60507401255966     
  2.520000000000000E-002   2.60494448060272     
  2.522000000000000E-002   2.60482003147141     
  2.524000000000000E-002   2.60470167665517     
  2.526000000000000E-002   2.60459020558300     
  2.528000000000000E-002   2.60448639922885     
  2.530000000000000E-002   2.60439135072945     
  2.532000000000000E-002   2.60430587833865     
  2.534000000000000E-002   2.60422961916409     
  2.536000000000000E-002   2.60416081710239     
  2.538000000000000E-002   2.60409908054409     
  2.540000000000000E-002   2.60404428577993     
  2.542000000000000E-002   2.60399667836193     
  2.544000000000000E-002   2.60395583695495     
  2.546000000000000E-002   2.60392151594732     
  2.548000000000000E-002   2.60389359640703     
  2.550000000000000E-002   2.60387198041402     
  2.552000000000000E-002   2.60385587084241     
  2.554000000000000E-002   2.60384538650507     
  2.556000000000000E-002   2.60383971862955     
  2.558000000000000E-002   2.60383851632827     
  2.560000000000000E-002   2.60384130578569     
  2.562000000000000E-002   2.60384806486499     
  2.564000000000000E-002   2.60385897732989     
  2.566000000000000E-002   2.60387455401905     
  2.568000000000000E-002   2.60389495409196     
  2.570000000000000E-002   2.60391981965662     
  2.572000000000000E-002   2.60394870873653     
  2.574000000000000E-002   2.60398111241470     
  2.576000000000000E-002   2.60401678328918     
  2.578000000000000E-002   2.60405505817172     
  2.580000000000000E-002   2.60409196226434     
  2.582000000000000E-002   2.60412485727285     
  2.584000000000000E-002   2.60415197211445     
  2.586000000000000E-002   2.60417188159058     
  2.588000000000000E-002   2.60418333897027     
  2.590000000000000E-002   2.60418502655500     
  2.592000000000000E-002   2.60417595936806     
  2.594000000000000E-002   2.60415069106982     
  2.596000000000000E-002   2.60411073365731     
  2.598000000000000E-002   2.60405580478621     
  2.600000000000000E-002   2.60398590585186     
  2.602000000000000E-002   2.60390128045692     
  2.604000000000000E-002   2.60380206551025     
  2.606000000000000E-002   2.60368794243329     
  2.608000000000000E-002   2.60355943834809     
  2.610000000000000E-002   2.60341794414485     
  2.612000000000000E-002   2.60326422961069     
  2.614000000000000E-002   2.60309980000879     
  2.616000000000000E-002   2.60292513323568     
  2.618000000000000E-002   2.60274039223150     
  2.620000000000000E-002   2.60254563182901     
  2.622000000000000E-002   2.60234203818045     
  2.624000000000000E-002   2.60213083742820     
  2.626000000000000E-002   2.60191411133565     
  2.628000000000000E-002   2.60169142425150     
  2.630000000000000E-002   2.60146498328567     
  2.632000000000000E-002   2.60123665738431     
  2.634000000000000E-002   2.60100753963454     
  2.636000000000000E-002   2.60077804790893     
  2.638000000000000E-002   2.60054854974339     
  2.640000000000000E-002   2.60031968182439     
  2.642000000000000E-002   2.60009203568522     
  2.644000000000000E-002   2.59986622783560     
  2.646000000000000E-002   2.59964287171733     
  2.648000000000000E-002   2.59942275228777     
  2.650000000000000E-002   2.59920686858879     
  2.652000000000000E-002   2.59899650155719     
  2.654000000000000E-002   2.59879298493567     
  2.656000000000000E-002   2.59859770658552     
  2.658000000000000E-002   2.59841178970545     
  2.660000000000000E-002   2.59823637210292     
  2.662000000000000E-002   2.59807213795200     
  2.664000000000000E-002   2.59792006157316     
  2.666000000000000E-002   2.59777994062671     
  2.668000000000000E-002   2.59765268601508     
  2.670000000000000E-002   2.59753601485213     
  2.672000000000000E-002   2.59743172146869     
  2.674000000000000E-002   2.59733312997719     
  2.676000000000000E-002   2.59724516315200     
  2.678000000000000E-002   2.59716607784865     
  2.680000000000000E-002   2.59709391651154     
  2.682000000000000E-002   2.59702751826625     
  2.684000000000000E-002   2.59696581719651     
  2.686000000000000E-002   2.59690778297808     
  2.688000000000000E-002   2.59685254095639     
  2.690000000000000E-002   2.59679932519080     
  2.692000000000000E-002   2.59674752696737     
  2.694000000000000E-002   2.59669679220570     
  2.696000000000000E-002   2.59664706831391     
  2.698000000000000E-002   2.59659820008214     
  2.700000000000000E-002   2.59655003592505     
  2.702000000000000E-002   2.59650270333585     
  2.704000000000000E-002   2.59645667893802     
  2.706000000000000E-002   2.59641232446602     
  2.708000000000000E-002   2.59636975340071     
  2.710000000000000E-002   2.59632872677831     
  2.712000000000000E-002   2.59628881041375     
  2.714000000000000E-002   2.59624972248670     
  2.716000000000000E-002   2.59621129807823     
  2.718000000000000E-002   2.59617347039588     
  2.720000000000000E-002   2.59613639153018     
  2.722000000000000E-002   2.59610046222763     
  2.724000000000000E-002   2.59606609651599     
  2.726000000000000E-002   2.59603380408215     
  2.728000000000000E-002   2.59600390669918     
  2.730000000000000E-002   2.59597652286247     
  2.732000000000000E-002   2.59595133546318     
  2.734000000000000E-002   2.59592797066647     
  2.736000000000000E-002   2.59590640680369     
  2.738000000000000E-002   2.59588660193946     
  2.740000000000000E-002   2.59586854912718     
  2.742000000000000E-002   2.59585263809371     
  2.744000000000000E-002   2.59583919113690     
  2.746000000000000E-002   2.59582833148046     
  2.748000000000000E-002   2.59581996619573     
  2.750000000000000E-002   2.59581394218187     
  2.752000000000000E-002   2.59581011804544     
  2.754000000000000E-002   2.59580807048715     
  2.756000000000000E-002   2.59580710374690     
  2.758000000000000E-002   2.59580635827391     
  2.760000000000000E-002   2.59580519475638     
  2.762000000000000E-002   2.59580224654716     
  2.764000000000000E-002   2.59579608034128     
  2.766000000000000E-002   2.59578497414806     
  2.768000000000000E-002   2.59576752855082     
  2.770000000000000E-002   2.59574358048554     
  2.772000000000000E-002   2.59571318568701     
  2.774000000000000E-002   2.59567662409455     
  2.776000000000000E-002   2.59563453739640     
  2.778000000000000E-002   2.59558820291930     
  2.780000000000000E-002   2.59553895420270     
  2.782000000000000E-002   2.59548859563681     
  2.784000000000000E-002   2.59543876196879     
  2.786000000000000E-002   2.59538973325104     
  2.788000000000000E-002   2.59534219810658     
  2.790000000000000E-002   2.59529707635483     
  2.792000000000000E-002   2.59525571953714     
  2.794000000000000E-002   2.59522000880760     
  2.796000000000000E-002   2.59519089281713     
  2.798000000000000E-002   2.59516843731962     
  2.800000000000000E-002   2.59515440708533     
  2.802000000000000E-002   2.59514638939331     
  2.804000000000000E-002   2.59514260774526     
  2.806000000000000E-002   2.59514031316282     
  2.808000000000000E-002   2.59513811718017     
  2.810000000000000E-002   2.59513414302063     
  2.812000000000000E-002   2.59512548420223     
  2.814000000000000E-002   2.59511008053632     
  2.816000000000000E-002   2.59508702408860     
  2.818000000000000E-002   2.59505239342271     
  2.820000000000000E-002   2.59500407605445     
  2.822000000000000E-002   2.59493799259225     
  2.824000000000000E-002   2.59485107809834     
  2.826000000000000E-002   2.59473947956154     
  2.828000000000000E-002   2.59459953568655     
  2.830000000000000E-002   2.59442661771061     
  2.832000000000000E-002   2.59421584652482     
  2.834000000000000E-002   2.59396160521995     
  2.836000000000000E-002   2.59365692447443     
  2.838000000000000E-002   2.59329929369197     
  2.840000000000000E-002   2.59294792518796     
  2.842000000000000E-002   2.59268100294433     
  2.844000000000000E-002   2.59249489274218     
  2.846000000000000E-002   2.59238849068714     
  2.848000000000000E-002   2.59235474196878     
  2.850000000000000E-002   2.59235890511451     
  2.852000000000000E-002   2.59239719561648     
  2.854000000000000E-002   2.59250358203417     
  2.856000000000000E-002   2.59271809406711     
  2.858000000000000E-002   2.59308087335357     
  2.860000000000000E-002   2.59363527846218     
  2.862000000000000E-002   2.59442857986194     
  2.864000000000000E-002   2.59551426577285     
  2.866000000000000E-002   2.59695446464310     
  2.868000000000000E-002   2.59881946318882     
  2.870000000000000E-002   2.60118513354616     
  2.872000000000000E-002   2.60412565586564     
  2.874000000000000E-002   2.60771748491507     
  2.876000000000000E-002   2.61203530146101     
  2.878000000000000E-002   2.61714779665991     
  2.880000000000000E-002   2.62311083435044     
  2.882000000000000E-002   2.62996350588144     
  2.884000000000000E-002   2.63771803809314     
  2.886000000000000E-002   2.64636211664886     
  2.888000000000000E-002   2.65546800854422     
  2.890000000000000E-002   2.66336761293921     
  2.892000000000000E-002   2.66997675672192     
  2.894000000000000E-002   2.67539599613033     
  2.896000000000000E-002   2.67978200887766     
  2.898000000000000E-002   2.68326314444769     
  2.900000000000000E-002   2.68594167541342     
  2.902000000000000E-002   2.68793982899530     
  2.904000000000000E-002   2.68940232108205     
  2.906000000000000E-002   2.69046204064795     
  2.908000000000000E-002   2.69121004563903     
  2.910000000000000E-002   2.69169432145207     
  2.912000000000000E-002   2.69197027300166     
  2.914000000000000E-002   2.69209389458044     
  2.916000000000000E-002   2.69212812280592     
  2.918000000000000E-002   2.69211948084029     
  2.920000000000000E-002   2.69205547625418     
  2.922000000000000E-002   2.69188400330160     
  2.924000000000000E-002   2.69155676600564     
  2.926000000000000E-002   2.69103612985455     
  2.928000000000000E-002   2.69029944275624     
  2.930000000000000E-002   2.68934989119096     
  2.932000000000000E-002   2.68821797887398     
  2.934000000000000E-002   2.68721099452028     
  2.936000000000000E-002   2.68641819095609     
  2.938000000000000E-002   2.68579935183385     
  2.940000000000000E-002   2.68528029129900     
  2.942000000000000E-002   2.68481502759852     
  2.944000000000000E-002   2.68436808964898     
  2.946000000000000E-002   2.68392251031593     
  2.948000000000000E-002   2.68347133386611     
  2.950000000000000E-002   2.68300336505995     
  2.952000000000000E-002   2.68250369303794     
  2.954000000000000E-002   2.68195226052431     
  2.956000000000000E-002   2.68132462685305     
  2.958000000000000E-002   2.68059306652160     
  2.960000000000000E-002   2.67972876880613     
  2.962000000000000E-002   2.67870570526526     
  2.964000000000000E-002   2.67750490038986     
  2.966000000000000E-002   2.67611690236847     
  2.968000000000000E-002   2.67456646647261     
  2.970000000000000E-002   2.67318505042570     
  2.972000000000000E-002   2.67210799492436     
  2.974000000000000E-002   2.67127644852907     
  2.976000000000000E-002   2.67063161744618     
  2.978000000000000E-002   2.67012283440950     
  2.980000000000000E-002   2.66970964065291     
  2.982000000000000E-002   2.66935787486372     
  2.984000000000000E-002   2.66903718009604     
  2.986000000000000E-002   2.66872362283326     
  2.988000000000000E-002   2.66840620001889     
  2.990000000000000E-002   2.66807049521657     
  2.992000000000000E-002   2.66769023727871     
  2.994000000000000E-002   2.66722743760240     
  2.996000000000000E-002   2.66663509400514     
  2.998000000000000E-002   2.66586099203316     
  3.000000000000000E-002   2.66483578174259     
  3.002000000000000E-002   2.66347398518390     
  3.004000000000000E-002   2.66173386739391     
  3.006000000000000E-002   2.65957081406258     
  3.008000000000000E-002   2.65692860771787     
  3.010000000000000E-002   2.65375026656337     
  3.012000000000000E-002   2.65001228574391     
  3.014000000000000E-002   2.64567935582991     
  3.016000000000000E-002   2.64071063120216     
  3.018000000000000E-002   2.63507969460441     
  3.020000000000000E-002   2.62881302129688     
  3.022000000000000E-002   2.62198485397640     
  3.024000000000000E-002   2.61472252040063     
  3.026000000000000E-002   2.60769813289365     
  3.028000000000000E-002   2.60130287696922     
  3.030000000000000E-002   2.59564033255001     
  3.032000000000000E-002   2.59088128655734     
  3.034000000000000E-002   2.58714317297319     
  3.036000000000000E-002   2.58448028501122     
  3.038000000000000E-002   2.58288043426705     
  3.040000000000000E-002   2.58216301160149     
  3.042000000000000E-002   2.58207703294534     
  3.044000000000000E-002   2.58244244917908     
  3.046000000000000E-002   2.58380433440782     
  3.048000000000000E-002   2.58667385529142     
  3.050000000000000E-002   2.59128927884765     
  3.052000000000000E-002   2.59751872657756     
  3.054000000000000E-002   2.60485507628699     
  3.056000000000000E-002   2.61163851783934     
  3.058000000000000E-002   2.61717174844725     
  3.060000000000000E-002   2.62175097724863     
  3.062000000000000E-002   2.62555900991085     
  3.064000000000000E-002   2.62872253033232     
  3.066000000000000E-002   2.63128786941763     
  3.068000000000000E-002   2.63324945814567     
  3.070000000000000E-002   2.63460528717214     
  3.072000000000000E-002   2.63540735916337     
  3.074000000000000E-002   2.63576126108762     
  3.076000000000000E-002   2.63582959792530     
  3.078000000000000E-002   2.63577217380039     
  3.080000000000000E-002   2.63552784140437     
  3.082000000000000E-002   2.63496385924965     
  3.084000000000000E-002   2.63392750633739     
  3.086000000000000E-002   2.63228634209178     
  3.088000000000000E-002   2.62994718519258     
  3.090000000000000E-002   2.62677781243921     
  3.092000000000000E-002   2.62260328134063     
  3.094000000000000E-002   2.61723951998205     
  3.096000000000000E-002   2.61050990532826     
  3.098000000000000E-002   2.60225875279842     
  3.100000000000000E-002   2.59235961552889     
  3.102000000000000E-002   2.58072674490078     
  3.104000000000000E-002   2.56733486445073     
  3.106000000000000E-002   2.55311604222292     
  3.108000000000000E-002   2.54111409369783     
  3.110000000000000E-002   2.53151089042272     
  3.112000000000000E-002   2.52394264687284     
  3.114000000000000E-002   2.51801028793565     
  3.116000000000000E-002   2.51329465624609     
  3.118000000000000E-002   2.50944859560274     
  3.120000000000000E-002   2.50614714762749     
  3.122000000000000E-002   2.50312704154023     
  3.124000000000000E-002   2.50021025807236     
  3.126000000000000E-002   2.49729947408636     
  3.128000000000000E-002   2.49432608431530     
  3.130000000000000E-002   2.49116152808810     
  3.132000000000000E-002   2.48760480425829     
  3.134000000000000E-002   2.48336811470026     
  3.136000000000001E-002   2.47806292138803     
  3.138000000000001E-002   2.47118179270682     
  3.140000000000000E-002   2.46207548532998     
  3.142000000000000E-002   2.44992751995857     
  3.144000000000000E-002   2.43372028653907     
  3.146000000000000E-002   2.41220092727729     
  3.148000000000000E-002   2.38385279918141     
  3.150000000000000E-002   2.34688347472548     
  3.152000000000000E-002   2.29924111759626     
  3.154000000000001E-002   2.23867686296048     
  3.156000000000000E-002   2.16287001255777     
  3.158000000000000E-002   2.06961790362881     
  3.160000000000000E-002   1.95711801696427     
  3.162000000000000E-002   1.82429247804595     
  3.164000000000000E-002   1.67113341887512     
  3.166000000000000E-002   1.50241140730139     
  3.168000000000000E-002   1.35472771677802     
  3.170000000000001E-002   1.23843180113728     
  3.172000000000001E-002   1.14724244169099     
  3.174000000000000E-002   1.07584985496690     
  3.176000000000000E-002   1.02012637763499     
  3.178000000000000E-002  0.977207261411875     
  3.180000000000000E-002  0.945204230975696     
  3.182000000000000E-002  0.922814369795328     
  3.184000000000000E-002  0.908829229338644     
  3.186000000000000E-002  0.901836311225992     
  3.188000000000001E-002  0.899897830662232     
  3.190000000000000E-002  0.900960587349887     
  3.192000000000000E-002  0.905560795787135     
  3.194000000000000E-002  0.914191594517984     
  3.196000000000000E-002  0.928674546223767     
  3.198000000000000E-002  0.951094352591195     
  3.200000000000000E-002  0.979834717291424     
  3.202000000000000E-002  0.996565753135404     
  3.204000000000001E-002   1.00045503163740     
  3.206000000000001E-002  0.998540769580660     
  3.208000000000000E-002  0.988609121721319     
  3.210000000000000E-002  0.965411137124593     
  3.212000000000000E-002  0.925575394859755     
  3.214000000000000E-002  0.869044446210548     
  3.216000000000000E-002  0.803205094320205     
  3.218000000000000E-002  0.750892225969913     
  3.220000000000000E-002  0.711383036764351     
  3.222000000000001E-002  0.679639099779999     
  3.224000000000000E-002  0.652466485231082     
  3.226000000000000E-002  0.627908837001789     
  3.228000000000000E-002  0.604923945208599     
  3.230000000000000E-002  0.582877615599616     
  3.232000000000000E-002  0.561642464313900     
  3.234000000000000E-002  0.541985473488472     
  3.236000000000000E-002  0.524473037976814     
  3.238000000000001E-002  0.509240223557051     
  3.240000000000001E-002  0.496256291818649     
  3.242000000000000E-002  0.485361983365233     
  3.244000000000000E-002  0.476335524976001     
  3.246000000000000E-002  0.468938022942748     
  3.248000000000000E-002  0.462934462231539     
  3.250000000000000E-002  0.458116844215586     
  3.252000000000000E-002  0.454309198115948     
  3.254000000000000E-002  0.451366420401214     
  3.256000000000001E-002  0.449176790464937     
  3.258000000000000E-002  0.447643818780739     
  3.260000000000000E-002  0.446699627256296     
  3.262000000000000E-002  0.446289069669825     
  3.264000000000000E-002  0.446295979803801     
  3.266000000000000E-002  0.446709366921465     
  3.268000000000000E-002  0.447725366898072     
  3.270000000000000E-002  0.449298704718890     
  3.272000000000001E-002  0.451377115458550     
  3.274000000000001E-002  0.453988191945918     
  3.276000000000000E-002  0.457203410362269     
  3.278000000000000E-002  0.461098491507641     
  3.280000000000000E-002  0.465748059805062     
  3.282000000000000E-002  0.471233951528020     
  3.284000000000000E-002  0.477647261001893     
  3.286000000000000E-002  0.485087494901988     
  3.288000000000000E-002  0.493660248413256     
  3.290000000000001E-002  0.503473202205666     
  3.292000000000000E-002  0.514634620410966     
  3.294000000000000E-002  0.527252227024190     
  3.296000000000000E-002  0.541427604093833     
  3.298000000000000E-002  0.557249048914157     
  3.300000000000000E-002  0.574785203133408     
  3.302000000000000E-002  0.594072699520360     
  3.304000000000000E-002  0.615109607964357     
  3.306000000000001E-002  0.637842375310816     
  3.308000000000001E-002  0.662151871768785     
  3.310000000000000E-002  0.687838256644318     
  3.312000000000000E-002  0.714604088260374     
  3.314000000000000E-002  0.741930815262132     
  3.316000000000000E-002  0.768621407788276     
  3.318000000000000E-002  0.794683247911106     
  3.320000000000000E-002  0.820573274166946     
  3.322000000000000E-002  0.846534792798716     
  3.324000000000001E-002  0.872711015902077     
  3.326000000000000E-002  0.899253758625173     
  3.328000000000000E-002  0.926341814433400     
  3.330000000000000E-002  0.954205931401775     
  3.332000000000000E-002  0.983153660638319     
  3.334000000000000E-002   1.01357570192825     
  3.336000000000000E-002   1.04604053236522     
  3.338000000000000E-002   1.08120496443941     
  3.340000000000001E-002   1.11987563780921     
  3.342000000000001E-002   1.16290741818437     
  3.344000000000000E-002   1.21125325719482     
  3.346000000000000E-002   1.26583520414674     
  3.348000000000000E-002   1.32742202173738     
  3.350000000000000E-002   1.39662723214225     
  3.352000000000000E-002   1.47343385656452     
  3.354000000000000E-002   1.54640012348852     
  3.356000000000000E-002   1.60592679460872     
  3.358000000000001E-002   1.65362436496968     
  3.360000000000000E-002   1.69170463129081     
  3.362000000000000E-002   1.72270961291052     
  3.364000000000000E-002   1.74908044081497     
  3.366000000000000E-002   1.77284652574051     
  3.368000000000000E-002   1.79547306525088     
  3.370000000000000E-002   1.81796985754257     
  3.372000000000000E-002   1.84056822035392     
  3.374000000000001E-002   1.86369788052500     
  3.376000000000001E-002   1.88828481431801     
  3.378000000000000E-002   1.91541147600498     
  3.380000000000000E-002   1.94649689534284     
  3.382000000000000E-002   1.98304319903935     
  3.384000000000000E-002   2.02667975773115     
  3.386000000000000E-002   2.07880316475628     
  3.388000000000000E-002   2.14039310623068     
  3.390000000000000E-002   2.21182285919708     
  3.392000000000001E-002   2.28972943922803     
  3.394000000000000E-002   2.35598785804861     
  3.396000000000000E-002   2.40779025225541     
  3.398000000000000E-002   2.44748780126021     
  3.400000000000000E-002   2.47748077929235     
  3.402000000000000E-002   2.49965752278033     
  3.404000000000000E-002   2.51591138939367     
  3.406000000000000E-002   2.52774305104893     
  3.408000000000001E-002   2.53632063661906     
  3.410000000000001E-002   2.54253897425112     
  3.412000000000000E-002   2.54707183010985     
  3.414000000000000E-002   2.55041447336917     
  3.416000000000000E-002   2.55292339044928     
  3.418000000000000E-002   2.55485252558493     
  3.420000000000000E-002   2.55638234881916     
  3.422000000000000E-002   2.55764106383168     
  3.424000000000000E-002   2.55871911595747     
  3.426000000000001E-002   2.55968418149789     
  3.428000000000000E-002   2.56058966871058     
  3.430000000000000E-002   2.56147459762156     
  3.432000000000000E-002   2.56235738995669     
  3.434000000000000E-002   2.56324632115484     
  3.436000000000000E-002   2.56415221928395     
  3.438000000000000E-002   2.56508397364411     
  3.440000000000000E-002   2.56605603643665     
  3.442000000000001E-002   2.56709131471341     
  3.444000000000001E-002   2.56821709072713     
  3.446000000000000E-002   2.56945405785862     
  3.448000000000000E-002   2.57081301684878     
  3.450000000000000E-002   2.57229807886520     
  3.452000000000000E-002   2.57390661073184     
  3.454000000000000E-002   2.57562583217354     
  3.456000000000000E-002   2.57741186349363     
  3.458000000000000E-002   2.57912095142410     
  3.460000000000001E-002   2.58075648995658     
  3.462000000000000E-002   2.58236328664062     
  3.464000000000000E-002   2.58392638825478     
  3.466000000000000E-002   2.58539254822031     
  3.468000000000000E-002   2.58669143050784     
  3.470000000000000E-002   2.58775429693938     
  3.472000000000000E-002   2.58854894162542     
  3.474000000000000E-002   2.58907730944729     
  3.476000000000001E-002   2.58937370581692     
  3.478000000000001E-002   2.58949384545872     
  3.480000000000000E-002   2.58951187661433     
  3.482000000000000E-002   2.58948996571605     
  3.484000000000000E-002   2.58941380081770     
  3.486000000000000E-002   2.58925256375029     
  3.488000000000000E-002   2.58897958279726     
  3.490000000000000E-002   2.58857255382601     
  3.492000000000000E-002   2.58803475222130     
  3.494000000000001E-002   2.58761887078949     
  3.496000000000000E-002   2.58743855106746     
  3.498000000000000E-002   2.58740701902458     
  3.500000000000000E-002   2.58744799313887     
  3.502000000000000E-002   2.58762303473371     
  3.504000000000000E-002   2.58803435853103     
  3.506000000000000E-002   2.58877907336291     
  3.508000000000000E-002   2.58998923183985     
  3.510000000000001E-002   2.59181473553094     
  3.512000000000001E-002   2.59441040428383     
  3.514000000000000E-002   2.59792909018468     
  3.516000000000000E-002   2.60250823883396     
  3.518000000000000E-002   2.60825691622084     
  3.520000000000000E-002   2.61524264126894     
  3.522000000000000E-002   2.62347911800683     
  3.524000000000000E-002   2.63292458742765     
  3.526000000000000E-002   2.64241293619732     
  3.528000000000001E-002   2.65010045558758     
  3.530000000000000E-002   2.65614673962370     
  3.532000000000000E-002   2.66083991599968     
  3.534000000000000E-002   2.66443309279722     
  3.536000000000000E-002   2.66710488311803     
  3.538000000000000E-002   2.66897669298548     
  3.540000000000000E-002   2.67016283063332     
  3.542000000000000E-002   2.67080723622275     
  3.544000000000001E-002   2.67107510605427     
  3.546000000000001E-002   2.67113341880339     
  3.548000000000000E-002   2.67111311255666     
  3.550000000000000E-002   2.67101221729640     
  3.552000000000000E-002   2.67078995461590     
  3.554000000000000E-002   2.67042320614575     
  3.556000000000000E-002   2.66989890753964     
  3.558000000000000E-002   2.66920603450984     
  3.560000000000000E-002   2.66832943660015     
  3.562000000000001E-002   2.66724657311503     
  3.564000000000001E-002   2.66592809846162     
  3.566000000000000E-002   2.66434166103379     
  3.568000000000000E-002   2.66245633069461     
  3.570000000000000E-002   2.66024458515137     
  3.572000000000000E-002   2.65768166604417     
  3.574000000000000E-002   2.65474426430754     
  3.576000000000000E-002   2.65140674552700     
  3.578000000000001E-002   2.64763831902968     
  3.580000000000001E-002   2.64340249359487     
  3.582000000000000E-002   2.63866039646266     
  3.584000000000000E-002   2.63337407571600     
  3.586000000000000E-002   2.62750771226407     
  3.588000000000000E-002   2.62104853375559     
  3.590000000000000E-002   2.61396798992228     
  3.592000000000000E-002   2.60695502297641     
  3.594000000000000E-002   2.60096868993781     
  3.596000000000001E-002   2.59600824866449     
  3.598000000000001E-002   2.59201897646175     
  3.600000000000000E-002   2.58891717400044     
  3.602000000000000E-002   2.58657376182380     
  3.604000000000000E-002   2.58484285614414     
  3.606000000000000E-002   2.58361426143902     
  3.608000000000000E-002   2.58282544867608     
  3.610000000000000E-002   2.58232432098739     
  3.612000000000001E-002   2.58205059780709     
  3.614000000000001E-002   2.58197497216159     
  3.616000000000000E-002   2.58195724655483     
  3.618000000000000E-002   2.58196696027976     
  3.620000000000000E-002   2.58201733583299     
  3.622000000000000E-002   2.58214388671805     
  3.624000000000000E-002   2.58235231704663     
  3.626000000000000E-002   2.58264115248133     
  3.628000000000000E-002   2.58300939567786     
  3.630000000000001E-002   2.58345637608943     
  3.632000000000001E-002   2.58397967176706     
  3.634000000000000E-002   2.58457425398165     
  3.636000000000000E-002   2.58523029437826     
  3.638000000000000E-002   2.58593110355707     
  3.640000000000000E-002   2.58666286620999     
  3.642000000000000E-002   2.58741747188203     
  3.644000000000000E-002   2.58818366607915     
  3.646000000000001E-002   2.58892212522626     
  3.648000000000001E-002   2.58962237283654     
  3.650000000000000E-002   2.59028539717498     
  3.652000000000000E-002   2.59091487156708     
  3.654000000000000E-002   2.59151547334937     
  3.656000000000000E-002   2.59209164210530     
  3.658000000000000E-002   2.59264697303461     
  3.660000000000000E-002   2.59318453036783     
  3.662000000000000E-002   2.59370733137851     
  3.664000000000001E-002   2.59421771510853     
  3.666000000000001E-002   2.59471772175261     
  3.668000000000000E-002   2.59520925710542     
  3.670000000000000E-002   2.59569402116641     
  3.672000000000000E-002   2.59617310839685     
  3.674000000000000E-002   2.59664769909070     
  3.676000000000000E-002   2.59711884309576     
  3.678000000000000E-002   2.59758710441154     
  3.680000000000001E-002   2.59805357658695     
  3.682000000000001E-002   2.59851907601461     
  3.684000000000000E-002   2.59898436440654     
  3.686000000000000E-002   2.59945025008467     
  3.688000000000000E-002   2.59991782538733     
  3.690000000000000E-002   2.60038807302425     
  3.692000000000000E-002   2.60086163805226     
  3.694000000000000E-002   2.60133845957910     
  3.696000000000000E-002   2.60181997422753     
  3.698000000000001E-002   2.60230739912515     
  3.700000000000001E-002   2.60280115597314     
  3.702000000000000E-002   2.60330156762616     
  3.704000000000000E-002   2.60380854411469     
  3.706000000000000E-002   2.60432222975964     
  3.708000000000000E-002   2.60484343688522     
  3.710000000000000E-002   2.60537254763157     
  3.712000000000000E-002   2.60591068054430     
  3.714000000000001E-002   2.60645770010262     
  3.716000000000001E-002   2.60701439047988     
  3.718000000000000E-002   2.60758180059379     
  3.720000000000000E-002   2.60816069043453     
  3.722000000000000E-002   2.60875276250223     
  3.724000000000000E-002   2.60935909061109     
  3.726000000000000E-002   2.60996107471925     
  3.728000000000000E-002   2.61053254454659     
  3.730000000000000E-002   2.61106260212536     
  3.732000000000001E-002   2.61154615861594     
  3.734000000000001E-002   2.61198419549107     
  3.736000000000000E-002   2.61237580821658     
  3.738000000000000E-002   2.61272237030402     
  3.740000000000000E-002   2.61302823967241     
  3.742000000000000E-002   2.61330338335683     
  3.744000000000000E-002   2.61355931352756     
  3.746000000000000E-002   2.61379121025785     
  3.748000000000001E-002   2.61399039664683     
  3.750000000000001E-002   2.61416210596911     
  3.752000000000000E-002   2.61430923942374     
  3.754000000000000E-002   2.61444119804398     
  3.756000000000000E-002   2.61456371165914     
  3.758000000000000E-002   2.61466647886261     
  3.760000000000000E-002   2.61475194964729     
  3.762000000000000E-002   2.61482430391579     
  3.764000000000000E-002   2.61489125175343     
  3.766000000000001E-002   2.61494609821666     
  3.768000000000001E-002   2.61499017469571     
  3.770000000000000E-002   2.61501543846940     
  3.772000000000000E-002   2.61500412831947     
  3.774000000000000E-002   2.61497325008133     
  3.776000000000000E-002   2.61493958824487     
  3.778000000000000E-002   2.61502608265033     
  3.780000000000000E-002   2.61544078786437     
  3.782000000000001E-002   2.61662693798509     
  3.784000000000001E-002   2.61964658796063     
  3.786000000000000E-002   2.62733862480757     
  3.788000000000000E-002   2.64668914324625     
  3.790000000000000E-002   2.68898144106951     
  3.792000000000000E-002   2.73092340099242     
  3.794000000000000E-002   2.75483498825139     
  3.796000000000000E-002   2.76702086102914     
  3.798000000000000E-002   2.77130910444728     
  3.800000000000001E-002   2.77357620204541     
  3.802000000000001E-002   2.77330327335358     
  3.804000000000000E-002   2.77228697945642     
  3.806000000000000E-002   2.77073248234068     
  3.808000000000000E-002   2.76878088429219     
  3.810000000000000E-002   2.76653628244635     
  3.812000000000000E-002   2.76407572148753     
  3.814000000000000E-002   2.76142721859979     
  3.816000000000001E-002   2.75858866089024     
  3.818000000000001E-002   2.75591073173239     
  3.820000000000000E-002   2.75341118075451     
  3.822000000000000E-002   2.75135383484532     
  3.824000000000000E-002   2.74941903364917     
  3.826000000000000E-002   2.74763699853923     
  3.828000000000000E-002   2.74601885150057     
  3.830000000000000E-002   2.74457434664128     
  3.832000000000000E-002   2.74327283906256     
  3.834000000000001E-002   2.74207393160379     
  3.836000000000001E-002   2.74100678599044     
  3.838000000000000E-002   2.74014205044127     
  3.840000000000000E-002   2.73931030996020     
  3.842000000000000E-002   2.73882763361593     
  3.844000000000000E-002   2.73835719356739     
  3.846000000000000E-002   2.73833179523288     
  3.848000000000000E-002   2.73847416498561     
  3.850000000000001E-002   2.73877875053416     
  3.852000000000001E-002   2.73921708836157     
  3.854000000000000E-002   2.73980010901241     
  3.856000000000000E-002   2.74062024440306     
  3.858000000000000E-002   2.74168106979483     
  3.860000000000000E-002   2.74289102133562     
  3.862000000000000E-002   2.74418800215385     
  3.864000000000000E-002   2.74557175086645     
  3.866000000000000E-002   2.74702121961955     
  3.868000000000001E-002   2.74851705503667     
  3.870000000000001E-002   2.75003850364716     
  3.872000000000000E-002   2.75160078713573     
  3.874000000000000E-002   2.75305806446265     
  3.876000000000000E-002   2.75444017720615     
  3.878000000000000E-002   2.75560263553710     
  3.880000000000000E-002   2.75657222662599     
  3.882000000000000E-002   2.75742926869165     
  3.884000000000001E-002   2.75822357960720     
  3.886000000000001E-002   2.75904407133189     
  3.888000000000000E-002   2.75991534161487     
  3.890000000000000E-002   2.76081540157747     
  3.892000000000000E-002   2.76175688786340     
  3.894000000000000E-002   2.76284118355063     
  3.896000000000000E-002   2.76416834546612     
  3.898000000000000E-002   2.76566271361233     
  3.900000000000000E-002   2.76713778722509     
  3.902000000000001E-002   2.76852201536645     
  3.904000000000001E-002   2.76986855257286     
  3.906000000000000E-002   2.77112064606262     
  3.908000000000000E-002   2.77229536867282     
  3.910000000000000E-002   2.77328741332639     
  3.912000000000000E-002   2.77410749349293     
  3.914000000000000E-002   2.77480571179059     
  3.916000000000000E-002   2.77531348568615     
  3.918000000000001E-002   2.77565291385126     
  3.920000000000001E-002   2.77581275293435     
  3.922000000000000E-002   2.77575399575659     
  3.924000000000000E-002   2.77560861395061     
  3.926000000000000E-002   2.77538509854769     
  3.928000000000000E-002   2.77496209762127     
  3.930000000000000E-002   2.77426683719928     
  3.932000000000000E-002   2.77323357785633     
  3.934000000000000E-002   2.77179123584633     
  3.936000000000001E-002   2.76990671121701     
  3.938000000000001E-002   2.76802002767367     
  3.940000000000000E-002   2.76649764578104     
  3.942000000000000E-002   2.76545605766231     
  3.944000000000000E-002   2.76488065784344     
  3.946000000000000E-002   2.76458936033029     
  3.948000000000000E-002   2.76475661558076     
  3.950000000000000E-002   2.76505395500223     
  3.952000000000001E-002   2.76555192125391     
  3.954000000000001E-002   2.76625665071875     
  3.956000000000000E-002   2.76718890060386     
  3.958000000000000E-002   2.76804477370712     
  3.960000000000000E-002   2.76873489460935     
  3.962000000000000E-002   2.76908017290331     
  3.964000000000000E-002   2.76932603883889     
  3.966000000000000E-002   2.76923374643215     
  3.968000000000000E-002   2.76901113715061     
  3.970000000000001E-002   2.76869677394015     
  3.972000000000001E-002   2.76842787677385     
  3.974000000000000E-002   2.76831593487552     
  3.976000000000000E-002   2.76836489502437     
  3.978000000000000E-002   2.76847095347451     
  3.980000000000000E-002   2.76862427766373     
  3.982000000000000E-002   2.76864369033127     
  3.984000000000000E-002   2.76856366587474     
  3.986000000000001E-002   2.76839063536473     
  3.988000000000001E-002   2.76815604935981     
  3.990000000000000E-002   2.76790204444077     
  3.992000000000000E-002   2.76764577328320     
  3.994000000000000E-002   2.76738634265799     
  3.996000000000000E-002   2.76712351604301     
  3.998000000000000E-002   2.76674937627230     
  4.000000000000000E-002   1.16299860394384     
