  0.000000000000000E+000  1.000000000000000E-010
  2.000000000000000E-005  1.000000000000000E-010
  4.000000000000000E-005  1.000000000000000E-010
  6.000000000000001E-005  1.000000000000000E-010
  8.000000000000001E-005  1.000000000000000E-010
  1.000000000000000E-004  1.000000000000000E-010
  1.200000000000000E-004  1.000000000000000E-010
  1.400000000000000E-004  1.000000000000000E-010
  1.600000000000000E-004  1.000000000000000E-010
  1.800000000000000E-004  1.000000000000000E-010
  2.000000000000000E-004  1.000000000000000E-010
  2.200000000000000E-004  1.000000000000000E-010
  2.400000000000000E-004  1.000000000000000E-010
  2.600000000000000E-004  1.000000000000000E-010
  2.800000000000000E-004  1.000000000000000E-010
  3.000000000000000E-004  1.000000000000000E-010
  3.200000000000000E-004  1.000000000000000E-010
  3.400000000000000E-004  1.000000000000000E-010
  3.600000000000000E-004  1.000000000000000E-010
  3.800000000000000E-004  1.000000000000000E-010
  4.000000000000000E-004  1.000000000000000E-010
  4.200000000000000E-004  1.000000000000000E-010
  4.400000000000000E-004  1.000000000000000E-010
  4.600000000000000E-004  1.000000000000000E-010
  4.800000000000001E-004  1.000000000000000E-010
  5.000000000000000E-004  1.000000000000000E-010
  5.200000000000001E-004  1.000000000000000E-010
  5.400000000000000E-004  1.000000000000000E-010
  5.600000000000001E-004  1.000000000000000E-010
  5.800000000000000E-004  1.000000000000000E-010
  6.000000000000001E-004  1.000000000000000E-010
  6.200000000000000E-004  1.000000000000000E-010
  6.400000000000001E-004  1.000000000000000E-010
  6.600000000000001E-004  1.000000000000000E-010
  6.800000000000000E-004  1.000000000000000E-010
  7.000000000000001E-004  1.000000000000000E-010
  7.200000000000000E-004  1.000000000000000E-010
  7.400000000000001E-004  1.000000000000000E-010
  7.600000000000000E-004  1.000000000000000E-010
  7.800000000000001E-004  1.000000000000000E-010
  8.000000000000000E-004  1.000000000000000E-010
  8.200000000000001E-004  1.000000000000000E-010
  8.400000000000000E-004  1.000000000000000E-010
  8.600000000000001E-004  1.000000000000000E-010
  8.800000000000000E-004  1.000000000000000E-010
  9.000000000000001E-004  1.000000000000000E-010
  9.200000000000000E-004  1.000000000000000E-010
  9.400000000000001E-004  1.000000000000000E-010
  9.600000000000001E-004  1.000000000000000E-010
  9.800000000000002E-004  1.000000000000000E-010
  1.000000000000000E-003  1.000000000000000E-010
  1.020000000000000E-003  1.000000000000000E-010
  1.040000000000000E-003  1.000000000000000E-010
  1.060000000000000E-003  1.000000000000000E-010
  1.080000000000000E-003  1.000000000000000E-010
  1.100000000000000E-003  1.000000000000000E-010
  1.120000000000000E-003  1.000000000000000E-010
  1.140000000000000E-003  1.000000000000000E-010
  1.160000000000000E-003  1.000000000000000E-010
  1.180000000000000E-003  1.000000000000000E-010
  1.200000000000000E-003  1.000000000000000E-010
  1.220000000000000E-003  1.000000000000000E-010
  1.240000000000000E-003  1.000000000000000E-010
  1.260000000000000E-003  1.000000000000000E-010
  1.280000000000000E-003  1.000000000000000E-010
  1.300000000000000E-003  1.000000000000000E-010
  1.320000000000000E-003  1.000000000000000E-010
  1.340000000000000E-003  1.000000000000000E-010
  1.360000000000000E-003  1.000000000000000E-010
  1.380000000000000E-003  1.000000000000000E-010
  1.400000000000000E-003  1.000000000000000E-010
  1.420000000000000E-003  1.000000000000000E-010
  1.440000000000000E-003  1.000000000000000E-010
  1.460000000000000E-003  1.000000000000000E-010
  1.480000000000000E-003  1.000000000000000E-010
  1.500000000000000E-003  1.000000000000000E-010
  1.520000000000000E-003  1.000000000000000E-010
  1.540000000000000E-003  1.000000000000000E-010
  1.560000000000000E-003  1.000000000000000E-010
  1.580000000000000E-003  1.000000000000000E-010
  1.600000000000000E-003  1.000000000000000E-010
  1.620000000000000E-003  1.000000000000000E-010
  1.640000000000000E-003  1.000000000000000E-010
  1.660000000000000E-003  1.000000000000000E-010
  1.680000000000000E-003  1.000000000000000E-010
  1.700000000000000E-003  1.000000000000000E-010
  1.720000000000000E-003  1.000000000000000E-010
  1.740000000000000E-003  1.000000000000000E-010
  1.760000000000000E-003  1.000000000000000E-010
  1.780000000000000E-003  1.000000000000000E-010
  1.800000000000000E-003  1.000000000000000E-010
  1.820000000000000E-003  1.000000000000000E-010
  1.840000000000000E-003  1.000000000000000E-010
  1.860000000000000E-003  1.000000000000000E-010
  1.880000000000000E-003  1.000000000000000E-010
  1.900000000000000E-003  1.000000000000000E-010
  1.920000000000000E-003  1.000000000000000E-010
  1.940000000000000E-003  1.000000000000000E-010
  1.960000000000000E-003  1.000000000000000E-010
  1.980000000000000E-003  1.000000000000000E-010
  2.000000000000000E-003  1.000000000000000E-010
  2.020000000000000E-003  1.000030633523536E-010
  2.040000000000000E-003  1.000615980225522E-010
  2.060000000000000E-003  1.004466294580357E-010
  2.080000000000000E-003  1.012734641506140E-010
  2.100000000000000E-003  1.016968523213804E-010
  2.120000000000000E-003  1.018171865687825E-010
  2.140000000000000E-003  1.018436148087235E-010
  2.160000000000000E-003  1.018443751625717E-010
  2.180000000000000E-003  1.018407180911161E-010
  2.200000000000000E-003  1.018310207491540E-010
  2.220000000000000E-003  1.018230746996129E-010
  2.240000000000000E-003  1.018151836838078E-010
  2.260000000000000E-003  1.018068147709686E-010
  2.280000000000000E-003  1.017977666410036E-010
  2.300000000000000E-003  1.017883419067412E-010
  2.320000000000000E-003  1.017795411592211E-010
  2.340000000000000E-003  1.017711882762626E-010
  2.360000000000000E-003  1.017630047686980E-010
  2.380000000000000E-003  1.017546990564849E-010
  2.400000000000000E-003  1.017458757310228E-010
  2.420000000000000E-003  1.017364761169271E-010
  2.440000000000000E-003  1.017269615707106E-010
  2.460000000000000E-003  1.017175746840709E-010
  2.480000000000000E-003  1.017081493796759E-010
  2.500000000000000E-003  1.016986684059941E-010
  2.520000000000000E-003  1.016892679171958E-010
  2.540000000000000E-003  1.016801394409955E-010
  2.560000000000000E-003  1.016714060522450E-010
  2.580000000000000E-003  1.016630790108286E-010
  2.600000000000000E-003  1.016550140614782E-010
  2.620000000000000E-003  1.016469460380488E-010
  2.640000000000000E-003  1.016386823662370E-010
  2.660000000000000E-003  1.016301018475572E-010
  2.680000000000000E-003  1.016212355741033E-010
  2.700000000000000E-003  1.016122246914905E-010
  2.720000000000000E-003  1.016031776928148E-010
  2.740000000000000E-003  1.015941234271999E-010
  2.760000000000000E-003  1.015851367314880E-010
  2.780000000000000E-003  1.015762989156077E-010
  2.800000000000000E-003  1.015676721194222E-010
  2.820000000000000E-003  1.015592519122397E-010
  2.840000000000000E-003  1.015509410789927E-010
  2.860000000000000E-003  1.015426208007864E-010
  2.880000000000000E-003  1.015341592029476E-010
  2.900000000000000E-003  1.015253168301733E-010
  2.920000000000000E-003  1.015159840075273E-010
  2.940000000000000E-003  1.015062055703583E-010
  2.960000000000000E-003  1.014959516658389E-010
  2.980000000000000E-003  1.014851387525278E-010
  3.000000000000000E-003  1.014736258430860E-010
  3.020000000000000E-003  1.014619754511878E-010
  3.040000000000000E-003  1.014513066540344E-010
  3.060000000000000E-003  1.014418778517542E-010
  3.080000000000000E-003  1.014344004118204E-010
  3.100000000000000E-003  1.014290079095969E-010
  3.120000000000000E-003  1.014261023494753E-010
  3.140000000000000E-003  1.014248224422641E-010
  3.160000000000000E-003  1.014250392377273E-010
  3.180000000000000E-003  1.014264212186562E-010
  3.200000000000000E-003  1.014312777442466E-010
  3.220000000000000E-003  1.014419342174179E-010
  3.240000000000000E-003  1.014611857696557E-010
  3.260000000000000E-003  1.014920785695773E-010
  3.280000000000000E-003  1.015378731416443E-010
  3.300000000000000E-003  1.016022080033034E-010
  3.320000000000000E-003  1.016894167430199E-010
  3.340000000000000E-003  1.017923407752195E-010
  3.360000000000000E-003  1.018773277354497E-010
  3.380000000000000E-003  1.019353132148605E-010
  3.400000000000000E-003  1.019715047844530E-010
  3.420000000000000E-003  1.019921135204041E-010
  3.440000000000000E-003  1.020023766512945E-010
  3.460000000000000E-003  1.020064618825194E-010
  3.480000000000000E-003  1.020069546244987E-010
  3.500000000000000E-003  1.020015729052642E-010
  3.520000000000000E-003  1.019907732826712E-010
  3.540000000000000E-003  1.019794031821776E-010
  3.560000000000000E-003  1.019687795767134E-010
  3.580000000000000E-003  1.019588925455721E-010
  3.600000000000000E-003  1.019495930369860E-010
  3.620000000000000E-003  1.019406575659416E-010
  3.640000000000000E-003  1.019318803148200E-010
  3.660000000000000E-003  1.019230975452917E-010
  3.680000000000000E-003  1.019142580204264E-010
  3.700000000000000E-003  1.019053775445755E-010
  3.720000000000000E-003  1.018965382266276E-010
  3.740000000000000E-003  1.018878234509097E-010
  3.760000000000000E-003  1.018792649738598E-010
  3.780000000000000E-003  1.018709065546541E-010
  3.800000000000000E-003  1.018627725641372E-010
  3.820000000000000E-003  1.018548038146942E-010
  3.840000000000001E-003  1.018469967334245E-010
  3.860000000000000E-003  1.018393730809033E-010
  3.880000000000000E-003  1.018319583088769E-010
  3.900000000000000E-003  1.018247838993108E-010
  3.920000000000001E-003  1.018178902239276E-010
  3.940000000000000E-003  1.018113187059048E-010
  3.960000000000000E-003  1.018050974976496E-010
  3.980000000000000E-003  1.017992274547383E-010
  4.000000000000000E-003  1.017936723281473E-010
  4.020000000000000E-003  1.017883587720971E-010
  4.040000000000000E-003  1.017831918665269E-010
  4.060000000000000E-003  1.017780866419344E-010
  4.080000000000000E-003  1.017729813038708E-010
  4.100000000000000E-003  1.017678442439841E-010
  4.120000000000000E-003  1.017626660232497E-010
  4.140000000000000E-003  1.017574862322760E-010
  4.160000000000001E-003  1.017523158568499E-010
  4.180000000000001E-003  1.017471545733263E-010
  4.200000000000001E-003  1.017419976009595E-010
  4.220000000000001E-003  1.017368036705568E-010
  4.240000000000001E-003  1.017315334555172E-010
  4.260000000000001E-003  1.017261588490593E-010
  4.280000000000000E-003  1.017206632336213E-010
  4.300000000000000E-003  1.017150393762329E-010
  4.320000000000000E-003  1.017092963867485E-010
  4.340000000000000E-003  1.017034432863973E-010
  4.360000000000000E-003  1.016974940709869E-010
  4.380000000000000E-003  1.016914475215218E-010
  4.400000000000000E-003  1.016852763825059E-010
  4.420000000000000E-003  1.016789444408706E-010
  4.440000000000000E-003  1.016724187981436E-010
  4.460000000000000E-003  1.016656814099771E-010
  4.480000000000000E-003  1.016587305816998E-010
  4.500000000000001E-003  1.016515733033612E-010
  4.520000000000001E-003  1.016442190069272E-010
  4.540000000000001E-003  1.016366767932554E-010
  4.560000000000001E-003  1.016289717800622E-010
  4.580000000000001E-003  1.016211544123552E-010
  4.600000000000001E-003  1.016132728596886E-010
  4.620000000000000E-003  1.016053587541081E-010
  4.640000000000000E-003  1.015974132315234E-010
  4.660000000000000E-003  1.015894102905677E-010
  4.680000000000000E-003  1.015813216237627E-010
  4.700000000000000E-003  1.015731132009489E-010
  4.720000000000000E-003  1.015647604849660E-010
  4.740000000000000E-003  1.015562264744489E-010
  4.760000000000000E-003  1.015474520139826E-010
  4.780000000000000E-003  1.015383464814530E-010
  4.800000000000000E-003  1.015288986882011E-010
  4.820000000000000E-003  1.015195501499713E-010
  4.840000000000001E-003  1.015106028710890E-010
  4.860000000000001E-003  1.015021510330766E-010
  4.880000000000001E-003  1.014942488819036E-010
  4.900000000000001E-003  1.014872240469103E-010
  4.920000000000001E-003  1.014816001269656E-010
  4.940000000000001E-003  1.014777158782608E-010
  4.960000000000000E-003  1.014757170546561E-010
  4.980000000000000E-003  1.014756038091788E-010
  5.000000000000000E-003  1.014764700751654E-010
  5.020000000000000E-003  1.014797643440509E-010
  5.040000000000000E-003  1.014864849861114E-010
  5.060000000000000E-003  1.014974172397895E-010
  5.080000000000000E-003  1.015118592346315E-010
  5.100000000000000E-003  1.015244306967877E-010
  5.120000000000000E-003  1.015331466731246E-010
  5.140000000000000E-003  1.015387380015155E-010
  5.160000000000001E-003  1.015420727822476E-010
  5.180000000000001E-003  1.015437540147576E-010
  5.200000000000001E-003  1.015440895054797E-010
  5.220000000000001E-003  1.015419947732752E-010
  5.240000000000001E-003  1.015372971660796E-010
  5.260000000000001E-003  1.015306070058540E-010
  5.280000000000001E-003  1.015231835461852E-010
  5.300000000000000E-003  1.015156816554690E-010
  5.320000000000000E-003  1.015082386411452E-010
  5.340000000000000E-003  1.015009425635664E-010
  5.360000000000000E-003  1.014938026167387E-010
  5.380000000000000E-003  1.014868685988898E-010
  5.400000000000000E-003  1.014801857776702E-010
  5.420000000000000E-003  1.014737924889155E-010
  5.440000000000000E-003  1.014677283663791E-010
  5.460000000000000E-003  1.014620232208953E-010
  5.480000000000000E-003  1.014567076410206E-010
  5.500000000000001E-003  1.014518052192627E-010
  5.520000000000001E-003  1.014473400645118E-010
  5.540000000000001E-003  1.014433225679078E-010
  5.560000000000001E-003  1.014397540151070E-010
  5.580000000000001E-003  1.014366368981608E-010
  5.600000000000001E-003  1.014339769066417E-010
  5.620000000000001E-003  1.014317809237492E-010
  5.640000000000000E-003  1.014300530701508E-010
  5.660000000000000E-003  1.014287618152449E-010
  5.680000000000000E-003  1.014278207801596E-010
  5.700000000000000E-003  1.014270894071462E-010
  5.720000000000000E-003  1.014263954771233E-010
  5.740000000000000E-003  1.014256577783723E-010
  5.760000000000000E-003  1.014247416025432E-010
  5.780000000000000E-003  1.014235516885805E-010
  5.800000000000000E-003  1.014220731953186E-010
  5.820000000000001E-003  1.014203690245982E-010
  5.840000000000001E-003  1.014186745242696E-010
  5.860000000000001E-003  1.014173194684341E-010
  5.880000000000001E-003  1.014166039609627E-010
  5.900000000000001E-003  1.014168715509696E-010
  5.920000000000001E-003  1.014174978673100E-010
  5.940000000000001E-003  1.014190089937155E-010
  5.960000000000001E-003  1.014217982029169E-010
  5.980000000000000E-003  1.014262280031801E-010
  6.000000000000000E-003  1.014327901411420E-010
  6.020000000000000E-003  1.014420668086106E-010
  6.040000000000000E-003  1.014546902017051E-010
  6.060000000000000E-003  1.014713773999090E-010
  6.080000000000000E-003  1.014929752053801E-010
  6.100000000000000E-003  1.015203866554924E-010
  6.120000000000000E-003  1.015540711207015E-010
  6.140000000000000E-003  1.015886950412066E-010
  6.160000000000001E-003  1.016190529583321E-010
  6.180000000000001E-003  1.016449093328688E-010
  6.200000000000001E-003  1.016665932517401E-010
  6.220000000000001E-003  1.016844642867431E-010
  6.240000000000001E-003  1.016989114316326E-010
  6.260000000000001E-003  1.017103310618882E-010
  6.280000000000001E-003  1.017191485718715E-010
  6.300000000000001E-003  1.017258336046451E-010
  6.320000000000000E-003  1.017308525492907E-010
  6.340000000000000E-003  1.017346444579416E-010
  6.360000000000000E-003  1.017375651945990E-010
  6.380000000000000E-003  1.017397667695089E-010
  6.400000000000000E-003  1.017417079178074E-010
  6.420000000000000E-003  1.017432014723917E-010
  6.440000000000000E-003  1.017446314275168E-010
  6.460000000000000E-003  1.017455506113685E-010
  6.480000000000001E-003  1.017460950463333E-010
  6.500000000000001E-003  1.017452595669266E-010
  6.520000000000001E-003  1.017437619354815E-010
  6.540000000000001E-003  1.017415209957671E-010
  6.560000000000001E-003  1.017387271169864E-010
  6.580000000000001E-003  1.017355924281308E-010
  6.600000000000001E-003  1.017321738259365E-010
  6.620000000000001E-003  1.017284204064864E-010
  6.640000000000001E-003  1.017243537439104E-010
  6.660000000000000E-003  1.017197767734158E-010
  6.680000000000000E-003  1.017146866270780E-010
  6.700000000000000E-003  1.017091363695526E-010
  6.720000000000000E-003  1.017032179928924E-010
  6.740000000000000E-003  1.016971183739172E-010
  6.760000000000000E-003  1.016910192198540E-010
  6.780000000000000E-003  1.016850510958968E-010
  6.800000000000000E-003  1.016792133739595E-010
  6.820000000000001E-003  1.016735023143623E-010
  6.840000000000001E-003  1.016679320703991E-010
  6.860000000000001E-003  1.016625210106551E-010
  6.880000000000001E-003  1.016572987137609E-010
  6.900000000000001E-003  1.016523036090566E-010
  6.920000000000001E-003  1.016475681824632E-010
  6.940000000000001E-003  1.016431221956347E-010
  6.960000000000001E-003  1.016389800713694E-010
  6.980000000000001E-003  1.016351334483017E-010
  7.000000000000000E-003  1.016315627347200E-010
  7.020000000000000E-003  1.016282474726737E-010
  7.040000000000000E-003  1.016251480028574E-010
  7.060000000000000E-003  1.016222090287535E-010
  7.080000000000000E-003  1.016193691872681E-010
  7.100000000000000E-003  1.016165558914231E-010
  7.120000000000000E-003  1.016137054086542E-010
  7.140000000000001E-003  1.016107506547972E-010
  7.160000000000001E-003  1.016076813333304E-010
  7.180000000000001E-003  1.016045232452233E-010
  7.200000000000001E-003  1.016013000007538E-010
  7.220000000000001E-003  1.015980094148166E-010
  7.240000000000001E-003  1.015945496887805E-010
  7.260000000000001E-003  1.015909838022654E-010
  7.280000000000001E-003  1.015874713963435E-010
  7.300000000000001E-003  1.015840731244835E-010
  7.320000000000001E-003  1.015808567316379E-010
  7.340000000000000E-003  1.015778740856739E-010
  7.360000000000000E-003  1.015751606358579E-010
  7.380000000000000E-003  1.015727289876351E-010
  7.400000000000000E-003  1.015705649052147E-010
  7.420000000000000E-003  1.015686331385306E-010
  7.440000000000000E-003  1.015668753710920E-010
  7.460000000000000E-003  1.015652254657699E-010
  7.480000000000001E-003  1.015636328223081E-010
  7.500000000000001E-003  1.015620752864453E-010
  7.520000000000001E-003  1.015605546402624E-010
  7.540000000000001E-003  1.015590656591941E-010
  7.560000000000001E-003  1.015575254446527E-010
  7.580000000000001E-003  1.015558666829112E-010
  7.600000000000001E-003  1.015540755726431E-010
  7.620000000000001E-003  1.015522217151669E-010
  7.640000000000001E-003  1.015505229806523E-010
  7.660000000000001E-003  1.015491498541463E-010
  7.680000000000001E-003  1.015482974934903E-010
  7.700000000000000E-003  1.015484114010286E-010
  7.720000000000000E-003  1.015491069421484E-010
  7.740000000000000E-003  1.015509282584605E-010
  7.760000000000000E-003  1.015539637884725E-010
  7.780000000000000E-003  1.015588004447123E-010
  7.800000000000001E-003  1.015659068928144E-010
  7.820000000000001E-003  1.015756391950195E-010
  7.840000000000001E-003  1.015882325488667E-010
  7.860000000000001E-003  1.016038025717170E-010
  7.880000000000000E-003  1.016204466920409E-010
  7.900000000000001E-003  1.016354910909008E-010
  7.920000000000000E-003  1.016486616617241E-010
  7.940000000000001E-003  1.016600913567856E-010
  7.960000000000000E-003  1.016699466962055E-010
  7.980000000000001E-003  1.016784006903621E-010
  8.000000000000000E-003  1.016855938693744E-010
  8.020000000000001E-003  1.016916605424880E-010
  8.040000000000000E-003  1.016967335724991E-010
  8.060000000000001E-003  1.017006765209482E-010
  8.080000000000000E-003  1.017036071594196E-010
  8.100000000000001E-003  1.017056030031251E-010
  8.120000000000000E-003  1.017069390359305E-010
  8.140000000000001E-003  1.017076962141286E-010
  8.160000000000001E-003  1.017079569331749E-010
  8.180000000000002E-003  1.017077661987138E-010
  8.200000000000001E-003  1.017072279566078E-010
  8.220000000000000E-003  1.017063696635335E-010
  8.240000000000001E-003  1.017052823493030E-010
  8.260000000000000E-003  1.017040272145627E-010
  8.280000000000001E-003  1.017027586559194E-010
  8.300000000000000E-003  1.017015854120332E-010
  8.320000000000001E-003  1.017005384763540E-010
  8.340000000000000E-003  1.016996301018002E-010
  8.360000000000001E-003  1.016988229285638E-010
  8.380000000000000E-003  1.016980735942918E-010
  8.400000000000001E-003  1.016973215757863E-010
  8.420000000000000E-003  1.016964888229831E-010
  8.440000000000001E-003  1.016954994790740E-010
  8.460000000000001E-003  1.016943176723138E-010
  8.480000000000001E-003  1.016929190895125E-010
  8.500000000000001E-003  1.016912925706798E-010
  8.520000000000002E-003  1.016893962770149E-010
  8.540000000000001E-003  1.016871927264355E-010
  8.560000000000000E-003  1.016846340551043E-010
  8.580000000000001E-003  1.016816935939673E-010
  8.600000000000000E-003  1.016783653125146E-010
  8.620000000000001E-003  1.016747104866867E-010
  8.640000000000000E-003  1.016707569896210E-010
  8.660000000000001E-003  1.016664829094356E-010
  8.680000000000000E-003  1.016619259903445E-010
  8.700000000000001E-003  1.016572135107723E-010
  8.720000000000000E-003  1.016523437499032E-010
  8.740000000000001E-003  1.016473407708012E-010
  8.760000000000000E-003  1.016422539259598E-010
  8.780000000000001E-003  1.016370974953722E-010
  8.800000000000001E-003  1.016318471724039E-010
  8.820000000000001E-003  1.016264936863446E-010
  8.840000000000001E-003  1.016210424572710E-010
  8.860000000000002E-003  1.016155175921785E-010
  8.880000000000001E-003  1.016099430103716E-010
  8.900000000000000E-003  1.016043407036117E-010
  8.920000000000001E-003  1.015987733032212E-010
  8.940000000000000E-003  1.015932777832264E-010
  8.960000000000001E-003  1.015878938450960E-010
  8.980000000000000E-003  1.015826592927296E-010
  9.000000000000001E-003  1.015776040665489E-010
  9.020000000000000E-003  1.015727489792765E-010
  9.040000000000001E-003  1.015681054933171E-010
  9.060000000000000E-003  1.015636767060950E-010
  9.080000000000001E-003  1.015594578191680E-010
  9.100000000000000E-003  1.015554381660346E-010
  9.120000000000001E-003  1.015516051121646E-010
  9.140000000000001E-003  1.015479473884411E-010
  9.160000000000001E-003  1.015444576527432E-010
  9.180000000000001E-003  1.015411352082932E-010
  9.200000000000002E-003  1.015379821017716E-010
  9.220000000000001E-003  1.015350007244948E-010
  9.240000000000000E-003  1.015321950890351E-010
  9.260000000000001E-003  1.015295647092769E-010
  9.280000000000000E-003  1.015270997304498E-010
  9.300000000000001E-003  1.015247713771943E-010
  9.320000000000000E-003  1.015225414388975E-010
  9.340000000000001E-003  1.015203794905596E-010
  9.360000000000000E-003  1.015182560520747E-010
  9.380000000000001E-003  1.015161490652686E-010
  9.400000000000000E-003  1.015140471835519E-010
  9.420000000000001E-003  1.015119520097811E-010
  9.440000000000000E-003  1.015098739544936E-010
  9.460000000000001E-003  1.015078260310408E-010
  9.480000000000001E-003  1.015058252752141E-010
  9.500000000000001E-003  1.015038813725958E-010
  9.520000000000001E-003  1.015019950593530E-010
  9.540000000000002E-003  1.015001507292691E-010
  9.560000000000001E-003  1.014983260817772E-010
  9.580000000000000E-003  1.014964986966992E-010
  9.600000000000001E-003  1.014946632250583E-010
  9.620000000000000E-003  1.014928311855964E-010
  9.640000000000001E-003  1.014910398831114E-010
  9.660000000000000E-003  1.014893739079159E-010
  9.680000000000001E-003  1.014879474821572E-010
  9.700000000000000E-003  1.014869737930081E-010
  9.720000000000001E-003  1.014866762021127E-010
  9.740000000000000E-003  1.014872691781548E-010
  9.760000000000001E-003  1.014887205908660E-010
  9.780000000000000E-003  1.014910925121752E-010
  9.800000000000001E-003  1.014946402666885E-010
  9.820000000000001E-003  1.014999472540107E-010
  9.840000000000002E-003  1.015076178983202E-010
  9.860000000000001E-003  1.015185652343728E-010
  9.880000000000002E-003  1.015339914269549E-010
  9.900000000000001E-003  1.015554159697549E-010
  9.920000000000000E-003  1.015846871653426E-010
  9.940000000000001E-003  1.016238770318973E-010
  9.960000000000000E-003  1.016750608698250E-010
  9.980000000000001E-003  1.017336045611379E-010
  1.000000000000000E-002  1.017844206168313E-010
  1.002000000000000E-002  1.018236735127241E-010
  1.004000000000000E-002  1.018527154122887E-010
  1.006000000000000E-002  1.018733986883365E-010
  1.008000000000000E-002  1.018874982770433E-010
  1.010000000000000E-002  1.018965910489881E-010
  1.012000000000000E-002  1.019019854517861E-010
  1.014000000000000E-002  1.019045993296187E-010
  1.016000000000000E-002  1.019053279019697E-010
  1.018000000000000E-002  1.019042801719807E-010
  1.020000000000000E-002  1.019020793606436E-010
  1.022000000000000E-002  1.018982477564235E-010
  1.024000000000000E-002  1.018934429009581E-010
  1.026000000000000E-002  1.018883549596963E-010
  1.028000000000000E-002  1.018832333415929E-010
  1.030000000000000E-002  1.018780484610737E-010
  1.032000000000000E-002  1.018728683367558E-010
  1.034000000000000E-002  1.018678873940392E-010
  1.036000000000000E-002  1.018632041255927E-010
  1.038000000000000E-002  1.018588025915687E-010
  1.040000000000000E-002  1.018546736970270E-010
  1.042000000000000E-002  1.018507991073690E-010
  1.044000000000000E-002  1.018472145602186E-010
  1.046000000000000E-002  1.018439405492821E-010
  1.048000000000000E-002  1.018409238695017E-010
  1.050000000000000E-002  1.018382102749054E-010
  1.052000000000000E-002  1.018358840715209E-010
  1.054000000000000E-002  1.018339937942451E-010
  1.056000000000000E-002  1.018325588694493E-010
  1.058000000000000E-002  1.018315660386558E-010
  1.060000000000000E-002  1.018310035349953E-010
  1.062000000000000E-002  1.018308764397849E-010
  1.064000000000000E-002  1.018311276021994E-010
  1.066000000000000E-002  1.018316568779278E-010
  1.068000000000000E-002  1.018324934553765E-010
  1.070000000000000E-002  1.018337905647115E-010
  1.072000000000000E-002  1.018356022129557E-010
  1.074000000000000E-002  1.018380606544714E-010
  1.076000000000000E-002  1.018409117965687E-010
  1.078000000000000E-002  1.018435118223185E-010
  1.080000000000000E-002  1.018456912437426E-010
  1.082000000000000E-002  1.018474138356215E-010
  1.084000000000000E-002  1.018486957054698E-010
  1.086000000000000E-002  1.018496401047992E-010
  1.088000000000000E-002  1.018503002945023E-010
  1.090000000000000E-002  1.018507621898743E-010
  1.092000000000000E-002  1.018504011967731E-010
  1.094000000000000E-002  1.018496325843256E-010
  1.096000000000000E-002  1.018484734709703E-010
  1.098000000000000E-002  1.018469545239830E-010
  1.100000000000000E-002  1.018451731531087E-010
  1.102000000000000E-002  1.018432300716930E-010
  1.104000000000000E-002  1.018412048316598E-010
  1.106000000000000E-002  1.018392090812791E-010
  1.108000000000000E-002  1.018373871253411E-010
  1.110000000000000E-002  1.018358136530627E-010
  1.112000000000000E-002  1.018345135200530E-010
  1.114000000000000E-002  1.018334584668742E-010
  1.116000000000000E-002  1.018326553063557E-010
  1.118000000000000E-002  1.018322508695488E-010
  1.120000000000000E-002  1.018324597311134E-010
  1.122000000000000E-002  1.018330646871416E-010
  1.124000000000000E-002  1.018342389949014E-010
  1.126000000000000E-002  1.018361498822943E-010
  1.128000000000000E-002  1.018388660749392E-010
  1.130000000000000E-002  1.018424500139233E-010
  1.132000000000000E-002  1.018469498341927E-010
  1.134000000000000E-002  1.018523999573466E-010
  1.136000000000000E-002  1.018588113116878E-010
  1.138000000000000E-002  1.018660470075318E-010
  1.140000000000000E-002  1.018733364894481E-010
  1.142000000000000E-002  1.018803908049088E-010
  1.144000000000000E-002  1.018870976209826E-010
  1.146000000000000E-002  1.018935409501793E-010
  1.148000000000000E-002  1.018998234310814E-010
  1.150000000000000E-002  1.019060449805631E-010
  1.152000000000000E-002  1.019123289719172E-010
  1.154000000000000E-002  1.019187978259909E-010
  1.156000000000000E-002  1.019255404808710E-010
  1.158000000000000E-002  1.019325585255219E-010
  1.160000000000000E-002  1.019398846875262E-010
  1.162000000000000E-002  1.019475437104278E-010
  1.164000000000000E-002  1.019555476954742E-010
  1.166000000000000E-002  1.019636707681174E-010
  1.168000000000000E-002  1.019715067794435E-010
  1.170000000000000E-002  1.019788199611426E-010
  1.172000000000000E-002  1.019854181523453E-010
  1.174000000000000E-002  1.019911860937777E-010
  1.176000000000000E-002  1.019960817431188E-010
  1.178000000000000E-002  1.020001382111607E-010
  1.180000000000000E-002  1.020033871943555E-010
  1.182000000000000E-002  1.020058659746159E-010
  1.184000000000000E-002  1.020076031295520E-010
  1.186000000000000E-002  1.020086088844722E-010
  1.188000000000000E-002  1.020091029701099E-010
  1.190000000000000E-002  1.020089539153157E-010
  1.192000000000000E-002  1.020083477171819E-010
  1.194000000000000E-002  1.020072639634350E-010
  1.196000000000000E-002  1.020058308142596E-010
  1.198000000000000E-002  1.020040994339081E-010
  1.200000000000000E-002  1.020020871578305E-010
  1.202000000000000E-002  1.019998454313042E-010
  1.204000000000000E-002  1.019974468834982E-010
  1.206000000000000E-002  1.019949561796466E-010
  1.208000000000000E-002  1.019924306222842E-010
  1.210000000000000E-002  1.019899069753340E-010
  1.212000000000000E-002  1.019874505031016E-010
  1.214000000000000E-002  1.019851201176873E-010
  1.216000000000000E-002  1.019829680565727E-010
  1.218000000000000E-002  1.019810434170872E-010
  1.220000000000000E-002  1.019793681409534E-010
  1.222000000000000E-002  1.019779456575083E-010
  1.224000000000000E-002  1.019767727329838E-010
  1.226000000000000E-002  1.019758351815493E-010
  1.228000000000000E-002  1.019750870936648E-010
  1.230000000000000E-002  1.019744677010108E-010
  1.232000000000000E-002  1.019740155110742E-010
  1.234000000000000E-002  1.019736871286599E-010
  1.236000000000000E-002  1.019734325749434E-010
  1.238000000000000E-002  1.019731976950537E-010
  1.240000000000000E-002  1.019729142843284E-010
  1.242000000000000E-002  1.019725278790171E-010
  1.244000000000000E-002  1.019720338533117E-010
  1.246000000000000E-002  1.019714116241115E-010
  1.248000000000000E-002  1.019705853028195E-010
  1.250000000000000E-002  1.019695092272194E-010
  1.252000000000000E-002  1.019681661168519E-010
  1.254000000000000E-002  1.019665458205039E-010
  1.256000000000000E-002  1.019646404326742E-010
  1.258000000000000E-002  1.019624436229878E-010
  1.260000000000000E-002  1.019599748909920E-010
  1.262000000000000E-002  1.019572556741236E-010
  1.264000000000000E-002  1.019543105530671E-010
  1.266000000000000E-002  1.019512915782557E-010
  1.268000000000000E-002  1.019484179194009E-010
  1.270000000000000E-002  1.019457380302692E-010
  1.272000000000000E-002  1.019432819779938E-010
  1.274000000000000E-002  1.019410573524544E-010
  1.276000000000000E-002  1.019390301610926E-010
  1.278000000000000E-002  1.019371292883808E-010
  1.280000000000000E-002  1.019352842694769E-010
  1.282000000000000E-002  1.019334256155048E-010
  1.284000000000000E-002  1.019315168640047E-010
  1.286000000000000E-002  1.019295016019090E-010
  1.288000000000000E-002  1.019273150043188E-010
  1.290000000000000E-002  1.019248750860777E-010
  1.292000000000000E-002  1.019221093481014E-010
  1.294000000000000E-002  1.019189509597969E-010
  1.296000000000000E-002  1.019153542072576E-010
  1.298000000000000E-002  1.019113105323614E-010
  1.300000000000000E-002  1.019068428874939E-010
  1.302000000000000E-002  1.019019820259869E-010
  1.304000000000000E-002  1.018967636628229E-010
  1.306000000000000E-002  1.018912310404186E-010
  1.308000000000000E-002  1.018854372662350E-010
  1.310000000000000E-002  1.018794172967645E-010
  1.312000000000000E-002  1.018732027606511E-010
  1.314000000000000E-002  1.018668312112373E-010
  1.316000000000000E-002  1.018603020595379E-010
  1.318000000000000E-002  1.018537636058723E-010
  1.320000000000000E-002  1.018473749263902E-010
  1.322000000000000E-002  1.018412579380845E-010
  1.324000000000000E-002  1.018354780867101E-010
  1.326000000000000E-002  1.018300696087701E-010
  1.328000000000000E-002  1.018250452577777E-010
  1.330000000000000E-002  1.018204094552788E-010
  1.332000000000000E-002  1.018161633582927E-010
  1.334000000000000E-002  1.018123085697622E-010
  1.336000000000000E-002  1.018088482974054E-010
  1.338000000000000E-002  1.018057688510850E-010
  1.340000000000000E-002  1.018030386188134E-010
  1.342000000000000E-002  1.018006155165870E-010
  1.344000000000000E-002  1.017984524656039E-010
  1.346000000000000E-002  1.017964636839176E-010
  1.348000000000000E-002  1.017945673783573E-010
  1.350000000000000E-002  1.017926763451895E-010
  1.352000000000000E-002  1.017907663120272E-010
  1.354000000000000E-002  1.017888125453795E-010
  1.356000000000000E-002  1.017867746730047E-010
  1.358000000000000E-002  1.017846099954286E-010
  1.360000000000000E-002  1.017822899732952E-010
  1.362000000000000E-002  1.017797864409477E-010
  1.364000000000000E-002  1.017770692396324E-010
  1.366000000000000E-002  1.017741073015441E-010
  1.368000000000000E-002  1.017708758906048E-010
  1.370000000000000E-002  1.017673673793117E-010
  1.372000000000000E-002  1.017635936316303E-010
  1.374000000000000E-002  1.017595807887341E-010
  1.376000000000000E-002  1.017553630801049E-010
  1.378000000000000E-002  1.017509784504091E-010
  1.380000000000000E-002  1.017464661662701E-010
  1.382000000000000E-002  1.017418569608967E-010
  1.384000000000000E-002  1.017371741155492E-010
  1.386000000000000E-002  1.017324430414708E-010
  1.388000000000000E-002  1.017276795682762E-010
  1.390000000000000E-002  1.017228703848584E-010
  1.392000000000000E-002  1.017180296726596E-010
  1.394000000000000E-002  1.017131633385758E-010
  1.396000000000000E-002  1.017082679457656E-010
  1.398000000000000E-002  1.017033576109869E-010
  1.400000000000000E-002  1.016984294338515E-010
  1.402000000000000E-002  1.016934841178987E-010
  1.404000000000000E-002  1.016885109396705E-010
  1.406000000000000E-002  1.016835044927767E-010
  1.408000000000000E-002  1.016784676970248E-010
  1.410000000000000E-002  1.016733892913738E-010
  1.412000000000000E-002  1.016682636627156E-010
  1.414000000000000E-002  1.016630958047323E-010
  1.416000000000000E-002  1.016578679860819E-010
  1.418000000000000E-002  1.016525650856391E-010
  1.420000000000000E-002  1.016471931094769E-010
  1.422000000000000E-002  1.016417667549007E-010
  1.424000000000000E-002  1.016363033120104E-010
  1.426000000000000E-002  1.016308486797366E-010
  1.428000000000000E-002  1.016254363738146E-010
  1.430000000000000E-002  1.016200814708435E-010
  1.432000000000000E-002  1.016147942487148E-010
  1.434000000000000E-002  1.016095862404832E-010
  1.436000000000000E-002  1.016044731343990E-010
  1.438000000000000E-002  1.015994758469342E-010
  1.440000000000000E-002  1.015946200672917E-010
  1.442000000000000E-002  1.015899341589722E-010
  1.444000000000000E-002  1.015854465125250E-010
  1.446000000000000E-002  1.015811832727059E-010
  1.448000000000000E-002  1.015771658197202E-010
  1.450000000000000E-002  1.015734089495858E-010
  1.452000000000000E-002  1.015699210074830E-010
  1.454000000000000E-002  1.015667041985326E-010
  1.456000000000000E-002  1.015637555505175E-010
  1.458000000000000E-002  1.015610661136160E-010
  1.460000000000000E-002  1.015586209846733E-010
  1.462000000000000E-002  1.015563988506876E-010
  1.464000000000000E-002  1.015543702620872E-010
  1.466000000000000E-002  1.015524975446315E-010
  1.468000000000000E-002  1.015507380142741E-010
  1.470000000000000E-002  1.015490450875093E-010
  1.472000000000000E-002  1.015473912187944E-010
  1.474000000000000E-002  1.015457491173370E-010
  1.476000000000000E-002  1.015441140551225E-010
  1.478000000000000E-002  1.015424957519403E-010
  1.480000000000000E-002  1.015409156220489E-010
  1.482000000000000E-002  1.015394065340778E-010
  1.484000000000000E-002  1.015380050953970E-010
  1.486000000000000E-002  1.015367494970745E-010
  1.488000000000000E-002  1.015356638779882E-010
  1.490000000000000E-002  1.015347429665516E-010
  1.492000000000000E-002  1.015339162770449E-010
  1.494000000000000E-002  1.015331440636912E-010
  1.496000000000000E-002  1.015325947749010E-010
  1.498000000000000E-002  1.015323132898311E-010
  1.500000000000000E-002  1.015324938483564E-010
  1.502000000000000E-002  1.015331490219770E-010
  1.504000000000000E-002  1.015345083030775E-010
  1.506000000000000E-002  1.015367187018219E-010
  1.508000000000000E-002  1.015399719535148E-010
  1.510000000000000E-002  1.015444679659427E-010
  1.512000000000000E-002  1.015504168203083E-010
  1.514000000000000E-002  1.015580452735809E-010
  1.516000000000000E-002  1.015675874009179E-010
  1.518000000000000E-002  1.015792823811251E-010
  1.520000000000000E-002  1.015933708363659E-010
  1.522000000000000E-002  1.016100782155683E-010
  1.524000000000000E-002  1.016295753079400E-010
  1.526000000000000E-002  1.016520566697697E-010
  1.528000000000000E-002  1.016754626529801E-010
  1.530000000000000E-002  1.016974179033010E-010
  1.532000000000000E-002  1.017175091572375E-010
  1.534000000000000E-002  1.017357395595337E-010
  1.536000000000000E-002  1.017522060764749E-010
  1.538000000000000E-002  1.017669868162371E-010
  1.540000000000000E-002  1.017801751716397E-010
  1.542000000000000E-002  1.017918622004743E-010
  1.544000000000000E-002  1.018021403172971E-010
  1.546000000000000E-002  1.018111032333644E-010
  1.548000000000000E-002  1.018188437243300E-010
  1.550000000000000E-002  1.018254511380783E-010
  1.552000000000000E-002  1.018310125222049E-010
  1.554000000000000E-002  1.018356169849610E-010
  1.556000000000000E-002  1.018393605522133E-010
  1.558000000000000E-002  1.018423472557385E-010
  1.560000000000000E-002  1.018446846098198E-010
  1.562000000000000E-002  1.018464741404973E-010
  1.564000000000000E-002  1.018478021770133E-010
  1.566000000000000E-002  1.018487355096282E-010
  1.568000000000000E-002  1.018493296199500E-010
  1.570000000000000E-002  1.018496221543711E-010
  1.572000000000000E-002  1.018496702885947E-010
  1.574000000000000E-002  1.018494946628529E-010
  1.576000000000000E-002  1.018490007560823E-010
  1.578000000000000E-002  1.018481525951775E-010
  1.580000000000000E-002  1.018470631295946E-010
  1.582000000000000E-002  1.018457980978923E-010
  1.584000000000000E-002  1.018444208799202E-010
  1.586000000000000E-002  1.018429595743786E-010
  1.588000000000000E-002  1.018414405895543E-010
  1.590000000000000E-002  1.018398770265864E-010
  1.592000000000000E-002  1.018382693157266E-010
  1.594000000000000E-002  1.018366173626298E-010
  1.596000000000000E-002  1.018349268861746E-010
  1.598000000000000E-002  1.018332096471633E-010
  1.600000000000000E-002  1.018314792711443E-010
  1.602000000000000E-002  1.018297460370036E-010
  1.604000000000000E-002  1.018280128894780E-010
  1.606000000000000E-002  1.018263122329515E-010
  1.608000000000000E-002  1.018246855775439E-010
  1.610000000000000E-002  1.018231572653032E-010
  1.612000000000000E-002  1.018217516833960E-010
  1.614000000000000E-002  1.018204906422787E-010
  1.616000000000000E-002  1.018193931100884E-010
  1.618000000000000E-002  1.018184746435551E-010
  1.620000000000000E-002  1.018177464994411E-010
  1.622000000000000E-002  1.018172157442688E-010
  1.624000000000000E-002  1.018168951761430E-010
  1.626000000000000E-002  1.018168187111174E-010
  1.628000000000000E-002  1.018169613156292E-010
  1.630000000000000E-002  1.018172673662386E-010
  1.632000000000000E-002  1.018177264808018E-010
  1.634000000000000E-002  1.018183202185406E-010
  1.636000000000000E-002  1.018190276662715E-010
  1.638000000000000E-002  1.018197724591800E-010
  1.640000000000000E-002  1.018205217083445E-010
  1.642000000000000E-002  1.018212715222716E-010
  1.644000000000000E-002  1.018220288917821E-010
  1.646000000000000E-002  1.018227993097413E-010
  1.648000000000000E-002  1.018235831689338E-010
  1.650000000000000E-002  1.018243788873823E-010
  1.652000000000000E-002  1.018251765066965E-010
  1.654000000000000E-002  1.018259644945020E-010
  1.656000000000000E-002  1.018267276956108E-010
  1.658000000000000E-002  1.018274547386385E-010
  1.660000000000000E-002  1.018281342611831E-010
  1.662000000000000E-002  1.018287607444883E-010
  1.664000000000000E-002  1.018293469181387E-010
  1.666000000000000E-002  1.018298516093515E-010
  1.668000000000000E-002  1.018302604935151E-010
  1.670000000000000E-002  1.018305846240393E-010
  1.672000000000000E-002  1.018308146179525E-010
  1.674000000000000E-002  1.018309456173665E-010
  1.676000000000000E-002  1.018309227352094E-010
  1.678000000000000E-002  1.018307967662298E-010
  1.680000000000000E-002  1.018305325086451E-010
  1.682000000000000E-002  1.018301375281922E-010
  1.684000000000000E-002  1.018296375392139E-010
  1.686000000000000E-002  1.018290555938854E-010
  1.688000000000000E-002  1.018284124991326E-010
  1.690000000000000E-002  1.018277497506996E-010
  1.692000000000000E-002  1.018270913393775E-010
  1.694000000000000E-002  1.018264731756430E-010
  1.696000000000000E-002  1.018259436666229E-010
  1.698000000000000E-002  1.018255447027888E-010
  1.700000000000000E-002  1.018253222494836E-010
  1.702000000000000E-002  1.018253461281438E-010
  1.704000000000000E-002  1.018256131529600E-010
  1.706000000000000E-002  1.018262518867509E-010
  1.708000000000000E-002  1.018271593278946E-010
  1.710000000000000E-002  1.018284232737053E-010
  1.712000000000000E-002  1.018300608339125E-010
  1.714000000000000E-002  1.018320448422664E-010
  1.716000000000000E-002  1.018343837513802E-010
  1.718000000000000E-002  1.018370902991357E-010
  1.720000000000000E-002  1.018401925207559E-010
  1.722000000000000E-002  1.018437185729473E-010
  1.724000000000000E-002  1.018476810227114E-010
  1.726000000000000E-002  1.018521161429976E-010
  1.728000000000000E-002  1.018570647729819E-010
  1.730000000000000E-002  1.018625605116374E-010
  1.732000000000000E-002  1.018686062763900E-010
  1.734000000000000E-002  1.018751785375948E-010
  1.736000000000000E-002  1.018822523955009E-010
  1.738000000000000E-002  1.018897792519359E-010
  1.740000000000000E-002  1.018977117752142E-010
  1.742000000000000E-002  1.019060243203358E-010
  1.744000000000000E-002  1.019147179003265E-010
  1.746000000000000E-002  1.019238138772244E-010
  1.748000000000000E-002  1.019333288305551E-010
  1.750000000000000E-002  1.019433310601570E-010
  1.752000000000000E-002  1.019534179342258E-010
  1.754000000000000E-002  1.019629802328362E-010
  1.756000000000000E-002  1.019718179715604E-010
  1.758000000000000E-002  1.019799938197566E-010
  1.760000000000000E-002  1.019875407691338E-010
  1.762000000000000E-002  1.019944416238153E-010
  1.764000000000000E-002  1.020006460917472E-010
  1.766000000000000E-002  1.020061227444966E-010
  1.768000000000000E-002  1.020109014425917E-010
  1.770000000000000E-002  1.020150515687104E-010
  1.772000000000000E-002  1.020186441443527E-010
  1.774000000000000E-002  1.020217441409789E-010
  1.776000000000000E-002  1.020243975429083E-010
  1.778000000000000E-002  1.020266126903382E-010
  1.780000000000000E-002  1.020284572527445E-010
  1.782000000000000E-002  1.020298470501601E-010
  1.784000000000000E-002  1.020307877000904E-010
  1.786000000000000E-002  1.020313503570804E-010
  1.788000000000000E-002  1.020314079196194E-010
  1.790000000000000E-002  1.020310358109662E-010
  1.792000000000000E-002  1.020303429120642E-010
  1.794000000000000E-002  1.020293010717286E-010
  1.796000000000000E-002  1.020279462544801E-010
  1.798000000000000E-002  1.020263440790133E-010
  1.800000000000000E-002  1.020245452718147E-010
  1.802000000000000E-002  1.020225894134701E-010
  1.804000000000000E-002  1.020205244535533E-010
  1.806000000000000E-002  1.020184135364645E-010
  1.808000000000000E-002  1.020163011359699E-010
  1.810000000000000E-002  1.020142338814974E-010
  1.812000000000000E-002  1.020122281593599E-010
  1.814000000000000E-002  1.020102881788191E-010
  1.816000000000000E-002  1.020084156240978E-010
  1.818000000000000E-002  1.020066123406375E-010
  1.820000000000000E-002  1.020048781073072E-010
  1.822000000000000E-002  1.020032288083955E-010
  1.824000000000000E-002  1.020016635404892E-010
  1.826000000000000E-002  1.020001381704584E-010
  1.828000000000000E-002  1.019986377371425E-010
  1.830000000000000E-002  1.019971561590461E-010
  1.832000000000000E-002  1.019956900528853E-010
  1.834000000000000E-002  1.019942159831756E-010
  1.836000000000000E-002  1.019927237662370E-010
  1.838000000000000E-002  1.019912012810738E-010
  1.840000000000000E-002  1.019896406463813E-010
  1.842000000000000E-002  1.019880370531363E-010
  1.844000000000000E-002  1.019863914188575E-010
  1.846000000000000E-002  1.019847073692718E-010
  1.848000000000000E-002  1.019829881345613E-010
  1.850000000000000E-002  1.019812410149892E-010
  1.852000000000000E-002  1.019794817628775E-010
  1.854000000000000E-002  1.019777338212714E-010
  1.856000000000000E-002  1.019760194197393E-010
  1.858000000000000E-002  1.019743455422473E-010
  1.860000000000000E-002  1.019727226977254E-010
  1.862000000000000E-002  1.019711538607774E-010
  1.864000000000000E-002  1.019696409808984E-010
  1.866000000000000E-002  1.019681886725562E-010
  1.868000000000000E-002  1.019667900601771E-010
  1.870000000000000E-002  1.019654547379887E-010
  1.872000000000000E-002  1.019641995274787E-010
  1.874000000000000E-002  1.019630677623473E-010
  1.876000000000000E-002  1.019620894668414E-010
  1.878000000000000E-002  1.019612823370695E-010
  1.880000000000000E-002  1.019606518377178E-010
  1.882000000000000E-002  1.019602097377081E-010
  1.884000000000000E-002  1.019599654398370E-010
  1.886000000000000E-002  1.019599464675764E-010
  1.888000000000000E-002  1.019601524204007E-010
  1.890000000000000E-002  1.019605408262469E-010
  1.892000000000000E-002  1.019611384127788E-010
  1.894000000000000E-002  1.019619006003778E-010
  1.896000000000000E-002  1.019627685161208E-010
  1.898000000000000E-002  1.019637598194697E-010
  1.900000000000000E-002  1.019648830648388E-010
  1.902000000000000E-002  1.019661424696170E-010
  1.904000000000000E-002  1.019675274127823E-010
  1.906000000000000E-002  1.019690275655889E-010
  1.908000000000000E-002  1.019706394325455E-010
  1.910000000000000E-002  1.019723495312862E-010
  1.912000000000000E-002  1.019741359635026E-010
  1.914000000000000E-002  1.019759872352868E-010
  1.916000000000000E-002  1.019779025670055E-010
  1.918000000000000E-002  1.019798844093882E-010
  1.920000000000000E-002  1.019819351096274E-010
  1.922000000000000E-002  1.019840581318820E-010
  1.924000000000000E-002  1.019862558411161E-010
  1.926000000000000E-002  1.019885310815637E-010
  1.928000000000000E-002  1.019908868930020E-010
  1.930000000000000E-002  1.019933278143536E-010
  1.932000000000000E-002  1.019958602615728E-010
  1.934000000000000E-002  1.019984924348112E-010
  1.936000000000000E-002  1.020012360213929E-010
  1.938000000000000E-002  1.020041040303739E-010
  1.940000000000000E-002  1.020071070155328E-010
  1.942000000000000E-002  1.020102575619712E-010
  1.944000000000000E-002  1.020135594401367E-010
  1.946000000000000E-002  1.020170335425677E-010
  1.948000000000000E-002  1.020206863896875E-010
  1.950000000000000E-002  1.020244576890487E-010
  1.952000000000000E-002  1.020282735198929E-010
  1.954000000000000E-002  1.020320532824527E-010
  1.956000000000000E-002  1.020357889281480E-010
  1.958000000000000E-002  1.020394928145810E-010
  1.960000000000000E-002  1.020431627431491E-010
  1.962000000000000E-002  1.020467980433103E-010
  1.964000000000000E-002  1.020503968728592E-010
  1.966000000000000E-002  1.020539566924039E-010
  1.968000000000000E-002  1.020574781782702E-010
  1.970000000000000E-002  1.020609665041669E-010
  1.972000000000000E-002  1.020644285529444E-010
  1.974000000000000E-002  1.020678633866456E-010
  1.976000000000000E-002  1.020712604558541E-010
  1.978000000000000E-002  1.020746028052038E-010
  1.980000000000000E-002  1.020778731914429E-010
  1.982000000000000E-002  1.020810611896312E-010
  1.984000000000000E-002  1.020841560284738E-010
  1.986000000000000E-002  1.020871526301921E-010
  1.988000000000000E-002  1.020900544718730E-010
  1.990000000000000E-002  1.020928688275525E-010
  1.992000000000000E-002  1.020956033565241E-010
  1.994000000000000E-002  1.020982637651440E-010
  1.996000000000000E-002  1.021008540820832E-010
  1.998000000000000E-002  1.021033797115734E-010
  2.000000000000000E-002  1.021058472534232E-010
  2.002000000000000E-002  1.021082629994104E-010
  2.004000000000000E-002  1.021106289032629E-010
  2.006000000000000E-002  1.021129423428934E-010
  2.008000000000000E-002  1.021152011710299E-010
  2.010000000000000E-002  1.021174050785012E-010
  2.012000000000000E-002  1.021195551523369E-010
  2.014000000000000E-002  1.021216530120257E-010
  2.016000000000000E-002  1.021237011514758E-010
  2.018000000000000E-002  1.021257009284761E-010
  2.020000000000000E-002  1.021276478871231E-010
  2.022000000000000E-002  1.021295353560009E-010
  2.024000000000000E-002  1.021313484953808E-010
  2.026000000000000E-002  1.021330660068846E-010
  2.028000000000000E-002  1.021346696526096E-010
  2.030000000000000E-002  1.021361587514237E-010
  2.032000000000000E-002  1.021375061838187E-010
  2.034000000000000E-002  1.021386553793638E-010
  2.036000000000000E-002  1.021395891954947E-010
  2.038000000000000E-002  1.021403157463298E-010
  2.040000000000000E-002  1.021408372118176E-010
  2.042000000000000E-002  1.021411586711174E-010
  2.044000000000000E-002  1.021412560684968E-010
  2.046000000000000E-002  1.021411118690943E-010
  2.048000000000000E-002  1.021407847520198E-010
  2.050000000000000E-002  1.021402482681396E-010
  2.052000000000000E-002  1.021395013802421E-010
  2.054000000000000E-002  1.021385478164652E-010
  2.056000000000000E-002  1.021373873095441E-010
  2.058000000000000E-002  1.021360241396153E-010
  2.060000000000000E-002  1.021344622152465E-010
  2.062000000000000E-002  1.021327021250869E-010
  2.064000000000000E-002  1.021307506294929E-010
  2.066000000000000E-002  1.021286153140790E-010
  2.068000000000000E-002  1.021263046012067E-010
  2.070000000000000E-002  1.021238284521546E-010
  2.072000000000000E-002  1.021211990644555E-010
  2.074000000000000E-002  1.021184302008608E-010
  2.076000000000000E-002  1.021155401881423E-010
  2.078000000000000E-002  1.021125547201202E-010
  2.080000000000000E-002  1.021095043952830E-010
  2.082000000000000E-002  1.021064272374897E-010
  2.084000000000000E-002  1.021033443052274E-010
  2.086000000000000E-002  1.021002727462030E-010
  2.088000000000000E-002  1.020972247046752E-010
  2.090000000000000E-002  1.020942065306667E-010
  2.092000000000000E-002  1.020912217614442E-010
  2.094000000000000E-002  1.020882702990280E-010
  2.096000000000000E-002  1.020853521430489E-010
  2.098000000000000E-002  1.020824670218534E-010
  2.100000000000000E-002  1.020796328820544E-010
  2.102000000000000E-002  1.020768647277769E-010
  2.104000000000000E-002  1.020741662803602E-010
  2.106000000000000E-002  1.020715342153970E-010
  2.108000000000000E-002  1.020689659347588E-010
  2.110000000000000E-002  1.020664560656963E-010
  2.112000000000000E-002  1.020639997079669E-010
  2.114000000000000E-002  1.020615947066330E-010
  2.116000000000000E-002  1.020592411322398E-010
  2.118000000000000E-002  1.020569385829549E-010
  2.120000000000000E-002  1.020546845944766E-010
  2.122000000000000E-002  1.020524783379071E-010
  2.124000000000000E-002  1.020503197859991E-010
  2.126000000000000E-002  1.020482080488078E-010
  2.128000000000000E-002  1.020461421150821E-010
  2.130000000000000E-002  1.020441200212801E-010
  2.132000000000000E-002  1.020421391494007E-010
  2.134000000000000E-002  1.020401980392478E-010
  2.136000000000000E-002  1.020382975164948E-010
  2.138000000000000E-002  1.020364397513233E-010
  2.140000000000000E-002  1.020346246969770E-010
  2.142000000000000E-002  1.020328534511375E-010
  2.144000000000000E-002  1.020311255699274E-010
  2.146000000000000E-002  1.020294411397831E-010
  2.148000000000000E-002  1.020277994852012E-010
  2.150000000000000E-002  1.020261946754395E-010
  2.152000000000000E-002  1.020246207067094E-010
  2.154000000000000E-002  1.020230704715329E-010
  2.156000000000000E-002  1.020215302550413E-010
  2.158000000000000E-002  1.020199925754388E-010
  2.160000000000000E-002  1.020184499991989E-010
  2.162000000000000E-002  1.020168944628174E-010
  2.164000000000000E-002  1.020153175901817E-010
  2.166000000000000E-002  1.020137098918550E-010
  2.168000000000000E-002  1.020120610362103E-010
  2.170000000000000E-002  1.020103628669446E-010
  2.172000000000000E-002  1.020086108471239E-010
  2.174000000000000E-002  1.020068012201678E-010
  2.176000000000000E-002  1.020049287117654E-010
  2.178000000000000E-002  1.020029883123983E-010
  2.180000000000000E-002  1.020009779047833E-010
  2.182000000000000E-002  1.019988994033386E-010
  2.184000000000000E-002  1.019967583720358E-010
  2.186000000000000E-002  1.019945639342410E-010
  2.188000000000000E-002  1.019923284509451E-010
  2.190000000000000E-002  1.019900634114277E-010
  2.192000000000000E-002  1.019878015744704E-010
  2.194000000000000E-002  1.019855649779948E-010
  2.196000000000000E-002  1.019833777604926E-010
  2.198000000000000E-002  1.019812527236858E-010
  2.200000000000000E-002  1.019791977808941E-010
  2.202000000000000E-002  1.019772190932735E-010
  2.204000000000000E-002  1.019753216149384E-010
  2.206000000000000E-002  1.019735094540975E-010
  2.208000000000000E-002  1.019717871837624E-010
  2.210000000000000E-002  1.019701597134501E-010
  2.212000000000000E-002  1.019686304264858E-010
  2.214000000000000E-002  1.019671993811873E-010
  2.216000000000000E-002  1.019658636407454E-010
  2.218000000000000E-002  1.019646186981914E-010
  2.220000000000000E-002  1.019634609212121E-010
  2.222000000000000E-002  1.019623884458402E-010
  2.224000000000000E-002  1.019614027634422E-010
  2.226000000000000E-002  1.019605080123768E-010
  2.228000000000000E-002  1.019597103184342E-010
  2.230000000000000E-002  1.019590196516312E-010
  2.232000000000000E-002  1.019584275815468E-010
  2.234000000000000E-002  1.019579580054722E-010
  2.236000000000000E-002  1.019576164199221E-010
  2.238000000000000E-002  1.019574171080142E-010
  2.240000000000000E-002  1.019573269631013E-010
  2.242000000000000E-002  1.019573929722587E-010
  2.244000000000000E-002  1.019575743658421E-010
  2.246000000000000E-002  1.019579038128104E-010
  2.248000000000000E-002  1.019583802266922E-010
  2.250000000000000E-002  1.019590098961934E-010
  2.252000000000000E-002  1.019598003580326E-010
  2.254000000000000E-002  1.019607481724381E-010
  2.256000000000000E-002  1.019618443474468E-010
  2.258000000000000E-002  1.019630593834742E-010
  2.260000000000000E-002  1.019643538004179E-010
  2.262000000000000E-002  1.019656883493449E-010
  2.264000000000000E-002  1.019670540007877E-010
  2.266000000000000E-002  1.019684612904462E-010
  2.268000000000000E-002  1.019698964594433E-010
  2.270000000000000E-002  1.019713467667068E-010
  2.272000000000000E-002  1.019728071921089E-010
  2.274000000000000E-002  1.019742811719483E-010
  2.276000000000000E-002  1.019757705918059E-010
  2.278000000000000E-002  1.019772775763919E-010
  2.280000000000000E-002  1.019788115820220E-010
  2.282000000000000E-002  1.019803842468402E-010
  2.284000000000000E-002  1.019820060660851E-010
  2.286000000000000E-002  1.019836862024952E-010
  2.288000000000000E-002  1.019854352129183E-010
  2.290000000000000E-002  1.019872638906299E-010
  2.292000000000000E-002  1.019891791977549E-010
  2.294000000000000E-002  1.019912167856001E-010
  2.296000000000000E-002  1.019933178136178E-010
  2.298000000000000E-002  1.019954067838067E-010
  2.300000000000000E-002  1.019973844719113E-010
  2.302000000000000E-002  1.019992407481915E-010
  2.304000000000000E-002  1.020009773523301E-010
  2.306000000000000E-002  1.020025951503916E-010
  2.308000000000000E-002  1.020040989806122E-010
  2.310000000000000E-002  1.020054944131530E-010
  2.312000000000000E-002  1.020067869862633E-010
  2.314000000000000E-002  1.020079822625530E-010
  2.316000000000000E-002  1.020090874974315E-010
  2.318000000000000E-002  1.020101098957701E-010
  2.320000000000000E-002  1.020110543913671E-010
  2.322000000000000E-002  1.020119242465401E-010
  2.324000000000000E-002  1.020127200163040E-010
  2.326000000000000E-002  1.020134384572612E-010
  2.328000000000000E-002  1.020140791191574E-010
  2.330000000000000E-002  1.020146388630467E-010
  2.332000000000000E-002  1.020151190321014E-010
  2.334000000000000E-002  1.020155087961658E-010
  2.336000000000000E-002  1.020158014517097E-010
  2.338000000000000E-002  1.020160009432275E-010
  2.340000000000000E-002  1.020161096787741E-010
  2.342000000000000E-002  1.020160614939109E-010
  2.344000000000000E-002  1.020158496969424E-010
  2.346000000000000E-002  1.020154702676093E-010
  2.348000000000000E-002  1.020149572966973E-010
  2.350000000000000E-002  1.020143117247053E-010
  2.352000000000000E-002  1.020135390259649E-010
  2.354000000000000E-002  1.020126603503563E-010
  2.356000000000000E-002  1.020116944147869E-010
  2.358000000000000E-002  1.020106446127614E-010
  2.360000000000000E-002  1.020095124451043E-010
  2.362000000000000E-002  1.020083082911615E-010
  2.364000000000000E-002  1.020070396435049E-010
  2.366000000000000E-002  1.020057080544285E-010
  2.368000000000000E-002  1.020043114155330E-010
  2.370000000000000E-002  1.020028444554679E-010
  2.372000000000000E-002  1.020012979833992E-010
  2.374000000000000E-002  1.019996619394987E-010
  2.376000000000000E-002  1.019979401471907E-010
  2.378000000000000E-002  1.019961337314830E-010
  2.380000000000000E-002  1.019942238735649E-010
  2.382000000000000E-002  1.019922153980403E-010
  2.384000000000000E-002  1.019901112505691E-010
  2.386000000000000E-002  1.019879144932954E-010
  2.388000000000000E-002  1.019856282222725E-010
  2.390000000000000E-002  1.019832566483779E-010
  2.392000000000000E-002  1.019808069816197E-010
  2.394000000000000E-002  1.019782872785968E-010
  2.396000000000000E-002  1.019757080267113E-010
  2.398000000000000E-002  1.019730798996757E-010
  2.400000000000000E-002  1.019704136702377E-010
  2.402000000000000E-002  1.019677193488052E-010
  2.404000000000000E-002  1.019650066234135E-010
  2.406000000000000E-002  1.019622840502693E-010
  2.408000000000000E-002  1.019595597721603E-010
  2.410000000000000E-002  1.019568382490632E-010
  2.412000000000000E-002  1.019541297186810E-010
  2.414000000000000E-002  1.019514319625172E-010
  2.416000000000000E-002  1.019487460891750E-010
  2.418000000000000E-002  1.019460728985111E-010
  2.420000000000000E-002  1.019434128703379E-010
  2.422000000000000E-002  1.019407655978535E-010
  2.424000000000000E-002  1.019381294204880E-010
  2.426000000000000E-002  1.019355007293355E-010
  2.428000000000000E-002  1.019328746476556E-010
  2.430000000000000E-002  1.019302492827759E-010
  2.432000000000000E-002  1.019276252354854E-010
  2.434000000000000E-002  1.019250039394877E-010
  2.436000000000000E-002  1.019223901409093E-010
  2.438000000000000E-002  1.019197881007965E-010
  2.440000000000000E-002  1.019172004444471E-010
  2.442000000000000E-002  1.019146282087802E-010
  2.444000000000000E-002  1.019120718597477E-010
  2.446000000000000E-002  1.019095305749691E-010
  2.448000000000000E-002  1.019070050429461E-010
  2.450000000000000E-002  1.019044931083670E-010
  2.452000000000000E-002  1.019019970071771E-010
  2.454000000000000E-002  1.018995151632803E-010
  2.456000000000000E-002  1.018970469790967E-010
  2.458000000000000E-002  1.018945902988363E-010
  2.460000000000000E-002  1.018921367272529E-010
  2.462000000000000E-002  1.018896782978154E-010
  2.464000000000000E-002  1.018872082242304E-010
  2.466000000000000E-002  1.018847195812834E-010
  2.468000000000000E-002  1.018822049626912E-010
  2.470000000000000E-002  1.018796573086787E-010
  2.472000000000000E-002  1.018770702952323E-010
  2.474000000000000E-002  1.018744359369089E-010
  2.476000000000000E-002  1.018717478671889E-010
  2.478000000000000E-002  1.018690013438551E-010
  2.480000000000000E-002  1.018661917519357E-010
  2.482000000000000E-002  1.018633137274405E-010
  2.484000000000000E-002  1.018603619013575E-010
  2.486000000000000E-002  1.018573329871662E-010
  2.488000000000000E-002  1.018542236878192E-010
  2.490000000000000E-002  1.018510331737115E-010
  2.492000000000000E-002  1.018477623577510E-010
  2.494000000000000E-002  1.018444108662687E-010
  2.496000000000000E-002  1.018409786603786E-010
  2.498000000000000E-002  1.018374670689966E-010
  2.500000000000000E-002  1.018338798635564E-010
  2.502000000000000E-002  1.018302251213194E-010
  2.504000000000000E-002  1.018265133148111E-010
  2.506000000000000E-002  1.018228231985867E-010
  2.508000000000000E-002  1.018192715357938E-010
  2.510000000000000E-002  1.018159047894251E-010
  2.512000000000000E-002  1.018127379935870E-010
  2.514000000000000E-002  1.018097502713362E-010
  2.516000000000000E-002  1.018069255328663E-010
  2.518000000000000E-002  1.018042949172980E-010
  2.520000000000000E-002  1.018018966266442E-010
  2.522000000000000E-002  1.017997522232936E-010
  2.524000000000000E-002  1.017978671560715E-010
  2.526000000000000E-002  1.017961582512419E-010
  2.528000000000000E-002  1.017945681699511E-010
  2.530000000000000E-002  1.017932352357171E-010
  2.532000000000000E-002  1.017922060681236E-010
  2.534000000000000E-002  1.017913118179124E-010
  2.536000000000000E-002  1.017906960318398E-010
  2.538000000000000E-002  1.017905382984413E-010
  2.540000000000000E-002  1.017905897629921E-010
  2.542000000000000E-002  1.017907777456963E-010
  2.544000000000000E-002  1.017911260543617E-010
  2.546000000000000E-002  1.017916307573552E-010
  2.548000000000000E-002  1.017922823351019E-010
  2.550000000000000E-002  1.017930767367355E-010
  2.552000000000000E-002  1.017940171458867E-010
  2.554000000000000E-002  1.017951167097246E-010
  2.556000000000000E-002  1.017963926734923E-010
  2.558000000000000E-002  1.017978560239214E-010
  2.560000000000000E-002  1.017995079092892E-010
  2.562000000000000E-002  1.018013439691515E-010
  2.564000000000000E-002  1.018033432934478E-010
  2.566000000000000E-002  1.018054862063669E-010
  2.568000000000000E-002  1.018077541104201E-010
  2.570000000000000E-002  1.018101314838169E-010
  2.572000000000000E-002  1.018126082211846E-010
  2.574000000000000E-002  1.018151762580154E-010
  2.576000000000000E-002  1.018178286500090E-010
  2.578000000000000E-002  1.018205538395257E-010
  2.580000000000000E-002  1.018233170805609E-010
  2.582000000000000E-002  1.018260995995052E-010
  2.584000000000000E-002  1.018288872900814E-010
  2.586000000000000E-002  1.018316616158396E-010
  2.588000000000000E-002  1.018344172517678E-010
  2.590000000000000E-002  1.018371204988727E-010
  2.592000000000000E-002  1.018397849294651E-010
  2.594000000000000E-002  1.018423285114590E-010
  2.596000000000000E-002  1.018447662781796E-010
  2.598000000000000E-002  1.018470932012114E-010
  2.600000000000000E-002  1.018493058606033E-010
  2.602000000000000E-002  1.018514189239232E-010
  2.604000000000000E-002  1.018534189745643E-010
  2.606000000000000E-002  1.018553231169332E-010
  2.608000000000000E-002  1.018571175381550E-010
  2.610000000000000E-002  1.018588310751671E-010
  2.612000000000000E-002  1.018604590442953E-010
  2.614000000000000E-002  1.018620217437165E-010
  2.616000000000000E-002  1.018635143738328E-010
  2.618000000000000E-002  1.018649448274109E-010
  2.620000000000000E-002  1.018663014162682E-010
  2.622000000000000E-002  1.018676004480022E-010
  2.624000000000000E-002  1.018688333883194E-010
  2.626000000000000E-002  1.018700360671948E-010
  2.628000000000000E-002  1.018711915632067E-010
  2.630000000000000E-002  1.018723164393327E-010
  2.632000000000000E-002  1.018734181727769E-010
  2.634000000000000E-002  1.018745185577688E-010
  2.636000000000000E-002  1.018756160504800E-010
  2.638000000000000E-002  1.018767110694955E-010
  2.640000000000000E-002  1.018778066560351E-010
  2.642000000000000E-002  1.018789014107082E-010
  2.644000000000000E-002  1.018799981116394E-010
  2.646000000000000E-002  1.018811003026471E-010
  2.648000000000000E-002  1.018822094377917E-010
  2.650000000000000E-002  1.018833014777640E-010
  2.652000000000000E-002  1.018843856977100E-010
  2.654000000000000E-002  1.018854755448169E-010
  2.656000000000000E-002  1.018865814239197E-010
  2.658000000000000E-002  1.018877147842794E-010
  2.660000000000000E-002  1.018888859137537E-010
  2.662000000000000E-002  1.018901026826291E-010
  2.664000000000000E-002  1.018913690753242E-010
  2.666000000000000E-002  1.018926847316663E-010
  2.668000000000000E-002  1.018940442280985E-010
  2.670000000000000E-002  1.018954384899300E-010
  2.672000000000000E-002  1.018968535424734E-010
  2.674000000000000E-002  1.018982742699964E-010
  2.676000000000000E-002  1.018997053506765E-010
  2.678000000000000E-002  1.019011423214883E-010
  2.680000000000000E-002  1.019025806632034E-010
  2.682000000000000E-002  1.019040178455477E-010
  2.684000000000000E-002  1.019054579798477E-010
  2.686000000000000E-002  1.019068830964113E-010
  2.688000000000000E-002  1.019082633718345E-010
  2.690000000000000E-002  1.019095933034946E-010
  2.692000000000000E-002  1.019108742105076E-010
  2.694000000000000E-002  1.019121119692958E-010
  2.696000000000000E-002  1.019133081001439E-010
  2.698000000000000E-002  1.019144511320505E-010
  2.700000000000000E-002  1.019155341847651E-010
  2.702000000000000E-002  1.019165632046525E-010
  2.704000000000000E-002  1.019175324335985E-010
  2.706000000000000E-002  1.019184210210669E-010
  2.708000000000000E-002  1.019192300044380E-010
  2.710000000000000E-002  1.019199865892582E-010
  2.712000000000000E-002  1.019207037370596E-010
  2.714000000000000E-002  1.019213615488125E-010
  2.716000000000000E-002  1.019219308587014E-010
  2.718000000000000E-002  1.019223979069246E-010
  2.720000000000000E-002  1.019227661845024E-010
  2.722000000000000E-002  1.019230464759315E-010
  2.724000000000000E-002  1.019232511799375E-010
  2.726000000000000E-002  1.019233919369227E-010
  2.728000000000000E-002  1.019234739701118E-010
  2.730000000000000E-002  1.019234986439897E-010
  2.732000000000000E-002  1.019234713297966E-010
  2.734000000000000E-002  1.019233460456433E-010
  2.736000000000000E-002  1.019230879867805E-010
  2.738000000000000E-002  1.019226983423928E-010
  2.740000000000000E-002  1.019221919471460E-010
  2.742000000000000E-002  1.019215793363031E-010
  2.744000000000000E-002  1.019208597508970E-010
  2.746000000000000E-002  1.019200228586035E-010
  2.748000000000000E-002  1.019190541817726E-010
  2.750000000000000E-002  1.019179401079954E-010
  2.752000000000000E-002  1.019166706897831E-010
  2.754000000000000E-002  1.019152402115637E-010
  2.756000000000000E-002  1.019136459897882E-010
  2.758000000000000E-002  1.019118868512232E-010
  2.760000000000000E-002  1.019099604036758E-010
  2.762000000000000E-002  1.019078565560801E-010
  2.764000000000000E-002  1.019055608985193E-010
  2.766000000000000E-002  1.019030531818349E-010
  2.768000000000000E-002  1.019003116014360E-010
  2.770000000000000E-002  1.018973191444152E-010
  2.772000000000000E-002  1.018940582558003E-010
  2.774000000000000E-002  1.018905108872553E-010
  2.776000000000000E-002  1.018866584165712E-010
  2.778000000000000E-002  1.018824813393946E-010
  2.780000000000000E-002  1.018779528110130E-010
  2.782000000000000E-002  1.018730377104492E-010
  2.784000000000000E-002  1.018676801566199E-010
  2.786000000000000E-002  1.018617925908745E-010
  2.788000000000000E-002  1.018552536777866E-010
  2.790000000000000E-002  1.018478926498711E-010
  2.792000000000000E-002  1.018394609268820E-010
  2.794000000000000E-002  1.018297400330206E-010
  2.796000000000000E-002  1.018213097670846E-010
  2.798000000000000E-002  1.018161964998954E-010
  2.800000000000000E-002  1.018140795486545E-010
  2.802000000000000E-002  1.018137783262736E-010
  2.804000000000000E-002  1.018142402826226E-010
  2.806000000000000E-002  1.018160717139040E-010
  2.808000000000000E-002  1.018203528336041E-010
  2.810000000000000E-002  1.018285209012970E-010
  2.812000000000000E-002  1.018425678081365E-010
  2.814000000000000E-002  1.018652647559171E-010
  2.816000000000000E-002  1.019004489488900E-010
  2.818000000000000E-002  1.019533921008907E-010
  2.820000000000000E-002  1.020313688934865E-010
  2.822000000000000E-002  1.021443598594605E-010
  2.824000000000000E-002  1.023060195600382E-010
  2.826000000000000E-002  1.025348915705754E-010
  2.828000000000000E-002  1.028559766957057E-010
  2.830000000000000E-002  1.033026979773153E-010
  2.832000000000000E-002  1.039193635929018E-010
  2.834000000000000E-002  1.047641800597743E-010
  2.836000000000000E-002  1.059128704985730E-010
  2.838000000000000E-002  1.074629459607231E-010
  2.840000000000000E-002  1.095385468012176E-010
  2.842000000000000E-002  1.122957849640229E-010
  2.844000000000000E-002  1.159283886853241E-010
  2.846000000000000E-002  1.206732530492894E-010
  2.848000000000000E-002  1.268153591366615E-010
  2.850000000000000E-002  1.346913093816476E-010
  2.852000000000000E-002  1.446905342933314E-010
  2.854000000000000E-002  1.572530203587390E-010
  2.856000000000000E-002  1.728621231124193E-010
  2.858000000000000E-002  1.920307988343966E-010
  2.860000000000000E-002  2.152804917329371E-010
  2.862000000000000E-002  2.431124079930799E-010
  2.864000000000000E-002  2.759715979652783E-010
  2.866000000000000E-002  3.142048196649267E-010
  2.868000000000000E-002  3.580126407879539E-010
  2.870000000000000E-002  4.073935555359148E-010
  2.872000000000000E-002  4.620734233594894E-010
  2.874000000000000E-002  5.214152491243314E-010
  2.876000000000000E-002  5.843315370661096E-010
  2.878000000000000E-002  6.491748636148992E-010
  2.880000000000000E-002  7.129279449716057E-010
  2.882000000000000E-002  7.747463348520818E-010
  2.884000000000000E-002  8.331968124928755E-010
  2.886000000000000E-002  8.851827001532000E-010
  2.888000000000000E-002  9.274152039203865E-010
  2.890000000000000E-002  9.578387273999040E-010
  2.892000000000000E-002  9.763858097446927E-010
  2.894000000000000E-002  9.850376261608479E-010
  2.896000000000000E-002  9.873429231029284E-010
  2.898000000000000E-002  9.871771942450657E-010
  2.900000000000000E-002  9.855251578350028E-010
  2.902000000000000E-002  9.814575767032427E-010
  2.904000000000000E-002  9.741425560372713E-010
  2.906000000000000E-002  9.627397685026140E-010
  2.908000000000000E-002  9.463072271429226E-010
  2.910000000000000E-002  9.237523007950378E-010
  2.912000000000000E-002  8.938249746057050E-010
  2.914000000000000E-002  8.551444471446307E-010
  2.916000000000000E-002  8.062580607772449E-010
  2.918000000000000E-002  7.457251367663393E-010
  2.920000000000000E-002  6.772572711405682E-010
  2.922000000000000E-002  6.262628264468775E-010
  2.924000000000000E-002  5.970122175482221E-010
  2.926000000000000E-002  5.848055882139566E-010
  2.928000000000000E-002  5.827266586882750E-010
  2.930000000000000E-002  5.850877780096059E-010
  2.932000000000000E-002  5.950397816762607E-010
  2.934000000000000E-002  6.181658895403203E-010
  2.936000000000000E-002  6.604383172184778E-010
  2.938000000000000E-002  7.282542142062839E-010
  2.940000000000000E-002  8.282970696206583E-010
  2.942000000000000E-002  9.673307027185719E-010
  2.944000000000000E-002  1.151946702950712E-009
  2.946000000000000E-002  1.388298267255718E-009
  2.948000000000000E-002  1.681888418053279E-009
  2.950000000000000E-002  2.037503571739070E-009
  2.952000000000000E-002  2.459412320551969E-009
  2.954000000000000E-002  2.951980514824024E-009
  2.956000000000000E-002  3.520888921623108E-009
  2.958000000000000E-002  4.175179641069405E-009
  2.960000000000000E-002  4.930407811117564E-009
  2.962000000000000E-002  5.813239705509042E-009
  2.964000000000000E-002  6.867918350479893E-009
  2.966000000000000E-002  8.165108447009944E-009
  2.968000000000000E-002  9.813712960657118E-009
  2.970000000000000E-002  1.197629654611893E-008
  2.972000000000000E-002  1.488868235628237E-008
  2.974000000000000E-002  1.888403449514714E-008
  2.976000000000000E-002  2.442118301938094E-008
  2.978000000000000E-002  3.211596877119577E-008
  2.980000000000000E-002  4.277287584373247E-008
  2.982000000000000E-002  5.741214321744213E-008
  2.984000000000000E-002  7.728503056454671E-008
  2.986000000000000E-002  1.038673856450130E-007
  2.988000000000000E-002  1.388201306946044E-007
  2.990000000000000E-002  1.839066059558676E-007
  2.992000000000000E-002  2.408635928539541E-007
  2.994000000000000E-002  3.112388211244421E-007
  2.996000000000000E-002  3.962374831439811E-007
  2.998000000000000E-002  4.966769601932090E-007
  3.000000000000000E-002  6.131799812207708E-007
  3.002000000000000E-002  7.460045101886650E-007
  3.004000000000000E-002  8.831104518801821E-007
  3.006000000000000E-002  9.893761168103007E-007
  3.008000000000000E-002  1.060192685071237E-006
  3.010000000000000E-002  1.101232289424622E-006
  3.012000000000000E-002  1.121572309660242E-006
  3.014000000000000E-002  1.126149756115855E-006
  3.016000000000000E-002  1.123941109147351E-006
  3.018000000000000E-002  1.118054884035235E-006
  3.020000000000000E-002  1.112504683615124E-006
  3.022000000000000E-002  1.111979391949247E-006
  3.024000000000000E-002  1.118104395983218E-006
  3.026000000000000E-002  1.138292872558910E-006
  3.028000000000000E-002  1.180910669103625E-006
  3.030000000000000E-002  1.255238135352540E-006
  3.032000000000000E-002  1.371304934395718E-006
  3.034000000000000E-002  1.540588341473120E-006
  3.036000000000000E-002  1.777672843205497E-006
  3.038000000000000E-002  2.102521165987235E-006
  3.040000000000000E-002  2.543319739419917E-006
  3.042000000000000E-002  3.140102462680699E-006
  3.044000000000000E-002  3.949330809087165E-006
  3.046000000000000E-002  5.050032545782558E-006
  3.048000000000000E-002  6.552294058754048E-006
  3.050000000000000E-002  8.609119323316622E-006
  3.052000000000000E-002  1.143297122621320E-005
  3.054000000000000E-002  1.531879677700321E-005
  3.056000000000000E-002  2.067599116487752E-005
  3.058000000000000E-002  2.807252537433407E-005
  3.060000000000000E-002  3.829522260469595E-005
  3.062000000000000E-002  5.243066373236925E-005
  3.064000000000000E-002  7.197286017057289E-005
  3.066000000000000E-002  9.896491745047830E-005
  3.068000000000000E-002  1.361828115316141E-004
  3.070000000000000E-002  1.873706180116249E-004
  3.072000000000000E-002  2.575361830997056E-004
  3.074000000000000E-002  3.533140182935939E-004
  3.076000000000000E-002  4.833990108479046E-004
  3.078000000000000E-002  6.590482805149221E-004
  3.080000000000000E-002  8.946348238500499E-004
  3.082000000000000E-002  1.208222266683330E-003
  3.084000000000000E-002  1.622105150921720E-003
  3.086000000000000E-002  2.163216021243442E-003
  3.088000000000000E-002  2.863234094890765E-003
  3.090000000000000E-002  3.758285571902152E-003
  3.092000000000000E-002  4.887994310189553E-003
  3.094000000000000E-002  6.293591825483335E-003
  3.096000000000000E-002  8.014830189888330E-003
  3.098000000000000E-002  1.008533141911949E-002
  3.100000000000000E-002  1.229673948943671E-002
  3.102000000000000E-002  1.398135403066944E-002
  3.104000000000000E-002  1.510212242966971E-002
  3.106000000000000E-002  1.574727531624296E-002
  3.108000000000000E-002  1.604186357026315E-002
  3.110000000000000E-002  1.611214673977742E-002
  3.112000000000000E-002  1.606520060167901E-002
  3.114000000000000E-002  1.586688786724106E-002
  3.116000000000000E-002  1.541713560165195E-002
  3.118000000000000E-002  1.462668840761482E-002
  3.120000000000000E-002  1.342457550040601E-002
  3.122000000000000E-002  1.178484290056048E-002
  3.124000000000000E-002  1.025434966606074E-002
  3.126000000000000E-002  9.352820641477423E-003
  3.128000000000000E-002  8.950508315718093E-003
  3.130000000000000E-002  8.856438538227243E-003
  3.132000000000000E-002  8.948474431915151E-003
  3.134000000000000E-002  9.338231918441011E-003
  3.136000000000001E-002  1.025926018312586E-002
  3.138000000000001E-002  1.199133316927053E-002
  3.140000000000000E-002  1.488039922208853E-002
  3.142000000000000E-002  1.935663973793081E-002
  3.144000000000000E-002  2.595312150797505E-002
  3.146000000000000E-002  3.532265613622272E-002
  3.148000000000000E-002  4.824878802812125E-002
  3.150000000000000E-002  6.564555583258196E-002
  3.152000000000000E-002  8.853921736539787E-002
  3.154000000000001E-002  0.118024579656649     
  3.156000000000000E-002  0.155189702420606     
  3.158000000000000E-002  0.201006445412869     
  3.160000000000000E-002  0.256192464720520     
  3.162000000000000E-002  0.321061281604137     
  3.164000000000000E-002  0.395390158166218     
  3.166000000000000E-002  0.473289003755662     
  3.168000000000000E-002  0.537102317823400     
  3.170000000000001E-002  0.587235017374848     
  3.172000000000001E-002  0.626377414226675     
  3.174000000000000E-002  0.656861993657627     
  3.176000000000000E-002  0.680459593964653     
  3.178000000000000E-002  0.698402885892791     
  3.180000000000000E-002  0.711527182315576     
  3.182000000000000E-002  0.720441362443936     
  3.184000000000000E-002  0.725727456143002     
  3.186000000000000E-002  0.728101621929964     
  3.188000000000001E-002  0.728504928710764     
  3.190000000000000E-002  0.727542585959053     
  3.192000000000000E-002  0.724757974907835     
  3.194000000000000E-002  0.719971395226881     
  3.196000000000000E-002  0.712188250851583     
  3.198000000000000E-002  0.700394479715602     
  3.200000000000000E-002  0.685298116599427     
  3.202000000000000E-002  0.676130619698632     
  3.204000000000001E-002  0.673692185650426     
  3.206000000000001E-002  0.674308718788669     
  3.208000000000000E-002  0.678516880250662     
  3.210000000000000E-002  0.688858688498555     
  3.212000000000000E-002  0.707052266132332     
  3.214000000000000E-002  0.733243576097598     
  3.216000000000000E-002  0.764165323832516     
  3.218000000000000E-002  0.788829986173409     
  3.220000000000000E-002  0.807214641828639     
  3.222000000000001E-002  0.821805131647747     
  3.224000000000000E-002  0.834175769206594     
  3.226000000000000E-002  0.845292090905866     
  3.228000000000000E-002  0.855665926899887     
  3.230000000000000E-002  0.865601657688242     
  3.232000000000000E-002  0.875203557199439     
  3.234000000000000E-002  0.884147158786642     
  3.236000000000000E-002  0.892138307635938     
  3.238000000000001E-002  0.899103307344531     
  3.240000000000001E-002  0.905052765064038     
  3.242000000000000E-002  0.910054394117504     
  3.244000000000000E-002  0.914205373884580     
  3.246000000000000E-002  0.917611996450095     
  3.248000000000000E-002  0.920376916415585     
  3.250000000000000E-002  0.922592383260993     
  3.252000000000000E-002  0.924337730006273     
  3.254000000000000E-002  0.925679731398191     
  3.256000000000001E-002  0.926673287777347     
  3.258000000000000E-002  0.927362553320064     
  3.260000000000000E-002  0.927783040321692     
  3.262000000000000E-002  0.927967054734334     
  3.264000000000000E-002  0.927969858481684     
  3.266000000000000E-002  0.927777154495799     
  3.268000000000000E-002  0.927311998853777     
  3.270000000000000E-002  0.926595845030050     
  3.272000000000001E-002  0.925654576494391     
  3.274000000000001E-002  0.924475746188080     
  3.276000000000000E-002  0.923025691704887     
  3.278000000000000E-002  0.921268499319054     
  3.280000000000000E-002  0.919169018472394     
  3.282000000000000E-002  0.916689395850168     
  3.284000000000000E-002  0.913787167608468     
  3.286000000000000E-002  0.910415986262910     
  3.288000000000000E-002  0.906527018613655     
  3.290000000000001E-002  0.902070110460726     
  3.292000000000000E-002  0.896994884703943     
  3.294000000000000E-002  0.891251948528121     
  3.296000000000000E-002  0.884794965804054     
  3.298000000000000E-002  0.877583865647975     
  3.300000000000000E-002  0.869588971442737     
  3.302000000000000E-002  0.860795390513480     
  3.304000000000000E-002  0.851208214054556     
  3.306000000000001E-002  0.840858405701370     
  3.308000000000001E-002  0.829809734505066     
  3.310000000000000E-002  0.818166618713968     
  3.312000000000000E-002  0.806084899660575     
  3.314000000000000E-002  0.794071508355996     
  3.316000000000000E-002  0.782483955495746     
  3.318000000000000E-002  0.771137828834830     
  3.320000000000000E-002  0.759851590800555     
  3.322000000000000E-002  0.748529276924156     
  3.324000000000001E-002  0.737107886129831     
  3.326000000000000E-002  0.725520113788646     
  3.328000000000000E-002  0.713684867217254     
  3.330000000000000E-002  0.701495382956195     
  3.332000000000000E-002  0.688808582840275     
  3.334000000000000E-002  0.675434444007596     
  3.336000000000000E-002  0.661125316454251     
  3.338000000000000E-002  0.645565681274048     
  3.340000000000001E-002  0.628385729833704     
  3.342000000000001E-002  0.609174423094021     
  3.344000000000000E-002  0.587501053419196     
  3.346000000000000E-002  0.562939599614900     
  3.348000000000000E-002  0.535102577989790     
  3.350000000000000E-002  0.503695443971942     
  3.352000000000000E-002  0.468761824108913     
  3.354000000000000E-002  0.435929752314334     
  3.356000000000000E-002  0.409460483999867     
  3.358000000000001E-002  0.388601235690692     
  3.360000000000000E-002  0.372297271336487     
  3.362000000000000E-002  0.359401064355526     
  3.364000000000000E-002  0.348807513859582     
  3.366000000000000E-002  0.339562689057470     
  3.368000000000000E-002  0.330940022532892     
  3.370000000000000E-002  0.322485436742437     
  3.372000000000000E-002  0.313993369995606     
  3.374000000000001E-002  0.305267974805717     
  3.376000000000001E-002  0.295965115687193     
  3.378000000000000E-002  0.285593328735405     
  3.380000000000000E-002  0.273536986620849     
  3.382000000000000E-002  0.259090627657832     
  3.384000000000000E-002  0.241521426917786     
  3.386000000000000E-002  0.220146923752246     
  3.388000000000000E-002  0.194436877505854     
  3.390000000000000E-002  0.164124212005571     
  3.392000000000001E-002  0.129495660189551     
  3.394000000000000E-002  9.712178594010258E-002
  3.396000000000000E-002  7.169515832087660E-002
  3.398000000000000E-002  5.218566882543027E-002
  3.400000000000000E-002  3.750744796701840E-002
  3.402000000000000E-002  2.665867211965161E-002
  3.404000000000000E-002  1.876696287606769E-002
  3.406000000000000E-002  1.310827490631354E-002
  3.408000000000001E-002  9.103088571191329E-003
  3.410000000000001E-002  6.300716322692634E-003
  3.412000000000000E-002  4.359218084234244E-003
  3.414000000000000E-002  3.024748136147270E-003
  3.416000000000000E-002  2.112520878676245E-003
  3.418000000000000E-002  1.490429937385762E-003
  3.420000000000000E-002  1.065625465913674E-003
  3.422000000000000E-002  7.739057018061375E-004
  3.424000000000000E-002  5.715553944470789E-004
  3.426000000000001E-002  4.292042862743858E-004
  3.428000000000000E-002  3.273017699361109E-004
  3.430000000000000E-002  2.528711899304373E-004
  3.432000000000000E-002  1.972738554288052E-004
  3.434000000000000E-002  1.548355132759174E-004
  3.436000000000000E-002  1.215478240335236E-004
  3.438000000000000E-002  9.488767208821532E-005
  3.440000000000000E-002  7.335405182092283E-005
  3.442000000000001E-002  5.606506150071802E-005
  3.444000000000001E-002  4.243692048916535E-005
  3.446000000000000E-002  3.203512330101495E-005
  3.448000000000000E-002  2.454665781358892E-005
  3.450000000000000E-002  1.966457583273008E-005
  3.452000000000000E-002  1.699456622323632E-005
  3.454000000000000E-002  1.596943837421127E-005
  3.456000000000000E-002  1.585340417556042E-005
  3.458000000000000E-002  1.617469293601092E-005
  3.460000000000001E-002  1.735841497486809E-005
  3.462000000000000E-002  2.003157032031122E-005
  3.464000000000000E-002  2.499564964404646E-005
  3.466000000000000E-002  3.332055000746702E-005
  3.468000000000000E-002  4.645979689031836E-005
  3.470000000000000E-002  6.639732665662484E-005
  3.472000000000000E-002  9.582825128500087E-005
  3.474000000000000E-002  1.383780954912489E-004
  3.476000000000001E-002  1.988621180219923E-004
  3.478000000000001E-002  2.835822507486334E-004
  3.480000000000000E-002  4.006534567001071E-004
  3.482000000000000E-002  5.603433115048845E-004
  3.484000000000000E-002  7.753997283108432E-004
  3.486000000000000E-002  1.061328786426346E-003
  3.488000000000000E-002  1.436569720697126E-003
  3.490000000000000E-002  1.922496159263834E-003
  3.492000000000000E-002  2.543159553946636E-003
  3.494000000000001E-002  3.324681235984121E-003
  3.496000000000000E-002  4.294198834277148E-003
  3.498000000000000E-002  5.478285577566772E-003
  3.500000000000000E-002  6.900780821344369E-003
  3.502000000000000E-002  8.579838080631161E-003
  3.504000000000000E-002  1.026575187576078E-002
  3.506000000000000E-002  1.151274353132935E-002
  3.508000000000000E-002  1.233712717708104E-002
  3.510000000000001E-002  1.280924760084919E-002
  3.512000000000001E-002  1.302002806818933E-002
  3.514000000000000E-002  1.307111449057019E-002
  3.516000000000000E-002  1.305475494181212E-002
  3.518000000000000E-002  1.296061524314202E-002
  3.520000000000000E-002  1.273421751589439E-002
  3.522000000000000E-002  1.232142176629002E-002
  3.524000000000000E-002  1.167632157546483E-002
  3.526000000000000E-002  1.076491708963171E-002
  3.528000000000001E-002  9.569389774056568E-003
  3.530000000000000E-002  8.091984558608446E-003
  3.532000000000000E-002  6.368961987621780E-003
  3.534000000000000E-002  4.767474509032359E-003
  3.536000000000000E-002  3.526524967533451E-003
  3.538000000000000E-002  2.580186644016987E-003
  3.540000000000000E-002  1.867923012648992E-003
  3.542000000000000E-002  1.338564300344699E-003
  3.544000000000001E-002  9.498388874689735E-004
  3.546000000000001E-002  6.676336335974507E-004
  3.548000000000000E-002  4.649875807984703E-004
  3.550000000000000E-002  3.209870901788391E-004
  3.552000000000000E-002  2.196830917479786E-004
  3.554000000000000E-002  1.491010130715130E-004
  3.556000000000000E-002  1.003793341659650E-004
  3.558000000000000E-002  6.704802841802705E-005
  3.560000000000000E-002  4.444244254061270E-005
  3.562000000000001E-002  2.923930128675317E-005
  3.564000000000001E-002  1.909746613150528E-005
  3.566000000000000E-002  1.238520243008062E-005
  3.568000000000000E-002  7.976734175536315E-006
  3.570000000000000E-002  5.102883100560964E-006
  3.572000000000000E-002  3.242999420641631E-006
  3.574000000000000E-002  2.047811886793608E-006
  3.576000000000000E-002  1.285036754600194E-006
  3.578000000000001E-002  8.014806137108346E-007
  3.580000000000001E-002  4.969255847511100E-007
  3.582000000000000E-002  3.063220532782786E-007
  3.584000000000000E-002  1.877671505289918E-007
  3.586000000000000E-002  1.144668102348197E-007
  3.588000000000000E-002  6.941020780971256E-008
  3.590000000000000E-002  4.187249976745448E-008
  3.592000000000000E-002  2.513669906428013E-008
  3.594000000000000E-002  1.502312435795489E-008
  3.596000000000001E-002  8.946415027035476E-009
  3.598000000000001E-002  5.316344622236613E-009
  3.600000000000000E-002  3.160445616015147E-009
  3.602000000000000E-002  1.887530827648652E-009
  3.604000000000000E-002  1.140352474401714E-009
  3.606000000000000E-002  7.043365402998365E-010
  3.608000000000000E-002  4.513862352728437E-010
  3.610000000000000E-002  3.054936166188057E-010
  3.612000000000001E-002  2.218368153453979E-010
  3.614000000000001E-002  1.741427476888560E-010
  3.616000000000000E-002  1.471034251378119E-010
  3.618000000000000E-002  1.318583797475095E-010
  3.620000000000000E-002  1.233097938578251E-010
  3.622000000000000E-002  1.185422704828917E-010
  3.624000000000000E-002  1.158981503842100E-010
  3.626000000000000E-002  1.144403669186346E-010
  3.628000000000000E-002  1.136418606876819E-010
  3.630000000000001E-002  1.132077014957716E-010
  3.632000000000001E-002  1.129737328568486E-010
  3.634000000000000E-002  1.128491280865336E-010
  3.636000000000000E-002  1.127839340816436E-010
  3.638000000000000E-002  1.127508571672297E-010
  3.640000000000000E-002  1.127350668318565E-010
  3.642000000000000E-002  1.127284173955088E-010
  3.644000000000000E-002  1.127263656199457E-010
  3.646000000000001E-002  1.127262106116405E-010
  3.648000000000001E-002  1.127268459544253E-010
  3.650000000000000E-002  1.127287480388137E-010
  3.652000000000000E-002  1.127321916051547E-010
  3.654000000000000E-002  1.127371172500941E-010
  3.656000000000000E-002  1.127431548959429E-010
  3.658000000000000E-002  1.127489662665028E-010
  3.660000000000000E-002  1.127537939837036E-010
  3.662000000000000E-002  1.127580507225657E-010
  3.664000000000001E-002  1.127619822351092E-010
  3.666000000000001E-002  1.127657221436134E-010
  3.668000000000000E-002  1.127693434454378E-010
  3.670000000000000E-002  1.127728867082801E-010
  3.672000000000000E-002  1.127763728734109E-010
  3.674000000000000E-002  1.127798166016003E-010
  3.676000000000000E-002  1.127832286091360E-010
  3.678000000000000E-002  1.127866149326767E-010
  3.680000000000001E-002  1.127899844999609E-010
  3.682000000000001E-002  1.127933440856823E-010
  3.684000000000000E-002  1.127966998811517E-010
  3.686000000000000E-002  1.128000573821777E-010
  3.688000000000000E-002  1.128034239208541E-010
  3.690000000000000E-002  1.128068067479355E-010
  3.692000000000000E-002  1.128102099897373E-010
  3.694000000000000E-002  1.128136330375688E-010
  3.696000000000000E-002  1.128170857408582E-010
  3.698000000000001E-002  1.128205770885078E-010
  3.700000000000001E-002  1.128241110171355E-010
  3.702000000000000E-002  1.128276907184094E-010
  3.704000000000000E-002  1.128313164707998E-010
  3.706000000000000E-002  1.128349897081305E-010
  3.708000000000000E-002  1.128387158742071E-010
  3.710000000000000E-002  1.128424976644510E-010
  3.712000000000000E-002  1.128463430998787E-010
  3.714000000000001E-002  1.128502526047437E-010
  3.716000000000001E-002  1.128542328189778E-010
  3.718000000000000E-002  1.128582920022304E-010
  3.720000000000000E-002  1.128624364883330E-010
  3.722000000000000E-002  1.128666798119619E-010
  3.724000000000000E-002  1.128710374461236E-010
  3.726000000000000E-002  1.128754333730983E-010
  3.728000000000000E-002  1.128796178038734E-010
  3.730000000000000E-002  1.128835040647184E-010
  3.732000000000001E-002  1.128870491354086E-010
  3.734000000000001E-002  1.128902541369977E-010
  3.736000000000000E-002  1.128931084472838E-010
  3.738000000000000E-002  1.128956220505290E-010
  3.740000000000000E-002  1.128978295327441E-010
  3.742000000000000E-002  1.128998079636039E-010
  3.744000000000000E-002  1.129016401958697E-010
  3.746000000000000E-002  1.129032957781689E-010
  3.748000000000001E-002  1.129047274493814E-010
  3.750000000000001E-002  1.129059762292737E-010
  3.752000000000000E-002  1.129070600143438E-010
  3.754000000000000E-002  1.129080318726884E-010
  3.756000000000000E-002  1.129089266671907E-010
  3.758000000000000E-002  1.129096800243467E-010
  3.760000000000000E-002  1.129103056900079E-010
  3.762000000000000E-002  1.129108326792414E-010
  3.764000000000000E-002  1.129113138737465E-010
  3.766000000000001E-002  1.129116886293576E-010
  3.768000000000001E-002  1.129120310821180E-010
  3.770000000000000E-002  1.129121255217099E-010
  3.772000000000000E-002  1.129120207021197E-010
  3.774000000000000E-002  1.129117758502376E-010
  3.776000000000000E-002  1.129114981022802E-010
  3.778000000000000E-002  1.129120135494856E-010
  3.780000000000000E-002  1.129146167346172E-010
  3.782000000000001E-002  1.129221955053413E-010
  3.784000000000001E-002  1.129416198469040E-010
  3.786000000000000E-002  1.129912012602317E-010
  3.788000000000000E-002  1.131155865645939E-010
  3.790000000000000E-002  1.133845952560965E-010
  3.792000000000000E-002  1.136497136842015E-010
  3.794000000000000E-002  1.137971440357365E-010
  3.796000000000000E-002  1.138724938342166E-010
  3.798000000000000E-002  1.138990761602123E-010
  3.800000000000001E-002  1.139111269630869E-010
  3.802000000000001E-002  1.139087444034397E-010
  3.804000000000000E-002  1.139015904502255E-010
  3.806000000000000E-002  1.138909690987244E-010
  3.808000000000000E-002  1.138775664277742E-010
  3.810000000000000E-002  1.138619183223358E-010
  3.812000000000000E-002  1.138446250670238E-010
  3.814000000000000E-002  1.138260716889889E-010
  3.816000000000001E-002  1.138062936186314E-010
  3.818000000000001E-002  1.137873080229919E-010
  3.820000000000000E-002  1.137696224549489E-010
  3.822000000000000E-002  1.137550418415207E-010
  3.824000000000000E-002  1.137415068217131E-010
  3.826000000000000E-002  1.137291133638999E-010
  3.828000000000000E-002  1.137179566487465E-010
  3.830000000000000E-002  1.137081238780972E-010
  3.832000000000000E-002  1.136994324429382E-010
  3.834000000000001E-002  1.136914798992830E-010
  3.836000000000001E-002  1.136845831980557E-010
  3.838000000000000E-002  1.136788221122639E-010
  3.840000000000000E-002  1.136734748186340E-010
  3.842000000000000E-002  1.136703884002979E-010
  3.844000000000000E-002  1.136673517900127E-010
  3.846000000000000E-002  1.136670800853153E-010
  3.848000000000000E-002  1.136679441844172E-010
  3.850000000000001E-002  1.136698418850654E-010
  3.852000000000001E-002  1.136726169670037E-010
  3.854000000000000E-002  1.136763497246373E-010
  3.856000000000000E-002  1.136816242033316E-010
  3.858000000000000E-002  1.136884652751003E-010
  3.860000000000000E-002  1.136963056562297E-010
  3.862000000000000E-002  1.137047720846236E-010
  3.864000000000000E-002  1.137138864057623E-010
  3.866000000000000E-002  1.137235385117236E-010
  3.868000000000001E-002  1.137336127451498E-010
  3.870000000000001E-002  1.137439535598150E-010
  3.872000000000000E-002  1.137546435411658E-010
  3.874000000000000E-002  1.137649359682542E-010
  3.876000000000000E-002  1.137747643181619E-010
  3.878000000000000E-002  1.137831582463618E-010
  3.880000000000000E-002  1.137903010386762E-010
  3.882000000000000E-002  1.137966030407737E-010
  3.884000000000001E-002  1.138023692310674E-010
  3.886000000000001E-002  1.138082600505952E-010
  3.888000000000000E-002  1.138144317461867E-010
  3.890000000000000E-002  1.138207576766213E-010
  3.892000000000000E-002  1.138273199322186E-010
  3.894000000000000E-002  1.138347408980274E-010
  3.896000000000000E-002  1.138436269611898E-010
  3.898000000000000E-002  1.138535012681502E-010
  3.900000000000000E-002  1.138632053791400E-010
  3.902000000000001E-002  1.138722746344970E-010
  3.904000000000001E-002  1.138811012563452E-010
  3.906000000000000E-002  1.138893811375549E-010
  3.908000000000000E-002  1.138971373514323E-010
  3.910000000000000E-002  1.139038115575292E-010
  3.912000000000000E-002  1.139092838859366E-010
  3.914000000000000E-002  1.139141845099029E-010
  3.916000000000000E-002  1.139176668093539E-010
  3.918000000000001E-002  1.139203061391326E-010
  3.920000000000001E-002  1.139216895676279E-010
  3.922000000000000E-002  1.139217994164424E-010
  3.924000000000000E-002  1.139212955074482E-010
  3.926000000000000E-002  1.139202904068562E-010
  3.928000000000000E-002  1.139180692381833E-010
  3.930000000000000E-002  1.139141557194283E-010
  3.932000000000000E-002  1.139081286753363E-010
  3.934000000000000E-002  1.138995652517010E-010
  3.936000000000001E-002  1.138882531109260E-010
  3.938000000000001E-002  1.138768931869622E-010
  3.940000000000000E-002  1.138677628565657E-010
  3.942000000000000E-002  1.138615906370522E-010
  3.944000000000000E-002  1.138582922155481E-010
  3.946000000000000E-002  1.138567995215943E-010
  3.948000000000000E-002  1.138580045533727E-010
  3.950000000000000E-002  1.138601061060664E-010
  3.952000000000001E-002  1.138634273177006E-010
  3.954000000000001E-002  1.138679884042619E-010
  3.956000000000000E-002  1.138739659887657E-010
  3.958000000000000E-002  1.138794631466277E-010
  3.960000000000000E-002  1.138839723114108E-010
  3.962000000000000E-002  1.138861987123111E-010
  3.964000000000000E-002  1.138880154051805E-010
  3.966000000000000E-002  1.138875452052667E-010
  3.968000000000000E-002  1.138862917355652E-010
  3.970000000000001E-002  1.138844706610377E-010
  3.972000000000001E-002  1.138829513504690E-010
  3.974000000000000E-002  1.138823838998530E-010
  3.976000000000000E-002  1.138828185031695E-010
  3.978000000000000E-002  1.138835976585487E-010
  3.980000000000000E-002  1.138846015328554E-010
  3.982000000000000E-002  1.138848996682791E-010
  3.984000000000000E-002  1.138844662160624E-010
  3.986000000000001E-002  1.138834696406602E-010
  3.988000000000001E-002  1.138820863187666E-010
  3.990000000000000E-002  1.138805699729573E-010
  3.992000000000000E-002  1.138790312328785E-010
  3.994000000000000E-002  1.138774717918507E-010
  3.996000000000000E-002  1.138758492514366E-010
  3.998000000000000E-002  1.138734785670812E-010
  4.000000000000000E-002  1.138734785670812E-010
