  0.000000000000000E+000  1.000000000000000E-010
  2.000000000000000E-005  1.000000000000000E-010
  4.000000000000000E-005  1.000000000000000E-010
  6.000000000000001E-005  1.000000000000000E-010
  8.000000000000001E-005  1.000000000000000E-010
  1.000000000000000E-004  1.000000000000000E-010
  1.200000000000000E-004  1.000000000000000E-010
  1.400000000000000E-004  1.000000000000000E-010
  1.600000000000000E-004  1.000000000000000E-010
  1.800000000000000E-004  1.000000000000000E-010
  2.000000000000000E-004  1.000000000000000E-010
  2.200000000000000E-004  1.000000000000000E-010
  2.400000000000000E-004  1.000000000000000E-010
  2.600000000000000E-004  1.000000000000000E-010
  2.800000000000000E-004  1.000000000000000E-010
  3.000000000000000E-004  1.000000000000000E-010
  3.200000000000000E-004  1.000000000000000E-010
  3.400000000000000E-004  1.000000000000000E-010
  3.600000000000000E-004  1.000000000000000E-010
  3.800000000000000E-004  1.000000000000000E-010
  4.000000000000000E-004  1.000000000000000E-010
  4.200000000000000E-004  1.000000000000000E-010
  4.400000000000000E-004  1.000000000000000E-010
  4.600000000000000E-004  1.000000000000000E-010
  4.800000000000001E-004  1.000000000000000E-010
  5.000000000000000E-004  1.000000000000000E-010
  5.200000000000001E-004  1.000000000000000E-010
  5.400000000000000E-004  1.000000000000000E-010
  5.600000000000001E-004  1.000000000000000E-010
  5.800000000000000E-004  1.000000000000000E-010
  6.000000000000001E-004  1.000000000000000E-010
  6.200000000000000E-004  1.000000000000000E-010
  6.400000000000001E-004  1.000000000000000E-010
  6.600000000000001E-004  1.000000000000000E-010
  6.800000000000000E-004  1.000000000000000E-010
  7.000000000000001E-004  1.000000000000000E-010
  7.200000000000000E-004  1.000000000000000E-010
  7.400000000000001E-004  1.000000000000000E-010
  7.600000000000000E-004  1.000000000000000E-010
  7.800000000000001E-004  1.000000000000000E-010
  8.000000000000000E-004  1.000000000000000E-010
  8.200000000000001E-004  1.000000000000000E-010
  8.400000000000000E-004  1.000000000000000E-010
  8.600000000000001E-004  1.000000000000000E-010
  8.800000000000000E-004  1.000000000000000E-010
  9.000000000000001E-004  1.000000000000000E-010
  9.200000000000000E-004  1.000000000000000E-010
  9.400000000000001E-004  1.000000000000000E-010
  9.600000000000001E-004  1.000000000000000E-010
  9.800000000000002E-004  1.000000000000000E-010
  1.000000000000000E-003  1.000000000000000E-010
  1.020000000000000E-003  1.000000000000000E-010
  1.040000000000000E-003  1.000000000000000E-010
  1.060000000000000E-003  1.000000000000000E-010
  1.080000000000000E-003  1.000000000000000E-010
  1.100000000000000E-003  1.000000000000000E-010
  1.120000000000000E-003  1.000000000000000E-010
  1.140000000000000E-003  1.000000000000000E-010
  1.160000000000000E-003  1.000000000000000E-010
  1.180000000000000E-003  1.000000000000000E-010
  1.200000000000000E-003  1.000000000000000E-010
  1.220000000000000E-003  1.000000000000000E-010
  1.240000000000000E-003  1.000000000000000E-010
  1.260000000000000E-003  1.000000000000000E-010
  1.280000000000000E-003  1.000000000000000E-010
  1.300000000000000E-003  1.000000000000000E-010
  1.320000000000000E-003  1.000000000000000E-010
  1.340000000000000E-003  1.000000000000000E-010
  1.360000000000000E-003  1.000000000000000E-010
  1.380000000000000E-003  1.000000000000000E-010
  1.400000000000000E-003  1.000000000000000E-010
  1.420000000000000E-003  1.000000000000000E-010
  1.440000000000000E-003  1.000000000000000E-010
  1.460000000000000E-003  1.000000000000000E-010
  1.480000000000000E-003  1.000000000000000E-010
  1.500000000000000E-003  1.000000000000000E-010
  1.520000000000000E-003  1.000000000000000E-010
  1.540000000000000E-003  1.000000000000000E-010
  1.560000000000000E-003  1.000000000000000E-010
  1.580000000000000E-003  1.000000000000000E-010
  1.600000000000000E-003  1.000000000000000E-010
  1.620000000000000E-003  1.000000000000000E-010
  1.640000000000000E-003  1.000000000000000E-010
  1.660000000000000E-003  1.000000000000000E-010
  1.680000000000000E-003  1.000000000000000E-010
  1.700000000000000E-003  1.000000000000000E-010
  1.720000000000000E-003  1.000000000000000E-010
  1.740000000000000E-003  1.000000000000000E-010
  1.760000000000000E-003  1.000000000000000E-010
  1.780000000000000E-003  1.000000000000000E-010
  1.800000000000000E-003  1.000000000000000E-010
  1.820000000000000E-003  1.000000000000000E-010
  1.840000000000000E-003  1.000000000000000E-010
  1.860000000000000E-003  1.000000000000000E-010
  1.880000000000000E-003  1.000000000000000E-010
  1.900000000000000E-003  1.000000000000000E-010
  1.920000000000000E-003  1.000000000000000E-010
  1.940000000000000E-003  1.000000000000000E-010
  1.960000000000000E-003  1.000000000000000E-010
  1.980000000000000E-003  1.000000000000000E-010
  2.000000000000000E-003  1.000000000000000E-010
  2.020000000000000E-003  1.000000000000000E-010
  2.040000000000000E-003  1.000000000000000E-010
  2.060000000000000E-003  1.000000000000000E-010
  2.080000000000000E-003  1.000000000000000E-010
  2.100000000000000E-003  1.000000000000000E-010
  2.120000000000000E-003  1.000000000000000E-010
  2.140000000000000E-003  1.000000000000000E-010
  2.160000000000000E-003  1.000000000000000E-010
  2.180000000000000E-003  1.000000000000000E-010
  2.200000000000000E-003  1.000000000000000E-010
  2.220000000000000E-003  1.000000000000000E-010
  2.240000000000000E-003  1.000000000000000E-010
  2.260000000000000E-003  1.000000000000000E-010
  2.280000000000000E-003  1.000000000000000E-010
  2.300000000000000E-003  1.000000000000000E-010
  2.320000000000000E-003  1.000000000000000E-010
  2.340000000000000E-003  1.000000000000000E-010
  2.360000000000000E-003  1.000000000000000E-010
  2.380000000000000E-003  1.000000000000000E-010
  2.400000000000000E-003  1.000000000000000E-010
  2.420000000000000E-003  1.000000000000000E-010
  2.440000000000000E-003  1.000000000000000E-010
  2.460000000000000E-003  1.000000000000000E-010
  2.480000000000000E-003  1.000000000000000E-010
  2.500000000000000E-003  1.000000000000000E-010
  2.520000000000000E-003  1.000000000000000E-010
  2.540000000000000E-003  1.000000000000000E-010
  2.560000000000000E-003  1.000000000000000E-010
  2.580000000000000E-003  1.000000000000000E-010
  2.600000000000000E-003  1.000000000000000E-010
  2.620000000000000E-003  1.000023494760564E-010
  2.640000000000000E-003  1.000404207523569E-010
  2.660000000000000E-003  1.002626340353424E-010
  2.680000000000000E-003  1.008276542938649E-010
  2.700000000000000E-003  1.011815656637181E-010
  2.720000000000000E-003  1.012937246497378E-010
  2.740000000000000E-003  1.013151708784624E-010
  2.760000000000000E-003  1.013145899924931E-010
  2.780000000000000E-003  1.012990981039879E-010
  2.800000000000000E-003  1.012792701605260E-010
  2.820000000000000E-003  1.012640838394680E-010
  2.840000000000000E-003  1.012492160985848E-010
  2.860000000000000E-003  1.012337723800567E-010
  2.880000000000000E-003  1.012201387181207E-010
  2.900000000000000E-003  1.012102003538178E-010
  2.920000000000000E-003  1.012070754946113E-010
  2.940000000000000E-003  1.012104357982592E-010
  2.960000000000000E-003  1.012336730001593E-010
  2.980000000000000E-003  1.013102912362558E-010
  3.000000000000000E-003  1.015056271246631E-010
  3.020000000000000E-003  1.017916710001916E-010
  3.040000000000000E-003  1.019753420374234E-010
  3.060000000000000E-003  1.020617691154158E-010
  3.080000000000000E-003  1.020965914545921E-010
  3.100000000000000E-003  1.021084515478613E-010
  3.120000000000000E-003  1.021109832959384E-010
  3.140000000000000E-003  1.021065533426507E-010
  3.160000000000000E-003  1.020938893353273E-010
  3.180000000000000E-003  1.020824324148047E-010
  3.200000000000000E-003  1.020726254722715E-010
  3.220000000000000E-003  1.020633931900412E-010
  3.240000000000000E-003  1.020541302420526E-010
  3.260000000000000E-003  1.020449511512554E-010
  3.280000000000000E-003  1.020357490541659E-010
  3.300000000000000E-003  1.020267457820567E-010
  3.320000000000000E-003  1.020178645840056E-010
  3.340000000000000E-003  1.020089794114022E-010
  3.360000000000000E-003  1.020000406291184E-010
  3.380000000000000E-003  1.019911500509502E-010
  3.400000000000000E-003  1.019824346078206E-010
  3.420000000000000E-003  1.019738434700603E-010
  3.440000000000000E-003  1.019653091318983E-010
  3.460000000000000E-003  1.019567842569379E-010
  3.480000000000000E-003  1.019482468978413E-010
  3.500000000000000E-003  1.019397799401393E-010
  3.520000000000000E-003  1.019313610930265E-010
  3.540000000000000E-003  1.019229381685960E-010
  3.560000000000000E-003  1.019144850255517E-010
  3.580000000000000E-003  1.019059861209425E-010
  3.600000000000000E-003  1.018974450756439E-010
  3.620000000000000E-003  1.018888728949325E-010
  3.640000000000000E-003  1.018802511467632E-010
  3.660000000000000E-003  1.018715386529192E-010
  3.680000000000000E-003  1.018626906067116E-010
  3.700000000000000E-003  1.018536858943626E-010
  3.720000000000000E-003  1.018445183127013E-010
  3.740000000000000E-003  1.018351963187959E-010
  3.760000000000000E-003  1.018257262705711E-010
  3.780000000000000E-003  1.018161097391352E-010
  3.800000000000000E-003  1.018063532772464E-010
  3.820000000000000E-003  1.017964598646707E-010
  3.840000000000001E-003  1.017864353288435E-010
  3.860000000000000E-003  1.017762826422591E-010
  3.880000000000000E-003  1.017660144596550E-010
  3.900000000000000E-003  1.017556429302981E-010
  3.920000000000001E-003  1.017451662852783E-010
  3.940000000000000E-003  1.017345991336779E-010
  3.960000000000000E-003  1.017240214398009E-010
  3.980000000000000E-003  1.017134383128393E-010
  4.000000000000000E-003  1.017028526887672E-010
  4.020000000000000E-003  1.016922676767085E-010
  4.040000000000000E-003  1.016816716937662E-010
  4.060000000000000E-003  1.016710234234366E-010
  4.080000000000000E-003  1.016602542477086E-010
  4.100000000000000E-003  1.016492848513541E-010
  4.120000000000000E-003  1.016379839547532E-010
  4.140000000000000E-003  1.016261497483745E-010
  4.160000000000001E-003  1.016140689264533E-010
  4.180000000000001E-003  1.016025797977349E-010
  4.200000000000001E-003  1.015921181693731E-010
  4.220000000000001E-003  1.015827529064207E-010
  4.240000000000001E-003  1.015752045980974E-010
  4.260000000000001E-003  1.015700138680276E-010
  4.280000000000000E-003  1.015675016221099E-010
  4.300000000000000E-003  1.015675286811405E-010
  4.320000000000000E-003  1.015687345603581E-010
  4.340000000000000E-003  1.015734659787602E-010
  4.360000000000000E-003  1.015840061024854E-010
  4.380000000000000E-003  1.016026348675744E-010
  4.400000000000000E-003  1.016306630377523E-010
  4.420000000000000E-003  1.016589132133451E-010
  4.440000000000000E-003  1.016796124165517E-010
  4.460000000000000E-003  1.016935177624830E-010
  4.480000000000000E-003  1.017023319650373E-010
  4.500000000000001E-003  1.017075354045871E-010
  4.520000000000001E-003  1.017104311146562E-010
  4.540000000000001E-003  1.017117174568291E-010
  4.560000000000001E-003  1.017127342932370E-010
  4.580000000000001E-003  1.017101859098566E-010
  4.600000000000001E-003  1.017048271916184E-010
  4.620000000000000E-003  1.016992815059389E-010
  4.640000000000000E-003  1.016942410089273E-010
  4.660000000000000E-003  1.016896579027155E-010
  4.680000000000000E-003  1.016855522467455E-010
  4.700000000000000E-003  1.016817825370307E-010
  4.720000000000000E-003  1.016782444516067E-010
  4.740000000000000E-003  1.016748880023779E-010
  4.760000000000000E-003  1.016717203409411E-010
  4.780000000000000E-003  1.016688339264201E-010
  4.800000000000000E-003  1.016664282186532E-010
  4.820000000000000E-003  1.016647701611579E-010
  4.840000000000001E-003  1.016639819107972E-010
  4.860000000000001E-003  1.016643285129760E-010
  4.880000000000001E-003  1.016651882015708E-010
  4.900000000000001E-003  1.016675936128188E-010
  4.920000000000001E-003  1.016723458883155E-010
  4.940000000000001E-003  1.016806550023397E-010
  4.960000000000000E-003  1.016942077186194E-010
  4.980000000000000E-003  1.017152708674081E-010
  5.000000000000000E-003  1.017465060902213E-010
  5.020000000000000E-003  1.017905082225416E-010
  5.040000000000000E-003  1.018445437601255E-010
  5.060000000000000E-003  1.018917049151451E-010
  5.080000000000000E-003  1.019273521407241E-010
  5.100000000000000E-003  1.019535622195233E-010
  5.120000000000000E-003  1.019726406598944E-010
  5.140000000000000E-003  1.019865505348939E-010
  5.160000000000001E-003  1.019968335450623E-010
  5.180000000000001E-003  1.020046818229926E-010
  5.200000000000001E-003  1.020109958028672E-010
  5.220000000000001E-003  1.020164346969201E-010
  5.240000000000001E-003  1.020214226082133E-010
  5.260000000000001E-003  1.020262271132785E-010
  5.280000000000001E-003  1.020308814657917E-010
  5.300000000000000E-003  1.020352823796812E-010
  5.320000000000000E-003  1.020392466123830E-010
  5.340000000000000E-003  1.020426061037195E-010
  5.360000000000000E-003  1.020452719234293E-010
  5.380000000000000E-003  1.020472301368238E-010
  5.400000000000000E-003  1.020485578162665E-010
  5.420000000000000E-003  1.020494098628951E-010
  5.440000000000000E-003  1.020496455053657E-010
  5.460000000000000E-003  1.020490117644343E-010
  5.480000000000000E-003  1.020474427256579E-010
  5.500000000000001E-003  1.020446702257412E-010
  5.520000000000001E-003  1.020407195652209E-010
  5.540000000000001E-003  1.020356736099323E-010
  5.560000000000001E-003  1.020296482054043E-010
  5.580000000000001E-003  1.020227231352141E-010
  5.600000000000001E-003  1.020149513672743E-010
  5.620000000000001E-003  1.020064029342502E-010
  5.640000000000000E-003  1.019971665333364E-010
  5.660000000000000E-003  1.019873356690473E-010
  5.680000000000000E-003  1.019769879302965E-010
  5.700000000000000E-003  1.019661895446095E-010
  5.720000000000000E-003  1.019550142216440E-010
  5.740000000000000E-003  1.019436242561931E-010
  5.760000000000000E-003  1.019322800899077E-010
  5.780000000000000E-003  1.019210678644913E-010
  5.800000000000000E-003  1.019100520081185E-010
  5.820000000000001E-003  1.018992771388679E-010
  5.840000000000001E-003  1.018887637164443E-010
  5.860000000000001E-003  1.018785131644651E-010
  5.880000000000001E-003  1.018685092326474E-010
  5.900000000000001E-003  1.018587185066630E-010
  5.920000000000001E-003  1.018490964000418E-010
  5.940000000000001E-003  1.018395867330577E-010
  5.960000000000001E-003  1.018301502546395E-010
  5.980000000000000E-003  1.018207138343517E-010
  6.000000000000000E-003  1.018112588244937E-010
  6.020000000000000E-003  1.018017700809376E-010
  6.040000000000000E-003  1.017922109385414E-010
  6.060000000000000E-003  1.017825139529904E-010
  6.080000000000000E-003  1.017726312257417E-010
  6.100000000000000E-003  1.017625432689482E-010
  6.120000000000000E-003  1.017522549622078E-010
  6.140000000000000E-003  1.017418039027167E-010
  6.160000000000001E-003  1.017311937521253E-010
  6.180000000000001E-003  1.017204268279507E-010
  6.200000000000001E-003  1.017097096973002E-010
  6.220000000000001E-003  1.016991423118428E-010
  6.240000000000001E-003  1.016887526385427E-010
  6.260000000000001E-003  1.016785313486459E-010
  6.280000000000001E-003  1.016684420721896E-010
  6.300000000000001E-003  1.016584499270773E-010
  6.320000000000000E-003  1.016485677734751E-010
  6.340000000000000E-003  1.016388627683601E-010
  6.360000000000000E-003  1.016294323150524E-010
  6.380000000000000E-003  1.016204121858270E-010
  6.400000000000000E-003  1.016119011623175E-010
  6.420000000000000E-003  1.016039547012882E-010
  6.440000000000000E-003  1.015965770702693E-010
  6.460000000000000E-003  1.015899038635829E-010
  6.480000000000001E-003  1.015842136128357E-010
  6.500000000000001E-003  1.015798519393044E-010
  6.520000000000001E-003  1.015770686908240E-010
  6.540000000000001E-003  1.015759600559905E-010
  6.560000000000001E-003  1.015763733996197E-010
  6.580000000000001E-003  1.015775816159997E-010
  6.600000000000001E-003  1.015806018471512E-010
  6.620000000000001E-003  1.015860816375026E-010
  6.640000000000001E-003  1.015945849065217E-010
  6.660000000000000E-003  1.016066283923827E-010
  6.680000000000000E-003  1.016226650861806E-010
  6.700000000000000E-003  1.016411577607170E-010
  6.720000000000000E-003  1.016578709371518E-010
  6.740000000000000E-003  1.016720325272478E-010
  6.760000000000000E-003  1.016839896830685E-010
  6.780000000000000E-003  1.016941569168214E-010
  6.800000000000000E-003  1.017029327884126E-010
  6.820000000000001E-003  1.017107042423365E-010
  6.840000000000001E-003  1.017177929789680E-010
  6.860000000000001E-003  1.017241588092865E-010
  6.880000000000001E-003  1.017300661967075E-010
  6.900000000000001E-003  1.017357288981810E-010
  6.920000000000001E-003  1.017413330498084E-010
  6.940000000000001E-003  1.017469863098456E-010
  6.960000000000001E-003  1.017525847095647E-010
  6.980000000000001E-003  1.017578921716815E-010
  7.000000000000000E-003  1.017627116241028E-010
  7.020000000000000E-003  1.017668113021540E-010
  7.040000000000000E-003  1.017699956710577E-010
  7.060000000000000E-003  1.017723057948227E-010
  7.080000000000000E-003  1.017737850556974E-010
  7.100000000000000E-003  1.017747277044797E-010
  7.120000000000000E-003  1.017747985838443E-010
  7.140000000000001E-003  1.017745611243377E-010
  7.160000000000001E-003  1.017737636123759E-010
  7.180000000000001E-003  1.017721651064078E-010
  7.200000000000001E-003  1.017697002662205E-010
  7.220000000000001E-003  1.017664289642899E-010
  7.240000000000001E-003  1.017624852561951E-010
  7.260000000000001E-003  1.017579825771549E-010
  7.280000000000001E-003  1.017529664941885E-010
  7.300000000000001E-003  1.017474411826972E-010
  7.320000000000001E-003  1.017414591299987E-010
  7.340000000000000E-003  1.017351161364030E-010
  7.360000000000000E-003  1.017284694582434E-010
  7.380000000000000E-003  1.017215061011708E-010
  7.400000000000000E-003  1.017141999125275E-010
  7.420000000000000E-003  1.017065824077198E-010
  7.440000000000000E-003  1.016990115254463E-010
  7.460000000000000E-003  1.016916573623306E-010
  7.480000000000001E-003  1.016845334800178E-010
  7.500000000000001E-003  1.016776570553368E-010
  7.520000000000001E-003  1.016710321549872E-010
  7.540000000000001E-003  1.016646486122727E-010
  7.560000000000001E-003  1.016584910782588E-010
  7.580000000000001E-003  1.016525382776488E-010
  7.600000000000001E-003  1.016467510734605E-010
  7.620000000000001E-003  1.016410742927744E-010
  7.640000000000001E-003  1.016354515216055E-010
  7.660000000000001E-003  1.016298386283675E-010
  7.680000000000001E-003  1.016242105031934E-010
  7.700000000000000E-003  1.016185233636605E-010
  7.720000000000000E-003  1.016127052670083E-010
  7.740000000000000E-003  1.016066649689513E-010
  7.760000000000000E-003  1.016003504801761E-010
  7.780000000000000E-003  1.015937330617161E-010
  7.800000000000001E-003  1.015868168010914E-010
  7.820000000000001E-003  1.015796300100458E-010
  7.840000000000001E-003  1.015722016457446E-010
  7.860000000000001E-003  1.015645534252946E-010
  7.880000000000000E-003  1.015566999961208E-010
  7.900000000000001E-003  1.015486683660191E-010
  7.920000000000000E-003  1.015404838932654E-010
  7.940000000000001E-003  1.015322555467857E-010
  7.960000000000000E-003  1.015240942973415E-010
  7.980000000000001E-003  1.015160052478140E-010
  8.000000000000000E-003  1.015079928567622E-010
  8.020000000000001E-003  1.015000652789915E-010
  8.040000000000000E-003  1.014922320628232E-010
  8.060000000000001E-003  1.014845051784175E-010
  8.080000000000000E-003  1.014768989228259E-010
  8.100000000000001E-003  1.014694240228543E-010
  8.120000000000000E-003  1.014620799431737E-010
  8.140000000000001E-003  1.014548563502291E-010
  8.160000000000001E-003  1.014477441449105E-010
  8.180000000000002E-003  1.014407433450772E-010
  8.200000000000001E-003  1.014338621161535E-010
  8.220000000000000E-003  1.014271164233416E-010
  8.240000000000001E-003  1.014205243181913E-010
  8.260000000000000E-003  1.014141289179062E-010
  8.280000000000001E-003  1.014080032793638E-010
  8.300000000000000E-003  1.014022781576580E-010
  8.320000000000001E-003  1.013971501064436E-010
  8.340000000000000E-003  1.013928884884662E-010
  8.360000000000001E-003  1.013898047048772E-010
  8.380000000000000E-003  1.013881484375386E-010
  8.400000000000001E-003  1.013880132434907E-010
  8.420000000000000E-003  1.013885621957281E-010
  8.440000000000001E-003  1.013904732531858E-010
  8.460000000000001E-003  1.013939611538249E-010
  8.480000000000001E-003  1.013994733304374E-010
  8.500000000000001E-003  1.014076431357516E-010
  8.520000000000002E-003  1.014192650183371E-010
  8.540000000000001E-003  1.014353901770671E-010
  8.560000000000000E-003  1.014574100640209E-010
  8.580000000000001E-003  1.014870688592595E-010
  8.600000000000000E-003  1.015264042341187E-010
  8.620000000000001E-003  1.015776013124424E-010
  8.640000000000000E-003  1.016397040837233E-010
  8.660000000000001E-003  1.016993682748376E-010
  8.680000000000000E-003  1.017497577756871E-010
  8.700000000000001E-003  1.017908495022510E-010
  8.720000000000000E-003  1.018234064018700E-010
  8.740000000000001E-003  1.018485520385935E-010
  8.760000000000000E-003  1.018675897376139E-010
  8.780000000000001E-003  1.018817540698180E-010
  8.800000000000001E-003  1.018921041557217E-010
  8.820000000000001E-003  1.018995357339247E-010
  8.840000000000001E-003  1.019048200225064E-010
  8.860000000000002E-003  1.019085548527961E-010
  8.880000000000001E-003  1.019109875310288E-010
  8.900000000000000E-003  1.019121521265428E-010
  8.920000000000001E-003  1.019124204710391E-010
  8.940000000000000E-003  1.019116219639843E-010
  8.960000000000001E-003  1.019099384792446E-010
  8.980000000000000E-003  1.019077720367766E-010
  9.000000000000001E-003  1.019053309618656E-010
  9.020000000000000E-003  1.019027382634288E-010
  9.040000000000001E-003  1.019000499541278E-010
  9.060000000000000E-003  1.018972615533489E-010
  9.080000000000001E-003  1.018943498480461E-010
  9.100000000000000E-003  1.018912906853133E-010
  9.120000000000001E-003  1.018880430699157E-010
  9.140000000000001E-003  1.018845599057831E-010
  9.160000000000001E-003  1.018807447363689E-010
  9.180000000000001E-003  1.018766769639245E-010
  9.200000000000002E-003  1.018723358819081E-010
  9.220000000000001E-003  1.018677204808979E-010
  9.240000000000000E-003  1.018628468750144E-010
  9.260000000000001E-003  1.018577603394226E-010
  9.280000000000000E-003  1.018524974632160E-010
  9.300000000000001E-003  1.018470708287142E-010
  9.320000000000000E-003  1.018416172432358E-010
  9.340000000000001E-003  1.018363051020147E-010
  9.360000000000000E-003  1.018312248890052E-010
  9.380000000000001E-003  1.018264392741698E-010
  9.400000000000000E-003  1.018219906962119E-010
  9.420000000000001E-003  1.018178727157315E-010
  9.440000000000000E-003  1.018140737346733E-010
  9.460000000000001E-003  1.018106087427902E-010
  9.480000000000001E-003  1.018075222917105E-010
  9.500000000000001E-003  1.018048529082054E-010
  9.520000000000001E-003  1.018025925931976E-010
  9.540000000000002E-003  1.018007305625942E-010
  9.560000000000001E-003  1.017992572327624E-010
  9.580000000000000E-003  1.017983115242035E-010
  9.600000000000001E-003  1.017980369815072E-010
  9.620000000000000E-003  1.017983774166355E-010
  9.640000000000001E-003  1.017990513574470E-010
  9.660000000000000E-003  1.018001861963123E-010
  9.680000000000001E-003  1.018018820259265E-010
  9.700000000000000E-003  1.018041042141581E-010
  9.720000000000001E-003  1.018069016027215E-010
  9.740000000000000E-003  1.018103437911521E-010
  9.760000000000001E-003  1.018144635694475E-010
  9.780000000000000E-003  1.018192800639863E-010
  9.800000000000001E-003  1.018248224950121E-010
  9.820000000000001E-003  1.018311407572465E-010
  9.840000000000002E-003  1.018383132158611E-010
  9.860000000000001E-003  1.018464543913263E-010
  9.880000000000002E-003  1.018557267357866E-010
  9.900000000000001E-003  1.018663389865058E-010
  9.920000000000000E-003  1.018780025039321E-010
  9.940000000000001E-003  1.018900069038751E-010
  9.960000000000000E-003  1.019022191498522E-010
  9.980000000000001E-003  1.019146553729586E-010
  1.000000000000000E-002  1.019273956550924E-010
  1.002000000000000E-002  1.019407582795428E-010
  1.004000000000000E-002  1.019551530246298E-010
  1.006000000000000E-002  1.019706520821871E-010
  1.008000000000000E-002  1.019874909662524E-010
  1.010000000000000E-002  1.020057173933870E-010
  1.012000000000000E-002  1.020237038899350E-010
  1.014000000000000E-002  1.020394751965085E-010
  1.016000000000000E-002  1.020525242039549E-010
  1.018000000000000E-002  1.020630349446320E-010
  1.020000000000000E-002  1.020711293407045E-010
  1.022000000000000E-002  1.020770396078590E-010
  1.024000000000000E-002  1.020810196169739E-010
  1.026000000000000E-002  1.020832552570226E-010
  1.028000000000000E-002  1.020839417028371E-010
  1.030000000000000E-002  1.020834357041017E-010
  1.032000000000000E-002  1.020818785262102E-010
  1.034000000000000E-002  1.020793989560141E-010
  1.036000000000000E-002  1.020759803915648E-010
  1.038000000000000E-002  1.020717013751894E-010
  1.040000000000000E-002  1.020666503381212E-010
  1.042000000000000E-002  1.020608570402206E-010
  1.044000000000000E-002  1.020543842291526E-010
  1.046000000000000E-002  1.020472848439022E-010
  1.048000000000000E-002  1.020396454829557E-010
  1.050000000000000E-002  1.020315825776557E-010
  1.052000000000000E-002  1.020232597366831E-010
  1.054000000000000E-002  1.020148548617770E-010
  1.056000000000000E-002  1.020064992033941E-010
  1.058000000000000E-002  1.019983307658213E-010
  1.060000000000000E-002  1.019904272958270E-010
  1.062000000000000E-002  1.019828366058743E-010
  1.064000000000000E-002  1.019755834748602E-010
  1.066000000000000E-002  1.019686886630949E-010
  1.068000000000000E-002  1.019621650992493E-010
  1.070000000000000E-002  1.019560319647149E-010
  1.072000000000000E-002  1.019503074212274E-010
  1.074000000000000E-002  1.019449979764031E-010
  1.076000000000000E-002  1.019401021038255E-010
  1.078000000000000E-002  1.019356015696442E-010
  1.080000000000000E-002  1.019314668803646E-010
  1.082000000000000E-002  1.019276614398387E-010
  1.084000000000000E-002  1.019241433861301E-010
  1.086000000000000E-002  1.019208731176099E-010
  1.088000000000000E-002  1.019178054844096E-010
  1.090000000000000E-002  1.019148940433733E-010
  1.092000000000000E-002  1.019120963012567E-010
  1.094000000000000E-002  1.019093794698325E-010
  1.096000000000000E-002  1.019067259899897E-010
  1.098000000000000E-002  1.019041338682204E-010
  1.100000000000000E-002  1.019016145953411E-010
  1.102000000000000E-002  1.018991874174735E-010
  1.104000000000000E-002  1.018968763821113E-010
  1.106000000000000E-002  1.018947076380681E-010
  1.108000000000000E-002  1.018926971360216E-010
  1.110000000000000E-002  1.018908580579487E-010
  1.112000000000000E-002  1.018891673494118E-010
  1.114000000000000E-002  1.018876122133410E-010
  1.116000000000000E-002  1.018861288380754E-010
  1.118000000000000E-002  1.018847782414229E-010
  1.120000000000000E-002  1.018835522254783E-010
  1.122000000000000E-002  1.018824277495062E-010
  1.124000000000000E-002  1.018813644824672E-010
  1.126000000000000E-002  1.018802931975374E-010
  1.128000000000000E-002  1.018791703463126E-010
  1.130000000000000E-002  1.018779666714545E-010
  1.132000000000000E-002  1.018766651580413E-010
  1.134000000000000E-002  1.018752274350472E-010
  1.136000000000000E-002  1.018736258773422E-010
  1.138000000000000E-002  1.018718539089556E-010
  1.140000000000000E-002  1.018699120156145E-010
  1.142000000000000E-002  1.018678128325526E-010
  1.144000000000000E-002  1.018655743553978E-010
  1.146000000000000E-002  1.018632322733631E-010
  1.148000000000000E-002  1.018608196771954E-010
  1.150000000000000E-002  1.018583898385661E-010
  1.152000000000000E-002  1.018560031564283E-010
  1.154000000000000E-002  1.018536779965601E-010
  1.156000000000000E-002  1.018514309684636E-010
  1.158000000000000E-002  1.018492637970826E-010
  1.160000000000000E-002  1.018471696121546E-010
  1.162000000000000E-002  1.018451379339213E-010
  1.164000000000000E-002  1.018431544790315E-010
  1.166000000000000E-002  1.018412080985872E-010
  1.168000000000000E-002  1.018392933385127E-010
  1.170000000000000E-002  1.018374118325369E-010
  1.172000000000000E-002  1.018355769262236E-010
  1.174000000000000E-002  1.018338131807058E-010
  1.176000000000000E-002  1.018321523497817E-010
  1.178000000000000E-002  1.018306277224041E-010
  1.180000000000000E-002  1.018292333852626E-010
  1.182000000000000E-002  1.018279534731977E-010
  1.184000000000000E-002  1.018267382690958E-010
  1.186000000000000E-002  1.018255438857203E-010
  1.188000000000000E-002  1.018243409165887E-010
  1.190000000000000E-002  1.018230450584804E-010
  1.192000000000000E-002  1.018215322236684E-010
  1.194000000000000E-002  1.018197356346646E-010
  1.196000000000000E-002  1.018176205483673E-010
  1.198000000000000E-002  1.018151750142962E-010
  1.200000000000000E-002  1.018123998516698E-010
  1.202000000000000E-002  1.018092878802566E-010
  1.204000000000000E-002  1.018058116828524E-010
  1.206000000000000E-002  1.018019227950990E-010
  1.208000000000000E-002  1.017975562400675E-010
  1.210000000000000E-002  1.017926406556231E-010
  1.212000000000000E-002  1.017871293656095E-010
  1.214000000000000E-002  1.017810405454863E-010
  1.216000000000000E-002  1.017744462346713E-010
  1.218000000000000E-002  1.017674113730247E-010
  1.220000000000000E-002  1.017599730319524E-010
  1.222000000000000E-002  1.017521592995735E-010
  1.224000000000000E-002  1.017439586061235E-010
  1.226000000000000E-002  1.017354150071076E-010
  1.228000000000000E-002  1.017266581809949E-010
  1.230000000000000E-002  1.017177816238846E-010
  1.232000000000000E-002  1.017088333904606E-010
  1.234000000000000E-002  1.016999604080978E-010
  1.236000000000000E-002  1.016912804956950E-010
  1.238000000000000E-002  1.016828846153927E-010
  1.240000000000000E-002  1.016748417854763E-010
  1.242000000000000E-002  1.016671889496794E-010
  1.244000000000000E-002  1.016599465525544E-010
  1.246000000000000E-002  1.016531409341716E-010
  1.248000000000000E-002  1.016467594392816E-010
  1.250000000000000E-002  1.016407917142180E-010
  1.252000000000000E-002  1.016352233457004E-010
  1.254000000000000E-002  1.016300386413265E-010
  1.256000000000000E-002  1.016252083337821E-010
  1.258000000000000E-002  1.016207127850629E-010
  1.260000000000000E-002  1.016165375955331E-010
  1.262000000000000E-002  1.016126752173702E-010
  1.264000000000000E-002  1.016091076959540E-010
  1.266000000000000E-002  1.016058229950342E-010
  1.268000000000000E-002  1.016028167374322E-010
  1.270000000000000E-002  1.016000876761794E-010
  1.272000000000000E-002  1.015976312406827E-010
  1.274000000000000E-002  1.015954389434152E-010
  1.276000000000000E-002  1.015934899049474E-010
  1.278000000000000E-002  1.015917523981695E-010
  1.280000000000000E-002  1.015901919054962E-010
  1.282000000000000E-002  1.015887715220743E-010
  1.284000000000000E-002  1.015874635426234E-010
  1.286000000000000E-002  1.015862429204013E-010
  1.288000000000000E-002  1.015850944179707E-010
  1.290000000000000E-002  1.015839963944503E-010
  1.292000000000000E-002  1.015829353286929E-010
  1.294000000000000E-002  1.015818916369461E-010
  1.296000000000000E-002  1.015808522528083E-010
  1.298000000000000E-002  1.015797909706148E-010
  1.300000000000000E-002  1.015786894147340E-010
  1.302000000000000E-002  1.015775511065734E-010
  1.304000000000000E-002  1.015763949441691E-010
  1.306000000000000E-002  1.015752264850627E-010
  1.308000000000000E-002  1.015740448778312E-010
  1.310000000000000E-002  1.015730007829076E-010
  1.312000000000000E-002  1.015721768066332E-010
  1.314000000000000E-002  1.015716295853667E-010
  1.316000000000000E-002  1.015713574963388E-010
  1.318000000000000E-002  1.015713541910983E-010
  1.320000000000000E-002  1.015716342787612E-010
  1.322000000000000E-002  1.015721671608777E-010
  1.324000000000000E-002  1.015730732413893E-010
  1.326000000000000E-002  1.015743630126949E-010
  1.328000000000000E-002  1.015760931135940E-010
  1.330000000000000E-002  1.015783284817073E-010
  1.332000000000000E-002  1.015811381044502E-010
  1.334000000000000E-002  1.015846133641074E-010
  1.336000000000000E-002  1.015888815312867E-010
  1.338000000000000E-002  1.015941029911756E-010
  1.340000000000000E-002  1.016004695811010E-010
  1.342000000000000E-002  1.016082079361462E-010
  1.344000000000000E-002  1.016175805783020E-010
  1.346000000000000E-002  1.016288812858433E-010
  1.348000000000000E-002  1.016424263391864E-010
  1.350000000000000E-002  1.016585456893843E-010
  1.352000000000000E-002  1.016775754079567E-010
  1.354000000000000E-002  1.016998510283616E-010
  1.356000000000000E-002  1.017250003671302E-010
  1.358000000000000E-002  1.017491201105077E-010
  1.360000000000000E-002  1.017703605092917E-010
  1.362000000000000E-002  1.017886250424820E-010
  1.364000000000000E-002  1.018041767052046E-010
  1.366000000000000E-002  1.018173067074390E-010
  1.368000000000000E-002  1.018283402711787E-010
  1.370000000000000E-002  1.018375880123629E-010
  1.372000000000000E-002  1.018453321531449E-010
  1.374000000000000E-002  1.018518199499113E-010
  1.376000000000000E-002  1.018572564614754E-010
  1.378000000000000E-002  1.018618162338626E-010
  1.380000000000000E-002  1.018656431293813E-010
  1.382000000000000E-002  1.018688533272170E-010
  1.384000000000000E-002  1.018715312635382E-010
  1.386000000000000E-002  1.018737440964880E-010
  1.388000000000000E-002  1.018755385825679E-010
  1.390000000000000E-002  1.018769796065352E-010
  1.392000000000000E-002  1.018780810559966E-010
  1.394000000000000E-002  1.018789363090395E-010
  1.396000000000000E-002  1.018795584137927E-010
  1.398000000000000E-002  1.018799161650238E-010
  1.400000000000000E-002  1.018800300777242E-010
  1.402000000000000E-002  1.018798913049917E-010
  1.404000000000000E-002  1.018795584288250E-010
  1.406000000000000E-002  1.018788530526671E-010
  1.408000000000000E-002  1.018777483161094E-010
  1.410000000000000E-002  1.018762981936997E-010
  1.412000000000000E-002  1.018744967943215E-010
  1.414000000000000E-002  1.018723712353797E-010
  1.416000000000000E-002  1.018699377409688E-010
  1.418000000000000E-002  1.018672132231781E-010
  1.420000000000000E-002  1.018642197873405E-010
  1.422000000000000E-002  1.018609773546320E-010
  1.424000000000000E-002  1.018575095856985E-010
  1.426000000000000E-002  1.018538431189240E-010
  1.428000000000000E-002  1.018500091172660E-010
  1.430000000000000E-002  1.018460113577516E-010
  1.432000000000000E-002  1.018419109940081E-010
  1.434000000000000E-002  1.018378208648081E-010
  1.436000000000000E-002  1.018338018228122E-010
  1.438000000000000E-002  1.018298951722387E-010
  1.440000000000000E-002  1.018261373691425E-010
  1.442000000000000E-002  1.018225535830590E-010
  1.444000000000000E-002  1.018191512782164E-010
  1.446000000000000E-002  1.018159336542782E-010
  1.448000000000000E-002  1.018128978557723E-010
  1.450000000000000E-002  1.018100361954702E-010
  1.452000000000000E-002  1.018073386933496E-010
  1.454000000000000E-002  1.018047962711324E-010
  1.456000000000000E-002  1.018024062315249E-010
  1.458000000000000E-002  1.018001739927179E-010
  1.460000000000000E-002  1.017981217577822E-010
  1.462000000000000E-002  1.017962853557740E-010
  1.464000000000000E-002  1.017946953162803E-010
  1.466000000000000E-002  1.017933750818605E-010
  1.468000000000000E-002  1.017923460750997E-010
  1.470000000000000E-002  1.017916205438110E-010
  1.472000000000000E-002  1.017912003481527E-010
  1.474000000000000E-002  1.017910968982991E-010
  1.476000000000000E-002  1.017912748534341E-010
  1.478000000000000E-002  1.017916586867810E-010
  1.480000000000000E-002  1.017922631184963E-010
  1.482000000000000E-002  1.017930875361005E-010
  1.484000000000000E-002  1.017940653374372E-010
  1.486000000000000E-002  1.017952104297739E-010
  1.488000000000000E-002  1.017964910845933E-010
  1.490000000000000E-002  1.017978935205764E-010
  1.492000000000000E-002  1.017994102691504E-010
  1.494000000000000E-002  1.018010342509754E-010
  1.496000000000000E-002  1.018027633133053E-010
  1.498000000000000E-002  1.018046031389502E-010
  1.500000000000000E-002  1.018065437037834E-010
  1.502000000000000E-002  1.018085831883897E-010
  1.504000000000000E-002  1.018107404397248E-010
  1.506000000000000E-002  1.018130190138642E-010
  1.508000000000000E-002  1.018154225608214E-010
  1.510000000000000E-002  1.018179379284354E-010
  1.512000000000000E-002  1.018205451258614E-010
  1.514000000000000E-002  1.018232575283250E-010
  1.516000000000000E-002  1.018260898395605E-010
  1.518000000000000E-002  1.018290434315803E-010
  1.520000000000000E-002  1.018321290616723E-010
  1.522000000000000E-002  1.018353693306406E-010
  1.524000000000000E-002  1.018387756038334E-010
  1.526000000000000E-002  1.018423426753250E-010
  1.528000000000000E-002  1.018460518913109E-010
  1.530000000000000E-002  1.018499026755782E-010
  1.532000000000000E-002  1.018538288677628E-010
  1.534000000000000E-002  1.018577202514047E-010
  1.536000000000000E-002  1.018616524664292E-010
  1.538000000000000E-002  1.018656891567198E-010
  1.540000000000000E-002  1.018698985095325E-010
  1.542000000000000E-002  1.018743654893284E-010
  1.544000000000000E-002  1.018792184706942E-010
  1.546000000000000E-002  1.018845880455216E-010
  1.548000000000000E-002  1.018905759148845E-010
  1.550000000000000E-002  1.018972550758530E-010
  1.552000000000000E-002  1.019046930010422E-010
  1.554000000000000E-002  1.019129650395866E-010
  1.556000000000000E-002  1.019221377248402E-010
  1.558000000000000E-002  1.019322793462348E-010
  1.560000000000000E-002  1.019434755010010E-010
  1.562000000000000E-002  1.019557899896959E-010
  1.564000000000000E-002  1.019692530026523E-010
  1.566000000000000E-002  1.019830064900491E-010
  1.568000000000000E-002  1.019962110408666E-010
  1.570000000000000E-002  1.020087620913615E-010
  1.572000000000000E-002  1.020205328659192E-010
  1.574000000000000E-002  1.020315370305174E-010
  1.576000000000000E-002  1.020417479551977E-010
  1.578000000000000E-002  1.020511494131991E-010
  1.580000000000000E-002  1.020597372940445E-010
  1.582000000000000E-002  1.020675297316434E-010
  1.584000000000000E-002  1.020745715887467E-010
  1.586000000000000E-002  1.020808707322704E-010
  1.588000000000000E-002  1.020864415504976E-010
  1.590000000000000E-002  1.020913964986521E-010
  1.592000000000000E-002  1.020958860913735E-010
  1.594000000000000E-002  1.020999852208605E-010
  1.596000000000000E-002  1.021036961944919E-010
  1.598000000000000E-002  1.021069913337728E-010
  1.600000000000000E-002  1.021097834411844E-010
  1.602000000000000E-002  1.021120393811043E-010
  1.604000000000000E-002  1.021137781828571E-010
  1.606000000000000E-002  1.021150736701153E-010
  1.608000000000000E-002  1.021159592530561E-010
  1.610000000000000E-002  1.021165404328030E-010
  1.612000000000000E-002  1.021165983462922E-010
  1.614000000000000E-002  1.021162157341318E-010
  1.616000000000000E-002  1.021154919390563E-010
  1.618000000000000E-002  1.021144618871308E-010
  1.620000000000000E-002  1.021131514799705E-010
  1.622000000000000E-002  1.021115460551372E-010
  1.624000000000000E-002  1.021096216777337E-010
  1.626000000000000E-002  1.021073778913384E-010
  1.628000000000000E-002  1.021048509288429E-010
  1.630000000000000E-002  1.021020944128313E-010
  1.632000000000000E-002  1.020991603716919E-010
  1.634000000000000E-002  1.020960967228330E-010
  1.636000000000000E-002  1.020929566443927E-010
  1.638000000000000E-002  1.020897766914650E-010
  1.640000000000000E-002  1.020865604813489E-010
  1.642000000000000E-002  1.020832988188666E-010
  1.644000000000000E-002  1.020799874359180E-010
  1.646000000000000E-002  1.020766372567008E-010
  1.648000000000000E-002  1.020732629032415E-010
  1.650000000000000E-002  1.020698652550700E-010
  1.652000000000000E-002  1.020664444836176E-010
  1.654000000000000E-002  1.020630168289285E-010
  1.656000000000000E-002  1.020596045867817E-010
  1.658000000000000E-002  1.020562282988791E-010
  1.660000000000000E-002  1.020529029843201E-010
  1.662000000000000E-002  1.020496434319550E-010
  1.664000000000000E-002  1.020464639447544E-010
  1.666000000000000E-002  1.020433756819263E-010
  1.668000000000000E-002  1.020403794011054E-010
  1.670000000000000E-002  1.020374704480233E-010
  1.672000000000000E-002  1.020346470834748E-010
  1.674000000000000E-002  1.020319170087779E-010
  1.676000000000000E-002  1.020293000953106E-010
  1.678000000000000E-002  1.020267933732597E-010
  1.680000000000000E-002  1.020244207876704E-010
  1.682000000000000E-002  1.020221930693770E-010
  1.684000000000000E-002  1.020201275163843E-010
  1.686000000000000E-002  1.020182496640665E-010
  1.688000000000000E-002  1.020165679110811E-010
  1.690000000000000E-002  1.020150869930691E-010
  1.692000000000000E-002  1.020137975745567E-010
  1.694000000000000E-002  1.020126901888116E-010
  1.696000000000000E-002  1.020117625868413E-010
  1.698000000000000E-002  1.020110226004393E-010
  1.700000000000000E-002  1.020104898610107E-010
  1.702000000000000E-002  1.020101592383142E-010
  1.704000000000000E-002  1.020100664756045E-010
  1.706000000000000E-002  1.020102349792131E-010
  1.708000000000000E-002  1.020106362588886E-010
  1.710000000000000E-002  1.020113124118110E-010
  1.712000000000000E-002  1.020122389796136E-010
  1.714000000000000E-002  1.020134601501703E-010
  1.716000000000000E-002  1.020149558425428E-010
  1.718000000000000E-002  1.020166676473517E-010
  1.720000000000000E-002  1.020185318544189E-010
  1.722000000000000E-002  1.020204750052462E-010
  1.724000000000000E-002  1.020224457832475E-010
  1.726000000000000E-002  1.020244468068393E-010
  1.728000000000000E-002  1.020264394902388E-010
  1.730000000000000E-002  1.020283779550880E-010
  1.732000000000000E-002  1.020302559971202E-010
  1.734000000000000E-002  1.020320492167614E-010
  1.736000000000000E-002  1.020338152399798E-010
  1.738000000000000E-002  1.020355360671194E-010
  1.740000000000000E-002  1.020372126994987E-010
  1.742000000000000E-002  1.020388325352482E-010
  1.744000000000000E-002  1.020404142732475E-010
  1.746000000000000E-002  1.020420072035432E-010
  1.748000000000000E-002  1.020436338702354E-010
  1.750000000000000E-002  1.020452661400011E-010
  1.752000000000000E-002  1.020469024798830E-010
  1.754000000000000E-002  1.020485766145169E-010
  1.756000000000000E-002  1.020503719965404E-010
  1.758000000000000E-002  1.020523377798072E-010
  1.760000000000000E-002  1.020545217274229E-010
  1.762000000000000E-002  1.020569340131902E-010
  1.764000000000000E-002  1.020595755346033E-010
  1.766000000000000E-002  1.020624432662662E-010
  1.768000000000000E-002  1.020655393760118E-010
  1.770000000000000E-002  1.020688770649649E-010
  1.772000000000000E-002  1.020724487531724E-010
  1.774000000000000E-002  1.020762752201248E-010
  1.776000000000000E-002  1.020803248124912E-010
  1.778000000000000E-002  1.020844719029992E-010
  1.780000000000000E-002  1.020885534425762E-010
  1.782000000000000E-002  1.020924403879722E-010
  1.784000000000000E-002  1.020961242636365E-010
  1.786000000000000E-002  1.020996096204414E-010
  1.788000000000000E-002  1.021028899546297E-010
  1.790000000000000E-002  1.021059663211485E-010
  1.792000000000000E-002  1.021088466406468E-010
  1.794000000000000E-002  1.021115355447994E-010
  1.796000000000000E-002  1.021140530199762E-010
  1.798000000000000E-002  1.021164105419592E-010
  1.800000000000000E-002  1.021186284984002E-010
  1.802000000000000E-002  1.021207271606412E-010
  1.804000000000000E-002  1.021227212729237E-010
  1.806000000000000E-002  1.021246293644453E-010
  1.808000000000000E-002  1.021264593146742E-010
  1.810000000000000E-002  1.021282185543301E-010
  1.812000000000000E-002  1.021299152072457E-010
  1.814000000000000E-002  1.021315639954771E-010
  1.816000000000000E-002  1.021331693632756E-010
  1.818000000000000E-002  1.021347307246832E-010
  1.820000000000000E-002  1.021362517540192E-010
  1.822000000000000E-002  1.021377407377303E-010
  1.824000000000000E-002  1.021391865260855E-010
  1.826000000000000E-002  1.021405674050765E-010
  1.828000000000000E-002  1.021418668856218E-010
  1.830000000000000E-002  1.021430736319146E-010
  1.832000000000000E-002  1.021441740265975E-010
  1.834000000000000E-002  1.021451673403589E-010
  1.836000000000000E-002  1.021460532790589E-010
  1.838000000000000E-002  1.021468471131351E-010
  1.840000000000000E-002  1.021475504194137E-010
  1.842000000000000E-002  1.021481674224713E-010
  1.844000000000000E-002  1.021486976083064E-010
  1.846000000000000E-002  1.021491425576405E-010
  1.848000000000000E-002  1.021495008106232E-010
  1.850000000000000E-002  1.021497733255285E-010
  1.852000000000000E-002  1.021500244593523E-010
  1.854000000000000E-002  1.021502778507056E-010
  1.856000000000000E-002  1.021505545252109E-010
  1.858000000000000E-002  1.021508506878326E-010
  1.860000000000000E-002  1.021511500599357E-010
  1.862000000000000E-002  1.021514185956835E-010
  1.864000000000000E-002  1.021516882350047E-010
  1.866000000000000E-002  1.021519244211758E-010
  1.868000000000000E-002  1.021521165988397E-010
  1.870000000000000E-002  1.021522547113727E-010
  1.872000000000000E-002  1.021523191396617E-010
  1.874000000000000E-002  1.021522652154455E-010
  1.876000000000000E-002  1.021520872661322E-010
  1.878000000000000E-002  1.021517571186798E-010
  1.880000000000000E-002  1.021512632957293E-010
  1.882000000000000E-002  1.021505776320927E-010
  1.884000000000000E-002  1.021496923176661E-010
  1.886000000000000E-002  1.021485989015186E-010
  1.888000000000000E-002  1.021472881903951E-010
  1.890000000000000E-002  1.021457549566103E-010
  1.892000000000000E-002  1.021439986611634E-010
  1.894000000000000E-002  1.021420221196896E-010
  1.896000000000000E-002  1.021398317216878E-010
  1.898000000000000E-002  1.021374379018219E-010
  1.900000000000000E-002  1.021348499246268E-010
  1.902000000000000E-002  1.021320771585600E-010
  1.904000000000000E-002  1.021291337636032E-010
  1.906000000000000E-002  1.021260330795472E-010
  1.908000000000000E-002  1.021227848746998E-010
  1.910000000000000E-002  1.021194068646665E-010
  1.912000000000000E-002  1.021159202250075E-010
  1.914000000000000E-002  1.021123456131476E-010
  1.916000000000000E-002  1.021087062069643E-010
  1.918000000000000E-002  1.021050337195371E-010
  1.920000000000000E-002  1.021013497030899E-010
  1.922000000000000E-002  1.020976706791458E-010
  1.924000000000000E-002  1.020940204740248E-010
  1.926000000000000E-002  1.020904064693083E-010
  1.928000000000000E-002  1.020868383822307E-010
  1.930000000000000E-002  1.020833234487500E-010
  1.932000000000000E-002  1.020798695657148E-010
  1.934000000000000E-002  1.020764758584785E-010
  1.936000000000000E-002  1.020731323202994E-010
  1.938000000000000E-002  1.020698302017489E-010
  1.940000000000000E-002  1.020665544101396E-010
  1.942000000000000E-002  1.020632938207013E-010
  1.944000000000000E-002  1.020600317783327E-010
  1.946000000000000E-002  1.020567652248818E-010
  1.948000000000000E-002  1.020534921699541E-010
  1.950000000000000E-002  1.020502060397339E-010
  1.952000000000000E-002  1.020468980094495E-010
  1.954000000000000E-002  1.020435652469892E-010
  1.956000000000000E-002  1.020402094108451E-010
  1.958000000000000E-002  1.020368401715010E-010
  1.960000000000000E-002  1.020334793286471E-010
  1.962000000000000E-002  1.020301592497452E-010
  1.964000000000000E-002  1.020269069016550E-010
  1.966000000000000E-002  1.020237478440382E-010
  1.968000000000000E-002  1.020207060108151E-010
  1.970000000000000E-002  1.020178010790784E-010
  1.972000000000000E-002  1.020150475361945E-010
  1.974000000000000E-002  1.020124532853135E-010
  1.976000000000000E-002  1.020100185516002E-010
  1.978000000000000E-002  1.020077368818041E-010
  1.980000000000000E-002  1.020055953511203E-010
  1.982000000000000E-002  1.020035777662941E-010
  1.984000000000000E-002  1.020016657044682E-010
  1.986000000000000E-002  1.019998457016029E-010
  1.988000000000000E-002  1.019981046623946E-010
  1.990000000000000E-002  1.019964329949604E-010
  1.992000000000000E-002  1.019948195723906E-010
  1.994000000000000E-002  1.019932674912384E-010
  1.996000000000000E-002  1.019917774833472E-010
  1.998000000000000E-002  1.019903519381081E-010
  2.000000000000000E-002  1.019889983639210E-010
  2.002000000000000E-002  1.019877211750719E-010
  2.004000000000000E-002  1.019865188391207E-010
  2.006000000000000E-002  1.019853938296942E-010
  2.008000000000000E-002  1.019843431810452E-010
  2.010000000000000E-002  1.019833644985698E-010
  2.012000000000000E-002  1.019824582963239E-010
  2.014000000000000E-002  1.019816168806298E-010
  2.016000000000000E-002  1.019808272533624E-010
  2.018000000000000E-002  1.019800820964993E-010
  2.020000000000000E-002  1.019793722489980E-010
  2.022000000000000E-002  1.019786931222804E-010
  2.024000000000000E-002  1.019780388563665E-010
  2.026000000000000E-002  1.019774211436872E-010
  2.028000000000000E-002  1.019768194443003E-010
  2.030000000000000E-002  1.019762285925293E-010
  2.032000000000000E-002  1.019756472511943E-010
  2.034000000000000E-002  1.019750665392154E-010
  2.036000000000000E-002  1.019744752913000E-010
  2.038000000000000E-002  1.019738634229167E-010
  2.040000000000000E-002  1.019732319868359E-010
  2.042000000000000E-002  1.019725888692737E-010
  2.044000000000000E-002  1.019719430124529E-010
  2.046000000000000E-002  1.019713016844010E-010
  2.048000000000000E-002  1.019706788735908E-010
  2.050000000000000E-002  1.019700892463296E-010
  2.052000000000000E-002  1.019695476295773E-010
  2.054000000000000E-002  1.019690843191270E-010
  2.056000000000000E-002  1.019687346063977E-010
  2.058000000000000E-002  1.019685204791504E-010
  2.060000000000000E-002  1.019684491663820E-010
  2.062000000000000E-002  1.019685423162529E-010
  2.064000000000000E-002  1.019687624655142E-010
  2.066000000000000E-002  1.019691095613634E-010
  2.068000000000000E-002  1.019695798296171E-010
  2.070000000000000E-002  1.019701857013676E-010
  2.072000000000000E-002  1.019709186230469E-010
  2.074000000000000E-002  1.019717276365702E-010
  2.076000000000000E-002  1.019726060146474E-010
  2.078000000000000E-002  1.019735653874374E-010
  2.080000000000000E-002  1.019746140268737E-010
  2.082000000000000E-002  1.019757617458190E-010
  2.084000000000000E-002  1.019770175961728E-010
  2.086000000000000E-002  1.019783960783086E-010
  2.088000000000000E-002  1.019798992222439E-010
  2.090000000000000E-002  1.019815610247849E-010
  2.092000000000000E-002  1.019833495070043E-010
  2.094000000000000E-002  1.019851673886699E-010
  2.096000000000000E-002  1.019868616942700E-010
  2.098000000000000E-002  1.019883990363087E-010
  2.100000000000000E-002  1.019897886796789E-010
  2.102000000000000E-002  1.019910223841723E-010
  2.104000000000000E-002  1.019921009076788E-010
  2.106000000000000E-002  1.019930303413070E-010
  2.108000000000000E-002  1.019938177211600E-010
  2.110000000000000E-002  1.019944672549341E-010
  2.112000000000000E-002  1.019949865773893E-010
  2.114000000000000E-002  1.019953855990851E-010
  2.116000000000000E-002  1.019956666015920E-010
  2.118000000000000E-002  1.019958349644189E-010
  2.120000000000000E-002  1.019958848371778E-010
  2.122000000000000E-002  1.019958051947417E-010
  2.124000000000000E-002  1.019956272322773E-010
  2.126000000000000E-002  1.019953291595206E-010
  2.128000000000000E-002  1.019949188723341E-010
  2.130000000000000E-002  1.019943933742898E-010
  2.132000000000000E-002  1.019937735859960E-010
  2.134000000000000E-002  1.019930660373521E-010
  2.136000000000000E-002  1.019922624028067E-010
  2.138000000000000E-002  1.019913309922150E-010
  2.140000000000000E-002  1.019902606770891E-010
  2.142000000000000E-002  1.019890691117286E-010
  2.144000000000000E-002  1.019877806019581E-010
  2.146000000000000E-002  1.019863893064202E-010
  2.148000000000000E-002  1.019848869433595E-010
  2.150000000000000E-002  1.019832685900795E-010
  2.152000000000000E-002  1.019815263168031E-010
  2.154000000000000E-002  1.019796418219687E-010
  2.156000000000000E-002  1.019776173926831E-010
  2.158000000000000E-002  1.019754374565793E-010
  2.160000000000000E-002  1.019730949510358E-010
  2.162000000000000E-002  1.019705852720224E-010
  2.164000000000000E-002  1.019678837724418E-010
  2.166000000000000E-002  1.019649809712192E-010
  2.168000000000000E-002  1.019618730846827E-010
  2.170000000000000E-002  1.019585627925355E-010
  2.172000000000000E-002  1.019550587093151E-010
  2.174000000000000E-002  1.019513745751681E-010
  2.176000000000000E-002  1.019475244408961E-010
  2.178000000000000E-002  1.019435218147510E-010
  2.180000000000000E-002  1.019393779787739E-010
  2.182000000000000E-002  1.019351039327030E-010
  2.184000000000000E-002  1.019307147528035E-010
  2.186000000000000E-002  1.019262317321452E-010
  2.188000000000000E-002  1.019216775362266E-010
  2.190000000000000E-002  1.019170687933537E-010
  2.192000000000000E-002  1.019125499102962E-010
  2.194000000000000E-002  1.019081905148157E-010
  2.196000000000000E-002  1.019040088309245E-010
  2.198000000000000E-002  1.019000107090840E-010
  2.200000000000000E-002  1.018962223778367E-010
  2.202000000000000E-002  1.018926470269275E-010
  2.204000000000000E-002  1.018892921793979E-010
  2.206000000000000E-002  1.018861254919621E-010
  2.208000000000000E-002  1.018831195175472E-010
  2.210000000000000E-002  1.018802569385633E-010
  2.212000000000000E-002  1.018775289422372E-010
  2.214000000000000E-002  1.018749509866868E-010
  2.216000000000000E-002  1.018725521591258E-010
  2.218000000000000E-002  1.018703549415693E-010
  2.220000000000000E-002  1.018683675361910E-010
  2.222000000000000E-002  1.018665942330498E-010
  2.224000000000000E-002  1.018650291294972E-010
  2.226000000000000E-002  1.018636660841067E-010
  2.228000000000000E-002  1.018624958876651E-010
  2.230000000000000E-002  1.018615041577695E-010
  2.232000000000000E-002  1.018607584496511E-010
  2.234000000000000E-002  1.018601817440938E-010
  2.236000000000000E-002  1.018597825568774E-010
  2.238000000000000E-002  1.018597437075998E-010
  2.240000000000000E-002  1.018598432613223E-010
  2.242000000000000E-002  1.018600936733354E-010
  2.244000000000000E-002  1.018605085437890E-010
  2.246000000000000E-002  1.018610888021605E-010
  2.248000000000000E-002  1.018618393228549E-010
  2.250000000000000E-002  1.018627716091214E-010
  2.252000000000000E-002  1.018638942693732E-010
  2.254000000000000E-002  1.018652094135202E-010
  2.256000000000000E-002  1.018666822619280E-010
  2.258000000000000E-002  1.018683152734347E-010
  2.260000000000000E-002  1.018701084471314E-010
  2.262000000000000E-002  1.018720442933200E-010
  2.264000000000000E-002  1.018741153602611E-010
  2.266000000000000E-002  1.018763284881802E-010
  2.268000000000000E-002  1.018786905331132E-010
  2.270000000000000E-002  1.018811718122039E-010
  2.272000000000000E-002  1.018837759075960E-010
  2.274000000000000E-002  1.018864898240841E-010
  2.276000000000000E-002  1.018893053173171E-010
  2.278000000000000E-002  1.018922035408516E-010
  2.280000000000000E-002  1.018951624426321E-010
  2.282000000000000E-002  1.018981619745132E-010
  2.284000000000000E-002  1.019011844676117E-010
  2.286000000000000E-002  1.019042162150044E-010
  2.288000000000000E-002  1.019072491482872E-010
  2.290000000000000E-002  1.019102783393576E-010
  2.292000000000000E-002  1.019133004171930E-010
  2.294000000000000E-002  1.019163123404489E-010
  2.296000000000000E-002  1.019192939542713E-010
  2.298000000000000E-002  1.019222216196431E-010
  2.300000000000000E-002  1.019250865853742E-010
  2.302000000000000E-002  1.019278811504985E-010
  2.304000000000000E-002  1.019306066683660E-010
  2.306000000000000E-002  1.019332524649295E-010
  2.308000000000000E-002  1.019358185190353E-010
  2.310000000000000E-002  1.019382966686728E-010
  2.312000000000000E-002  1.019406759097668E-010
  2.314000000000000E-002  1.019429628159439E-010
  2.316000000000000E-002  1.019451728468147E-010
  2.318000000000000E-002  1.019472452251898E-010
  2.320000000000000E-002  1.019491844388566E-010
  2.322000000000000E-002  1.019509994517279E-010
  2.324000000000000E-002  1.019526882231052E-010
  2.326000000000000E-002  1.019542647397098E-010
  2.328000000000000E-002  1.019557567374135E-010
  2.330000000000000E-002  1.019571698379433E-010
  2.332000000000000E-002  1.019584960626682E-010
  2.334000000000000E-002  1.019597534263266E-010
  2.336000000000000E-002  1.019609655691106E-010
  2.338000000000000E-002  1.019621267717918E-010
  2.340000000000000E-002  1.019632166890188E-010
  2.342000000000000E-002  1.019642550292448E-010
  2.344000000000000E-002  1.019652574189965E-010
  2.346000000000000E-002  1.019662058527198E-010
  2.348000000000000E-002  1.019671158213062E-010
  2.350000000000000E-002  1.019680197479626E-010
  2.352000000000000E-002  1.019689357309615E-010
  2.354000000000000E-002  1.019698220192045E-010
  2.356000000000000E-002  1.019706292464337E-010
  2.358000000000000E-002  1.019713769442573E-010
  2.360000000000000E-002  1.019721129238827E-010
  2.362000000000000E-002  1.019728466042082E-010
  2.364000000000000E-002  1.019735461391344E-010
  2.366000000000000E-002  1.019742017670041E-010
  2.368000000000000E-002  1.019748364866449E-010
  2.370000000000000E-002  1.019754545343758E-010
  2.372000000000000E-002  1.019760462648537E-010
  2.374000000000000E-002  1.019766241724075E-010
  2.376000000000000E-002  1.019772025993530E-010
  2.378000000000000E-002  1.019777972463485E-010
  2.380000000000000E-002  1.019784234357517E-010
  2.382000000000000E-002  1.019790825121828E-010
  2.384000000000000E-002  1.019797582207788E-010
  2.386000000000000E-002  1.019803925043538E-010
  2.388000000000000E-002  1.019809844026499E-010
  2.390000000000000E-002  1.019815300316699E-010
  2.392000000000000E-002  1.019820198235250E-010
  2.394000000000000E-002  1.019824542311093E-010
  2.396000000000000E-002  1.019828382828893E-010
  2.398000000000000E-002  1.019831744544448E-010
  2.400000000000000E-002  1.019834717374358E-010
  2.402000000000000E-002  1.019837377873517E-010
  2.404000000000000E-002  1.019839805430989E-010
  2.406000000000000E-002  1.019841997516315E-010
  2.408000000000000E-002  1.019843903926266E-010
  2.410000000000000E-002  1.019845456443855E-010
  2.412000000000000E-002  1.019846517581564E-010
  2.414000000000000E-002  1.019846975078029E-010
  2.416000000000000E-002  1.019846810306277E-010
  2.418000000000000E-002  1.019845776228500E-010
  2.420000000000000E-002  1.019843719974362E-010
  2.422000000000000E-002  1.019840617993349E-010
  2.424000000000000E-002  1.019836409895904E-010
  2.426000000000000E-002  1.019830985030326E-010
  2.428000000000000E-002  1.019824173921556E-010
  2.430000000000000E-002  1.019815783022594E-010
  2.432000000000000E-002  1.019805630783069E-010
  2.434000000000000E-002  1.019793507985698E-010
  2.436000000000000E-002  1.019779145091372E-010
  2.438000000000000E-002  1.019762257932435E-010
  2.440000000000000E-002  1.019742579656636E-010
  2.442000000000000E-002  1.019719926817085E-010
  2.444000000000000E-002  1.019694178358721E-010
  2.446000000000000E-002  1.019665253513571E-010
  2.448000000000000E-002  1.019633143281314E-010
  2.450000000000000E-002  1.019597877698099E-010
  2.452000000000000E-002  1.019559457993912E-010
  2.454000000000000E-002  1.019517778697897E-010
  2.456000000000000E-002  1.019472596116835E-010
  2.458000000000000E-002  1.019423532178678E-010
  2.460000000000000E-002  1.019370082473124E-010
  2.462000000000000E-002  1.019311595315597E-010
  2.464000000000000E-002  1.019247177672056E-010
  2.466000000000000E-002  1.019175468808806E-010
  2.468000000000000E-002  1.019094710970669E-010
  2.470000000000000E-002  1.019002663313445E-010
  2.472000000000000E-002  1.018896590794817E-010
  2.474000000000000E-002  1.018793195401997E-010
  2.476000000000000E-002  1.018716610812727E-010
  2.478000000000000E-002  1.018664958869946E-010
  2.480000000000000E-002  1.018635192256968E-010
  2.482000000000000E-002  1.018623950429690E-010
  2.484000000000000E-002  1.018624005371422E-010
  2.486000000000000E-002  1.018635368384143E-010
  2.488000000000000E-002  1.018672550759693E-010
  2.490000000000000E-002  1.018753676464324E-010
  2.492000000000000E-002  1.018900783192050E-010
  2.494000000000000E-002  1.019142223614038E-010
  2.496000000000000E-002  1.019516846130465E-010
  2.498000000000000E-002  1.020079419475513E-010
  2.500000000000000E-002  1.020907209843723E-010
  2.502000000000000E-002  1.022108180433731E-010
  2.504000000000000E-002  1.023831974764764E-010
  2.506000000000000E-002  1.026284907712282E-010
  2.508000000000000E-002  1.029750084803038E-010
  2.510000000000000E-002  1.034614106765309E-010
  2.512000000000000E-002  1.041402121812669E-010
  2.514000000000000E-002  1.050822501929579E-010
  2.516000000000000E-002  1.063822991237915E-010
  2.518000000000000E-002  1.081659648463361E-010
  2.520000000000000E-002  1.105979243299943E-010
  2.522000000000000E-002  1.138915189977769E-010
  2.524000000000000E-002  1.183194805611389E-010
  2.526000000000000E-002  1.242253217687221E-010
  2.528000000000000E-002  1.320345556510186E-010
  2.530000000000000E-002  1.422644521727716E-010
  2.532000000000000E-002  1.555305216716204E-010
  2.534000000000000E-002  1.725473921962703E-010
  2.536000000000000E-002  1.941213331703651E-010
  2.538000000000000E-002  2.211315395242059E-010
  2.540000000000000E-002  2.544976192221043E-010
  2.542000000000000E-002  2.951318849806325E-010
  2.544000000000000E-002  3.438770690313977E-010
  2.546000000000000E-002  4.014334774427389E-010
  2.548000000000000E-002  4.682839634313179E-010
  2.550000000000000E-002  5.446305754333180E-010
  2.552000000000000E-002  6.303616446116747E-010
  2.554000000000000E-002  7.250731583839077E-010
  2.556000000000000E-002  8.281713587342865E-010
  2.558000000000000E-002  9.390781353344542E-010
  2.560000000000000E-002  1.057559194024405E-009
  2.562000000000000E-002  1.184192612883795E-009
  2.564000000000000E-002  1.320953902636189E-009
  2.566000000000000E-002  1.471762113224579E-009
  2.568000000000000E-002  1.642461898670648E-009
  2.570000000000000E-002  1.840475818437616E-009
  2.572000000000000E-002  2.074386516697321E-009
  2.574000000000000E-002  2.353485740359644E-009
  2.576000000000000E-002  2.687295214744150E-009
  2.578000000000000E-002  3.057292482756100E-009
  2.580000000000000E-002  3.336732333452361E-009
  2.582000000000000E-002  3.506024367161961E-009
  2.584000000000000E-002  3.586901891930934E-009
  2.586000000000000E-002  3.610356151501061E-009
  2.588000000000000E-002  3.609372217346853E-009
  2.590000000000000E-002  3.591964112797996E-009
  2.592000000000000E-002  3.545264567771171E-009
  2.594000000000000E-002  3.457590075117587E-009
  2.596000000000000E-002  3.318799014212003E-009
  2.598000000000000E-002  3.120247987491714E-009
  2.600000000000000E-002  2.854743138179970E-009
  2.602000000000000E-002  2.516550247125432E-009
  2.604000000000000E-002  2.106861917184979E-009
  2.606000000000000E-002  1.747312140684425E-009
  2.608000000000000E-002  1.521028173550190E-009
  2.610000000000000E-002  1.407139940849477E-009
  2.612000000000000E-002  1.371608643403746E-009
  2.614000000000000E-002  1.372982642259799E-009
  2.616000000000000E-002  1.404169048386236E-009
  2.618000000000000E-002  1.495799038240051E-009
  2.620000000000000E-002  1.683228239382628E-009
  2.622000000000000E-002  2.006418318488113E-009
  2.624000000000000E-002  2.510659881718399E-009
  2.626000000000000E-002  3.247367073619940E-009
  2.628000000000000E-002  4.274649238635931E-009
  2.630000000000000E-002  5.657655242326841E-009
  2.632000000000000E-002  7.468555501574850E-009
  2.634000000000000E-002  9.786015413632281E-009
  2.636000000000000E-002  1.269403264306922E-008
  2.638000000000000E-002  1.628002538446871E-008
  2.640000000000000E-002  2.063209116642714E-008
  2.642000000000000E-002  2.583540616379011E-008
  2.644000000000000E-002  3.196780052316191E-008
  2.646000000000000E-002  3.909463356378040E-008
  2.648000000000000E-002  4.726322132745993E-008
  2.650000000000000E-002  5.649726497655280E-008
  2.652000000000000E-002  6.679202617906321E-008
  2.654000000000000E-002  7.811140073516609E-008
  2.656000000000000E-002  9.038854259143396E-008
  2.658000000000000E-002  1.035322421558588E-007
  2.660000000000000E-002  1.174417416335786E-007
  2.662000000000000E-002  1.320329821919055E-007
  2.664000000000000E-002  1.472793436160149E-007
  2.666000000000000E-002  1.632697745411900E-007
  2.668000000000000E-002  1.802870051548462E-007
  2.670000000000000E-002  1.989086441524553E-007
  2.672000000000000E-002  2.201349477148105E-007
  2.674000000000000E-002  2.455498846063882E-007
  2.676000000000000E-002  2.775283368433402E-007
  2.678000000000000E-002  3.195116499669903E-007
  2.680000000000000E-002  3.763876162766190E-007
  2.682000000000000E-002  4.550295441898798E-007
  2.684000000000000E-002  5.650727684983072E-007
  2.686000000000000E-002  7.200372017957169E-007
  2.688000000000000E-002  9.389432395878659E-007
  2.690000000000000E-002  1.248618257558386E-006
  2.692000000000000E-002  1.686955416366880E-006
  2.694000000000000E-002  2.307469624883487E-006
  2.696000000000000E-002  3.185603267001649E-006
  2.698000000000000E-002  4.427372098793135E-006
  2.700000000000000E-002  6.181117246125016E-006
  2.702000000000000E-002  8.653350678103860E-006
  2.704000000000000E-002  1.212995298513345E-005
  2.706000000000000E-002  1.700431076540372E-005
  2.708000000000000E-002  2.381437050666405E-005
  2.710000000000000E-002  3.329103582441833E-005
  2.712000000000000E-002  4.642083590025078E-005
  2.714000000000000E-002  6.452632297870366E-005
  2.716000000000000E-002  8.936817924793627E-005
  2.718000000000000E-002  1.232734724299507E-004
  2.720000000000000E-002  1.692948051423407E-004
  2.722000000000000E-002  2.314051017276872E-004
  2.724000000000000E-002  3.147322284960872E-004
  2.726000000000000E-002  4.258362149014215E-004
  2.728000000000000E-002  5.730289029958607E-004
  2.730000000000000E-002  7.667313189568258E-004
  2.732000000000000E-002  1.019856638363921E-003
  2.734000000000000E-002  1.348196824862314E-003
  2.736000000000000E-002  1.770778032451406E-003
  2.738000000000000E-002  2.310132474339899E-003
  2.740000000000000E-002  2.992411821762143E-003
  2.742000000000000E-002  3.847240245385422E-003
  2.744000000000000E-002  4.907183089275354E-003
  2.746000000000000E-002  6.206672012555635E-003
  2.748000000000000E-002  7.780200627432896E-003
  2.750000000000000E-002  9.659604055454430E-003
  2.752000000000000E-002  1.187035214187541E-002
  2.754000000000000E-002  1.440688079882554E-002
  2.756000000000000E-002  1.676970175937225E-002
  2.758000000000000E-002  1.857396223458823E-002
  2.760000000000000E-002  1.986760832825818E-002
  2.762000000000000E-002  2.072979347006704E-002
  2.764000000000000E-002  2.125216069552062E-002
  2.766000000000000E-002  2.152786008372048E-002
  2.768000000000000E-002  2.165311238733795E-002
  2.770000000000000E-002  2.171093613521955E-002
  2.772000000000000E-002  2.175454797716497E-002
  2.774000000000000E-002  2.181437342185952E-002
  2.776000000000000E-002  2.194842924424649E-002
  2.778000000000000E-002  2.224940216837067E-002
  2.780000000000000E-002  2.285955671966204E-002
  2.782000000000000E-002  2.398784124834722E-002
  2.784000000000000E-002  2.592993403813461E-002
  2.786000000000000E-002  2.909123833206104E-002
  2.788000000000000E-002  3.401729116404726E-002
  2.790000000000000E-002  4.143553645434787E-002
  2.792000000000000E-002  5.231138750841847E-002
  2.794000000000000E-002  6.792143235384623E-002
  2.796000000000000E-002  8.994270747151896E-002
  2.798000000000000E-002  0.120546280486590     
  2.800000000000000E-002  0.162462357434446     
  2.802000000000000E-002  0.218941247344478     
  2.804000000000000E-002  0.293430874252158     
  2.806000000000000E-002  0.387753225139324     
  2.808000000000000E-002  0.491224517228943     
  2.810000000000000E-002  0.569147258647673     
  2.812000000000000E-002  0.622009691812923     
  2.814000000000000E-002  0.658153975099033     
  2.816000000000000E-002  0.685939180097148     
  2.818000000000000E-002  0.710598962403753     
  2.820000000000000E-002  0.733402830605856     
  2.822000000000000E-002  0.753589782829229     
  2.824000000000000E-002  0.770132805703909     
  2.826000000000000E-002  0.781566097944815     
  2.828000000000000E-002  0.787754327570948     
  2.830000000000000E-002  0.789835843273169     
  2.832000000000000E-002  0.789759273103343     
  2.834000000000000E-002  0.788293139483741     
  2.836000000000000E-002  0.784704741986028     
  2.838000000000000E-002  0.778631495809805     
  2.840000000000000E-002  0.770144134043828     
  2.842000000000000E-002  0.760885699333168     
  2.844000000000000E-002  0.753636548941717     
  2.846000000000000E-002  0.749062819244659     
  2.848000000000000E-002  0.746677617978283     
  2.850000000000000E-002  0.745844025128966     
  2.852000000000000E-002  0.745859094809713     
  2.854000000000000E-002  0.747001595143879     
  2.856000000000000E-002  0.750245940821298     
  2.858000000000000E-002  0.756425392096226     
  2.860000000000000E-002  0.766310921099444     
  2.862000000000000E-002  0.780397448653227     
  2.864000000000000E-002  0.798666108098702     
  2.866000000000000E-002  0.818948012936740     
  2.868000000000000E-002  0.835271745283906     
  2.870000000000000E-002  0.847020640983272     
  2.872000000000000E-002  0.855564983117693     
  2.874000000000000E-002  0.861941329753518     
  2.876000000000000E-002  0.866934137902992     
  2.878000000000000E-002  0.871080067850755     
  2.880000000000000E-002  0.874712221208306     
  2.882000000000000E-002  0.877982548388908     
  2.884000000000000E-002  0.880989228979846     
  2.886000000000000E-002  0.883892076434621     
  2.888000000000000E-002  0.886817666063544     
  2.890000000000000E-002  0.889868370948525     
  2.892000000000000E-002  0.893075513729868     
  2.894000000000000E-002  0.896159734597770     
  2.896000000000000E-002  0.898894064393720     
  2.898000000000000E-002  0.901151532307149     
  2.900000000000000E-002  0.902878091285816     
  2.902000000000000E-002  0.904162367282042     
  2.904000000000000E-002  0.905062763282126     
  2.906000000000000E-002  0.905620065400679     
  2.908000000000000E-002  0.905876873326818     
  2.910000000000000E-002  0.905894753054088     
  2.912000000000000E-002  0.905678355403186     
  2.914000000000000E-002  0.905161493492520     
  2.916000000000000E-002  0.904405919567340     
  2.918000000000000E-002  0.903441967934602     
  2.920000000000000E-002  0.902253410814393     
  2.922000000000000E-002  0.900811541409985     
  2.924000000000000E-002  0.899087373869344     
  2.926000000000000E-002  0.897048095683266     
  2.928000000000000E-002  0.894654116747220     
  2.930000000000000E-002  0.891859677635433     
  2.932000000000000E-002  0.888614825215125     
  2.934000000000000E-002  0.884866995665541     
  2.936000000000000E-002  0.880563588823202     
  2.938000000000000E-002  0.875656015065294     
  2.940000000000000E-002  0.870104572108556     
  2.942000000000000E-002  0.863884536987812     
  2.944000000000000E-002  0.856997182318687     
  2.946000000000000E-002  0.849704963548580     
  2.948000000000000E-002  0.842730214807492     
  2.950000000000000E-002  0.836291802945274     
  2.952000000000000E-002  0.830285815466859     
  2.954000000000000E-002  0.824622341722173     
  2.956000000000000E-002  0.819196935624520     
  2.958000000000000E-002  0.813912196728583     
  2.960000000000000E-002  0.808687851261628     
  2.962000000000000E-002  0.803467233327162     
  2.964000000000000E-002  0.798193101843992     
  2.966000000000000E-002  0.792770863618909     
  2.968000000000000E-002  0.787118185528482     
  2.970000000000000E-002  0.781159256357470     
  2.972000000000000E-002  0.774751961520201     
  2.974000000000000E-002  0.767674776457178     
  2.976000000000000E-002  0.759618093298498     
  2.978000000000000E-002  0.750170968789823     
  2.980000000000000E-002  0.738810417247231     
  2.982000000000000E-002  0.724894525787471     
  2.984000000000000E-002  0.707678049562260     
  2.986000000000000E-002  0.686375475135342     
  2.988000000000000E-002  0.660292076610781     
  2.990000000000000E-002  0.629004580356345     
  2.992000000000000E-002  0.596890943288200     
  2.994000000000000E-002  0.573645684292871     
  2.996000000000000E-002  0.558528335666132     
  2.998000000000000E-002  0.549353950621673     
  3.000000000000000E-002  0.544310088724829     
  3.002000000000000E-002  0.542815022311963     
  3.004000000000000E-002  0.543040714393292     
  3.006000000000000E-002  0.544562380599260     
  3.008000000000000E-002  0.547850464914045     
  3.010000000000000E-002  0.553230470169563     
  3.012000000000000E-002  0.560847124572896     
  3.014000000000000E-002  0.570624183382274     
  3.016000000000000E-002  0.580037139965337     
  3.018000000000000E-002  0.585152396167879     
  3.020000000000000E-002  0.586819035630707     
  3.022000000000000E-002  0.586863934013786     
  3.024000000000000E-002  0.586047164411292     
  3.026000000000000E-002  0.584166727245331     
  3.028000000000000E-002  0.580800469943664     
  3.030000000000000E-002  0.575294048741372     
  3.032000000000000E-002  0.566696342304941     
  3.034000000000000E-002  0.553679004592656     
  3.036000000000000E-002  0.534897125392287     
  3.038000000000000E-002  0.509667458230266     
  3.040000000000000E-002  0.476989086226738     
  3.042000000000000E-002  0.436363221733154     
  3.044000000000000E-002  0.387875909200070     
  3.046000000000000E-002  0.332240731025955     
  3.048000000000000E-002  0.273298285484661     
  3.050000000000000E-002  0.222244122597101     
  3.052000000000000E-002  0.179426968408778     
  3.054000000000000E-002  0.143608586955778     
  3.056000000000000E-002  0.113866201415204     
  3.058000000000000E-002  8.942285715640620E-002
  3.060000000000000E-002  6.957184542620097E-002
  3.062000000000000E-002  5.365019904540964E-002
  3.064000000000000E-002  4.103769016221229E-002
  3.066000000000000E-002  3.116510081175868E-002
  3.068000000000000E-002  2.352312583406272E-002
  3.070000000000000E-002  1.766808406505974E-002
  3.072000000000000E-002  1.322324328569252E-002
  3.074000000000000E-002  9.876189711946624E-003
  3.076000000000000E-002  7.373500952860291E-003
  3.078000000000000E-002  5.514112615637975E-003
  3.080000000000000E-002  4.140790334657956E-003
  3.082000000000000E-002  3.130425011353604E-003
  3.084000000000000E-002  2.386942993462257E-003
  3.086000000000000E-002  1.836693301808613E-003
  3.088000000000000E-002  1.424396036957647E-003
  3.090000000000000E-002  1.109853676104529E-003
  3.092000000000000E-002  8.650161924085441E-004
  3.094000000000000E-002  6.712805081508230E-004
  3.096000000000000E-002  5.170850957426523E-004
  3.098000000000000E-002  3.958640281342047E-004
  3.100000000000000E-002  3.041198674532970E-004
  3.102000000000000E-002  2.395113058245203E-004
  3.104000000000000E-002  1.992468019972279E-004
  3.106000000000000E-002  1.790859744585463E-004
  3.108000000000000E-002  1.728893721671208E-004
  3.110000000000000E-002  1.731713996558862E-004
  3.112000000000000E-002  1.784748010863514E-004
  3.114000000000000E-002  1.938894759255187E-004
  3.116000000000000E-002  2.256413220465473E-004
  3.118000000000000E-002  2.815163668348968E-004
  3.120000000000000E-002  3.714926796009171E-004
  3.122000000000000E-002  5.084335493876589E-004
  3.124000000000000E-002  7.087952292560538E-004
  3.126000000000000E-002  9.933130246820169E-004
  3.128000000000000E-002  1.387590002012477E-003
  3.130000000000000E-002  1.922479756850393E-003
  3.132000000000000E-002  2.634122363996055E-003
  3.134000000000000E-002  3.563457048359564E-003
  3.136000000000001E-002  4.755017861948941E-003
  3.138000000000001E-002  6.254804274888994E-003
  3.140000000000000E-002  8.107028031817015E-003
  3.142000000000000E-002  1.034963534146001E-002
  3.144000000000000E-002  1.295962608803459E-002
  3.146000000000000E-002  1.522051254846713E-002
  3.148000000000000E-002  1.676450158422622E-002
  3.150000000000000E-002  1.769001324945496E-002
  3.152000000000000E-002  1.813804662800992E-002
  3.154000000000001E-002  1.827407249857277E-002
  3.156000000000000E-002  1.826834648689972E-002
  3.158000000000000E-002  1.815821381080097E-002
  3.160000000000000E-002  1.785149676191503E-002
  3.162000000000000E-002  1.725771066931736E-002
  3.164000000000000E-002  1.630036071543133E-002
  3.166000000000000E-002  1.492438454258443E-002
  3.168000000000000E-002  1.310360735678340E-002
  3.170000000000001E-002  1.084768378538960E-002
  3.172000000000001E-002  8.275698692111153E-003
  3.174000000000000E-002  6.070518614773517E-003
  3.176000000000000E-002  4.399622029850314E-003
  3.178000000000000E-002  3.150555015613451E-003
  3.180000000000000E-002  2.230196564729495E-003
  3.182000000000000E-002  1.561272789575764E-003
  3.184000000000000E-002  1.081369045261286E-003
  3.186000000000000E-002  7.413020471321729E-004
  3.188000000000001E-002  5.031491586990560E-004
  3.190000000000000E-002  3.382372003499234E-004
  3.192000000000000E-002  2.252691430756908E-004
  3.194000000000000E-002  1.486830999009113E-004
  3.196000000000000E-002  9.727885287357579E-005
  3.198000000000000E-002  6.310802332572891E-005
  3.200000000000000E-002  4.060391429092236E-005
  3.202000000000000E-002  2.591628084760237E-005
  3.204000000000001E-002  1.641344328554219E-005
  3.206000000000001E-002  1.031683055547237E-005
  3.208000000000000E-002  6.437341882933683E-006
  3.210000000000000E-002  3.988157539192805E-006
  3.212000000000000E-002  2.453772077036192E-006
  3.214000000000000E-002  1.499620106545377E-006
  3.216000000000000E-002  9.105422022406278E-007
  3.218000000000000E-002  5.493859561376745E-007
  3.220000000000000E-002  3.294600687293012E-007
  3.222000000000001E-002  1.964130794896629E-007
  3.224000000000000E-002  1.164356293140899E-007
  3.226000000000000E-002  6.865537401125766E-008
  3.228000000000000E-002  4.028070404401095E-008
  3.230000000000000E-002  2.352757444303320E-008
  3.232000000000000E-002  1.369147127997407E-008
  3.234000000000000E-002  7.947807775189442E-009
  3.236000000000000E-002  4.611480111964289E-009
  3.238000000000001E-002  2.683368180159062E-009
  3.240000000000001E-002  1.574592291069363E-009
  3.242000000000000E-002  9.400605400501163E-010
  3.244000000000000E-002  5.786587586973943E-010
  3.246000000000000E-002  3.738108052867423E-010
  3.248000000000000E-002  2.582716510640668E-010
  3.250000000000000E-002  1.934317465726772E-010
  3.252000000000000E-002  1.572290650589415E-010
  3.254000000000000E-002  1.371190970747052E-010
  3.256000000000001E-002  1.260058060209640E-010
  3.258000000000000E-002  1.198961844941780E-010
  3.260000000000000E-002  1.165549559374954E-010
  3.262000000000000E-002  1.147371541623037E-010
  3.264000000000000E-002  1.137532285483938E-010
  3.266000000000000E-002  1.132239757931813E-010
  3.268000000000000E-002  1.129406400138698E-010
  3.270000000000000E-002  1.127898247764286E-010
  3.272000000000001E-002  1.127102533821965E-010
  3.274000000000001E-002  1.126688217846470E-010
  3.276000000000000E-002  1.126476958454795E-010
  3.278000000000000E-002  1.126375242519598E-010
  3.280000000000000E-002  1.126332914456577E-010
  3.282000000000000E-002  1.126320342498511E-010
  3.284000000000000E-002  1.126319425180908E-010
  3.286000000000000E-002  1.126322768471959E-010
  3.288000000000000E-002  1.126332233705221E-010
  3.290000000000001E-002  1.126348627974824E-010
  3.292000000000000E-002  1.126371728596836E-010
  3.294000000000000E-002  1.126400854039196E-010
  3.296000000000000E-002  1.126434887134014E-010
  3.298000000000000E-002  1.126472311862635E-010
  3.300000000000000E-002  1.126511155132008E-010
  3.302000000000000E-002  1.126548372917515E-010
  3.304000000000000E-002  1.126584778622795E-010
  3.306000000000001E-002  1.126621114446478E-010
  3.308000000000001E-002  1.126657533168619E-010
  3.310000000000000E-002  1.126694574444123E-010
  3.312000000000000E-002  1.126733094403607E-010
  3.314000000000000E-002  1.126772942179360E-010
  3.316000000000000E-002  1.126811766217511E-010
  3.318000000000000E-002  1.126849281683418E-010
  3.320000000000000E-002  1.126885856413751E-010
  3.322000000000000E-002  1.126921665846580E-010
  3.324000000000001E-002  1.126956724851215E-010
  3.326000000000000E-002  1.126990855410620E-010
  3.328000000000000E-002  1.127023951110648E-010
  3.330000000000000E-002  1.127056149906653E-010
  3.332000000000000E-002  1.127087583112585E-010
  3.334000000000000E-002  1.127118228245023E-010
  3.336000000000000E-002  1.127147994045049E-010
  3.338000000000000E-002  1.127176804136922E-010
  3.340000000000001E-002  1.127204587303759E-010
  3.342000000000001E-002  1.127231144217170E-010
  3.344000000000000E-002  1.127256350256014E-010
  3.346000000000000E-002  1.127280182301392E-010
  3.348000000000000E-002  1.127302618449525E-010
  3.350000000000000E-002  1.127323634322135E-010
  3.352000000000000E-002  1.127343290613490E-010
  3.354000000000000E-002  1.127361557439026E-010
  3.356000000000000E-002  1.127378281573171E-010
  3.358000000000001E-002  1.127393397234559E-010
  3.360000000000000E-002  1.127407007950010E-010
  3.362000000000000E-002  1.127419182458711E-010
  3.364000000000000E-002  1.127429931195689E-010
  3.366000000000000E-002  1.127439285755568E-010
  3.368000000000000E-002  1.127447585807644E-010
  3.370000000000000E-002  1.127455730284333E-010
  3.372000000000000E-002  1.127464532617294E-010
  3.374000000000001E-002  1.127474344309562E-010
  3.376000000000001E-002  1.127485374273044E-010
  3.378000000000000E-002  1.127497841411650E-010
  3.380000000000000E-002  1.127511900082219E-010
  3.382000000000000E-002  1.127527618363775E-010
  3.384000000000000E-002  1.127545028212909E-010
  3.386000000000000E-002  1.127564161688494E-010
  3.388000000000000E-002  1.127584981144544E-010
  3.390000000000000E-002  1.127607362758844E-010
  3.392000000000001E-002  1.127631178275145E-010
  3.394000000000000E-002  1.127656377343991E-010
  3.396000000000000E-002  1.127682978669834E-010
  3.398000000000000E-002  1.127710885485556E-010
  3.400000000000000E-002  1.127738355808659E-010
  3.402000000000000E-002  1.127763776317532E-010
  3.404000000000000E-002  1.127786856808795E-010
  3.406000000000000E-002  1.127807352504386E-010
  3.408000000000001E-002  1.127825226313036E-010
  3.410000000000001E-002  1.127840562338353E-010
  3.412000000000000E-002  1.127853472512264E-010
  3.414000000000000E-002  1.127864143393383E-010
  3.416000000000000E-002  1.127872996797726E-010
  3.418000000000000E-002  1.127880738093616E-010
  3.420000000000000E-002  1.127887647195388E-010
  3.422000000000000E-002  1.127893703871020E-010
  3.424000000000000E-002  1.127899127394099E-010
  3.426000000000001E-002  1.127904211334804E-010
  3.428000000000000E-002  1.127909060340679E-010
  3.430000000000000E-002  1.127913863405005E-010
  3.432000000000000E-002  1.127917963175307E-010
  3.434000000000000E-002  1.127921602359483E-010
  3.436000000000000E-002  1.127924801167425E-010
  3.438000000000000E-002  1.127927769200479E-010
  3.440000000000000E-002  1.127930785223813E-010
  3.442000000000001E-002  1.127935205976794E-010
  3.444000000000001E-002  1.127939094059952E-010
  3.446000000000000E-002  1.127939266990390E-010
  3.448000000000000E-002  1.127938175719768E-010
  3.450000000000000E-002  1.127935644819259E-010
  3.452000000000000E-002  1.127930987398753E-010
  3.454000000000000E-002  1.127923835092745E-010
  3.456000000000000E-002  1.127913929241660E-010
  3.458000000000000E-002  1.127900979456482E-010
  3.460000000000001E-002  1.127884499981045E-010
  3.462000000000000E-002  1.127863764489662E-010
  3.464000000000000E-002  1.127837795282302E-010
  3.466000000000000E-002  1.127805338827299E-010
  3.468000000000000E-002  1.127764833350203E-010
  3.470000000000000E-002  1.127714466244455E-010
  3.472000000000000E-002  1.127652299863537E-010
  3.474000000000000E-002  1.127576494115078E-010
  3.476000000000001E-002  1.127485450053709E-010
  3.478000000000001E-002  1.127377874607629E-010
  3.480000000000000E-002  1.127252818433124E-010
  3.482000000000000E-002  1.127109516302634E-010
  3.484000000000000E-002  1.126947276285436E-010
  3.486000000000000E-002  1.126765488755717E-010
  3.488000000000000E-002  1.126564082580685E-010
  3.490000000000000E-002  1.126342864276813E-010
  3.492000000000000E-002  1.126130647427431E-010
  3.494000000000001E-002  1.125953988507661E-010
  3.496000000000000E-002  1.125813901194027E-010
  3.498000000000000E-002  1.125706201170980E-010
  3.500000000000000E-002  1.125623428250969E-010
  3.502000000000000E-002  1.125560521916531E-010
  3.504000000000000E-002  1.125517408695572E-010
  3.506000000000000E-002  1.125494036849029E-010
  3.508000000000000E-002  1.125485965401116E-010
  3.510000000000001E-002  1.125485722732354E-010
  3.512000000000001E-002  1.125488441710192E-010
  3.514000000000000E-002  1.125496223411919E-010
  3.516000000000000E-002  1.125511549094245E-010
  3.518000000000000E-002  1.125533855537318E-010
  3.520000000000000E-002  1.125560066144812E-010
  3.522000000000000E-002  1.125592489315907E-010
  3.524000000000000E-002  1.125633365321015E-010
  3.526000000000000E-002  1.125683781239378E-010
  3.528000000000001E-002  1.125743429156025E-010
  3.530000000000000E-002  1.125811475271004E-010
  3.532000000000000E-002  1.125887300028179E-010
  3.534000000000000E-002  1.125970723999858E-010
  3.536000000000000E-002  1.126062015329767E-010
  3.538000000000000E-002  1.126160924141276E-010
  3.540000000000000E-002  1.126268458629755E-010
  3.542000000000000E-002  1.126383373711268E-010
  3.544000000000001E-002  1.126502182053264E-010
  3.546000000000001E-002  1.126612635777906E-010
  3.548000000000000E-002  1.126713783571649E-010
  3.550000000000000E-002  1.126807253791573E-010
  3.552000000000000E-002  1.126894411984079E-010
  3.554000000000000E-002  1.126976367451505E-010
  3.556000000000000E-002  1.127054007997435E-010
  3.558000000000000E-002  1.127128031425758E-010
  3.560000000000000E-002  1.127199007610476E-010
  3.562000000000001E-002  1.127267604154162E-010
  3.564000000000001E-002  1.127334260882798E-010
  3.566000000000000E-002  1.127399352205295E-010
  3.568000000000000E-002  1.127463218003516E-010
  3.570000000000000E-002  1.127526173925630E-010
  3.572000000000000E-002  1.127588471451361E-010
  3.574000000000000E-002  1.127650254444157E-010
  3.576000000000000E-002  1.127711499813064E-010
  3.578000000000001E-002  1.127771846509573E-010
  3.580000000000001E-002  1.127830768518773E-010
  3.582000000000000E-002  1.127887955928118E-010
  3.584000000000000E-002  1.127943323047657E-010
  3.586000000000000E-002  1.127996820060278E-010
  3.588000000000000E-002  1.128048487788502E-010
  3.590000000000000E-002  1.128098377064714E-010
  3.592000000000000E-002  1.128146488462561E-010
  3.594000000000000E-002  1.128192771463669E-010
  3.596000000000001E-002  1.128237159542138E-010
  3.598000000000001E-002  1.128279660858184E-010
  3.600000000000000E-002  1.128320463973271E-010
  3.602000000000000E-002  1.128360078360575E-010
  3.604000000000000E-002  1.128398836087068E-010
  3.606000000000000E-002  1.128436832298783E-010
  3.608000000000000E-002  1.128474164691238E-010
  3.610000000000000E-002  1.128510983666726E-010
  3.612000000000001E-002  1.128547506879368E-010
  3.614000000000001E-002  1.128583974913918E-010
  3.616000000000000E-002  1.128620648690853E-010
  3.618000000000000E-002  1.128657868445582E-010
  3.620000000000000E-002  1.128695872686461E-010
  3.622000000000000E-002  1.128734843385966E-010
  3.624000000000000E-002  1.128775122451465E-010
  3.626000000000000E-002  1.128817305311571E-010
  3.628000000000000E-002  1.128861235249373E-010
  3.630000000000001E-002  1.128905666464187E-010
  3.632000000000001E-002  1.128950731337080E-010
  3.634000000000000E-002  1.128996545486748E-010
  3.636000000000000E-002  1.129043155929532E-010
  3.638000000000000E-002  1.129090531798673E-010
  3.640000000000000E-002  1.129138548872315E-010
  3.642000000000000E-002  1.129187000330906E-010
  3.644000000000000E-002  1.129235524200951E-010
  3.646000000000001E-002  1.129283684238200E-010
  3.648000000000001E-002  1.129330832198610E-010
  3.650000000000000E-002  1.129376040342700E-010
  3.652000000000000E-002  1.129419238255172E-010
  3.654000000000000E-002  1.129460261056481E-010
  3.656000000000000E-002  1.129498882765214E-010
  3.658000000000000E-002  1.129535138173689E-010
  3.660000000000000E-002  1.129569017838138E-010
  3.662000000000000E-002  1.129600206290873E-010
  3.664000000000001E-002  1.129628456699386E-010
  3.666000000000001E-002  1.129653671797165E-010
  3.668000000000000E-002  1.129675832093631E-010
  3.670000000000000E-002  1.129694746737695E-010
  3.672000000000000E-002  1.129710212202491E-010
  3.674000000000000E-002  1.129722000681802E-010
  3.676000000000000E-002  1.129729893369530E-010
  3.678000000000000E-002  1.129733765920225E-010
  3.680000000000001E-002  1.129734393585230E-010
  3.682000000000001E-002  1.129732306938574E-010
  3.684000000000000E-002  1.129726427492696E-010
  3.686000000000000E-002  1.129717024842581E-010
  3.688000000000000E-002  1.129704978329585E-010
  3.690000000000000E-002  1.129690420859051E-010
  3.692000000000000E-002  1.129673530994332E-010
  3.694000000000000E-002  1.129655081170139E-010
  3.696000000000000E-002  1.129635169571369E-010
  3.698000000000001E-002  1.129613685017168E-010
  3.700000000000001E-002  1.129590437682996E-010
  3.702000000000000E-002  1.129565319550279E-010
  3.704000000000000E-002  1.129538382150816E-010
  3.706000000000000E-002  1.129509771564960E-010
  3.708000000000000E-002  1.129479739780156E-010
  3.710000000000000E-002  1.129450744822414E-010
  3.712000000000000E-002  1.129425032407405E-010
  3.714000000000001E-002  1.129402462933189E-010
  3.716000000000001E-002  1.129382907230958E-010
  3.718000000000000E-002  1.129366054484959E-010
  3.720000000000000E-002  1.129351625707938E-010
  3.722000000000000E-002  1.129339531971261E-010
  3.724000000000000E-002  1.129329837093360E-010
  3.726000000000000E-002  1.129322748512753E-010
  3.728000000000000E-002  1.129318280255769E-010
  3.730000000000000E-002  1.129316360400248E-010
  3.732000000000001E-002  1.129316317388188E-010
  3.734000000000001E-002  1.129318273274020E-010
  3.736000000000000E-002  1.129323616141476E-010
  3.738000000000000E-002  1.129332375356258E-010
  3.740000000000000E-002  1.129344310608017E-010
  3.742000000000000E-002  1.129358637331786E-010
  3.744000000000000E-002  1.129373984003453E-010
  3.746000000000000E-002  1.129390381446027E-010
  3.748000000000001E-002  1.129408048952382E-010
  3.750000000000001E-002  1.129427188559936E-010
  3.752000000000000E-002  1.129447585905604E-010
  3.754000000000000E-002  1.129468827075715E-010
  3.756000000000000E-002  1.129490495147005E-010
  3.758000000000000E-002  1.129512397138854E-010
  3.760000000000000E-002  1.129534408991808E-010
  3.762000000000000E-002  1.129556306851205E-010
  3.764000000000000E-002  1.129578532572322E-010
  3.766000000000001E-002  1.129601353982422E-010
  3.768000000000001E-002  1.129624939163189E-010
  3.770000000000000E-002  1.129649505422418E-010
  3.772000000000000E-002  1.129675327088510E-010
  3.774000000000000E-002  1.129702870386941E-010
  3.776000000000000E-002  1.129732481157023E-010
  3.778000000000000E-002  1.129764101093892E-010
  3.780000000000000E-002  1.129797457255653E-010
  3.782000000000001E-002  1.129831160239593E-010
  3.784000000000001E-002  1.129862769195089E-010
  3.786000000000000E-002  1.129891689884818E-010
  3.788000000000000E-002  1.129918132136513E-010
  3.790000000000000E-002  1.129941621031279E-010
  3.792000000000000E-002  1.129961308687123E-010
  3.794000000000000E-002  1.129977468373042E-010
  3.796000000000000E-002  1.129989619064558E-010
  3.798000000000000E-002  1.129997841279439E-010
  3.800000000000001E-002  1.130001014683333E-010
  3.802000000000001E-002  1.130000488716406E-010
  3.804000000000000E-002  1.129997700238605E-010
  3.806000000000000E-002  1.129990416567055E-010
  3.808000000000000E-002  1.129975769310895E-010
  3.810000000000000E-002  1.129951550359393E-010
  3.812000000000000E-002  1.129917446999883E-010
  3.814000000000000E-002  1.129873535391941E-010
  3.816000000000001E-002  1.129820120843441E-010
  3.818000000000001E-002  1.129757936177321E-010
  3.820000000000000E-002  1.129687226530550E-010
  3.822000000000000E-002  1.129619664966867E-010
  3.824000000000000E-002  1.129565104479727E-010
  3.826000000000000E-002  1.129522659502098E-010
  3.828000000000000E-002  1.129492351869637E-010
  3.830000000000000E-002  1.129471288669346E-010
  3.832000000000000E-002  1.129462725748818E-010
  3.834000000000001E-002  1.129463062910678E-010
  3.836000000000001E-002  1.129467651860703E-010
  3.838000000000000E-002  1.129477945551456E-010
  3.840000000000000E-002  1.129493628155780E-010
  3.842000000000000E-002  1.129513254364763E-010
  3.844000000000000E-002  1.129535777560911E-010
  3.846000000000000E-002  1.129561109855128E-010
  3.848000000000000E-002  1.129589741851039E-010
  3.850000000000001E-002  1.129621358903573E-010
  3.852000000000001E-002  1.129654189936158E-010
  3.854000000000000E-002  1.129686483695494E-010
  3.856000000000000E-002  1.129720131931717E-010
  3.858000000000000E-002  1.129757832125380E-010
  3.860000000000000E-002  1.129796720665327E-010
  3.862000000000000E-002  1.129831713399631E-010
  3.864000000000000E-002  1.129862182178337E-010
  3.866000000000000E-002  1.129887144873387E-010
  3.868000000000001E-002  1.129906099629473E-010
  3.870000000000001E-002  1.129918954105340E-010
  3.872000000000000E-002  1.129925174031954E-010
  3.874000000000000E-002  1.129925007444541E-010
  3.876000000000000E-002  1.129916969252070E-010
  3.878000000000000E-002  1.129899902579027E-010
  3.880000000000000E-002  1.129874926644570E-010
  3.882000000000000E-002  1.129844323975806E-010
  3.884000000000001E-002  1.129814008209473E-010
  3.886000000000001E-002  1.129810608574928E-010
  3.888000000000000E-002  1.129840419610296E-010
  3.890000000000000E-002  1.130016056781269E-010
  3.892000000000000E-002  1.130598555080810E-010
  3.894000000000000E-002  1.132153801839096E-010
  3.896000000000000E-002  1.135097617395143E-010
  3.898000000000000E-002  1.137429611890550E-010
  3.900000000000000E-002  1.138672176206966E-010
  3.902000000000001E-002  1.139234733939014E-010
  3.904000000000001E-002  1.139462559065228E-010
  3.906000000000000E-002  1.139543633001407E-010
  3.908000000000000E-002  1.139569143464822E-010
  3.910000000000000E-002  1.139575604048718E-010
  3.912000000000000E-002  1.139578089194500E-010
  3.914000000000000E-002  1.139584344970183E-010
  3.916000000000000E-002  1.139595536317717E-010
  3.918000000000001E-002  1.139607670641000E-010
  3.920000000000001E-002  1.139610253766648E-010
  3.922000000000000E-002  1.139606793844606E-010
  3.924000000000000E-002  1.139594368095205E-010
  3.926000000000000E-002  1.139571182078784E-010
  3.928000000000000E-002  1.139539273243461E-010
  3.930000000000000E-002  1.139499382552073E-010
  3.932000000000000E-002  1.139452108431722E-010
  3.934000000000000E-002  1.139392954037011E-010
  3.936000000000001E-002  1.139330203758111E-010
  3.938000000000001E-002  1.139277674334799E-010
  3.940000000000000E-002  1.139241672109582E-010
  3.942000000000000E-002  1.139217190805160E-010
  3.944000000000000E-002  1.139213671598099E-010
  3.946000000000000E-002  1.139217239288794E-010
  3.948000000000000E-002  1.139235458395210E-010
  3.950000000000000E-002  1.139264836774805E-010
  3.952000000000001E-002  1.139303780358462E-010
  3.954000000000001E-002  1.139344693357455E-010
  3.956000000000000E-002  1.139383151898617E-010
  3.958000000000000E-002  1.139415427552193E-010
  3.960000000000000E-002  1.139439567349663E-010
  3.962000000000000E-002  1.139454313091542E-010
  3.964000000000000E-002  1.139458869223378E-010
  3.966000000000000E-002  1.139454579002783E-010
  3.968000000000000E-002  1.139447917740516E-010
  3.970000000000001E-002  1.139450025285159E-010
  3.972000000000001E-002  1.139458280482065E-010
  3.974000000000000E-002  1.139471531428558E-010
  3.976000000000000E-002  1.139488206818148E-010
  3.978000000000000E-002  1.139507688143664E-010
  3.980000000000000E-002  1.139529911594098E-010
  3.982000000000000E-002  1.139553862443272E-010
  3.984000000000000E-002  1.139576915318503E-010
  3.986000000000001E-002  1.139598429414971E-010
  3.988000000000001E-002  1.139615960436167E-010
  3.990000000000000E-002  1.139630981656023E-010
  3.992000000000000E-002  1.139648090244583E-010
  3.994000000000000E-002  1.139668730948588E-010
  3.996000000000000E-002  1.139710223237202E-010
  3.998000000000000E-002  1.139736456678155E-010
  4.000000000000000E-002  1.139736456678155E-010
