  0.000000000000000E+000  0.999999974737875     
  2.000000000000000E-005  0.999999974737875     
  4.000000000000000E-005  0.999999974737875     
  6.000000000000001E-005  0.999999974737875     
  8.000000000000001E-005  0.999999974737875     
  1.000000000000000E-004  0.999999974737875     
  1.200000000000000E-004  0.999999974737875     
  1.400000000000000E-004  0.999999974737875     
  1.600000000000000E-004  0.999999974737875     
  1.800000000000000E-004  0.999999974737875     
  2.000000000000000E-004  0.999999974737875     
  2.200000000000000E-004  0.999999974737875     
  2.400000000000000E-004  0.999999974737875     
  2.600000000000000E-004  0.999999974737875     
  2.800000000000000E-004  0.999999974737875     
  3.000000000000000E-004  0.999999974737875     
  3.200000000000000E-004  0.999999974737875     
  3.400000000000000E-004  0.999999974737875     
  3.600000000000000E-004  0.999999974737875     
  3.800000000000000E-004  0.999999974737875     
  4.000000000000000E-004  0.999999974737875     
  4.200000000000000E-004  0.999999974737875     
  4.400000000000000E-004  0.999999974737875     
  4.600000000000000E-004  0.999999974737875     
  4.800000000000001E-004  0.999999974737875     
  5.000000000000000E-004  0.999999974737875     
  5.200000000000001E-004  0.999999974737875     
  5.400000000000000E-004  0.999999974737875     
  5.600000000000001E-004  0.999999974737875     
  5.800000000000000E-004  0.999999974737875     
  6.000000000000001E-004  0.999999974737875     
  6.200000000000000E-004  0.999999974737875     
  6.400000000000001E-004  0.999999974737875     
  6.600000000000001E-004  0.999999974737875     
  6.800000000000000E-004  0.999999974737875     
  7.000000000000001E-004  0.999999974737875     
  7.200000000000000E-004  0.999999974737875     
  7.400000000000001E-004  0.999999974737875     
  7.600000000000000E-004  0.999999974737875     
  7.800000000000001E-004  0.999999974737875     
  8.000000000000000E-004  0.999999974737875     
  8.200000000000001E-004  0.999999974737875     
  8.400000000000000E-004  0.999999974737875     
  8.600000000000001E-004  0.999999974737875     
  8.800000000000000E-004  0.999999974737875     
  9.000000000000001E-004  0.999999974737875     
  9.200000000000000E-004  0.999999974737875     
  9.400000000000001E-004  0.999999974737875     
  9.600000000000001E-004  0.999999974737875     
  9.800000000000002E-004  0.999999974737875     
  1.000000000000000E-003  0.999999974737875     
  1.020000000000000E-003  0.999999974737875     
  1.040000000000000E-003  0.999999974737875     
  1.060000000000000E-003  0.999999974737875     
  1.080000000000000E-003  0.999999974737875     
  1.100000000000000E-003  0.999999974737875     
  1.120000000000000E-003  0.999999974737875     
  1.140000000000000E-003  0.999999974737875     
  1.160000000000000E-003  0.999999974737875     
  1.180000000000000E-003  0.999999974737875     
  1.200000000000000E-003  0.999999974737875     
  1.220000000000000E-003  0.999999974737875     
  1.240000000000000E-003  0.999999974737875     
  1.260000000000000E-003  0.999999974737875     
  1.280000000000000E-003  0.999999974737875     
  1.300000000000000E-003  0.999999974737875     
  1.320000000000000E-003  0.999999974737875     
  1.340000000000000E-003  0.999999974737875     
  1.360000000000000E-003  0.999999974737875     
  1.380000000000000E-003  0.999999974737875     
  1.400000000000000E-003  0.999999974737875     
  1.420000000000000E-003  0.999999974737875     
  1.440000000000000E-003  0.999999974737875     
  1.460000000000000E-003  0.999999974737875     
  1.480000000000000E-003  0.999999974737875     
  1.500000000000000E-003  0.999999974737875     
  1.520000000000000E-003  0.999999974737875     
  1.540000000000000E-003  0.999999974737875     
  1.560000000000000E-003  0.999999974737875     
  1.580000000000000E-003  0.999999974737875     
  1.600000000000000E-003  0.999999974737875     
  1.620000000000000E-003  0.999999974737875     
  1.640000000000000E-003  0.999999974737875     
  1.660000000000000E-003  0.999999974737875     
  1.680000000000000E-003  0.999999974737875     
  1.700000000000000E-003  0.999999974737875     
  1.720000000000000E-003  0.999999974737875     
  1.740000000000000E-003  0.999999974737875     
  1.760000000000000E-003  0.999999974737875     
  1.780000000000000E-003  0.999999974737875     
  1.800000000000000E-003  0.999999974737875     
  1.820000000000000E-003  0.999999974737875     
  1.840000000000000E-003  0.999999974737875     
  1.860000000000000E-003  0.999999974737875     
  1.880000000000000E-003  0.999999974737875     
  1.900000000000000E-003  0.999999974737875     
  1.920000000000000E-003  0.999999974737875     
  1.940000000000000E-003  0.999999974737875     
  1.960000000000000E-003  0.999999974737875     
  1.980000000000000E-003  0.999999974737875     
  2.000000000000000E-003  0.999999974737875     
  2.020000000000000E-003  0.999999974737875     
  2.040000000000000E-003  0.999999974737875     
  2.060000000000000E-003  0.999999974737875     
  2.080000000000000E-003  0.999999974737875     
  2.100000000000000E-003  0.999999974737875     
  2.120000000000000E-003  0.999999974737875     
  2.140000000000000E-003  0.999999974737875     
  2.160000000000000E-003  0.999999974737875     
  2.180000000000000E-003  0.999999974737875     
  2.200000000000000E-003  0.999999974737875     
  2.220000000000000E-003  0.999999974737875     
  2.240000000000000E-003  0.999999974737875     
  2.260000000000000E-003  0.999999974737875     
  2.280000000000000E-003  0.999999974737875     
  2.300000000000000E-003  0.999999974737875     
  2.320000000000000E-003  0.999999974737875     
  2.340000000000000E-003  0.999999974737875     
  2.360000000000000E-003  0.999999974737875     
  2.380000000000000E-003  0.999999974737875     
  2.400000000000000E-003  0.999999974737875     
  2.420000000000000E-003  0.999999974737875     
  2.440000000000000E-003  0.999999974737875     
  2.460000000000000E-003  0.999999974737875     
  2.480000000000000E-003  0.999999974737875     
  2.500000000000000E-003  0.999999974737875     
  2.520000000000000E-003  0.999999974737875     
  2.540000000000000E-003  0.999999974737875     
  2.560000000000000E-003  0.999999974737875     
  2.580000000000000E-003  0.999999974737875     
  2.600000000000000E-003  0.999999974737875     
  2.620000000000000E-003  0.999999974737875     
  2.640000000000000E-003  0.999999974737875     
  2.660000000000000E-003  0.999999974737875     
  2.680000000000000E-003  0.999999974737875     
  2.700000000000000E-003  0.999999974737875     
  2.720000000000000E-003  0.999999974737875     
  2.740000000000000E-003  0.999999974737875     
  2.760000000000000E-003  0.999999974737875     
  2.780000000000000E-003  0.999999974737875     
  2.800000000000000E-003  0.999999974737875     
  2.820000000000000E-003  0.999999974737875     
  2.840000000000000E-003  0.999999974737875     
  2.860000000000000E-003  0.999999974737875     
  2.880000000000000E-003  0.999999974737875     
  2.900000000000000E-003  0.999999974737875     
  2.920000000000000E-003  0.999999974737875     
  2.940000000000000E-003  0.999999974737875     
  2.960000000000000E-003  0.999999974737875     
  2.980000000000000E-003  0.999999974737875     
  3.000000000000000E-003  0.999999974737875     
  3.020000000000000E-003  0.999999974737875     
  3.040000000000000E-003  0.999999974737875     
  3.060000000000000E-003  0.999999974737875     
  3.080000000000000E-003  0.999999974737875     
  3.100000000000000E-003  0.999999974737875     
  3.120000000000000E-003  0.999999974737875     
  3.140000000000000E-003  0.999999974737875     
  3.160000000000000E-003  0.999999974737875     
  3.180000000000000E-003  0.999999974737875     
  3.200000000000000E-003  0.999999974737875     
  3.220000000000000E-003  0.999999974737875     
  3.240000000000000E-003  0.999999974737875     
  3.260000000000000E-003  0.999999974737875     
  3.280000000000000E-003  0.999999974737875     
  3.300000000000000E-003  0.999999974737875     
  3.320000000000000E-003  0.999999974737875     
  3.340000000000000E-003  0.999999974737875     
  3.360000000000000E-003  0.999999974737875     
  3.380000000000000E-003  0.999999974737875     
  3.400000000000000E-003  0.999999974737875     
  3.420000000000000E-003  0.999999974737875     
  3.440000000000000E-003  0.999999974737875     
  3.460000000000000E-003  0.999999974737875     
  3.480000000000000E-003  0.999999974737875     
  3.500000000000000E-003  0.999999974737875     
  3.520000000000000E-003  0.999999974737875     
  3.540000000000000E-003  0.999999974737875     
  3.560000000000000E-003  0.999999974737875     
  3.580000000000000E-003  0.999999974737875     
  3.600000000000000E-003  0.999999974737875     
  3.620000000000000E-003  0.999999974737875     
  3.640000000000000E-003  0.999999974737875     
  3.660000000000000E-003  0.999999974737875     
  3.680000000000000E-003  0.999999974737875     
  3.700000000000000E-003  0.999999974737875     
  3.720000000000000E-003  0.999999974737875     
  3.740000000000000E-003  0.999999974737875     
  3.760000000000000E-003  0.999999974737875     
  3.780000000000000E-003  0.999999974737875     
  3.800000000000000E-003  0.999999974737875     
  3.820000000000000E-003  0.999999974737875     
  3.840000000000001E-003  0.999999974737875     
  3.860000000000000E-003  0.999999974737875     
  3.880000000000000E-003  0.999999974737875     
  3.900000000000000E-003  0.999999974737875     
  3.920000000000001E-003  0.999999974737875     
  3.940000000000000E-003  0.999999974737875     
  3.960000000000000E-003  0.999999974737875     
  3.980000000000000E-003  0.999999974737875     
  4.000000000000000E-003  0.999999974737875     
