  0.000000000000000E+000  6.118102317530011E-012
  2.000000000000000E-005  6.376080510888933E-012
  4.000000000000000E-005  6.402270466080905E-012
  6.000000000000001E-005  6.405129434485528E-012
  8.000000000000001E-005  6.407939695584744E-012
  1.000000000000000E-004  6.410779860156978E-012
  1.200000000000000E-004  6.413630969603371E-012
  1.400000000000000E-004  6.416508746654357E-012
  1.600000000000000E-004  6.419405636869112E-012
  1.800000000000000E-004  6.422327848335788E-012
  2.000000000000000E-004  6.425273864143980E-012
  2.200000000000000E-004  6.428245366218159E-012
  2.400000000000000E-004  6.431243349637464E-012
  2.600000000000000E-004  6.434267759975304E-012
  2.800000000000000E-004  6.437321774658345E-012
  3.000000000000000E-004  6.440398845523213E-012
  3.200000000000000E-004  6.443498636906734E-012
  3.400000000000000E-004  6.446623948873763E-012
  3.600000000000000E-004  6.449786510012256E-012
  3.800000000000000E-004  6.452976706015176E-012
  4.000000000000000E-004  6.456192945199824E-012
  4.200000000000000E-004  6.459434926655667E-012
  4.400000000000000E-004  6.462701622131411E-012
  4.600000000000000E-004  6.465991378716759E-012
  4.800000000000001E-004  6.469302215288780E-012
  5.000000000000000E-004  6.472632458442068E-012
  5.200000000000001E-004  6.475981346277787E-012
  5.400000000000000E-004  6.479349020410237E-012
  5.600000000000001E-004  6.482735981429962E-012
  5.800000000000000E-004  6.486142006550648E-012
  6.000000000000001E-004  6.489565322698113E-012
  6.200000000000000E-004  6.493003026647695E-012
  6.400000000000001E-004  6.496451787974557E-012
  6.600000000000001E-004  6.499908756223440E-012
  6.800000000000000E-004  6.503372212980496E-012
  7.000000000000001E-004  6.506841448726586E-012
  7.200000000000000E-004  6.510314490800864E-012
  7.400000000000001E-004  6.513789065543113E-012
  7.600000000000000E-004  6.517264587895361E-012
  7.800000000000001E-004  6.520740923397738E-012
  8.000000000000000E-004  6.524218354155512E-012
  8.200000000000001E-004  6.527697084303826E-012
  8.400000000000000E-004  6.531177272963443E-012
  8.600000000000001E-004  6.534659547681017E-012
  8.800000000000000E-004  6.538144384855981E-012
  9.000000000000001E-004  6.541632450898243E-012
  9.200000000000000E-004  6.545124470491909E-012
  9.400000000000001E-004  6.548620794680005E-012
  9.600000000000001E-004  6.552123063217283E-012
  9.800000000000002E-004  6.555630629597360E-012
  1.000000000000000E-003  6.559137927831268E-012
  1.020000000000000E-003  6.562640866774979E-012
  1.040000000000000E-003  6.566136099999655E-012
  1.060000000000000E-003  6.569621602155894E-012
  1.080000000000000E-003  6.573095423978473E-012
  1.100000000000000E-003  6.576556148526709E-012
  1.120000000000000E-003  6.580002939249660E-012
  1.140000000000000E-003  6.583435552157073E-012
  1.160000000000000E-003  6.586853528328112E-012
  1.180000000000000E-003  6.590257795078108E-012
  1.200000000000000E-003  6.593648936997325E-012
  1.220000000000000E-003  6.597027349021553E-012
  1.240000000000000E-003  6.600393346699209E-012
  1.260000000000000E-003  6.603747438298242E-012
  1.280000000000000E-003  6.607090356664110E-012
  1.300000000000000E-003  6.610422976662799E-012
  1.320000000000000E-003  6.613746148170759E-012
  1.340000000000000E-003  6.617060604515497E-012
  1.360000000000000E-003  6.620367064950383E-012
  1.380000000000000E-003  6.623666340142931E-012
  1.400000000000000E-003  6.626959257264962E-012
  1.420000000000000E-003  6.630246546792982E-012
  1.440000000000000E-003  6.633528853085985E-012
  1.460000000000000E-003  6.636806848191921E-012
  1.480000000000000E-003  6.640081280932299E-012
  1.500000000000000E-003  6.643352890118283E-012
  1.520000000000000E-003  6.646622299925489E-012
  1.540000000000000E-003  6.649890022853521E-012
  1.560000000000000E-003  6.653156544020036E-012
  1.580000000000000E-003  6.656422365881118E-012
  1.600000000000000E-003  6.659687969545459E-012
  1.620000000000000E-003  6.662953773847347E-012
  1.640000000000000E-003  6.666220124209934E-012
  1.660000000000000E-003  6.669487243877658E-012
  1.680000000000000E-003  6.672755286529304E-012
  1.700000000000000E-003  6.676024333541889E-012
  1.720000000000000E-003  6.679294323982927E-012
  1.740000000000000E-003  6.682565073299614E-012
  1.760000000000000E-003  6.685836435062444E-012
  1.780000000000000E-003  6.689108493345792E-012
  1.800000000000000E-003  6.692381516881797E-012
  1.820000000000000E-003  6.695655479954592E-012
  1.840000000000000E-003  6.698929651780800E-012
  1.860000000000000E-003  6.702202674345467E-012
  1.880000000000000E-003  6.705472777879793E-012
  1.900000000000000E-003  6.708737926439653E-012
  1.920000000000000E-003  6.711996050034372E-012
  1.940000000000000E-003  6.715245243628593E-012
  1.960000000000000E-003  6.718483877087600E-012
  1.980000000000000E-003  6.721710640143294E-012
  2.000000000000000E-003  6.724924551344213E-012
  2.020000000000000E-003  6.728124939618262E-012
  2.040000000000000E-003  6.731311407075853E-012
  2.060000000000000E-003  6.734483754717958E-012
  2.080000000000000E-003  6.737641904640478E-012
  2.100000000000000E-003  6.740785832766897E-012
  2.120000000000000E-003  6.743915487928764E-012
  2.140000000000000E-003  6.747030764728065E-012
  2.160000000000000E-003  6.750131447141223E-012
  2.180000000000000E-003  6.753217211506036E-012
  2.200000000000000E-003  6.756287619487047E-012
  2.220000000000000E-003  6.759342159999493E-012
  2.240000000000000E-003  6.762380225864272E-012
  2.260000000000000E-003  6.765401245093509E-012
  2.280000000000000E-003  6.768404604259079E-012
  2.300000000000000E-003  6.771389749674858E-012
  2.320000000000000E-003  6.774356045478986E-012
  2.340000000000000E-003  6.777302679241429E-012
  2.360000000000000E-003  6.780228545391651E-012
  2.380000000000000E-003  6.783133082146754E-012
  2.400000000000000E-003  6.786018662782289E-012
  2.420000000000000E-003  6.788889621277103E-012
  2.440000000000000E-003  6.791749061149553E-012
  2.460000000000000E-003  6.794593429592095E-012
  2.480000000000000E-003  6.797426616975401E-012
  2.500000000000000E-003  6.800248916094440E-012
  2.520000000000000E-003  6.803077703799335E-012
  2.540000000000000E-003  6.805945023311092E-012
  2.560000000000000E-003  6.809191043907566E-012
  2.580000000000000E-003  6.812402033083517E-012
  2.600000000000000E-003  6.814175015870272E-012
  2.620000000000000E-003  6.813385055186228E-012
  2.640000000000000E-003  6.798940769079314E-012
  2.660000000000000E-003  6.714183597754873E-012
  2.680000000000000E-003  6.503794431195905E-012
  2.700000000000000E-003  6.375351329737500E-012
  2.720000000000000E-003  6.336768247105531E-012
  2.740000000000000E-003  6.329414163586587E-012
  2.760000000000000E-003  6.329628510167941E-012
  2.780000000000000E-003  6.335123501115748E-012
  2.800000000000000E-003  6.342146842923073E-012
  2.820000000000000E-003  6.347952671793200E-012
  2.840000000000000E-003  6.353609154544767E-012
  2.860000000000000E-003  6.359470909885501E-012
  2.880000000000000E-003  6.364556813775997E-012
  2.900000000000000E-003  6.367987164339316E-012
  2.920000000000000E-003  6.369456699809340E-012
  2.940000000000000E-003  6.368461327018759E-012
  2.960000000000000E-003  6.360554801046669E-012
  2.980000000000000E-003  6.333789666568640E-012
  3.000000000000000E-003  6.265355340553551E-012
  3.020000000000000E-003  6.166735788245090E-012
  3.040000000000000E-003  6.104318176751283E-012
  3.060000000000000E-003  6.075494732440512E-012
  3.080000000000000E-003  6.064146127901567E-012
  3.100000000000000E-003  6.060551055296164E-012
  3.120000000000000E-003  6.059960558879945E-012
  3.140000000000000E-003  6.061565772464820E-012
  3.160000000000000E-003  6.066055881645545E-012
  3.180000000000000E-003  6.070265521570569E-012
  3.200000000000000E-003  6.073866896052889E-012
  3.220000000000000E-003  6.077250930147554E-012
  3.240000000000000E-003  6.080610867593351E-012
  3.260000000000000E-003  6.083963731397923E-012
  3.280000000000000E-003  6.087334673222209E-012
  3.300000000000000E-003  6.090681829268432E-012
  3.320000000000000E-003  6.093986829524302E-012
  3.340000000000000E-003  6.097275058322694E-012
  3.360000000000000E-003  6.100564663474817E-012
  3.380000000000000E-003  6.103839065092702E-012
  3.400000000000000E-003  6.107078939825132E-012
  3.420000000000000E-003  6.110286023634663E-012
  3.440000000000000E-003  6.113475071245895E-012
  3.460000000000000E-003  6.116662349263828E-012
  3.480000000000000E-003  6.119842888664337E-012
  3.500000000000000E-003  6.123001138135628E-012
  3.520000000000000E-003  6.126155328152739E-012
  3.540000000000000E-003  6.129316478824281E-012
  3.560000000000000E-003  6.132491207456318E-012
  3.580000000000000E-003  6.135678979077468E-012
  3.600000000000000E-003  6.138877605085793E-012
  3.620000000000000E-003  6.142089317445576E-012
  3.640000000000000E-003  6.145324812715443E-012
  3.660000000000000E-003  6.148597390843016E-012
  3.680000000000000E-003  6.151919659237754E-012
  3.700000000000000E-003  6.155296470793477E-012
  3.720000000000000E-003  6.158728439650146E-012
  3.740000000000000E-003  6.162212694851025E-012
  3.760000000000000E-003  6.165748820986324E-012
  3.780000000000000E-003  6.169338750246347E-012
  3.800000000000000E-003  6.172981679706898E-012
  3.820000000000000E-003  6.176676028553888E-012
  3.840000000000001E-003  6.180417896965060E-012
  3.860000000000000E-003  6.184204619672893E-012
  3.880000000000000E-003  6.188031637013191E-012
  3.900000000000000E-003  6.191895856013891E-012
  3.920000000000001E-003  6.195799296351971E-012
  3.940000000000000E-003  6.199737734067845E-012
  3.960000000000000E-003  6.203685255603373E-012
  3.980000000000000E-003  6.207636351630700E-012
  4.000000000000000E-003  6.211587386584451E-012
  4.020000000000000E-003  6.215540677029433E-012
  4.040000000000000E-003  6.219502472664704E-012
  4.060000000000000E-003  6.223486200517405E-012
  4.080000000000000E-003  6.227514708575221E-012
  4.100000000000000E-003  6.231614886779472E-012
  4.120000000000000E-003  6.235832101793517E-012
  4.140000000000000E-003  6.240236607917390E-012
  4.160000000000001E-003  6.244732109046442E-012
  4.180000000000001E-003  6.249019108582598E-012
  4.200000000000001E-003  6.252960880695146E-012
  4.220000000000001E-003  6.256513854603671E-012
  4.240000000000001E-003  6.259451007363043E-012
  4.260000000000001E-003  6.261544558227407E-012
  4.280000000000000E-003  6.262707323176993E-012
  4.300000000000000E-003  6.263150013178469E-012
  4.320000000000000E-003  6.262908138035606E-012
  4.340000000000000E-003  6.261538395625310E-012
  4.360000000000000E-003  6.258198313687807E-012
  4.380000000000000E-003  6.252038992397849E-012
  4.400000000000000E-003  6.242595295404217E-012
  4.420000000000000E-003  6.233086984549510E-012
  4.440000000000000E-003  6.226238480323110E-012
  4.460000000000000E-003  6.221725371945304E-012
  4.480000000000000E-003  6.218985279787751E-012
  4.500000000000001E-003  6.217481621918711E-012
  4.520000000000001E-003  6.216790886783351E-012
  4.540000000000001E-003  6.216572744626860E-012
  4.560000000000001E-003  6.216713072541684E-012
  4.580000000000001E-003  6.217781411314578E-012
  4.600000000000001E-003  6.219869789642088E-012
  4.620000000000000E-003  6.222095528796072E-012
  4.640000000000000E-003  6.224146298186663E-012
  4.660000000000000E-003  6.226008131083296E-012
  4.680000000000000E-003  6.227720929919272E-012
  4.700000000000000E-003  6.229321288221423E-012
  4.720000000000000E-003  6.230838472284907E-012
  4.740000000000000E-003  6.232291297876369E-012
  4.760000000000000E-003  6.233677847126542E-012
  4.780000000000000E-003  6.234966249286136E-012
  4.800000000000000E-003  6.236091540022114E-012
  4.820000000000000E-003  6.236967719135689E-012
  4.840000000000001E-003  6.237516507416997E-012
  4.860000000000001E-003  6.237777280075565E-012
  4.880000000000001E-003  6.237708477726439E-012
  4.900000000000001E-003  6.237140490558391E-012
  4.920000000000001E-003  6.235787998454109E-012
  4.940000000000001E-003  6.233208219173936E-012
  4.960000000000000E-003  6.228810299914449E-012
  4.980000000000000E-003  6.221821802852942E-012
  5.000000000000000E-003  6.211335601322226E-012
  5.020000000000000E-003  6.196474726288450E-012
  5.040000000000000E-003  6.178221504092192E-012
  5.060000000000000E-003  6.162381593168532E-012
  5.080000000000000E-003  6.150507217832127E-012
  5.100000000000000E-003  6.141869933821448E-012
  5.120000000000000E-003  6.135672653651228E-012
  5.140000000000000E-003  6.131234725603618E-012
  5.160000000000001E-003  6.128025030651069E-012
  5.180000000000001E-003  6.125640757137554E-012
  5.200000000000001E-003  6.123778870915149E-012
  5.220000000000001E-003  6.122218957247414E-012
  5.240000000000001E-003  6.120815621866216E-012
  5.260000000000001E-003  6.119474832793589E-012
  5.280000000000001E-003  6.118180540808224E-012
  5.300000000000000E-003  6.116967650659731E-012
  5.320000000000000E-003  6.115903089442288E-012
  5.340000000000000E-003  6.115045746196505E-012
  5.360000000000000E-003  6.114428526151242E-012
  5.380000000000000E-003  6.114051404530508E-012
  5.400000000000000E-003  6.113885519275450E-012
  5.420000000000000E-003  6.113911722023261E-012
  5.440000000000000E-003  6.114122190134327E-012
  5.460000000000000E-003  6.114584511299600E-012
  5.480000000000000E-003  6.115388198690290E-012
  5.500000000000001E-003  6.116617200396079E-012
  5.520000000000001E-003  6.118240344429413E-012
  5.540000000000001E-003  6.120227178445761E-012
  5.560000000000001E-003  6.122549802717409E-012
  5.580000000000001E-003  6.125181372668237E-012
  5.600000000000001E-003  6.128098906662338E-012
  5.620000000000001E-003  6.131280139791434E-012
  5.640000000000000E-003  6.134700373460315E-012
  5.660000000000000E-003  6.138328876102779E-012
  5.680000000000000E-003  6.142136146106931E-012
  5.700000000000000E-003  6.146097336369130E-012
  5.720000000000000E-003  6.150187752451623E-012
  5.740000000000000E-003  6.154354435816730E-012
  5.760000000000000E-003  6.158507563500489E-012
  5.780000000000000E-003  6.162619672638829E-012
  5.800000000000000E-003  6.166670811927076E-012
  5.820000000000001E-003  6.170643725584956E-012
  5.840000000000001E-003  6.174528511071459E-012
  5.860000000000001E-003  6.178323628743524E-012
  5.880000000000001E-003  6.182034374523581E-012
  5.900000000000001E-003  6.185673227476803E-012
  5.920000000000001E-003  6.189256224676221E-012
  5.940000000000001E-003  6.192805564991709E-012
  5.960000000000001E-003  6.196337656447244E-012
  5.980000000000000E-003  6.199867212274750E-012
  6.000000000000000E-003  6.203404303394883E-012
  6.020000000000000E-003  6.206955289001498E-012
  6.040000000000000E-003  6.210535671347369E-012
  6.060000000000000E-003  6.214169175119552E-012
  6.080000000000000E-003  6.217870643711296E-012
  6.100000000000000E-003  6.221644786466774E-012
  6.120000000000000E-003  6.225487847673629E-012
  6.140000000000000E-003  6.229384255871042E-012
  6.160000000000001E-003  6.233330588217315E-012
  6.180000000000001E-003  6.237328145032519E-012
  6.200000000000001E-003  6.241300128706885E-012
  6.220000000000001E-003  6.245223590017916E-012
  6.240000000000001E-003  6.249094912238716E-012
  6.260000000000001E-003  6.252918254320707E-012
  6.280000000000001E-003  6.256702300994422E-012
  6.300000000000001E-003  6.260454200659940E-012
  6.320000000000000E-003  6.264165527911695E-012
  6.340000000000000E-003  6.267813819027545E-012
  6.360000000000000E-003  6.271368300067827E-012
  6.380000000000000E-003  6.274784096508939E-012
  6.400000000000000E-003  6.278027635008612E-012
  6.420000000000000E-003  6.281075994366113E-012
  6.440000000000000E-003  6.283926580274860E-012
  6.460000000000000E-003  6.286528277794338E-012
  6.480000000000001E-003  6.288782029447196E-012
  6.500000000000001E-003  6.290575896735477E-012
  6.520000000000001E-003  6.291811138516752E-012
  6.540000000000001E-003  6.292460754050907E-012
  6.560000000000001E-003  6.292650903016396E-012
  6.580000000000001E-003  6.292448904645197E-012
  6.600000000000001E-003  6.291630822557159E-012
  6.620000000000001E-003  6.289985423584195E-012
  6.640000000000001E-003  6.287292592191242E-012
  6.660000000000000E-003  6.283353453847771E-012
  6.680000000000000E-003  6.278019298995736E-012
  6.700000000000000E-003  6.271841981201922E-012
  6.720000000000000E-003  6.266299789518605E-012
  6.740000000000000E-003  6.261646016638716E-012
  6.760000000000000E-003  6.257756721129004E-012
  6.780000000000000E-003  6.254490146933112E-012
  6.800000000000000E-003  6.251705837821808E-012
  6.820000000000001E-003  6.249275009017488E-012
  6.840000000000001E-003  6.247081357439224E-012
  6.860000000000001E-003  6.245140795045504E-012
  6.880000000000001E-003  6.243361464811549E-012
  6.900000000000001E-003  6.241661763159283E-012
  6.920000000000001E-003  6.239982608207738E-012
  6.940000000000001E-003  6.238283780614514E-012
  6.960000000000001E-003  6.236612494497655E-012
  6.980000000000001E-003  6.235032030359163E-012
  7.000000000000000E-003  6.233630204529913E-012
  7.020000000000000E-003  6.232481859066719E-012
  7.040000000000000E-003  6.231622759700980E-012
  7.060000000000000E-003  6.231103228602204E-012
  7.080000000000000E-003  6.230820262611436E-012
  7.100000000000000E-003  6.230844409251927E-012
  7.120000000000000E-003  6.231028498496027E-012
  7.140000000000001E-003  6.231354772620239E-012
  7.160000000000001E-003  6.231888500831398E-012
  7.180000000000001E-003  6.232694565486913E-012
  7.200000000000001E-003  6.233795259198676E-012
  7.220000000000001E-003  6.235178642172875E-012
  7.240000000000001E-003  6.236803160915158E-012
  7.260000000000001E-003  6.238624306353635E-012
  7.280000000000001E-003  6.240617807033355E-012
  7.300000000000001E-003  6.242780488516522E-012
  7.320000000000001E-003  6.245100491613733E-012
  7.340000000000000E-003  6.247551739926736E-012
  7.360000000000000E-003  6.250115592080982E-012
  7.380000000000000E-003  6.252792003464097E-012
  7.400000000000000E-003  6.255585144212183E-012
  7.420000000000000E-003  6.258483743329198E-012
  7.440000000000000E-003  6.261365133812646E-012
  7.460000000000000E-003  6.264178525400612E-012
  7.480000000000001E-003  6.266914967061368E-012
  7.500000000000001E-003  6.269567789075593E-012
  7.520000000000001E-003  6.272132994085842E-012
  7.540000000000001E-003  6.274612119825038E-012
  7.560000000000001E-003  6.277013081436870E-012
  7.580000000000001E-003  6.279347632009742E-012
  7.600000000000001E-003  6.281628125210830E-012
  7.620000000000001E-003  6.283871144743895E-012
  7.640000000000001E-003  6.286089255386162E-012
  7.660000000000001E-003  6.288302428433163E-012
  7.680000000000001E-003  6.290522505643045E-012
  7.700000000000000E-003  6.292765625709050E-012
  7.720000000000000E-003  6.295057225957573E-012
  7.740000000000000E-003  6.297428330743637E-012
  7.760000000000000E-003  6.299895576006132E-012
  7.780000000000000E-003  6.302467901602033E-012
  7.800000000000001E-003  6.305143987688328E-012
  7.820000000000001E-003  6.307915139739273E-012
  7.840000000000001E-003  6.310772753399290E-012
  7.860000000000001E-003  6.313710324869789E-012
  7.880000000000000E-003  6.316723085371653E-012
  7.900000000000001E-003  6.319801259693384E-012
  7.920000000000000E-003  6.322935270324816E-012
  7.940000000000001E-003  6.326087169611539E-012
  7.960000000000000E-003  6.329214890498095E-012
  7.980000000000001E-003  6.332319083822843E-012
  8.000000000000000E-003  6.335398140993106E-012
  8.020000000000001E-003  6.338448411669833E-012
  8.040000000000000E-003  6.341465052057848E-012
  8.060000000000001E-003  6.344443072732125E-012
  8.080000000000000E-003  6.347378644558751E-012
  8.100000000000001E-003  6.350269900950513E-012
  8.120000000000000E-003  6.353117003847809E-012
  8.140000000000001E-003  6.355921221794244E-012
  8.160000000000001E-003  6.358683463726571E-012
  8.180000000000002E-003  6.361403792288443E-012
  8.200000000000001E-003  6.364081343525253E-012
  8.220000000000000E-003  6.366711920947781E-012
  8.240000000000001E-003  6.369288417835156E-012
  8.260000000000000E-003  6.371793522905431E-012
  8.280000000000001E-003  6.374199915572867E-012
  8.300000000000000E-003  6.376461242133052E-012
  8.320000000000001E-003  6.378508353486775E-012
  8.340000000000000E-003  6.380246511601253E-012
  8.360000000000001E-003  6.381563184553566E-012
  8.380000000000000E-003  6.382365447631344E-012
  8.400000000000001E-003  6.382689200456573E-012
  8.420000000000000E-003  6.382646679970200E-012
  8.440000000000001E-003  6.382183931152857E-012
  8.460000000000001E-003  6.381149665393012E-012
  8.480000000000001E-003  6.379381225717082E-012
  8.500000000000001E-003  6.376675362255342E-012
  8.520000000000002E-003  6.372749402006581E-012
  8.540000000000001E-003  6.367223079167276E-012
  8.560000000000000E-003  6.359609606742904E-012
  8.580000000000001E-003  6.349305482458401E-012
  8.600000000000000E-003  6.335607018615416E-012
  8.620000000000001E-003  6.317771634496801E-012
  8.640000000000000E-003  6.296180798052081E-012
  8.660000000000001E-003  6.275544820686676E-012
  8.680000000000000E-003  6.258182282261349E-012
  8.700000000000001E-003  6.244095056364394E-012
  8.720000000000000E-003  6.232989905608698E-012
  8.740000000000001E-003  6.224460462496547E-012
  8.760000000000000E-003  6.218045081770245E-012
  8.780000000000001E-003  6.213310867467403E-012
  8.800000000000001E-003  6.209888992516999E-012
  8.820000000000001E-003  6.207468743213991E-012
  8.840000000000001E-003  6.205783686325017E-012
  8.860000000000002E-003  6.204627403663537E-012
  8.880000000000001E-003  6.203915747995167E-012
  8.900000000000000E-003  6.203629100971910E-012
  8.920000000000001E-003  6.203697178024411E-012
  8.940000000000000E-003  6.204047761074973E-012
  8.960000000000001E-003  6.204735105498207E-012
  8.980000000000000E-003  6.205597885627654E-012
  9.000000000000001E-003  6.206544063756079E-012
  9.020000000000000E-003  6.207538986147616E-012
  9.040000000000001E-003  6.208571073930658E-012
  9.060000000000000E-003  6.209637747975040E-012
  9.080000000000001E-003  6.210744600717495E-012
  9.100000000000000E-003  6.211903047627054E-012
  9.120000000000001E-003  6.213128684846747E-012
  9.140000000000001E-003  6.214436209292328E-012
  9.160000000000001E-003  6.215858103844616E-012
  9.180000000000001E-003  6.217367986413829E-012
  9.200000000000002E-003  6.218973732221830E-012
  9.220000000000001E-003  6.220675948681139E-012
  9.240000000000000E-003  6.222469284453658E-012
  9.260000000000001E-003  6.224338327280893E-012
  9.280000000000000E-003  6.226270462237665E-012
  9.300000000000001E-003  6.228261245286774E-012
  9.320000000000000E-003  6.230262925477731E-012
  9.340000000000001E-003  6.232218098858034E-012
  9.360000000000000E-003  6.234095898186470E-012
  9.380000000000001E-003  6.235874951017069E-012
  9.400000000000000E-003  6.237540717726316E-012
  9.420000000000001E-003  6.239093995847884E-012
  9.440000000000000E-003  6.240535899080030E-012
  9.460000000000001E-003  6.241860537100219E-012
  9.480000000000001E-003  6.243052876500425E-012
  9.500000000000001E-003  6.244100654820533E-012
  9.520000000000001E-003  6.245006083180348E-012
  9.540000000000002E-003  6.245774008057672E-012
  9.560000000000001E-003  6.246405048570376E-012
  9.580000000000000E-003  6.246850861878636E-012
  9.600000000000001E-003  6.247069752656223E-012
  9.620000000000000E-003  6.247061771948411E-012
  9.640000000000001E-003  6.246929731608514E-012
  9.660000000000000E-003  6.246624778738307E-012
  9.680000000000001E-003  6.246130573189647E-012
  9.700000000000000E-003  6.245446335777666E-012
  9.720000000000001E-003  6.244551706190912E-012
  9.740000000000000E-003  6.243427120167332E-012
  9.760000000000001E-003  6.242060668547400E-012
  9.780000000000000E-003  6.240444355473339E-012
  9.800000000000001E-003  6.238568936224961E-012
  9.820000000000001E-003  6.236417724790141E-012
  9.840000000000002E-003  6.233963523312007E-012
  9.860000000000001E-003  6.231167079735370E-012
  9.880000000000002E-003  6.227972993150066E-012
  9.900000000000001E-003  6.224310524394611E-012
  9.920000000000000E-003  6.220279674584786E-012
  9.940000000000001E-003  6.216125727542899E-012
  9.960000000000000E-003  6.211895829618453E-012
  9.980000000000001E-003  6.207585101241167E-012
  1.000000000000000E-002  6.203166909757853E-012
  1.002000000000000E-002  6.198533283365033E-012
  1.004000000000000E-002  6.193544082045865E-012
  1.006000000000000E-002  6.188176406603077E-012
  1.008000000000000E-002  6.182351519506659E-012
  1.010000000000000E-002  6.176055579468066E-012
  1.012000000000000E-002  6.169848666220184E-012
  1.014000000000000E-002  6.164399048499640E-012
  1.016000000000000E-002  6.159881973282203E-012
  1.018000000000000E-002  6.156232592981594E-012
  1.020000000000000E-002  6.153406468683322E-012
  1.022000000000000E-002  6.151323843125733E-012
  1.024000000000000E-002  6.149897174813004E-012
  1.026000000000000E-002  6.149061545501599E-012
  1.028000000000000E-002  6.148745419453103E-012
  1.030000000000000E-002  6.148844529414662E-012
  1.032000000000000E-002  6.149295631579293E-012
  1.034000000000000E-002  6.150071306159000E-012
  1.036000000000000E-002  6.151157475593432E-012
  1.038000000000000E-002  6.152533564283835E-012
  1.040000000000000E-002  6.154175525807154E-012
  1.042000000000000E-002  6.156069830693191E-012
  1.044000000000000E-002  6.158194665942924E-012
  1.046000000000000E-002  6.160533967492441E-012
  1.048000000000000E-002  6.163058404828213E-012
  1.050000000000000E-002  6.165727810455447E-012
  1.052000000000000E-002  6.168486492495799E-012
  1.054000000000000E-002  6.171274231724888E-012
  1.056000000000000E-002  6.174045450553398E-012
  1.058000000000000E-002  6.176752885369021E-012
  1.060000000000000E-002  6.179370046061825E-012
  1.062000000000000E-002  6.181880676920074E-012
  1.064000000000000E-002  6.184276106077112E-012
  1.066000000000000E-002  6.186548660684244E-012
  1.068000000000000E-002  6.188693371221614E-012
  1.070000000000000E-002  6.190703467607933E-012
  1.072000000000000E-002  6.192572846931612E-012
  1.074000000000000E-002  6.194299494370695E-012
  1.076000000000000E-002  6.195884182365517E-012
  1.078000000000000E-002  6.197333383536103E-012
  1.080000000000000E-002  6.198657023251705E-012
  1.082000000000000E-002  6.199867025374375E-012
  1.084000000000000E-002  6.200977289809402E-012
  1.086000000000000E-002  6.202001583182725E-012
  1.088000000000000E-002  6.202955946768130E-012
  1.090000000000000E-002  6.203856672966386E-012
  1.092000000000000E-002  6.204718282076784E-012
  1.094000000000000E-002  6.205551632098902E-012
  1.096000000000000E-002  6.206362249315837E-012
  1.098000000000000E-002  6.207150551323708E-012
  1.100000000000000E-002  6.207912374898290E-012
  1.102000000000000E-002  6.208641275177780E-012
  1.104000000000000E-002  6.209329572793162E-012
  1.106000000000000E-002  6.209969133795669E-012
  1.108000000000000E-002  6.210555003456696E-012
  1.110000000000000E-002  6.211082794371374E-012
  1.112000000000000E-002  6.211559262530376E-012
  1.114000000000000E-002  6.211988273646915E-012
  1.116000000000000E-002  6.212391200443439E-012
  1.118000000000000E-002  6.212747512278875E-012
  1.120000000000000E-002  6.213060679151091E-012
  1.122000000000000E-002  6.213338715636246E-012
  1.124000000000000E-002  6.213595533710874E-012
  1.126000000000000E-002  6.213853416489834E-012
  1.128000000000000E-002  6.214127747768154E-012
  1.130000000000000E-002  6.214429066244741E-012
  1.132000000000000E-002  6.214763368901476E-012
  1.134000000000000E-002  6.215144132928115E-012
  1.136000000000000E-002  6.215581156001312E-012
  1.138000000000000E-002  6.216076899561957E-012
  1.140000000000000E-002  6.216631290592141E-012
  1.142000000000000E-002  6.217240011024701E-012
  1.144000000000000E-002  6.217896903118071E-012
  1.146000000000000E-002  6.218589761046798E-012
  1.148000000000000E-002  6.219307301793472E-012
  1.150000000000000E-002  6.220031135950071E-012
  1.152000000000000E-002  6.220740820963551E-012
  1.154000000000000E-002  6.221429588574541E-012
  1.156000000000000E-002  6.222091399229935E-012
  1.158000000000000E-002  6.222725064007156E-012
  1.160000000000000E-002  6.223332411323319E-012
  1.162000000000000E-002  6.223916939841896E-012
  1.164000000000000E-002  6.224483828973431E-012
  1.166000000000000E-002  6.225037308751755E-012
  1.168000000000000E-002  6.225579591622870E-012
  1.170000000000000E-002  6.226110320938029E-012
  1.172000000000000E-002  6.226625003044576E-012
  1.174000000000000E-002  6.227115043865774E-012
  1.176000000000000E-002  6.227569674210656E-012
  1.178000000000000E-002  6.227977567270418E-012
  1.180000000000000E-002  6.228341382507862E-012
  1.182000000000000E-002  6.228666914038058E-012
  1.184000000000000E-002  6.228971413728557E-012
  1.186000000000000E-002  6.229269780574179E-012
  1.188000000000000E-002  6.229572894301047E-012
  1.190000000000000E-002  6.229909547103321E-012
  1.192000000000000E-002  6.230322372808491E-012
  1.194000000000000E-002  6.230834851034490E-012
  1.196000000000000E-002  6.231459184233537E-012
  1.198000000000000E-002  6.232199415600401E-012
  1.200000000000000E-002  6.233055174218675E-012
  1.202000000000000E-002  6.234028945249184E-012
  1.204000000000000E-002  6.235130154683565E-012
  1.206000000000000E-002  6.236375400607428E-012
  1.208000000000000E-002  6.237787054975127E-012
  1.210000000000000E-002  6.239389925775753E-012
  1.212000000000000E-002  6.241200499767966E-012
  1.214000000000000E-002  6.243212909418284E-012
  1.216000000000000E-002  6.245402589089374E-012
  1.218000000000000E-002  6.247747307122255E-012
  1.220000000000000E-002  6.250234384473018E-012
  1.222000000000000E-002  6.252854239818294E-012
  1.224000000000000E-002  6.255611131411021E-012
  1.226000000000000E-002  6.258490161366649E-012
  1.228000000000000E-002  6.261446783777463E-012
  1.230000000000000E-002  6.264448998081465E-012
  1.232000000000000E-002  6.267480130566824E-012
  1.234000000000000E-002  6.270489738757077E-012
  1.236000000000000E-002  6.273436591608355E-012
  1.238000000000000E-002  6.276288716918719E-012
  1.240000000000000E-002  6.279021729840779E-012
  1.242000000000000E-002  6.281622796370699E-012
  1.244000000000000E-002  6.284085731677491E-012
  1.246000000000000E-002  6.286401674585683E-012
  1.248000000000000E-002  6.288574869533906E-012
  1.250000000000000E-002  6.290609209521662E-012
  1.252000000000000E-002  6.292510212980345E-012
  1.254000000000000E-002  6.294283453629808E-012
  1.256000000000000E-002  6.295938931804525E-012
  1.258000000000000E-002  6.297483111845858E-012
  1.260000000000000E-002  6.298921118644330E-012
  1.262000000000000E-002  6.300255453188409E-012
  1.264000000000000E-002  6.301492507403883E-012
  1.266000000000000E-002  6.302636635698211E-012
  1.268000000000000E-002  6.303689556718140E-012
  1.270000000000000E-002  6.304652056692893E-012
  1.272000000000000E-002  6.305525348021868E-012
  1.274000000000000E-002  6.306312957185865E-012
  1.276000000000000E-002  6.307021874856545E-012
  1.278000000000000E-002  6.307662854123271E-012
  1.280000000000000E-002  6.308248462888338E-012
  1.282000000000000E-002  6.308791296034289E-012
  1.284000000000000E-002  6.309300756500434E-012
  1.286000000000000E-002  6.309786234906175E-012
  1.288000000000000E-002  6.310252142373951E-012
  1.290000000000000E-002  6.310706604896026E-012
  1.292000000000000E-002  6.311157270944092E-012
  1.294000000000000E-002  6.311609254584125E-012
  1.296000000000000E-002  6.312066330724222E-012
  1.298000000000000E-002  6.312536882954341E-012
  1.300000000000000E-002  6.313026920202598E-012
  1.302000000000000E-002  6.313534865601330E-012
  1.304000000000000E-002  6.314054226481824E-012
  1.306000000000000E-002  6.314583576618555E-012
  1.308000000000000E-002  6.315122028991022E-012
  1.310000000000000E-002  6.315620545743963E-012
  1.312000000000000E-002  6.316050078969107E-012
  1.314000000000000E-002  6.316390353549134E-012
  1.316000000000000E-002  6.316640020455617E-012
  1.318000000000000E-002  6.316821422682133E-012
  1.320000000000000E-002  6.316901542590679E-012
  1.322000000000000E-002  6.316878691511187E-012
  1.324000000000000E-002  6.316744986140425E-012
  1.326000000000000E-002  6.316484829282234E-012
  1.328000000000000E-002  6.316077632048922E-012
  1.330000000000000E-002  6.315502320039308E-012
  1.332000000000000E-002  6.314733667783378E-012
  1.334000000000000E-002  6.313739419425496E-012
  1.336000000000000E-002  6.312475152055320E-012
  1.338000000000000E-002  6.310884211125870E-012
  1.340000000000000E-002  6.308899188653428E-012
  1.342000000000000E-002  6.306441051388638E-012
  1.344000000000000E-002  6.303418497427413E-012
  1.346000000000000E-002  6.299729612947258E-012
  1.348000000000000E-002  6.295265050130989E-012
  1.350000000000000E-002  6.289911246532772E-012
  1.352000000000000E-002  6.283553366819707E-012
  1.354000000000000E-002  6.276077994750525E-012
  1.356000000000000E-002  6.267619709378267E-012
  1.358000000000000E-002  6.259539396314012E-012
  1.360000000000000E-002  6.252474237936476E-012
  1.362000000000000E-002  6.246454951934320E-012
  1.364000000000000E-002  6.241385972913550E-012
  1.366000000000000E-002  6.237163666505812E-012
  1.368000000000000E-002  6.233672922036880E-012
  1.370000000000000E-002  6.230804083133343E-012
  1.372000000000000E-002  6.228458725932570E-012
  1.374000000000000E-002  6.226551095415066E-012
  1.376000000000000E-002  6.225010214292805E-012
  1.378000000000000E-002  6.223776460530017E-012
  1.380000000000000E-002  6.222801073688685E-012
  1.382000000000000E-002  6.222043548411166E-012
  1.384000000000000E-002  6.221472833447812E-012
  1.386000000000000E-002  6.221063900279005E-012
  1.388000000000000E-002  6.220799777319957E-012
  1.390000000000000E-002  6.220658106981874E-012
  1.392000000000000E-002  6.220634033311051E-012
  1.394000000000000E-002  6.220710318344762E-012
  1.396000000000000E-002  6.220862228516087E-012
  1.398000000000000E-002  6.221100995068763E-012
  1.400000000000000E-002  6.221422964924008E-012
  1.402000000000000E-002  6.221818423021087E-012
  1.404000000000000E-002  6.222296988104388E-012
  1.406000000000000E-002  6.222906372653280E-012
  1.408000000000000E-002  6.223653782564545E-012
  1.410000000000000E-002  6.224522371437332E-012
  1.412000000000000E-002  6.225512923024402E-012
  1.414000000000000E-002  6.226615636260735E-012
  1.416000000000000E-002  6.227825259366958E-012
  1.418000000000000E-002  6.229136015594022E-012
  1.420000000000000E-002  6.230540403901191E-012
  1.422000000000000E-002  6.232031722604712E-012
  1.424000000000000E-002  6.233601839661031E-012
  1.426000000000000E-002  6.235241516491715E-012
  1.428000000000000E-002  6.236939900041715E-012
  1.430000000000000E-002  6.238695533484888E-012
  1.432000000000000E-002  6.240487126452482E-012
  1.434000000000000E-002  6.242275750277776E-012
  1.436000000000000E-002  6.244039371496969E-012
  1.438000000000000E-002  6.245764033976580E-012
  1.440000000000000E-002  6.247437095792861E-012
  1.442000000000000E-002  6.249049807919907E-012
  1.444000000000000E-002  6.250599689205933E-012
  1.446000000000000E-002  6.252085942081532E-012
  1.448000000000000E-002  6.253509992275197E-012
  1.450000000000000E-002  6.254874863933554E-012
  1.452000000000000E-002  6.256184071886862E-012
  1.454000000000000E-002  6.257440635294044E-012
  1.456000000000000E-002  6.258645394825431E-012
  1.458000000000000E-002  6.259796346407725E-012
  1.460000000000000E-002  6.260885545963865E-012
  1.462000000000000E-002  6.261900319910966E-012
  1.464000000000000E-002  6.262829896975913E-012
  1.466000000000000E-002  6.263665978547851E-012
  1.468000000000000E-002  6.264400989577341E-012
  1.470000000000000E-002  6.265030657622433E-012
  1.472000000000000E-002  6.265554891105351E-012
  1.474000000000000E-002  6.265978022782022E-012
  1.476000000000000E-002  6.266307151961307E-012
  1.478000000000000E-002  6.266562341143553E-012
  1.480000000000000E-002  6.266729487445081E-012
  1.482000000000000E-002  6.266818146291612E-012
  1.484000000000000E-002  6.266849406231591E-012
  1.486000000000000E-002  6.266832464121501E-012
  1.488000000000000E-002  6.266769450572652E-012
  1.490000000000000E-002  6.266664854943362E-012
  1.492000000000000E-002  6.266521734079280E-012
  1.494000000000000E-002  6.266341910012020E-012
  1.496000000000000E-002  6.266126199806899E-012
  1.498000000000000E-002  6.265872498419222E-012
  1.500000000000000E-002  6.265583674988504E-012
  1.502000000000000E-002  6.265260112476337E-012
  1.504000000000000E-002  6.264895482332010E-012
  1.506000000000000E-002  6.264488845537708E-012
  1.508000000000000E-002  6.264039070282026E-012
  1.510000000000000E-002  6.263550567833496E-012
  1.512000000000000E-002  6.263029815891853E-012
  1.514000000000000E-002  6.262471600473236E-012
  1.516000000000000E-002  6.261870443623342E-012
  1.518000000000000E-002  6.261225864840970E-012
  1.520000000000000E-002  6.260534467968788E-012
  1.522000000000000E-002  6.259788854775757E-012
  1.524000000000000E-002  6.258985331062080E-012
  1.526000000000000E-002  6.258125567768607E-012
  1.528000000000000E-002  6.257215610733328E-012
  1.530000000000000E-002  6.256255306110182E-012
  1.532000000000000E-002  6.255267388802615E-012
  1.534000000000000E-002  6.254290486392068E-012
  1.536000000000000E-002  6.253299587624243E-012
  1.538000000000000E-002  6.252272170605000E-012
  1.540000000000000E-002  6.251184205818940E-012
  1.542000000000000E-002  6.250005812062404E-012
  1.544000000000000E-002  6.248692382938132E-012
  1.546000000000000E-002  6.247199235223235E-012
  1.548000000000000E-002  6.245493804889051E-012
  1.550000000000000E-002  6.243550375771387E-012
  1.552000000000000E-002  6.241343395110313E-012
  1.554000000000000E-002  6.238847705912408E-012
  1.556000000000000E-002  6.236041746613991E-012
  1.558000000000000E-002  6.232902620097530E-012
  1.560000000000000E-002  6.229401522411461E-012
  1.562000000000000E-002  6.225517292793529E-012
  1.564000000000000E-002  6.221240250497672E-012
  1.566000000000000E-002  6.216867146108917E-012
  1.568000000000000E-002  6.212685248808788E-012
  1.570000000000000E-002  6.208730130285445E-012
  1.572000000000000E-002  6.205044855837844E-012
  1.574000000000000E-002  6.201624214719500E-012
  1.576000000000000E-002  6.198476980536006E-012
  1.578000000000000E-002  6.195608899225300E-012
  1.580000000000000E-002  6.193020937695234E-012
  1.582000000000000E-002  6.190706193844596E-012
  1.584000000000000E-002  6.188652639432750E-012
  1.586000000000000E-002  6.186857203528375E-012
  1.588000000000000E-002  6.185312982918357E-012
  1.590000000000000E-002  6.183980691155391E-012
  1.592000000000000E-002  6.182808978119890E-012
  1.594000000000000E-002  6.181772043388454E-012
  1.596000000000000E-002  6.180868929796260E-012
  1.598000000000000E-002  6.180109411187468E-012
  1.600000000000000E-002  6.179523301620610E-012
  1.602000000000000E-002  6.179121918642465E-012
  1.604000000000000E-002  6.178898706639809E-012
  1.606000000000000E-002  6.178826061086018E-012
  1.608000000000000E-002  6.178910930773728E-012
  1.610000000000000E-002  6.179097306656556E-012
  1.612000000000000E-002  6.179440736813122E-012
  1.614000000000000E-002  6.179928627126586E-012
  1.616000000000000E-002  6.180548364863279E-012
  1.618000000000000E-002  6.181278809005925E-012
  1.620000000000000E-002  6.182104699505631E-012
  1.622000000000000E-002  6.183032945499764E-012
  1.624000000000000E-002  6.184070926006161E-012
  1.626000000000000E-002  6.185217866418675E-012
  1.628000000000000E-002  6.186461353051390E-012
  1.630000000000000E-002  6.187782758376321E-012
  1.632000000000000E-002  6.189163848656347E-012
  1.634000000000000E-002  6.190587845833610E-012
  1.636000000000000E-002  6.192036282565058E-012
  1.638000000000000E-002  6.193496522604273E-012
  1.640000000000000E-002  6.194967274486561E-012
  1.642000000000000E-002  6.196451610426568E-012
  1.644000000000000E-002  6.197950828405049E-012
  1.646000000000000E-002  6.199460914079054E-012
  1.648000000000000E-002  6.200976535108309E-012
  1.650000000000000E-002  6.202497148754409E-012
  1.652000000000000E-002  6.204022699663270E-012
  1.654000000000000E-002  6.205548534088544E-012
  1.656000000000000E-002  6.207065991606638E-012
  1.658000000000000E-002  6.208569681724336E-012
  1.660000000000000E-002  6.210055406751968E-012
  1.662000000000000E-002  6.211517609255391E-012
  1.664000000000000E-002  6.212950225449858E-012
  1.666000000000000E-002  6.214348098674117E-012
  1.668000000000000E-002  6.215709217553002E-012
  1.670000000000000E-002  6.217033489310676E-012
  1.672000000000000E-002  6.218320987010806E-012
  1.674000000000000E-002  6.219570026179588E-012
  1.676000000000000E-002  6.220775825214174E-012
  1.678000000000000E-002  6.221941696700318E-012
  1.680000000000000E-002  6.223061501253639E-012
  1.682000000000000E-002  6.224133472088792E-012
  1.684000000000000E-002  6.225152364202510E-012
  1.686000000000000E-002  6.226108824978822E-012
  1.688000000000000E-002  6.226999166051349E-012
  1.690000000000000E-002  6.227820943285557E-012
  1.692000000000000E-002  6.228576539537202E-012
  1.694000000000000E-002  6.229268683552587E-012
  1.696000000000000E-002  6.229897954893113E-012
  1.698000000000000E-002  6.230461993971698E-012
  1.700000000000000E-002  6.230954124710302E-012
  1.702000000000000E-002  6.231375803538893E-012
  1.704000000000000E-002  6.231716836896824E-012
  1.706000000000000E-002  6.231977306478868E-012
  1.708000000000000E-002  6.232144004372621E-012
  1.710000000000000E-002  6.232203739002583E-012
  1.712000000000000E-002  6.232172343775167E-012
  1.714000000000000E-002  6.232046987426367E-012
  1.716000000000000E-002  6.231829389356574E-012
  1.718000000000000E-002  6.231537054046980E-012
  1.720000000000000E-002  6.231193435722184E-012
  1.722000000000000E-002  6.230823992549315E-012
  1.724000000000000E-002  6.230446137559361E-012
  1.726000000000000E-002  6.230058930800186E-012
  1.728000000000000E-002  6.229674416835376E-012
  1.730000000000000E-002  6.229309646418499E-012
  1.732000000000000E-002  6.228968082750344E-012
  1.734000000000000E-002  6.228645495977424E-012
  1.736000000000000E-002  6.228338224980773E-012
  1.738000000000000E-002  6.228045926835916E-012
  1.740000000000000E-002  6.227769676966967E-012
  1.742000000000000E-002  6.227506621953300E-012
  1.744000000000000E-002  6.227254001103148E-012
  1.746000000000000E-002  6.227010809691276E-012
  1.748000000000000E-002  6.226761749383007E-012
  1.750000000000000E-002  6.226496545322488E-012
  1.752000000000000E-002  6.226214287738080E-012
  1.754000000000000E-002  6.225909256121364E-012
  1.756000000000000E-002  6.225559703426567E-012
  1.758000000000000E-002  6.225156151981488E-012
  1.760000000000000E-002  6.224686441690422E-012
  1.762000000000000E-002  6.224145008251152E-012
  1.764000000000000E-002  6.223525324770204E-012
  1.766000000000000E-002  6.222823663159654E-012
  1.768000000000000E-002  6.222038825949224E-012
  1.770000000000000E-002  6.221168277497646E-012
  1.772000000000000E-002  6.220216067623750E-012
  1.774000000000000E-002  6.219175069608715E-012
  1.776000000000000E-002  6.218055610412500E-012
  1.778000000000000E-002  6.216900791667865E-012
  1.780000000000000E-002  6.215766770006317E-012
  1.782000000000000E-002  6.214697763050332E-012
  1.784000000000000E-002  6.213696877011096E-012
  1.786000000000000E-002  6.212762138078370E-012
  1.788000000000000E-002  6.211895801867463E-012
  1.790000000000000E-002  6.211096921823698E-012
  1.792000000000000E-002  6.210362756646338E-012
  1.794000000000000E-002  6.209691380439003E-012
  1.796000000000000E-002  6.209076069680545E-012
  1.798000000000000E-002  6.208513080837161E-012
  1.800000000000000E-002  6.207995681038558E-012
  1.802000000000000E-002  6.207517587864813E-012
  1.804000000000000E-002  6.207074091132359E-012
  1.806000000000000E-002  6.206659211986518E-012
  1.808000000000000E-002  6.206270103670651E-012
  1.810000000000000E-002  6.205903825912211E-012
  1.812000000000000E-002  6.205556904682336E-012
  1.814000000000000E-002  6.205223861935805E-012
  1.816000000000000E-002  6.204903023540598E-012
  1.818000000000000E-002  6.204594612346819E-012
  1.820000000000000E-002  6.204297554034600E-012
  1.822000000000000E-002  6.204009139772808E-012
  1.824000000000000E-002  6.203732954714139E-012
  1.826000000000000E-002  6.203475845518562E-012
  1.828000000000000E-002  6.203242928830853E-012
  1.830000000000000E-002  6.203037873489476E-012
  1.832000000000000E-002  6.202865674182784E-012
  1.834000000000000E-002  6.202727002951697E-012
  1.836000000000000E-002  6.202622521461050E-012
  1.838000000000000E-002  6.202546998315234E-012
  1.840000000000000E-002  6.202500462389107E-012
  1.842000000000000E-002  6.202480771954629E-012
  1.844000000000000E-002  6.202489875321326E-012
  1.846000000000000E-002  6.202528736808414E-012
  1.848000000000000E-002  6.202594395790259E-012
  1.850000000000000E-002  6.202681413106964E-012
  1.852000000000000E-002  6.202776847275283E-012
  1.854000000000000E-002  6.202868058537665E-012
  1.856000000000000E-002  6.202944383231124E-012
  1.858000000000000E-002  6.203006534669571E-012
  1.860000000000000E-002  6.203056222793981E-012
  1.862000000000000E-002  6.203113110735687E-012
  1.864000000000000E-002  6.203168768772881E-012
  1.866000000000000E-002  6.203229183680914E-012
  1.868000000000000E-002  6.203301075886941E-012
  1.870000000000000E-002  6.203389976042618E-012
  1.872000000000000E-002  6.203502877881146E-012
  1.874000000000000E-002  6.203646668424151E-012
  1.876000000000000E-002  6.203829313097592E-012
  1.878000000000000E-002  6.204057630262751E-012
  1.880000000000000E-002  6.204335797786631E-012
  1.882000000000000E-002  6.204672583088429E-012
  1.884000000000000E-002  6.205070640148273E-012
  1.886000000000000E-002  6.205532672898248E-012
  1.888000000000000E-002  6.206061646309225E-012
  1.890000000000000E-002  6.206659189161992E-012
  1.892000000000000E-002  6.207325387305947E-012
  1.894000000000000E-002  6.208059348788362E-012
  1.896000000000000E-002  6.208859118371400E-012
  1.898000000000000E-002  6.209721440418671E-012
  1.900000000000000E-002  6.210643460472755E-012
  1.902000000000000E-002  6.211622214006500E-012
  1.904000000000000E-002  6.212652985393235E-012
  1.906000000000000E-002  6.213731268527625E-012
  1.908000000000000E-002  6.214853855413879E-012
  1.910000000000000E-002  6.216014991548980E-012
  1.912000000000000E-002  6.217207780429566E-012
  1.914000000000000E-002  6.218425476089782E-012
  1.916000000000000E-002  6.219660375262333E-012
  1.918000000000000E-002  6.220901734122687E-012
  1.920000000000000E-002  6.222143813583654E-012
  1.922000000000000E-002  6.223377582193105E-012
  1.924000000000000E-002  6.224597047965874E-012
  1.926000000000000E-002  6.225799659867919E-012
  1.928000000000000E-002  6.226982133350854E-012
  1.930000000000000E-002  6.228142002291074E-012
  1.932000000000000E-002  6.229276597121553E-012
  1.934000000000000E-002  6.230386268791719E-012
  1.936000000000000E-002  6.231473657894442E-012
  1.938000000000000E-002  6.232542575889156E-012
  1.940000000000000E-002  6.233597769490458E-012
  1.942000000000000E-002  6.234642784648159E-012
  1.944000000000000E-002  6.235680529496435E-012
  1.946000000000000E-002  6.236715635422152E-012
  1.948000000000000E-002  6.237749183077388E-012
  1.950000000000000E-002  6.238782815866900E-012
  1.952000000000000E-002  6.239817867882915E-012
  1.954000000000000E-002  6.240854958093351E-012
  1.956000000000000E-002  6.241894043590370E-012
  1.958000000000000E-002  6.242933806028877E-012
  1.960000000000000E-002  6.243964165633692E-012
  1.962000000000000E-002  6.244975071016077E-012
  1.964000000000000E-002  6.245957835481990E-012
  1.966000000000000E-002  6.246904263940547E-012
  1.968000000000000E-002  6.247806707192207E-012
  1.970000000000000E-002  6.248658481018311E-012
  1.972000000000000E-002  6.249454848291790E-012
  1.974000000000000E-002  6.250193084379322E-012
  1.976000000000000E-002  6.250873167969155E-012
  1.978000000000000E-002  6.251497890070144E-012
  1.980000000000000E-002  6.252071659716380E-012
  1.982000000000000E-002  6.252599418940109E-012
  1.984000000000000E-002  6.253086441560214E-012
  1.986000000000000E-002  6.253537468625935E-012
  1.988000000000000E-002  6.253956394130542E-012
  1.990000000000000E-002  6.254347040694295E-012
  1.992000000000000E-002  6.254712745504244E-012
  1.994000000000000E-002  6.255053217167354E-012
  1.996000000000000E-002  6.255368020276360E-012
  1.998000000000000E-002  6.255654506903471E-012
  2.000000000000000E-002  6.255909334677035E-012
  2.002000000000000E-002  6.256129000781592E-012
  2.004000000000000E-002  6.256311934822941E-012
  2.006000000000000E-002  6.256458218559923E-012
  2.008000000000000E-002  6.256567044269567E-012
  2.010000000000000E-002  6.256638246183860E-012
  2.012000000000000E-002  6.256673385936647E-012
  2.014000000000000E-002  6.256674290696793E-012
  2.016000000000000E-002  6.256642760406954E-012
  2.018000000000000E-002  6.256580693285599E-012
  2.020000000000000E-002  6.256495606550537E-012
  2.022000000000000E-002  6.256382964477690E-012
  2.024000000000000E-002  6.256244214130128E-012
  2.026000000000000E-002  6.256082361711094E-012
  2.028000000000000E-002  6.255898927775391E-012
  2.030000000000000E-002  6.255698185714148E-012
  2.032000000000000E-002  6.255487640577726E-012
  2.034000000000000E-002  6.255270336660995E-012
  2.036000000000000E-002  6.255050034589870E-012
  2.038000000000000E-002  6.254829507992209E-012
  2.040000000000000E-002  6.254611506037678E-012
  2.042000000000000E-002  6.254396014500180E-012
  2.044000000000000E-002  6.254181674352784E-012
  2.046000000000000E-002  6.253965102821069E-012
  2.048000000000000E-002  6.253741899237654E-012
  2.050000000000000E-002  6.253505172028969E-012
  2.052000000000000E-002  6.253247788855343E-012
  2.054000000000000E-002  6.252961761874688E-012
  2.056000000000000E-002  6.252638923541278E-012
  2.058000000000000E-002  6.252271924974729E-012
  2.060000000000000E-002  6.251854975674488E-012
  2.062000000000000E-002  6.251384241059387E-012
  2.064000000000000E-002  6.250857997234331E-012
  2.066000000000000E-002  6.250285637161622E-012
  2.068000000000000E-002  6.249670857557381E-012
  2.070000000000000E-002  6.249012631728686E-012
  2.072000000000000E-002  6.248315719256382E-012
  2.074000000000000E-002  6.247598715417907E-012
  2.076000000000000E-002  6.246863911525188E-012
  2.078000000000000E-002  6.246105985408370E-012
  2.080000000000000E-002  6.245320342130977E-012
  2.082000000000000E-002  6.244500687722696E-012
  2.084000000000000E-002  6.243640009258805E-012
  2.086000000000000E-002  6.242729836782401E-012
  2.088000000000000E-002  6.241767908245628E-012
  2.090000000000000E-002  6.240742345540814E-012
  2.092000000000000E-002  6.239664255730751E-012
  2.094000000000000E-002  6.238567855863480E-012
  2.096000000000000E-002  6.237503865985021E-012
  2.098000000000000E-002  6.236483188228911E-012
  2.100000000000000E-002  6.235502249963984E-012
  2.102000000000000E-002  6.234563266972449E-012
  2.104000000000000E-002  6.233665263067235E-012
  2.106000000000000E-002  6.232806161443521E-012
  2.108000000000000E-002  6.231983211451043E-012
  2.110000000000000E-002  6.231194901293770E-012
  2.112000000000000E-002  6.230439598138640E-012
  2.114000000000000E-002  6.229715290781105E-012
  2.116000000000000E-002  6.229021388304822E-012
  2.118000000000000E-002  6.228356235571476E-012
  2.120000000000000E-002  6.227720734480710E-012
  2.122000000000000E-002  6.227114760653039E-012
  2.124000000000000E-002  6.226538080878218E-012
  2.126000000000000E-002  6.225991558188421E-012
  2.128000000000000E-002  6.225472689857594E-012
  2.130000000000000E-002  6.224981794418604E-012
  2.132000000000000E-002  6.224512566404637E-012
  2.134000000000000E-002  6.224058355945201E-012
  2.136000000000000E-002  6.223623727447981E-012
  2.138000000000000E-002  6.223217700290121E-012
  2.140000000000000E-002  6.222848963721541E-012
  2.142000000000000E-002  6.222509465003360E-012
  2.144000000000000E-002  6.222191381924115E-012
  2.146000000000000E-002  6.221896504630244E-012
  2.148000000000000E-002  6.221630859240856E-012
  2.150000000000000E-002  6.221396584735391E-012
  2.152000000000000E-002  6.221195051558528E-012
  2.154000000000000E-002  6.221032193924755E-012
  2.156000000000000E-002  6.220912019727547E-012
  2.158000000000000E-002  6.220827211191397E-012
  2.160000000000000E-002  6.220780955494562E-012
  2.162000000000000E-002  6.220772837068836E-012
  2.164000000000000E-002  6.220811420185761E-012
  2.166000000000000E-002  6.220898374044697E-012
  2.168000000000000E-002  6.221033662134464E-012
  2.170000000000000E-002  6.221215848672317E-012
  2.172000000000000E-002  6.221441823290031E-012
  2.174000000000000E-002  6.221707095658304E-012
  2.176000000000000E-002  6.222007145901157E-012
  2.178000000000000E-002  6.222337315653395E-012
  2.180000000000000E-002  6.222693521923703E-012
  2.182000000000000E-002  6.223072365753588E-012
  2.184000000000000E-002  6.223470875531873E-012
  2.186000000000000E-002  6.223886776410360E-012
  2.188000000000000E-002  6.224318144266390E-012
  2.190000000000000E-002  6.224763404754214E-012
  2.192000000000000E-002  6.225229119557621E-012
  2.194000000000000E-002  6.225717373437759E-012
  2.196000000000000E-002  6.226226742004999E-012
  2.198000000000000E-002  6.226755456351720E-012
  2.200000000000000E-002  6.227303322516228E-012
  2.202000000000000E-002  6.227869524241683E-012
  2.204000000000000E-002  6.228453204104853E-012
  2.206000000000000E-002  6.229050989019602E-012
  2.208000000000000E-002  6.229659111501790E-012
  2.210000000000000E-002  6.230274025763492E-012
  2.212000000000000E-002  6.230893003903141E-012
  2.214000000000000E-002  6.231514373794560E-012
  2.216000000000000E-002  6.232136941915615E-012
  2.218000000000000E-002  6.232759948665469E-012
  2.220000000000000E-002  6.233383716233071E-012
  2.222000000000000E-002  6.234008950004382E-012
  2.224000000000000E-002  6.234635755944377E-012
  2.226000000000000E-002  6.235263844506160E-012
  2.228000000000000E-002  6.235892301653762E-012
  2.230000000000000E-002  6.236518598979918E-012
  2.232000000000000E-002  6.237144106824652E-012
  2.234000000000000E-002  6.237760437416683E-012
  2.236000000000000E-002  6.238364595858908E-012
  2.238000000000000E-002  6.238964213054748E-012
  2.240000000000000E-002  6.239542558284583E-012
  2.242000000000000E-002  6.240097734359669E-012
  2.244000000000000E-002  6.240628066583231E-012
  2.246000000000000E-002  6.241131235574995E-012
  2.248000000000000E-002  6.241605077920396E-012
  2.250000000000000E-002  6.242047973906304E-012
  2.252000000000000E-002  6.242457457842381E-012
  2.254000000000000E-002  6.242828478027933E-012
  2.256000000000000E-002  6.243176992175952E-012
  2.258000000000000E-002  6.243488677053327E-012
  2.260000000000000E-002  6.243767805547297E-012
  2.262000000000000E-002  6.244017993907208E-012
  2.264000000000000E-002  6.244241674004734E-012
  2.266000000000000E-002  6.244439251528334E-012
  2.268000000000000E-002  6.244607027606800E-012
  2.270000000000000E-002  6.244749446910494E-012
  2.272000000000000E-002  6.244874280746255E-012
  2.274000000000000E-002  6.244979642440680E-012
  2.276000000000000E-002  6.245066165476555E-012
  2.278000000000000E-002  6.245135906251458E-012
  2.280000000000000E-002  6.245190753030154E-012
  2.282000000000000E-002  6.245231541983349E-012
  2.284000000000000E-002  6.245257853204578E-012
  2.286000000000000E-002  6.245268657461257E-012
  2.288000000000000E-002  6.245263003684254E-012
  2.290000000000000E-002  6.245241008196615E-012
  2.292000000000000E-002  6.245204796978327E-012
  2.294000000000000E-002  6.245158543077902E-012
  2.296000000000000E-002  6.245110626370868E-012
  2.298000000000000E-002  6.245070958203686E-012
  2.300000000000000E-002  6.245044756841861E-012
  2.302000000000000E-002  6.245034815917761E-012
  2.304000000000000E-002  6.245043454401045E-012
  2.306000000000000E-002  6.245072589481801E-012
  2.308000000000000E-002  6.245124399944590E-012
  2.310000000000000E-002  6.245202506255317E-012
  2.312000000000000E-002  6.245307725663716E-012
  2.314000000000000E-002  6.245443582523627E-012
  2.316000000000000E-002  6.245605905585990E-012
  2.318000000000000E-002  6.245799825543823E-012
  2.320000000000000E-002  6.246027405083258E-012
  2.322000000000000E-002  6.246286475536083E-012
  2.324000000000000E-002  6.246573540717583E-012
  2.326000000000000E-002  6.246885845832067E-012
  2.328000000000000E-002  6.247221091619402E-012
  2.330000000000000E-002  6.247574401509203E-012
  2.332000000000000E-002  6.247943946217837E-012
  2.334000000000000E-002  6.248327840123550E-012
  2.336000000000000E-002  6.248724962871136E-012
  2.338000000000000E-002  6.249132216311999E-012
  2.340000000000000E-002  6.249543041139925E-012
  2.342000000000000E-002  6.249954502802917E-012
  2.344000000000000E-002  6.250363855142812E-012
  2.346000000000000E-002  6.250768151995775E-012
  2.348000000000000E-002  6.251160939752424E-012
  2.350000000000000E-002  6.251545146660327E-012
  2.352000000000000E-002  6.251921726933441E-012
  2.354000000000000E-002  6.252288529395037E-012
  2.356000000000000E-002  6.252643485139268E-012
  2.358000000000000E-002  6.252988613636313E-012
  2.360000000000000E-002  6.253327312240565E-012
  2.362000000000000E-002  6.253660174991754E-012
  2.364000000000000E-002  6.253984487728615E-012
  2.366000000000000E-002  6.254296926880055E-012
  2.368000000000000E-002  6.254593421646179E-012
  2.370000000000000E-002  6.254867691133646E-012
  2.372000000000000E-002  6.255114406598202E-012
  2.374000000000000E-002  6.255333110189281E-012
  2.376000000000000E-002  6.255524844065180E-012
  2.378000000000000E-002  6.255686139416091E-012
  2.380000000000000E-002  6.255812355803366E-012
  2.382000000000000E-002  6.255902472287665E-012
  2.384000000000000E-002  6.255960731508459E-012
  2.386000000000000E-002  6.255992861807359E-012
  2.388000000000000E-002  6.255999385675892E-012
  2.390000000000000E-002  6.255977505901579E-012
  2.392000000000000E-002  6.255926169183058E-012
  2.394000000000000E-002  6.255846797242335E-012
  2.396000000000000E-002  6.255740095826209E-012
  2.398000000000000E-002  6.255604924150524E-012
  2.400000000000000E-002  6.255438787707272E-012
  2.402000000000000E-002  6.255238827509549E-012
  2.404000000000000E-002  6.255002254286373E-012
  2.406000000000000E-002  6.254727421747577E-012
  2.408000000000000E-002  6.254413933815400E-012
  2.410000000000000E-002  6.254062792043041E-012
  2.412000000000000E-002  6.253675874734867E-012
  2.414000000000000E-002  6.253255443005711E-012
  2.416000000000000E-002  6.252804617365305E-012
  2.418000000000000E-002  6.252324857713212E-012
  2.420000000000000E-002  6.251816989960808E-012
  2.422000000000000E-002  6.251281842465595E-012
  2.424000000000000E-002  6.250720369938798E-012
  2.426000000000000E-002  6.250135278743989E-012
  2.428000000000000E-002  6.249531389662719E-012
  2.430000000000000E-002  6.248913997602056E-012
  2.432000000000000E-002  6.248286395603683E-012
  2.434000000000000E-002  6.247653352522147E-012
  2.436000000000000E-002  6.247020997234698E-012
  2.438000000000000E-002  6.246396172022617E-012
  2.440000000000000E-002  6.245785075523657E-012
  2.442000000000000E-002  6.245188701989468E-012
  2.444000000000000E-002  6.244607926441050E-012
  2.446000000000000E-002  6.244042732950068E-012
  2.448000000000000E-002  6.243490341540166E-012
  2.450000000000000E-002  6.242946640219483E-012
  2.452000000000000E-002  6.242408727317121E-012
  2.454000000000000E-002  6.241881370629678E-012
  2.456000000000000E-002  6.241352838199744E-012
  2.458000000000000E-002  6.240839158212311E-012
  2.460000000000000E-002  6.240346165486054E-012
  2.462000000000000E-002  6.239841301255561E-012
  2.464000000000000E-002  6.239362195681815E-012
  2.466000000000000E-002  6.238871822139638E-012
  2.468000000000000E-002  6.238369674435231E-012
  2.470000000000000E-002  6.237835981391897E-012
  2.472000000000000E-002  6.237263596574831E-012
  2.474000000000000E-002  6.236754676533956E-012
  2.476000000000000E-002  6.236453119470074E-012
  2.478000000000000E-002  6.236345624900252E-012
  2.480000000000000E-002  6.236413122692799E-012
  2.482000000000000E-002  6.236634688052292E-012
  2.484000000000000E-002  6.236965647936728E-012
  2.486000000000000E-002  6.237404780581017E-012
  2.488000000000000E-002  6.238038410596405E-012
  2.490000000000000E-002  6.238976815551340E-012
  2.492000000000000E-002  6.240359667893803E-012
  2.494000000000000E-002  6.242371104674632E-012
  2.496000000000000E-002  6.245262329112435E-012
  2.498000000000000E-002  6.249379722509139E-012
  2.500000000000000E-002  6.255201847015332E-012
  2.502000000000000E-002  6.263392615958301E-012
  2.504000000000000E-002  6.274871385864760E-012
  2.506000000000000E-002  6.290905992276672E-012
  2.508000000000000E-002  6.313240899736814E-012
  2.510000000000000E-002  6.344264756663029E-012
  2.512000000000000E-002  6.387216959620326E-012
  2.514000000000000E-002  6.446454859340169E-012
  2.516000000000000E-002  6.527747514469418E-012
  2.518000000000000E-002  6.638609407285913E-012
  2.520000000000000E-002  6.789118467932424E-012
  2.522000000000000E-002  6.992309690603331E-012
  2.524000000000000E-002  7.264795115669874E-012
  2.526000000000000E-002  7.627633767422491E-012
  2.528000000000000E-002  8.107128018585990E-012
  2.530000000000000E-002  8.735092550742362E-012
  2.532000000000000E-002  9.549106335667582E-012
  2.534000000000000E-002  1.059268477086716E-011
  2.536000000000000E-002  1.191473716620511E-011
  2.538000000000000E-002  1.356831957600847E-011
  2.540000000000000E-002  1.560852571498896E-011
  2.542000000000000E-002  1.808940543349762E-011
  2.544000000000000E-002  2.105996705406493E-011
  2.546000000000000E-002  2.455948045375126E-011
  2.548000000000000E-002  2.861264702692668E-011
  2.550000000000000E-002  3.322554331325162E-011
  2.552000000000000E-002  3.838362883126640E-011
  2.554000000000000E-002  4.405331089644161E-011
  2.556000000000000E-002  5.018837982032244E-011
  2.558000000000000E-002  5.674309085978241E-011
  2.560000000000000E-002  6.369281313025536E-011
  2.562000000000000E-002  7.107019910946036E-011
  2.564000000000000E-002  7.903752395680614E-011
  2.566000000000000E-002  8.783985656788813E-011
  2.568000000000000E-002  9.782665006949934E-011
  2.570000000000000E-002  1.094392714430262E-010
  2.572000000000000E-002  1.231869485482687E-010
  2.574000000000000E-002  1.396208334488855E-010
  2.576000000000000E-002  1.593054561141433E-010
  2.578000000000000E-002  1.811429461092160E-010
  2.580000000000000E-002  1.976267686868237E-010
  2.582000000000000E-002  2.076020899359630E-010
  2.584000000000000E-002  2.123573404622510E-010
  2.586000000000000E-002  2.137263456264600E-010
  2.588000000000000E-002  2.136590318639950E-010
  2.590000000000000E-002  2.126262099923062E-010
  2.592000000000000E-002  2.098625224981311E-010
  2.594000000000000E-002  2.046770822381380E-010
  2.596000000000000E-002  1.964721251383785E-010
  2.598000000000000E-002  1.847370408031131E-010
  2.600000000000000E-002  1.690446462716303E-010
  2.602000000000000E-002  1.490514526829407E-010
  2.604000000000000E-002  1.248217467255235E-010
  2.606000000000000E-002  1.035561017099083E-010
  2.608000000000000E-002  9.018225235762990E-011
  2.610000000000000E-002  8.346947858760811E-011
  2.612000000000000E-002  8.140581714414554E-011
  2.614000000000000E-002  8.153577920340513E-011
  2.616000000000000E-002  8.343211132804446E-011
  2.618000000000000E-002  8.891412594396160E-011
  2.620000000000000E-002  1.000879948131384E-010
  2.622000000000000E-002  1.193342706963193E-010
  2.624000000000000E-002  1.493506321218649E-010
  2.626000000000000E-002  1.931984170923368E-010
  2.628000000000000E-002  2.543368956491636E-010
  2.630000000000000E-002  3.366443617208756E-010
  2.632000000000000E-002  4.444178659395145E-010
  2.634000000000000E-002  5.823419421917722E-010
  2.636000000000000E-002  7.554197473764247E-010
  2.638000000000000E-002  9.688592873991955E-010
  2.640000000000000E-002  1.227913339181327E-009
  2.642000000000000E-002  1.537670269864520E-009
  2.644000000000000E-002  1.902795933105868E-009
  2.646000000000000E-002  2.327234879719611E-009
  2.648000000000000E-002  2.813885707097088E-009
  2.650000000000000E-002  3.364276435679046E-009
  2.652000000000000E-002  3.978281628444862E-009
  2.654000000000000E-002  4.653947193948557E-009
  2.656000000000000E-002  5.387519727439998E-009
  2.658000000000000E-002  6.173808955237526E-009
  2.660000000000000E-002  7.007045856010816E-009
  2.662000000000000E-002  7.882419787073250E-009
  2.664000000000000E-002  8.798216832414639E-009
  2.666000000000000E-002  9.758863493276677E-009
  2.668000000000000E-002  1.078112732376422E-008
  2.670000000000000E-002  1.189956385641429E-008
  2.672000000000000E-002  1.317406874989474E-008
  2.674000000000000E-002  1.469956889337401E-008
  2.676000000000000E-002  1.661844657360330E-008
  2.678000000000000E-002  1.913709167437528E-008
  2.680000000000000E-002  2.254872698841328E-008
  2.682000000000000E-002  2.726574380709938E-008
  2.684000000000000E-002  3.386642796907964E-008
  2.686000000000000E-002  4.316243591537619E-008
  2.688000000000000E-002  5.629580697305342E-008
  2.690000000000000E-002  7.487763381160693E-008
  2.692000000000000E-002  1.011841187244476E-007
  2.694000000000000E-002  1.384308966956303E-007
  2.696000000000000E-002  1.911528669573956E-007
  2.698000000000000E-002  2.657252723729004E-007
  2.700000000000000E-002  3.710726369479840E-007
  2.702000000000000E-002  5.196252028576664E-007
  2.704000000000000E-002  7.285994202735399E-007
  2.706000000000000E-002  1.021698976788048E-006
  2.708000000000000E-002  1.431356590829634E-006
  2.710000000000000E-002  2.001664283102066E-006
  2.712000000000000E-002  2.792170834991201E-006
  2.714000000000000E-002  3.882758640922090E-006
  2.716000000000000E-002  5.379846065455725E-006
  2.718000000000000E-002  7.424192542075054E-006
  2.720000000000000E-002  1.020060700061514E-005
  2.722000000000000E-002  1.394986741710959E-005
  2.724000000000000E-002  1.898313586050098E-005
  2.726000000000000E-002  2.569907699987622E-005
  2.728000000000000E-002  3.460374923181691E-005
  2.730000000000000E-002  4.633299448390154E-005
  2.732000000000000E-002  6.167677392670476E-005
  2.734000000000000E-002  8.160430628187607E-005
  2.736000000000000E-002  1.072881716481415E-004
  2.738000000000000E-002  1.401241287479906E-004
  2.740000000000000E-002  1.817439470050146E-004
  2.742000000000000E-002  2.340143896190027E-004
  2.744000000000000E-002  2.990145976238537E-004
  2.746000000000000E-002  3.789833301501174E-004
  2.748000000000000E-002  4.762244195721514E-004
  2.750000000000000E-002  5.929576422843321E-004
  2.752000000000000E-002  7.311065172031968E-004
  2.754000000000000E-002  8.907814322569051E-004
  2.756000000000000E-002  1.041497531020687E-003
  2.758000000000000E-002  1.159372881541889E-003
  2.760000000000000E-002  1.246779895527677E-003
  2.762000000000000E-002  1.307021055939490E-003
  2.764000000000000E-002  1.345264759553588E-003
  2.766000000000000E-002  1.367255226208645E-003
  2.768000000000000E-002  1.379121046559666E-003
  2.770000000000000E-002  1.386276825848663E-003
  2.772000000000000E-002  1.392271181571050E-003
  2.774000000000000E-002  1.399233761976772E-003
  2.776000000000000E-002  1.411004160574942E-003
  2.778000000000000E-002  1.433669834276952E-003
  2.780000000000000E-002  1.476665606517422E-003
  2.782000000000000E-002  1.553981551061134E-003
  2.784000000000000E-002  1.685658031278736E-003
  2.786000000000000E-002  1.899665035895311E-003
  2.788000000000000E-002  2.234666385367644E-003
  2.790000000000000E-002  2.744295067137610E-003
  2.792000000000000E-002  3.503862180957733E-003
  2.794000000000000E-002  4.621110355120642E-003
  2.796000000000000E-002  6.253863725595486E-003
  2.798000000000000E-002  8.639741884009889E-003
  2.800000000000000E-002  1.214772108352855E-002
  2.802000000000000E-002  1.737418080691657E-002
  2.804000000000000E-002  2.531641429246045E-002
  2.806000000000000E-002  3.759566284260546E-002
  2.808000000000000E-002  5.517324623674180E-002
  2.810000000000000E-002  7.267140373499330E-002
  2.812000000000000E-002  8.757584624226372E-002
  2.814000000000000E-002  9.972685002461128E-002
  2.816000000000000E-002  0.110469544380167     
  2.818000000000000E-002  0.121165195333934     
  2.820000000000000E-002  0.132156288767310     
  2.822000000000000E-002  0.142897957654127     
  2.824000000000000E-002  0.152569748882183     
  2.826000000000000E-002  0.159839327915175     
  2.828000000000000E-002  0.164071690237709     
  2.830000000000000E-002  0.165646736816643     
  2.832000000000000E-002  0.165689029788118     
  2.834000000000000E-002  0.164858823536289     
  2.836000000000000E-002  0.162712817293572     
  2.838000000000000E-002  0.159072517916815     
  2.840000000000000E-002  0.154100820759953     
  2.842000000000000E-002  0.148927947267952     
  2.844000000000000E-002  0.145099647794926     
  2.846000000000000E-002  0.142823920120786     
  2.848000000000000E-002  0.141735148581178     
  2.850000000000000E-002  0.141440825918299     
  2.852000000000000E-002  0.141581031401041     
  2.854000000000000E-002  0.142398256162157     
  2.856000000000000E-002  0.144418662528914     
  2.858000000000000E-002  0.148205676577145     
  2.860000000000000E-002  0.154415792559294     
  2.862000000000000E-002  0.163782896968786     
  2.864000000000000E-002  0.177044988366822     
  2.866000000000000E-002  0.193390832202796     
  2.868000000000000E-002  0.208030312316195     
  2.870000000000000E-002  0.219620082524805     
  2.872000000000000E-002  0.228670691478937     
  2.874000000000000E-002  0.235804672439714     
  2.876000000000000E-002  0.241628055301101     
  2.878000000000000E-002  0.246629337726670     
  2.880000000000000E-002  0.251127823909265     
  2.882000000000000E-002  0.255284811177181     
  2.884000000000000E-002  0.259189217332368     
  2.886000000000000E-002  0.263010569159184     
  2.888000000000000E-002  0.266933381901730     
  2.890000000000000E-002  0.271106307924158     
  2.892000000000000E-002  0.275590620330351     
  2.894000000000000E-002  0.280002588980557     
  2.896000000000000E-002  0.284005893067566     
  2.898000000000000E-002  0.287373883608171     
  2.900000000000000E-002  0.289973314606165     
  2.902000000000000E-002  0.291909403223980     
  2.904000000000000E-002  0.293250390953450     
  2.906000000000000E-002  0.294045135127418     
  2.908000000000000E-002  0.294359301057692     
  2.910000000000000E-002  0.294298678319995     
  2.912000000000000E-002  0.293803405899647     
  2.914000000000000E-002  0.292822629911699     
  2.916000000000000E-002  0.291469178821860     
  2.918000000000000E-002  0.289786530077133     
  2.920000000000000E-002  0.287754870376709     
  2.922000000000000E-002  0.285344616533516     
  2.924000000000000E-002  0.282529767675860     
  2.926000000000000E-002  0.279282780122563     
  2.928000000000000E-002  0.275572067174142     
  2.930000000000000E-002  0.271364703674098     
  2.932000000000000E-002  0.266629545230592     
  2.934000000000000E-002  0.261343389457361     
  2.936000000000000E-002  0.255495803578032     
  2.938000000000000E-002  0.249092304843308     
  2.940000000000000E-002  0.242159922638549     
  2.942000000000000E-002  0.234751146813967     
  2.944000000000000E-002  0.226950647846468     
  2.946000000000000E-002  0.219101936807673     
  2.948000000000000E-002  0.211948683293238     
  2.950000000000000E-002  0.205642240994438     
  2.952000000000000E-002  0.200003703431836     
  2.954000000000000E-002  0.194894969096323     
  2.956000000000000E-002  0.190183128023344     
  2.958000000000000E-002  0.185757314578254     
  2.960000000000000E-002  0.181532357705540     
  2.962000000000000E-002  0.177449566504979     
  2.964000000000000E-002  0.173461547391741     
  2.966000000000000E-002  0.169500626150810     
  2.968000000000000E-002  0.165511956163954     
  2.970000000000000E-002  0.161453492997603     
  2.972000000000000E-002  0.157248750272333     
  2.974000000000000E-002  0.152787792987996     
  2.976000000000000E-002  0.147924166263619     
  2.978000000000000E-002  0.142488748351009     
  2.980000000000000E-002  0.136300572674210     
  2.982000000000000E-002  0.129192605913315     
  2.984000000000000E-002  0.121039020663769     
  2.986000000000000E-002  0.111812964406358     
  2.988000000000000E-002  0.101642971599794     
  2.990000000000000E-002  9.082741614263477E-002
  2.992000000000000E-002  8.097851016335507E-002
  2.994000000000000E-002  7.453384501829118E-002
  2.996000000000000E-002  7.061427680698866E-002
  2.998000000000000E-002  6.832865530406000E-002
  3.000000000000000E-002  6.709157365751205E-002
  3.002000000000000E-002  6.671493616889727E-002
  3.004000000000000E-002  6.675585943877435E-002
  3.006000000000000E-002  6.709530442440111E-002
  3.008000000000000E-002  6.784787880185685E-002
  3.010000000000000E-002  6.909774615605443E-002
  3.012000000000000E-002  7.090762578545021E-002
  3.014000000000000E-002  7.326278017099275E-002
  3.016000000000000E-002  7.537453401772110E-002
  3.018000000000000E-002  7.640664882555838E-002
  3.020000000000000E-002  7.667489534029817E-002
  3.022000000000000E-002  7.658837449218467E-002
  3.024000000000000E-002  7.624534809029561E-002
  3.026000000000000E-002  7.559724626840549E-002
  3.028000000000000E-002  7.454639823849021E-002
  3.030000000000000E-002  7.294061650128389E-002
  3.032000000000000E-002  7.057585428659123E-002
  3.034000000000000E-002  6.720719448010201E-002
  3.036000000000000E-002  6.270469608288931E-002
  3.038000000000000E-002  5.714489640793657E-002
  3.040000000000000E-002  5.064686764305325E-002
  3.042000000000000E-002  4.348446489532251E-002
  3.044000000000000E-002  3.601899366259483E-002
  3.046000000000000E-002  2.861959647473086E-002
  3.048000000000000E-002  2.190240316229018E-002
  3.050000000000000E-002  1.682110553840194E-002
  3.052000000000000E-002  1.298623570627161E-002
  3.054000000000000E-002  1.003503266243031E-002
  3.056000000000000E-002  7.740722243352652E-003
  3.058000000000000E-002  5.950272591160244E-003
  3.060000000000000E-002  4.553594247955472E-003
  3.062000000000000E-002  3.467565092146837E-003
  3.064000000000000E-002  2.627301290399363E-003
  3.066000000000000E-002  1.981128329173414E-003
  3.068000000000000E-002  1.487497482709942E-003
  3.070000000000000E-002  1.112940393116627E-003
  3.072000000000000E-002  8.305978334024500E-004
  3.074000000000000E-002  6.190744232378183E-004
  3.076000000000000E-002  4.614970225963713E-004
  3.078000000000000E-002  3.447331232486774E-004
  3.080000000000000E-002  2.586548448941333E-004
  3.082000000000000E-002  1.954118055521571E-004
  3.084000000000000E-002  1.489198006540281E-004
  3.086000000000000E-002  1.145363129707963E-004
  3.088000000000000E-002  8.878774065954181E-005
  3.090000000000000E-002  6.915345492403098E-005
  3.092000000000000E-002  5.387688434396468E-005
  3.094000000000000E-002  4.179392860234553E-005
  3.096000000000000E-002  3.218115878324992E-005
  3.098000000000000E-002  2.462713402486522E-005
  3.100000000000000E-002  1.891189082884440E-005
  3.102000000000000E-002  1.488769912981893E-005
  3.104000000000000E-002  1.237907409835083E-005
  3.106000000000000E-002  1.112068725667555E-005
  3.108000000000000E-002  1.072959721965702E-005
  3.110000000000000E-002  1.073993182561155E-005
  3.112000000000000E-002  1.106081313411215E-005
  3.114000000000000E-002  1.200911837269153E-005
  3.116000000000000E-002  1.397031458163155E-005
  3.118000000000000E-002  1.742609407035056E-005
  3.120000000000000E-002  2.299387706484475E-005
  3.122000000000000E-002  3.146968623165122E-005
  3.124000000000000E-002  4.387211836677448E-005
  3.126000000000000E-002  6.148767344580073E-005
  3.128000000000000E-002  8.590830402213608E-005
  3.130000000000000E-002  1.190576130977040E-004
  3.132000000000000E-002  1.631969408788933E-004
  3.134000000000000E-002  2.209004432587631E-004
  3.136000000000001E-002  2.949856041046458E-004
  3.138000000000001E-002  3.883143932808849E-004
  3.140000000000000E-002  5.035343673636497E-004
  3.142000000000000E-002  6.429565421493698E-004
  3.144000000000000E-002  8.051337114820018E-004
  3.146000000000000E-002  9.455652883342458E-004
  3.148000000000000E-002  1.041321466126667E-003
  3.150000000000000E-002  1.098397750925245E-003
  3.152000000000000E-002  1.125442824045645E-003
  3.154000000000001E-002  1.132640305732261E-003
  3.156000000000000E-002  1.130482692273332E-003
  3.158000000000000E-002  1.121237147864017E-003
  3.160000000000000E-002  1.099221514227530E-003
  3.162000000000000E-002  1.058990487044122E-003
  3.164000000000000E-002  9.961325324852547E-004
  3.166000000000000E-002  9.077833514898962E-004
  3.168000000000000E-002  7.936598220844816E-004
  3.170000000000001E-002  6.548697169332715E-004
  3.172000000000001E-002  4.983617953451511E-004
  3.174000000000000E-002  3.648973277442553E-004
  3.176000000000000E-002  2.641145566968148E-004
  3.178000000000000E-002  1.889615382956329E-004
  3.180000000000000E-002  1.336804168009273E-004
  3.182000000000000E-002  9.354735502979630E-005
  3.184000000000000E-002  6.477684426771645E-005
  3.186000000000000E-002  4.440006436022248E-005
  3.188000000000001E-002  3.013444587931618E-005
  3.190000000000000E-002  2.025744847849190E-005
  3.192000000000000E-002  1.349182128440798E-005
  3.194000000000000E-002  8.905329054423434E-006
  3.196000000000000E-002  5.827006806530452E-006
  3.198000000000000E-002  3.780697508873584E-006
  3.200000000000000E-002  2.432972206546443E-006
  3.202000000000000E-002  1.553258505473723E-006
  3.204000000000001E-002  9.839874166605666E-007
  3.206000000000001E-002  6.186826630780679E-007
  3.208000000000000E-002  3.861632220760600E-007
  3.210000000000000E-002  2.393278636281855E-007
  3.212000000000000E-002  1.473087962413815E-007
  3.214000000000000E-002  9.006704083524264E-008
  3.216000000000000E-002  5.471374580664062E-008
  3.218000000000000E-002  3.303051860409652E-008
  3.220000000000000E-002  1.982078438176770E-008
  3.222000000000001E-002  1.182544026450666E-008
  3.224000000000000E-002  7.016512010478223E-009
  3.226000000000000E-002  4.141611221322193E-009
  3.228000000000000E-002  2.432949709712217E-009
  3.230000000000000E-002  1.423136631664670E-009
  3.232000000000000E-002  8.295730901498779E-010
  3.234000000000000E-002  4.824985670217372E-010
  3.236000000000000E-002  2.805745998654150E-010
  3.238000000000001E-002  1.636696323780949E-010
  3.240000000000001E-002  9.630709228401323E-011
  3.242000000000000E-002  5.767137054441328E-011
  3.244000000000000E-002  3.559964338087116E-011
  3.246000000000000E-002  2.305108873424936E-011
  3.248000000000000E-002  1.595699886474855E-011
  3.250000000000000E-002  1.196948137975733E-011
  3.252000000000000E-002  9.741117171351382E-012
  3.254000000000000E-002  8.503249982389469E-012
  3.256000000000001E-002  7.819752342160213E-012
  3.258000000000000E-002  7.444617848920139E-012
  3.260000000000000E-002  7.240020939378517E-012
  3.262000000000000E-002  7.129249146424407E-012
  3.264000000000000E-002  7.069678116207338E-012
  3.266000000000000E-002  7.037522865181235E-012
  3.268000000000000E-002  7.020187040941599E-012
  3.270000000000000E-002  7.010867911499281E-012
  3.272000000000001E-002  7.005899838078634E-012
  3.274000000000001E-002  7.003201464633154E-012
  3.276000000000000E-002  7.001647360034279E-012
  3.278000000000000E-002  7.000672507312969E-012
  3.280000000000000E-002  6.999971312135105E-012
  3.282000000000000E-002  6.999356767362669E-012
  3.284000000000000E-002  6.998700374561122E-012
  3.286000000000000E-002  6.997941483697786E-012
  3.288000000000000E-002  6.997090224546471E-012
  3.290000000000001E-002  6.996165107713093E-012
  3.292000000000000E-002  6.995188946812515E-012
  3.294000000000000E-002  6.994184508241015E-012
  3.296000000000000E-002  6.993172140493964E-012
  3.298000000000000E-002  6.992164826603825E-012
  3.300000000000000E-002  6.991165088869612E-012
  3.302000000000000E-002  6.990159163941011E-012
  3.304000000000000E-002  6.989133897935105E-012
  3.306000000000001E-002  6.988066933371177E-012
  3.308000000000001E-002  6.986950263131538E-012
  3.310000000000000E-002  6.985780428965042E-012
  3.312000000000000E-002  6.984551131297740E-012
  3.314000000000000E-002  6.983303545189262E-012
  3.316000000000000E-002  6.982115861180830E-012
  3.318000000000000E-002  6.980968016470362E-012
  3.320000000000000E-002  6.979848081658352E-012
  3.322000000000000E-002  6.978749296752402E-012
  3.324000000000001E-002  6.977670978705924E-012
  3.326000000000000E-002  6.976619693967641E-012
  3.328000000000000E-002  6.975599814256675E-012
  3.330000000000000E-002  6.974607364105057E-012
  3.332000000000000E-002  6.973638645539960E-012
  3.334000000000000E-002  6.972695245010996E-012
  3.336000000000000E-002  6.971781069696634E-012
  3.338000000000000E-002  6.970899451133188E-012
  3.340000000000001E-002  6.970053402960679E-012
  3.342000000000001E-002  6.969250177215291E-012
  3.344000000000000E-002  6.968494191365173E-012
  3.346000000000000E-002  6.967786207716137E-012
  3.348000000000000E-002  6.967126923304917E-012
  3.350000000000000E-002  6.966517113524228E-012
  3.352000000000000E-002  6.965954503381125E-012
  3.354000000000000E-002  6.965440051069952E-012
  3.356000000000000E-002  6.964979131299818E-012
  3.358000000000001E-002  6.964574106933441E-012
  3.360000000000000E-002  6.964221360395018E-012
  3.362000000000000E-002  6.963918440622936E-012
  3.364000000000000E-002  6.963664941475760E-012
  3.366000000000000E-002  6.963459794889625E-012
  3.368000000000000E-002  6.963291232037331E-012
  3.370000000000000E-002  6.963128044653197E-012
  3.372000000000000E-002  6.962942028340008E-012
  3.374000000000001E-002  6.962721339953639E-012
  3.376000000000001E-002  6.962459240270226E-012
  3.378000000000000E-002  6.962148684363316E-012
  3.380000000000000E-002  6.961784902283696E-012
  3.382000000000000E-002  6.961366141735229E-012
  3.384000000000000E-002  6.960891894026063E-012
  3.386000000000000E-002  6.960361606213544E-012
  3.388000000000000E-002  6.959777085834793E-012
  3.390000000000000E-002  6.959143059219787E-012
  3.392000000000001E-002  6.958464422469500E-012
  3.394000000000000E-002  6.957743301426239E-012
  3.396000000000000E-002  6.956979256673926E-012
  3.398000000000000E-002  6.956174584557959E-012
  3.400000000000000E-002  6.955378411105483E-012
  3.402000000000000E-002  6.954644095615065E-012
  3.404000000000000E-002  6.953980687441816E-012
  3.406000000000000E-002  6.953395458884436E-012
  3.408000000000001E-002  6.952889179730220E-012
  3.410000000000001E-002  6.952458519239912E-012
  3.412000000000000E-002  6.952099431512726E-012
  3.414000000000000E-002  6.951803399922252E-012
  3.416000000000000E-002  6.951557535315546E-012
  3.418000000000000E-002  6.951341742390202E-012
  3.420000000000000E-002  6.951142920939462E-012
  3.422000000000000E-002  6.950965950693464E-012
  3.424000000000000E-002  6.950810865245534E-012
  3.426000000000001E-002  6.950665880804878E-012
  3.428000000000000E-002  6.950527024349969E-012
  3.430000000000000E-002  6.950382417941017E-012
  3.432000000000000E-002  6.950256847719243E-012
  3.434000000000000E-002  6.950144086924523E-012
  3.436000000000000E-002  6.950043515493150E-012
  3.438000000000000E-002  6.949952751194655E-012
  3.440000000000000E-002  6.949865498355269E-012
  3.442000000000001E-002  6.949745328002327E-012
  3.444000000000001E-002  6.949562346344474E-012
  3.446000000000000E-002  6.949510628788970E-012
  3.448000000000000E-002  6.949521911001947E-012
  3.450000000000000E-002  6.949565501076259E-012
  3.452000000000000E-002  6.949674972174477E-012
  3.454000000000000E-002  6.949867849130308E-012
  3.456000000000000E-002  6.950152888709721E-012
  3.458000000000000E-002  6.950537181514080E-012
  3.460000000000001E-002  6.951033514428689E-012
  3.462000000000000E-002  6.951662390172524E-012
  3.464000000000000E-002  6.952451668354795E-012
  3.466000000000000E-002  6.953436980085699E-012
  3.468000000000000E-002  6.954663829598672E-012
  3.470000000000000E-002  6.956187494924370E-012
  3.472000000000000E-002  6.958069671092546E-012
  3.474000000000000E-002  6.960371855740759E-012
  3.476000000000001E-002  6.963149110954057E-012
  3.478000000000001E-002  6.966446163420126E-012
  3.480000000000000E-002  6.970294774510497E-012
  3.482000000000000E-002  6.974719245600278E-012
  3.484000000000000E-002  6.979741601121053E-012
  3.486000000000000E-002  6.985382926523889E-012
  3.488000000000000E-002  6.991648005629865E-012
  3.490000000000000E-002  6.998515733164293E-012
  3.492000000000000E-002  7.004907708606231E-012
  3.494000000000001E-002  7.010139139389718E-012
  3.496000000000000E-002  7.014233779058363E-012
  3.498000000000000E-002  7.017383928641674E-012
  3.500000000000000E-002  7.019827114165829E-012
  3.502000000000000E-002  7.021643781935114E-012
  3.504000000000000E-002  7.022794001286501E-012
  3.506000000000000E-002  7.023350137079353E-012
  3.508000000000000E-002  7.023501494555350E-012
  3.510000000000001E-002  7.023467073713404E-012
  3.512000000000001E-002  7.023306792332523E-012
  3.514000000000000E-002  7.022959102828768E-012
  3.516000000000000E-002  7.022349813492214E-012
  3.518000000000000E-002  7.021503952045182E-012
  3.520000000000000E-002  7.020531183804428E-012
  3.522000000000000E-002  7.019353592682438E-012
  3.524000000000000E-002  7.017898965275401E-012
  3.526000000000000E-002  7.016137708129883E-012
  3.528000000000001E-002  7.014089276952539E-012
  3.530000000000000E-002  7.011789461598313E-012
  3.532000000000000E-002  7.009263264492863E-012
  3.534000000000000E-002  7.006517725899226E-012
  3.536000000000000E-002  7.003543803772584E-012
  3.538000000000000E-002  7.000351895996000E-012
  3.540000000000000E-002  6.996908517686564E-012
  3.542000000000000E-002  6.993256549014427E-012
  3.544000000000001E-002  6.989622583378248E-012
  3.546000000000001E-002  6.986298103500965E-012
  3.548000000000000E-002  6.983237725219578E-012
  3.550000000000000E-002  6.980396159618060E-012
  3.552000000000000E-002  6.977734341259085E-012
  3.554000000000000E-002  6.975221310887042E-012
  3.556000000000000E-002  6.972833102316894E-012
  3.558000000000000E-002  6.970551165258212E-012
  3.560000000000000E-002  6.968359586146140E-012
  3.562000000000001E-002  6.966237179853066E-012
  3.564000000000001E-002  6.964169660233975E-012
  3.566000000000000E-002  6.962145053187726E-012
  3.568000000000000E-002  6.960152875106249E-012
  3.570000000000000E-002  6.958183689555635E-012
  3.572000000000000E-002  6.956230157580828E-012
  3.574000000000000E-002  6.954288310956856E-012
  3.576000000000000E-002  6.952359597574092E-012
  3.578000000000001E-002  6.950456929279697E-012
  3.580000000000001E-002  6.948598686439051E-012
  3.582000000000000E-002  6.946795627729413E-012
  3.584000000000000E-002  6.945050803864846E-012
  3.586000000000000E-002  6.943366197079665E-012
  3.588000000000000E-002  6.941740799172776E-012
  3.590000000000000E-002  6.940173373545682E-012
  3.592000000000000E-002  6.938664323519128E-012
  3.594000000000000E-002  6.937215605965277E-012
  3.596000000000001E-002  6.935829467041473E-012
  3.598000000000001E-002  6.934505366464955E-012
  3.600000000000000E-002  6.933236495937113E-012
  3.602000000000000E-002  6.932004851490914E-012
  3.604000000000000E-002  6.930798576450247E-012
  3.606000000000000E-002  6.929614296764309E-012
  3.608000000000000E-002  6.928448836864189E-012
  3.610000000000000E-002  6.927297391139838E-012
  3.612000000000001E-002  6.926153060056257E-012
  3.614000000000001E-002  6.925008547573814E-012
  3.616000000000000E-002  6.923853919041105E-012
  3.618000000000000E-002  6.922678043766765E-012
  3.620000000000000E-002  6.921473269679760E-012
  3.622000000000000E-002  6.920232812746394E-012
  3.624000000000000E-002  6.918943943209479E-012
  3.626000000000000E-002  6.917585364415007E-012
  3.628000000000000E-002  6.916162042199972E-012
  3.630000000000001E-002  6.914716572283895E-012
  3.632000000000001E-002  6.913243873731350E-012
  3.634000000000000E-002  6.911740078258083E-012
  3.636000000000000E-002  6.910204870850661E-012
  3.638000000000000E-002  6.908641195977365E-012
  3.640000000000000E-002  6.907053952971558E-012
  3.642000000000000E-002  6.905449109958149E-012
  3.644000000000000E-002  6.903835791492650E-012
  3.646000000000001E-002  6.902230736026552E-012
  3.648000000000001E-002  6.900657859114085E-012
  3.650000000000000E-002  6.899148687440366E-012
  3.652000000000000E-002  6.897706733961065E-012
  3.654000000000000E-002  6.896338198170068E-012
  3.656000000000000E-002  6.895050569534196E-012
  3.658000000000000E-002  6.893842262619037E-012
  3.660000000000000E-002  6.892714608874157E-012
  3.662000000000000E-002  6.891679093096870E-012
  3.664000000000001E-002  6.890743639560869E-012
  3.666000000000001E-002  6.889910789617064E-012
  3.668000000000000E-002  6.889180820505557E-012
  3.670000000000000E-002  6.888559475312489E-012
  3.672000000000000E-002  6.888052534907165E-012
  3.674000000000000E-002  6.887666131131536E-012
  3.676000000000000E-002  6.887405988738693E-012
  3.678000000000000E-002  6.887275918881013E-012
  3.680000000000001E-002  6.887251990329686E-012
  3.682000000000001E-002  6.887314115103430E-012
  3.684000000000000E-002  6.887495503903564E-012
  3.686000000000000E-002  6.887789216786809E-012
  3.688000000000000E-002  6.888167435168953E-012
  3.690000000000000E-002  6.888626179158076E-012
  3.692000000000000E-002  6.889157787051001E-012
  3.694000000000000E-002  6.889734648902790E-012
  3.696000000000000E-002  6.890353242988347E-012
  3.698000000000001E-002  6.891016624042726E-012
  3.700000000000001E-002  6.891729376334050E-012
  3.702000000000000E-002  6.892493184404166E-012
  3.704000000000000E-002  6.893305870726252E-012
  3.706000000000000E-002  6.894164738029216E-012
  3.708000000000000E-002  6.895064230235986E-012
  3.710000000000000E-002  6.895924581600793E-012
  3.712000000000000E-002  6.896683560789305E-012
  3.714000000000001E-002  6.897352571485269E-012
  3.716000000000001E-002  6.897937832543791E-012
  3.718000000000000E-002  6.898446948597256E-012
  3.720000000000000E-002  6.898884064024097E-012
  3.722000000000000E-002  6.899247584475121E-012
  3.724000000000000E-002  6.899532780215711E-012
  3.726000000000000E-002  6.899733641250981E-012
  3.728000000000000E-002  6.899851899555814E-012
  3.730000000000000E-002  6.899893374443929E-012
  3.732000000000001E-002  6.899881824655328E-012
  3.734000000000001E-002  6.899793283038621E-012
  3.736000000000000E-002  6.899593477801387E-012
  3.738000000000000E-002  6.899293510198098E-012
  3.740000000000000E-002  6.898902082458353E-012
  3.742000000000000E-002  6.898439812949131E-012
  3.744000000000000E-002  6.897949180716643E-012
  3.746000000000000E-002  6.897428635185035E-012
  3.748000000000001E-002  6.896872328674764E-012
  3.750000000000001E-002  6.896274618702734E-012
  3.752000000000000E-002  6.895642907733148E-012
  3.754000000000000E-002  6.894990451444741E-012
  3.756000000000000E-002  6.894330185062798E-012
  3.758000000000000E-002  6.893666550377602E-012
  3.760000000000000E-002  6.893005563750579E-012
  3.762000000000000E-002  6.892351938656342E-012
  3.764000000000000E-002  6.891690166678958E-012
  3.766000000000001E-002  6.891012520204837E-012
  3.768000000000001E-002  6.890313477374381E-012
  3.770000000000000E-002  6.889586184144859E-012
  3.772000000000000E-002  6.888822098488985E-012
  3.774000000000000E-002  6.888005729937158E-012
  3.776000000000000E-002  6.887124528157252E-012
  3.778000000000000E-002  6.886177477274187E-012
  3.780000000000000E-002  6.885168892873608E-012
  3.782000000000001E-002  6.884120731171475E-012
  3.784000000000001E-002  6.883109796257424E-012
  3.786000000000000E-002  6.882173535677012E-012
  3.788000000000000E-002  6.881305877737430E-012
  3.790000000000000E-002  6.880522578279465E-012
  3.792000000000000E-002  6.879851834207035E-012
  3.794000000000000E-002  6.879286824609756E-012
  3.796000000000000E-002  6.878845558532461E-012
  3.798000000000000E-002  6.878526304038844E-012
  3.800000000000001E-002  6.878339316257185E-012
  3.802000000000001E-002  6.878319963973177E-012
  3.804000000000000E-002  6.878363483760916E-012
  3.806000000000000E-002  6.878516090763445E-012
  3.808000000000000E-002  6.878871018647509E-012
  3.810000000000000E-002  6.879514001575460E-012
  3.812000000000000E-002  6.880465383550273E-012
  3.814000000000000E-002  6.881721930070384E-012
  3.816000000000001E-002  6.883267007313620E-012
  3.818000000000001E-002  6.885072009193974E-012
  3.820000000000000E-002  6.887125972283846E-012
  3.822000000000000E-002  6.889049289114564E-012
  3.824000000000000E-002  6.890577117196481E-012
  3.826000000000000E-002  6.891737175143854E-012
  3.828000000000000E-002  6.892532880886346E-012
  3.830000000000000E-002  6.893046850635111E-012
  3.832000000000000E-002  6.893139307328521E-012
  3.834000000000001E-002  6.893065705180223E-012
  3.836000000000001E-002  6.892831825779554E-012
  3.838000000000000E-002  6.892406334425580E-012
  3.840000000000000E-002  6.891812759803036E-012
  3.842000000000000E-002  6.891101577212400E-012
  3.844000000000000E-002  6.890303063963532E-012
  3.846000000000000E-002  6.889418045253580E-012
  3.848000000000000E-002  6.888431105876815E-012
  3.850000000000001E-002  6.887355012116083E-012
  3.852000000000001E-002  6.886254014471155E-012
  3.854000000000000E-002  6.885184932146923E-012
  3.856000000000000E-002  6.884078890752570E-012
  3.858000000000000E-002  6.882857757353045E-012
  3.860000000000000E-002  6.881664228121431E-012
  3.862000000000000E-002  6.880617011492114E-012
  3.864000000000000E-002  6.879729397343134E-012
  3.866000000000000E-002  6.879027495018259E-012
  3.868000000000001E-002  6.878524094771016E-012
  3.870000000000001E-002  6.878222321241110E-012
  3.872000000000000E-002  6.878131263578374E-012
  3.874000000000000E-002  6.878249801197190E-012
  3.876000000000000E-002  6.878661023933506E-012
  3.878000000000000E-002  6.879356526496851E-012
  3.880000000000000E-002  6.880312327323625E-012
  3.882000000000000E-002  6.881464876775414E-012
  3.884000000000001E-002  6.882578318750195E-012
  3.886000000000001E-002  6.882847996205053E-012
  3.888000000000000E-002  6.881878617361751E-012
  3.890000000000000E-002  6.875917035653714E-012
  3.892000000000000E-002  6.856010977270828E-012
  3.894000000000000E-002  6.802987895332878E-012
  3.896000000000000E-002  6.703882127140562E-012
  3.898000000000000E-002  6.626796225838614E-012
  3.900000000000000E-002  6.586095349707892E-012
  3.902000000000001E-002  6.567772463721664E-012
  3.904000000000001E-002  6.560445105579090E-012
  3.906000000000000E-002  6.557890916748749E-012
  3.908000000000000E-002  6.557135680516781E-012
  3.910000000000000E-002  6.556995458484855E-012
  3.912000000000000E-002  6.556979038736263E-012
  3.914000000000000E-002  6.556838571181432E-012
  3.916000000000000E-002  6.556536050063218E-012
  3.918000000000001E-002  6.556203169425327E-012
  3.920000000000001E-002  6.556176429643107E-012
  3.922000000000000E-002  6.556347502274357E-012
  3.924000000000000E-002  6.556795427474379E-012
  3.926000000000000E-002  6.557593458757323E-012
  3.928000000000000E-002  6.558677026774092E-012
  3.930000000000000E-002  6.560017761486250E-012
  3.932000000000000E-002  6.561599285917469E-012
  3.934000000000000E-002  6.563567174172969E-012
  3.936000000000001E-002  6.565648716994886E-012
  3.938000000000001E-002  6.567406187345816E-012
  3.940000000000000E-002  6.568600487134841E-012
  3.942000000000000E-002  6.569439793495537E-012
  3.944000000000000E-002  6.569616574903947E-012
  3.946000000000000E-002  6.569519264501509E-012
  3.948000000000000E-002  6.568949127808578E-012
  3.950000000000000E-002  6.568018742227602E-012
  3.952000000000001E-002  6.566779694831229E-012
  3.954000000000001E-002  6.565476606968157E-012
  3.956000000000000E-002  6.564258780849816E-012
  3.958000000000000E-002  6.563213476247924E-012
  3.960000000000000E-002  6.562455840029059E-012
  3.962000000000000E-002  6.561997570215388E-012
  3.964000000000000E-002  6.561858246868402E-012
  3.966000000000000E-002  6.561999596691790E-012
  3.968000000000000E-002  6.562217286297417E-012
  3.970000000000001E-002  6.562148413087603E-012
  3.972000000000001E-002  6.561878337977923E-012
  3.974000000000000E-002  6.561442924343642E-012
  3.976000000000000E-002  6.560891985100340E-012
  3.978000000000000E-002  6.560245268168859E-012
  3.980000000000000E-002  6.559504813414237E-012
  3.982000000000000E-002  6.558704643901227E-012
  3.984000000000000E-002  6.557925772978444E-012
  3.986000000000001E-002  6.557204260916349E-012
  3.988000000000001E-002  6.556591111106475E-012
  3.990000000000000E-002  6.556061347511108E-012
  3.992000000000000E-002  6.555466021217273E-012
  3.994000000000000E-002  6.554754780900377E-012
  3.996000000000000E-002  6.553371380956627E-012
  3.998000000000000E-002  6.552417943416056E-012
  4.000000000000000E-002  1.567997007478014E-011
