  0.000000000000000E+000   422.194304042364     
  2.000000000000000E-005   422.194304042364     
  4.000000000000000E-005   422.195853350699     
  6.000000000000001E-005   422.196738228397     
  8.000000000000001E-005   422.197583365837     
  1.000000000000000E-004   422.198424749650     
  1.200000000000000E-004   422.199281836321     
  1.400000000000000E-004   422.200196013633     
  1.600000000000000E-004   422.201192316680     
  1.800000000000000E-004   422.202108221736     
  2.000000000000000E-004   422.202837670522     
  2.200000000000000E-004   422.203327316781     
  2.400000000000000E-004   422.203570714644     
  2.600000000000000E-004   422.203626033097     
  2.800000000000000E-004   422.203587632939     
  3.000000000000000E-004   422.203423416594     
  3.200000000000000E-004   422.203102381788     
  3.400000000000000E-004   422.202595987377     
  3.600000000000000E-004   422.201853819339     
  3.800000000000000E-004   422.200794628244     
  4.000000000000000E-004   422.199312837542     
  4.200000000000000E-004   422.197299926731     
  4.400000000000000E-004   422.194655746239     
  4.600000000000000E-004   422.191270942765     
  4.800000000000001E-004   422.187034032076     
  5.000000000000000E-004   422.181809602385     
  5.200000000000001E-004   422.175474850194     
  5.400000000000000E-004   422.167959289778     
  5.600000000000001E-004   422.159180194583     
  5.800000000000000E-004   422.149002201179     
  6.000000000000001E-004   422.137227856762     
  6.200000000000000E-004   422.123584180482     
  6.400000000000001E-004   422.107718689333     
  6.600000000000001E-004   422.089251894452     
  6.800000000000000E-004   422.067847157504     
  7.000000000000001E-004   422.043261273687     
  7.200000000000000E-004   422.015370893241     
  7.400000000000001E-004   421.984175821267     
  7.600000000000000E-004   421.949783418416     
  7.800000000000001E-004   421.912384113692     
  8.000000000000000E-004   421.872226208935     
  8.200000000000001E-004   421.829585963620     
  8.400000000000000E-004   421.784748689588     
  8.600000000000001E-004   421.737995818863     
  8.800000000000000E-004   421.689599458056     
  9.000000000000001E-004   421.639822613343     
  9.200000000000000E-004   421.588916607501     
  9.400000000000001E-004   421.537115770282     
  9.600000000000001E-004   421.484630065546     
  9.800000000000002E-004   421.431639113819     
  1.000000000000000E-003   421.378291163714     
  1.020000000000000E-003   421.324705248317     
  1.040000000000000E-003   421.270972034077     
  1.060000000000000E-003   421.217153706740     
  1.080000000000000E-003   421.163346773126     
  1.100000000000000E-003   421.109548020151     
  1.120000000000000E-003   421.055798309312     
  1.140000000000000E-003   421.002112707588     
  1.160000000000000E-003   420.948505973632     
  1.180000000000000E-003   420.894988168141     
  1.200000000000000E-003   420.841560380027     
  1.220000000000000E-003   420.788213907348     
  1.240000000000000E-003   420.734937596998     
  1.260000000000000E-003   420.681713133927     
  1.280000000000000E-003   420.628527225955     
  1.300000000000000E-003   420.575337623648     
  1.320000000000000E-003   420.522134122186     
  1.340000000000000E-003   420.468883465846     
  1.360000000000000E-003   420.415568940862     
  1.380000000000000E-003   420.362156285701     
  1.400000000000000E-003   420.308604243527     
  1.420000000000000E-003   420.254889749273     
  1.440000000000000E-003   420.201119069235     
  1.460000000000000E-003   420.147412455883     
  1.480000000000000E-003   420.093722682913     
  1.500000000000000E-003   420.040016626213     
  1.520000000000000E-003   419.986232241842     
  1.540000000000000E-003   419.932325723024     
  1.560000000000000E-003   419.878248060813     
  1.580000000000000E-003   419.823931363707     
  1.600000000000000E-003   419.769294327647     
  1.620000000000000E-003   419.714232160106     
  1.640000000000000E-003   419.658656563175     
  1.660000000000000E-003   419.602428263173     
  1.680000000000000E-003   419.545498249561     
  1.700000000000000E-003   419.487719068579     
  1.720000000000000E-003   419.428749437027     
  1.740000000000000E-003   419.368820590531     
  1.760000000000000E-003   419.307678466458     
  1.780000000000000E-003   419.245742183285     
  1.800000000000000E-003   419.182975623427     
  1.820000000000000E-003   419.119306801166     
  1.840000000000000E-003   419.054701946282     
  1.860000000000000E-003   418.989156321471     
  1.880000000000000E-003   418.922682418787     
  1.900000000000000E-003   418.855303677477     
  1.920000000000000E-003   418.787055612833     
  1.940000000000000E-003   418.717992455162     
  1.960000000000000E-003   418.648194808285     
  1.980000000000000E-003   418.577777878754     
  2.000000000000000E-003   418.506925330841     
  2.020000000000000E-003   418.436093907071     
  2.040000000000000E-003   418.365436328327     
  2.060000000000000E-003   418.294895717407     
  2.080000000000000E-003   418.224455635904     
  2.100000000000000E-003   418.154019615392     
  2.120000000000000E-003   418.083543898313     
  2.140000000000000E-003   418.012960829818     
  2.160000000000000E-003   417.942190225765     
  2.180000000000000E-003   417.871112318752     
  2.200000000000000E-003   417.799586831912     
  2.220000000000000E-003   417.727510319781     
  2.240000000000000E-003   417.655378137789     
  2.260000000000000E-003   417.583602002528     
  2.280000000000000E-003   417.512196195634     
  2.300000000000000E-003   417.441181785699     
  2.320000000000000E-003   417.370519670084     
  2.340000000000000E-003   417.300152627243     
  2.360000000000000E-003   417.230047423663     
  2.380000000000000E-003   417.160137241680     
  2.400000000000000E-003   417.090347730093     
  2.420000000000000E-003   417.020630114046     
  2.440000000000000E-003   416.950891278649     
  2.460000000000000E-003   416.881113533839     
  2.480000000000000E-003   416.811239763364     
  2.500000000000000E-003   416.741216707832     
  2.520000000000000E-003   416.670958833902     
  2.540000000000000E-003   416.600368114427     
  2.560000000000000E-003   416.529353409488     
  2.580000000000000E-003   416.457846976729     
  2.600000000000000E-003   416.385810702896     
  2.620000000000000E-003   416.313230636153     
  2.640000000000000E-003   416.240109463286     
  2.660000000000000E-003   416.166460614800     
  2.680000000000000E-003   416.092279780398     
  2.700000000000000E-003   416.017915951436     
  2.720000000000000E-003   415.943946826498     
  2.740000000000000E-003   415.870494755307     
  2.760000000000000E-003   415.797624916319     
  2.780000000000000E-003   415.725366974813     
  2.800000000000000E-003   415.653744097440     
  2.820000000000000E-003   415.582764223347     
  2.840000000000000E-003   415.512416944679     
  2.860000000000000E-003   415.442691935055     
  2.880000000000000E-003   415.373593047631     
  2.900000000000000E-003   415.305115778561     
  2.920000000000000E-003   415.237235991197     
  2.940000000000000E-003   415.169920179332     
  2.960000000000000E-003   415.103140546269     
  2.980000000000000E-003   415.036875712631     
  3.000000000000000E-003   414.971098272961     
  3.020000000000000E-003   414.905771956416     
  3.040000000000000E-003   414.840863929766     
  3.060000000000000E-003   414.776345459279     
  3.080000000000000E-003   414.712197247928     
  3.100000000000000E-003   414.648390104532     
  3.120000000000000E-003   414.584886396888     
  3.140000000000000E-003   414.521657582032     
  3.160000000000000E-003   414.458638876966     
  3.180000000000000E-003   414.395802519088     
  3.200000000000000E-003   414.333077132615     
  3.220000000000000E-003   414.270446570721     
  3.240000000000000E-003   414.207878933312     
  3.260000000000000E-003   414.145328037317     
  3.280000000000000E-003   414.082793008202     
  3.300000000000000E-003   414.020189738288     
  3.320000000000000E-003   413.957591555838     
  3.340000000000000E-003   413.894867040488     
  3.360000000000000E-003   413.831793680317     
  3.380000000000000E-003   413.768372404578     
  3.400000000000000E-003   413.704925636803     
  3.420000000000000E-003   413.641672522973     
  3.440000000000000E-003   413.578713034993     
  3.460000000000000E-003   413.516120014885     
  3.480000000000000E-003   413.454004348659     
  3.500000000000000E-003   413.392487119322     
  3.520000000000000E-003   413.331667515626     
  3.540000000000000E-003   413.271624174639     
  3.560000000000000E-003   413.212428010945     
  3.580000000000000E-003   413.154142416847     
  3.600000000000000E-003   413.096822436070     
  3.620000000000000E-003   413.040522981165     
  3.640000000000000E-003   412.985308591632     
  3.660000000000000E-003   412.931252437232     
  3.680000000000000E-003   412.878430902823     
  3.700000000000000E-003   412.826922259539     
  3.720000000000000E-003   412.776807617296     
  3.740000000000000E-003   412.728163431078     
  3.760000000000000E-003   412.681045025496     
  3.780000000000000E-003   412.635470100404     
  3.800000000000000E-003   412.591408711267     
  3.820000000000000E-003   412.548779676238     
  3.840000000000001E-003   412.507454058186     
  3.860000000000000E-003   412.467274270163     
  3.880000000000000E-003   412.428091859529     
  3.900000000000000E-003   412.389818666560     
  3.920000000000001E-003   412.352469771369     
  3.940000000000000E-003   412.316186722182     
  3.960000000000000E-003   412.281228332094     
  3.980000000000000E-003   412.247934138048     
  4.000000000000000E-003   412.216664784939     
  4.020000000000000E-003   412.187730479917     
  4.040000000000000E-003   412.161325785944     
  4.060000000000000E-003   412.137480207792     
  4.080000000000000E-003   412.116046498268     
  4.100000000000000E-003   412.096710381959     
  4.120000000000000E-003   412.079026396839     
  4.140000000000000E-003   412.062441546577     
  4.160000000000001E-003   412.046410621137     
  4.180000000000001E-003   412.030516428396     
  4.200000000000001E-003   412.014500468053     
  4.220000000000001E-003   411.998002963351     
  4.240000000000001E-003   411.979357334169     
  4.260000000000001E-003   411.958354354951     
  4.280000000000000E-003   411.938251217168     
  4.300000000000000E-003   411.922355446002     
  4.320000000000000E-003   411.915520684034     
  4.340000000000000E-003   411.919504493083     
  4.360000000000000E-003   411.972386000207     
  4.380000000000000E-003   412.258776650209     
  4.400000000000000E-003   413.489112284224     
  4.420000000000000E-003   416.079607859737     
  4.440000000000000E-003   417.674762774406     
  4.460000000000000E-003   418.159741425982     
  4.480000000000000E-003   418.235499758248     
  4.500000000000001E-003   418.211627749759     
  4.520000000000001E-003   418.069972914914     
  4.540000000000001E-003   417.932294594877     
  4.560000000000001E-003   417.844791091790     
  4.580000000000001E-003   417.784891073889     
  4.600000000000001E-003   417.747346619952     
  4.620000000000000E-003   417.735134458550     
  4.640000000000000E-003   417.749784767495     
  4.660000000000000E-003   417.823623521563     
  4.680000000000000E-003   418.021637816192     
  4.700000000000000E-003   418.439248662945     
  4.720000000000000E-003   419.058694154917     
  4.740000000000000E-003   419.552942984130     
  4.760000000000000E-003   419.866531189040     
  4.780000000000000E-003   420.059560891960     
  4.800000000000000E-003   420.176535736091     
  4.820000000000000E-003   420.246286411369     
  4.840000000000001E-003   420.287898302442     
  4.860000000000001E-003   420.311215882587     
  4.880000000000001E-003   420.321761102223     
  4.900000000000001E-003   420.320322829574     
  4.920000000000001E-003   420.312843212119     
  4.940000000000001E-003   420.297573466274     
  4.960000000000000E-003   420.281746899835     
  4.980000000000000E-003   420.268504281945     
  5.000000000000000E-003   420.252552324053     
  5.020000000000000E-003   420.221265017279     
  5.040000000000000E-003   420.179949480326     
  5.060000000000000E-003   420.142640478444     
  5.080000000000000E-003   420.116523714968     
  5.100000000000000E-003   420.104191706078     
  5.120000000000000E-003   420.108622229221     
  5.140000000000000E-003   420.133150334148     
  5.160000000000001E-003   420.189991938680     
  5.180000000000001E-003   420.299794354881     
  5.200000000000001E-003   420.492365800012     
  5.220000000000001E-003   420.809009148847     
  5.240000000000001E-003   421.293267966679     
  5.260000000000001E-003   421.824161080789     
  5.280000000000001E-003   422.212315117279     
  5.300000000000000E-003   422.462058426008     
  5.320000000000000E-003   422.610141268959     
  5.340000000000000E-003   422.690120287277     
  5.360000000000000E-003   422.728683489634     
  5.380000000000000E-003   422.739259523826     
  5.400000000000000E-003   422.737702754482     
  5.420000000000000E-003   422.733632433760     
  5.440000000000000E-003   422.733859049810     
  5.460000000000000E-003   422.737128593022     
  5.480000000000000E-003   422.745628827791     
  5.500000000000001E-003   422.759725455501     
  5.520000000000001E-003   422.778955303720     
  5.540000000000001E-003   422.800967217040     
  5.560000000000001E-003   422.821740185577     
  5.580000000000001E-003   422.839749543577     
  5.600000000000001E-003   422.855820004550     
  5.620000000000001E-003   422.870889090512     
  5.640000000000000E-003   422.885772862642     
  5.660000000000000E-003   422.901439034363     
  5.680000000000000E-003   422.920743617721     
  5.700000000000000E-003   422.948341869208     
  5.720000000000000E-003   422.989656379580     
  5.740000000000000E-003   423.049850344868     
  5.760000000000000E-003   423.134508185684     
  5.780000000000000E-003   423.251698370004     
  5.800000000000000E-003   423.398658615510     
  5.820000000000001E-003   423.537049408103     
  5.840000000000001E-003   423.660710505859     
  5.860000000000001E-003   423.775801111643     
  5.880000000000001E-003   423.891061532803     
  5.900000000000001E-003   424.011295053669     
  5.920000000000001E-003   424.141411677179     
  5.940000000000001E-003   424.257585526699     
  5.960000000000001E-003   424.337041520882     
  5.980000000000000E-003   424.380281363662     
  6.000000000000000E-003   424.398490377061     
  6.020000000000000E-003   424.396827862479     
  6.040000000000000E-003   424.379645748861     
  6.060000000000000E-003   424.347071220658     
  6.080000000000000E-003   424.303890634778     
  6.100000000000000E-003   424.250784433436     
  6.120000000000000E-003   424.186066523059     
  6.140000000000000E-003   424.114774455913     
  6.160000000000001E-003   424.043745306842     
  6.180000000000001E-003   423.975263540816     
  6.200000000000001E-003   423.912199156337     
  6.220000000000001E-003   423.859254033789     
  6.240000000000001E-003   423.822127225264     
  6.260000000000001E-003   423.803140096292     
  6.280000000000001E-003   423.806875997195     
  6.300000000000001E-003   423.846528613112     
  6.320000000000000E-003   423.940398213051     
  6.340000000000000E-003   424.115051780597     
  6.360000000000000E-003   424.388202810451     
  6.380000000000000E-003   424.687721794979     
  6.400000000000000E-003   424.910198384965     
  6.420000000000000E-003   425.053971953363     
  6.440000000000000E-003   425.137003559310     
  6.460000000000000E-003   425.175372098031     
  6.480000000000001E-003   425.186710538134     
  6.500000000000001E-003   425.183392355834     
  6.520000000000001E-003   425.158135690752     
  6.540000000000001E-003   425.115354253504     
  6.560000000000001E-003   425.063050241252     
  6.580000000000001E-003   425.004577371620     
  6.600000000000001E-003   424.942448209995     
  6.620000000000001E-003   424.878634452853     
  6.640000000000001E-003   424.814929514582     
  6.660000000000000E-003   424.752039576199     
  6.680000000000000E-003   424.690034767458     
  6.700000000000000E-003   424.628901861742     
  6.720000000000000E-003   424.568596040967     
  6.740000000000000E-003   424.509069240037     
  6.760000000000000E-003   424.450289819344     
  6.780000000000000E-003   424.392230134128     
  6.800000000000000E-003   424.334837340418     
  6.820000000000001E-003   424.278061578558     
  6.840000000000001E-003   424.221869392847     
  6.860000000000001E-003   424.166250624082     
  6.880000000000001E-003   424.111231126177     
  6.900000000000001E-003   424.056896476183     
  6.920000000000001E-003   424.003413952728     
  6.940000000000001E-003   423.951035190188     
  6.960000000000001E-003   423.900073987564     
  6.980000000000001E-003   423.850861379481     
  7.000000000000000E-003   423.803686172244     
  7.020000000000000E-003   423.758729555387     
  7.040000000000000E-003   423.716025757179     
  7.060000000000000E-003   423.675456025625     
  7.080000000000000E-003   423.636792295342     
  7.100000000000000E-003   423.599719472219     
  7.120000000000000E-003   423.563858236109     
  7.140000000000001E-003   423.528727363915     
  7.160000000000001E-003   423.493845211379     
  7.180000000000001E-003   423.458698330873     
  7.200000000000001E-003   423.422499426356     
  7.220000000000001E-003   423.383920772525     
  7.240000000000001E-003   423.342117799394     
  7.260000000000001E-003   423.296785092534     
  7.280000000000001E-003   423.247716100259     
  7.300000000000001E-003   423.194871673577     
  7.320000000000001E-003   423.138422003140     
  7.340000000000000E-003   423.078732028191     
  7.360000000000000E-003   423.015978817428     
  7.380000000000000E-003   422.951275457685     
  7.400000000000000E-003   422.886399588103     
  7.420000000000000E-003   422.821714115456     
  7.440000000000000E-003   422.757185027895     
  7.460000000000000E-003   422.692708367201     
  7.480000000000001E-003   422.627987193881     
  7.500000000000001E-003   422.562815432573     
  7.520000000000001E-003   422.496864368471     
  7.540000000000001E-003   422.429642920642     
  7.560000000000001E-003   422.360635894980     
  7.580000000000001E-003   422.289397468137     
  7.600000000000001E-003   422.215587956135     
  7.620000000000001E-003   422.139015325471     
  7.640000000000001E-003   422.059667675666     
  7.660000000000001E-003   421.977704453562     
  7.680000000000001E-003   421.893313350805     
  7.700000000000000E-003   421.806526785959     
  7.720000000000000E-003   421.719718193419     
  7.740000000000000E-003   421.635274658885     
  7.760000000000000E-003   421.553823388780     
  7.780000000000000E-003   421.475521966831     
  7.800000000000001E-003   421.400302189313     
  7.820000000000001E-003   421.328050006940     
  7.840000000000001E-003   421.258634497068     
  7.860000000000001E-003   421.191901557209     
  7.880000000000000E-003   421.127661489040     
  7.900000000000001E-003   421.065653420294     
  7.920000000000000E-003   421.005556722200     
  7.940000000000001E-003   420.947059936002     
  7.960000000000000E-003   420.889957995268     
  7.980000000000001E-003   420.834268509981     
  8.000000000000000E-003   420.780283444707     
  8.020000000000001E-003   420.728501799541     
  8.040000000000000E-003   420.679528253169     
  8.060000000000001E-003   420.634009487167     
  8.080000000000000E-003   420.592585837340     
  8.100000000000001E-003   420.555843471417     
  8.120000000000000E-003   420.524274585828     
  8.140000000000001E-003   420.498262632166     
  8.160000000000001E-003   420.478146671352     
  8.180000000000002E-003   420.464217999937     
  8.200000000000001E-003   420.456254322614     
  8.220000000000000E-003   420.453952926220     
  8.240000000000001E-003   420.456536503480     
  8.260000000000000E-003   420.463505030705     
  8.280000000000001E-003   420.473632170931     
  8.300000000000000E-003   420.487108941857     
  8.320000000000001E-003   420.503555040919     
  8.340000000000000E-003   420.523010553682     
  8.360000000000001E-003   420.546006759718     
  8.380000000000000E-003   420.573462650060     
  8.400000000000001E-003   420.606870395868     
  8.420000000000000E-003   420.648182992928     
  8.440000000000001E-003   420.699596710009     
  8.460000000000001E-003   420.763597366239     
  8.480000000000001E-003   420.842987984928     
  8.500000000000001E-003   420.940663149397     
  8.520000000000002E-003   421.059474725325     
  8.540000000000001E-003   421.202264272162     
  8.560000000000000E-003   421.362694681830     
  8.580000000000001E-003   421.510960790949     
  8.600000000000000E-003   421.636681454302     
  8.620000000000001E-003   421.740982083980     
  8.640000000000000E-003   421.825676594483     
  8.660000000000001E-003   421.892588529476     
  8.680000000000000E-003   421.943362967532     
  8.700000000000001E-003   421.979928194791     
  8.720000000000000E-003   422.004427519155     
  8.740000000000001E-003   422.020884925355     
  8.760000000000000E-003   422.032306255143     
  8.780000000000001E-003   422.041672399067     
  8.800000000000001E-003   422.051020016093     
  8.820000000000001E-003   422.061261016878     
  8.840000000000001E-003   422.072790058960     
  8.860000000000002E-003   422.085238987139     
  8.880000000000001E-003   422.100609244458     
  8.900000000000000E-003   422.119178187913     
  8.920000000000001E-003   422.138029623352     
  8.940000000000000E-003   422.154211143039     
  8.960000000000001E-003   422.166764649359     
  8.980000000000000E-003   422.174850808903     
  9.000000000000001E-003   422.178346947673     
  9.020000000000000E-003   422.177077508827     
  9.040000000000001E-003   422.170383675090     
  9.060000000000000E-003   422.157542700150     
  9.080000000000001E-003   422.139939542928     
  9.100000000000000E-003   422.118420426171     
  9.120000000000001E-003   422.095031826606     
  9.140000000000001E-003   422.071285280970     
  9.160000000000001E-003   422.047653783705     
  9.180000000000001E-003   422.024164596783     
  9.200000000000002E-003   422.000692227123     
  9.220000000000001E-003   421.977300840270     
  9.240000000000000E-003   421.954021739662     
  9.260000000000001E-003   421.930719947422     
  9.280000000000000E-003   421.907307821237     
  9.300000000000001E-003   421.883592032443     
  9.320000000000000E-003   421.859121989972     
  9.340000000000001E-003   421.833745442714     
  9.360000000000000E-003   421.807305743908     
  9.380000000000001E-003   421.779760926935     
  9.400000000000000E-003   421.751058109194     
  9.420000000000001E-003   421.721414678133     
  9.440000000000000E-003   421.691177652686     
  9.460000000000001E-003   421.660520053244     
  9.480000000000001E-003   421.629797324622     
  9.500000000000001E-003   421.599438793064     
  9.520000000000001E-003   421.570031869896     
  9.540000000000002E-003   421.542327504293     
  9.560000000000001E-003   421.517054967887     
  9.580000000000000E-003   421.495055809302     
  9.600000000000001E-003   421.477511772356     
  9.620000000000000E-003   421.465657265413     
  9.640000000000001E-003   421.461042649432     
  9.660000000000000E-003   421.462589367181     
  9.680000000000001E-003   421.469083111489     
  9.700000000000000E-003   421.481028564984     
  9.720000000000001E-003   421.498764277625     
  9.740000000000000E-003   421.522564361718     
  9.760000000000001E-003   421.553064276721     
  9.780000000000000E-003   421.590254390147     
  9.800000000000001E-003   421.634862287736     
  9.820000000000001E-003   421.688134019984     
  9.840000000000002E-003   421.750496911717     
  9.860000000000001E-003   421.819925358335     
  9.880000000000002E-003   421.892488649294     
  9.900000000000001E-003   421.967672248031     
  9.920000000000000E-003   422.045806821432     
  9.940000000000001E-003   422.127103019315     
  9.960000000000000E-003   422.206862681960     
  9.980000000000001E-003   422.276387946303     
  1.000000000000000E-002   422.333826408369     
  1.002000000000000E-002   422.379645242152     
  1.004000000000000E-002   422.414597549730     
  1.006000000000000E-002   422.441247492507     
  1.008000000000000E-002   422.459484614946     
  1.010000000000000E-002   422.468912049984     
  1.012000000000000E-002   422.471255059487     
  1.014000000000000E-002   422.469776116439     
  1.016000000000000E-002   422.466367804408     
  1.018000000000000E-002   422.461653364805     
  1.020000000000000E-002   422.456125686563     
  1.022000000000000E-002   422.450103340764     
  1.024000000000000E-002   422.443811829568     
  1.026000000000000E-002   422.437574828503     
  1.028000000000000E-002   422.431566819910     
  1.030000000000000E-002   422.425664583146     
  1.032000000000000E-002   422.419456259424     
  1.034000000000000E-002   422.412403294113     
  1.036000000000000E-002   422.404498143329     
  1.038000000000000E-002   422.395310115415     
  1.040000000000000E-002   422.384656173945     
  1.042000000000000E-002   422.372058126178     
  1.044000000000000E-002   422.357350099014     
  1.046000000000000E-002   422.340426130271     
  1.048000000000000E-002   422.321258994837     
  1.050000000000000E-002   422.299933850897     
  1.052000000000000E-002   422.276754530209     
  1.054000000000000E-002   422.252424009378     
  1.056000000000000E-002   422.227755633730     
  1.058000000000000E-002   422.203311244566     
  1.060000000000000E-002   422.179097573578     
  1.062000000000000E-002   422.155182504564     
  1.064000000000000E-002   422.131546739991     
  1.066000000000000E-002   422.108094102251     
  1.068000000000000E-002   422.084835570250     
  1.070000000000000E-002   422.061691796959     
  1.072000000000000E-002   422.038709613914     
  1.074000000000000E-002   422.015979866071     
  1.076000000000000E-002   421.993704568920     
  1.078000000000000E-002   421.972215355422     
  1.080000000000000E-002   421.951919427225     
  1.082000000000000E-002   421.933259550423     
  1.084000000000000E-002   421.916703575201     
  1.086000000000000E-002   421.902670996215     
  1.088000000000000E-002   421.891407685116     
  1.090000000000000E-002   421.883411913241     
  1.092000000000000E-002   421.877749555956     
  1.094000000000000E-002   421.876253948742     
  1.096000000000000E-002   421.877652340184     
  1.098000000000000E-002   421.881991526857     
  1.100000000000000E-002   421.889558010743     
  1.102000000000000E-002   421.900261776163     
  1.104000000000000E-002   421.913945818447     
  1.106000000000000E-002   421.930323859054     
  1.108000000000000E-002   421.948901253223     
  1.110000000000000E-002   421.969509150548     
  1.112000000000000E-002   421.991640446639     
  1.114000000000000E-002   422.014797863010     
  1.116000000000000E-002   422.038061583959     
  1.118000000000000E-002   422.060721119662     
  1.120000000000000E-002   422.082489645268     
  1.122000000000000E-002   422.103518017662     
  1.124000000000000E-002   422.123975451740     
  1.126000000000000E-002   422.144050775381     
  1.128000000000000E-002   422.164063705158     
  1.130000000000000E-002   422.184259910545     
  1.132000000000000E-002   422.205086722895     
  1.134000000000000E-002   422.226713099252     
  1.136000000000000E-002   422.249106278032     
  1.138000000000000E-002   422.272397603121     
  1.140000000000000E-002   422.297008107984     
  1.142000000000000E-002   422.323218713997     
  1.144000000000000E-002   422.351219950261     
  1.146000000000000E-002   422.380776437016     
  1.148000000000000E-002   422.410429740077     
  1.150000000000000E-002   422.439380614947     
  1.152000000000000E-002   422.466791277724     
  1.154000000000000E-002   422.491872540961     
  1.156000000000000E-002   422.514999441648     
  1.158000000000000E-002   422.535659373535     
  1.160000000000000E-002   422.554025759082     
  1.162000000000000E-002   422.570385904862     
  1.164000000000000E-002   422.584943080355     
  1.166000000000000E-002   422.597734510896     
  1.168000000000000E-002   422.608755118863     
  1.170000000000000E-002   422.617939002522     
  1.172000000000000E-002   422.625192723004     
  1.174000000000000E-002   422.630377584436     
  1.176000000000000E-002   422.633219588349     
  1.178000000000000E-002   422.633550945801     
  1.180000000000000E-002   422.631470700369     
  1.182000000000000E-002   422.626745779780     
  1.184000000000000E-002   422.619380289179     
  1.186000000000000E-002   422.608751697854     
  1.188000000000000E-002   422.594497159676     
  1.190000000000000E-002   422.576522738207     
  1.192000000000000E-002   422.554820125741     
  1.194000000000000E-002   422.529787233629     
  1.196000000000000E-002   422.501745600598     
  1.198000000000000E-002   422.470853193175     
  1.200000000000000E-002   422.437443967498     
  1.202000000000000E-002   422.402169569709     
  1.204000000000000E-002   422.365990731693     
  1.206000000000000E-002   422.330224107843     
  1.208000000000000E-002   422.295026281687     
  1.210000000000000E-002   422.260901074472     
  1.212000000000000E-002   422.227928042984     
  1.214000000000000E-002   422.196278292687     
  1.216000000000000E-002   422.166060743097     
  1.218000000000000E-002   422.137291413987     
  1.220000000000000E-002   422.109953575594     
  1.222000000000000E-002   422.083928292908     
  1.224000000000000E-002   422.059062780618     
  1.226000000000000E-002   422.035147897858     
  1.228000000000000E-002   422.012027863986     
  1.230000000000000E-002   421.989517325779     
  1.232000000000000E-002   421.967396506784     
  1.234000000000000E-002   421.945581648804     
  1.236000000000000E-002   421.923955830684     
  1.238000000000000E-002   421.902492374687     
  1.240000000000000E-002   421.881048154758     
  1.242000000000000E-002   421.859503903750     
  1.244000000000000E-002   421.838077831879     
  1.246000000000000E-002   421.817562284785     
  1.248000000000000E-002   421.798850829307     
  1.250000000000000E-002   421.782337516237     
  1.252000000000000E-002   421.768304690434     
  1.254000000000000E-002   421.756970531143     
  1.256000000000000E-002   421.748583866972     
  1.258000000000000E-002   421.743276674773     
  1.260000000000000E-002   421.741051362818     
  1.262000000000000E-002   421.741960859718     
  1.264000000000000E-002   421.745580802410     
  1.266000000000000E-002   421.752265665479     
  1.268000000000000E-002   421.762047802609     
  1.270000000000000E-002   421.774898793504     
  1.272000000000000E-002   421.791160519555     
  1.274000000000000E-002   421.810872783317     
  1.276000000000000E-002   421.834215127769     
  1.278000000000000E-002   421.861245978166     
  1.280000000000000E-002   421.892014708916     
  1.282000000000000E-002   421.926624565777     
  1.284000000000000E-002   421.965172643545     
  1.286000000000000E-002   422.007514490188     
  1.288000000000000E-002   422.053955761881     
  1.290000000000000E-002   422.104858767689     
  1.292000000000000E-002   422.158772048811     
  1.294000000000000E-002   422.214338748701     
  1.296000000000000E-002   422.269726601635     
  1.298000000000000E-002   422.323215990563     
  1.300000000000000E-002   422.374506682813     
  1.302000000000000E-002   422.423486179663     
  1.304000000000000E-002   422.469962083360     
  1.306000000000000E-002   422.513878451552     
  1.308000000000000E-002   422.555147907954     
  1.310000000000000E-002   422.593755164897     
  1.312000000000000E-002   422.629713034657     
  1.314000000000000E-002   422.662991431074     
  1.316000000000000E-002   422.693517894320     
  1.318000000000000E-002   422.721219808459     
  1.320000000000000E-002   422.745956143471     
  1.322000000000000E-002   422.767477648666     
  1.324000000000000E-002   422.785325046146     
  1.326000000000000E-002   422.799395153071     
  1.328000000000000E-002   422.809698975252     
  1.330000000000000E-002   422.816192359363     
  1.332000000000000E-002   422.819084568551     
  1.334000000000000E-002   422.818311218359     
  1.336000000000000E-002   422.814700998131     
  1.338000000000000E-002   422.807979864837     
  1.340000000000000E-002   422.798077942423     
  1.342000000000000E-002   422.785315532683     
  1.344000000000000E-002   422.770243734870     
  1.346000000000000E-002   422.755160424896     
  1.348000000000000E-002   422.741231645518     
  1.350000000000000E-002   422.728967845771     
  1.352000000000000E-002   422.718627165108     
  1.354000000000000E-002   422.710541833253     
  1.356000000000000E-002   422.704960756168     
  1.358000000000000E-002   422.701657276713     
  1.360000000000000E-002   422.700580368235     
  1.362000000000000E-002   422.702817336962     
  1.364000000000000E-002   422.708109780308     
  1.366000000000000E-002   422.715980074282     
  1.368000000000000E-002   422.726079216722     
  1.370000000000000E-002   422.738355976843     
  1.372000000000000E-002   422.752834004456     
  1.374000000000000E-002   422.769433012492     
  1.376000000000000E-002   422.787670125350     
  1.378000000000000E-002   422.806944611767     
  1.380000000000000E-002   422.826795315031     
  1.382000000000000E-002   422.846977588872     
  1.384000000000000E-002   422.867401985426     
  1.386000000000000E-002   422.887898217176     
  1.388000000000000E-002   422.908376933705     
  1.390000000000000E-002   422.928670470344     
  1.392000000000000E-002   422.948664097720     
  1.394000000000000E-002   422.968226705186     
  1.396000000000000E-002   422.987226215158     
  1.398000000000000E-002   423.005510145584     
  1.400000000000000E-002   423.022913923320     
  1.402000000000000E-002   423.039237086706     
  1.404000000000000E-002   423.054262983486     
  1.406000000000000E-002   423.067804227845     
  1.408000000000000E-002   423.079664815823     
  1.410000000000000E-002   423.089645374200     
  1.412000000000000E-002   423.097587924470     
  1.414000000000000E-002   423.103342218783     
  1.416000000000000E-002   423.106707459225     
  1.418000000000000E-002   423.107891598073     
  1.420000000000000E-002   423.107201740917     
  1.422000000000000E-002   423.104875140962     
  1.424000000000000E-002   423.100480646543     
  1.426000000000000E-002   423.094185184667     
  1.428000000000000E-002   423.086283517934     
  1.430000000000000E-002   423.076981784131     
  1.432000000000000E-002   423.066408842332     
  1.434000000000000E-002   423.054683252954     
  1.436000000000000E-002   423.041913178640     
  1.438000000000000E-002   423.028224391008     
  1.440000000000000E-002   423.013698857368     
  1.442000000000000E-002   422.998427752193     
  1.444000000000000E-002   422.982497001636     
  1.446000000000000E-002   422.966010234442     
  1.448000000000000E-002   422.949115281946     
  1.450000000000000E-002   422.931968985904     
  1.452000000000000E-002   422.914752470715     
  1.454000000000000E-002   422.897674829654     
  1.456000000000000E-002   422.881120666357     
  1.458000000000000E-002   422.865625419476     
  1.460000000000000E-002   422.851890025590     
  1.462000000000000E-002   422.840911461278     
  1.464000000000000E-002   422.831496393038     
  1.466000000000000E-002   422.826405424393     
  1.468000000000000E-002   422.825221652996     
  1.470000000000000E-002   422.826511509264     
  1.472000000000000E-002   422.830915194052     
  1.474000000000000E-002   422.838499098631     
  1.476000000000000E-002   422.848682085090     
  1.478000000000000E-002   422.861152350517     
  1.480000000000000E-002   422.875597282809     
  1.482000000000000E-002   422.891675735777     
  1.484000000000000E-002   422.909104697634     
  1.486000000000000E-002   422.927530499040     
  1.488000000000000E-002   422.946576753237     
  1.490000000000000E-002   422.965857189362     
  1.492000000000000E-002   422.984631932450     
  1.494000000000000E-002   423.002365062717     
  1.496000000000000E-002   423.018512621323     
  1.498000000000000E-002   423.032747659434     
  1.500000000000000E-002   423.044866638364     
  1.502000000000000E-002   423.054894204962     
  1.504000000000000E-002   423.062950369807     
  1.506000000000000E-002   423.068988441848     
  1.508000000000000E-002   423.073384261817     
  1.510000000000000E-002   423.076775840850     
  1.512000000000000E-002   423.078952232231     
  1.514000000000000E-002   423.080533576086     
  1.516000000000000E-002   423.082232295408     
  1.518000000000000E-002   423.084194406315     
  1.520000000000000E-002   423.086812361766     
  1.522000000000000E-002   423.090268228793     
  1.524000000000000E-002   423.094611935815     
  1.526000000000000E-002   423.099867547820     
  1.528000000000000E-002   423.105957629616     
  1.530000000000000E-002   423.112666380951     
  1.532000000000000E-002   423.119637903739     
  1.534000000000000E-002   423.127135044887     
  1.536000000000000E-002   423.132686470367     
  1.538000000000000E-002   423.136583749402     
  1.540000000000000E-002   423.144968803284     
  1.542000000000000E-002   423.155813946797     
  1.544000000000000E-002   423.166659262835     
  1.546000000000000E-002   423.178431786530     
  1.548000000000000E-002   423.193133021291     
  1.550000000000000E-002   423.213193209462     
  1.552000000000000E-002   423.239598610610     
  1.554000000000000E-002   423.272893260545     
  1.556000000000000E-002   423.313306083699     
  1.558000000000000E-002   423.360920471226     
  1.560000000000000E-002   423.415754960935     
  1.562000000000000E-002   423.477446210764     
  1.564000000000000E-002   423.543146104682     
  1.566000000000000E-002   423.597093179148     
  1.568000000000000E-002   423.635060411171     
  1.570000000000000E-002   423.653868081314     
  1.572000000000000E-002   423.662462912578     
  1.574000000000000E-002   423.653832632200     
  1.576000000000000E-002   423.627962738762     
  1.578000000000000E-002   423.584981524455     
  1.580000000000000E-002   423.535076574034     
  1.582000000000000E-002   423.478119998750     
  1.584000000000000E-002   423.413363980636     
  1.586000000000000E-002   423.344719973628     
  1.588000000000000E-002   423.277702491188     
  1.590000000000000E-002   423.214816575465     
  1.592000000000000E-002   423.154330786153     
  1.594000000000000E-002   423.092204630367     
  1.596000000000000E-002   423.023637538742     
  1.598000000000000E-002   422.942903446164     
  1.600000000000000E-002   422.842068593793     
  1.602000000000000E-002   422.709605461997     
  1.604000000000000E-002   422.531488269402     
  1.606000000000000E-002   422.289719797694     
  1.608000000000000E-002   421.965564215641     
  1.610000000000000E-002   421.540238039193     
  1.612000000000000E-002   420.995253575370     
  1.614000000000000E-002   420.317495631753     
  1.616000000000000E-002   419.499253500251     
  1.618000000000000E-002   418.540507274836     
  1.620000000000000E-002   417.664927401966     
  1.622000000000000E-002   416.930272649586     
  1.624000000000000E-002   416.311818352074     
  1.626000000000000E-002   415.891201046942     
  1.628000000000000E-002   415.577312541712     
  1.630000000000000E-002   415.277666071471     
  1.632000000000000E-002   415.003038242168     
  1.634000000000000E-002   414.753485266679     
  1.636000000000000E-002   414.528282290798     
  1.638000000000000E-002   414.330262986613     
  1.640000000000000E-002   414.168409683004     
  1.642000000000000E-002   414.057917647310     
  1.644000000000000E-002   414.018258507528     
  1.646000000000000E-002   414.073767681221     
  1.648000000000000E-002   414.256379758181     
  1.650000000000000E-002   414.612046620365     
  1.652000000000000E-002   415.209576900224     
  1.654000000000000E-002   416.153549861110     
  1.656000000000000E-002   417.601290130781     
  1.658000000000000E-002   419.784005521140     
  1.660000000000000E-002   423.032679891440     
  1.662000000000000E-002   427.809356819038     
  1.664000000000000E-002   434.762430395431     
  1.666000000000000E-002   444.788227759423     
  1.668000000000000E-002   459.197149188234     
  1.670000000000000E-002   479.929936854987     
  1.672000000000000E-002   510.024029546717     
  1.674000000000000E-002   554.578914158422     
  1.676000000000000E-002   621.818597261330     
  1.678000000000000E-002   704.460450311380     
  1.680000000000000E-002   790.810975544481     
  1.682000000000000E-002   876.609948096270     
  1.684000000000000E-002   957.410598847294     
  1.686000000000000E-002   1029.67691221424     
  1.688000000000000E-002   1091.30588298586     
  1.690000000000000E-002   1141.58375780092     
  1.692000000000000E-002   1180.89880109857     
  1.694000000000000E-002   1210.42250409383     
  1.696000000000000E-002   1231.77409131094     
  1.698000000000000E-002   1246.69594568065     
  1.700000000000000E-002   1256.79193561206     
  1.702000000000000E-002   1263.37010598507     
  1.704000000000000E-002   1267.40734813062     
  1.706000000000000E-002   1269.60767112291     
  1.708000000000000E-002   1270.53015236171     
  1.710000000000000E-002   1270.68635455488     
  1.712000000000000E-002   1270.51325339992     
  1.714000000000000E-002   1269.84709117737     
  1.716000000000000E-002   1268.19584899183     
  1.718000000000000E-002   1264.87177031976     
  1.720000000000000E-002   1258.86465739118     
  1.722000000000000E-002   1248.69517678325     
  1.724000000000000E-002   1232.29855303026     
  1.726000000000000E-002   1207.04020645868     
  1.728000000000000E-002   1170.02926245730     
  1.730000000000000E-002   1118.86184685391     
  1.732000000000000E-002   1052.71940363964     
  1.734000000000000E-002   973.326105544989     
  1.736000000000000E-002   885.064975042691     
  1.738000000000000E-002   793.900464747869     
  1.740000000000000E-002   705.611695666791     
  1.742000000000000E-002   624.490860877550     
  1.744000000000000E-002   553.169002387998     
  1.746000000000000E-002   497.800257560500     
  1.748000000000000E-002   464.285955920077     
  1.750000000000000E-002   443.800305499618     
  1.752000000000000E-002   431.130776579588     
  1.754000000000000E-002   423.305235348729     
  1.756000000000000E-002   418.491901879072     
  1.758000000000000E-002   415.586340259432     
  1.760000000000000E-002   413.909946801001     
  1.762000000000000E-002   413.000789634040     
  1.764000000000000E-002   412.529868617128     
  1.766000000000000E-002   412.285478039287     
  1.768000000000000E-002   412.128818789523     
  1.770000000000000E-002   412.052987579215     
  1.772000000000000E-002   412.116709619997     
  1.774000000000000E-002   412.376683147422     
  1.776000000000000E-002   412.893214479086     
  1.778000000000000E-002   413.743615081471     
  1.780000000000000E-002   415.032756450575     
  1.782000000000000E-002   416.903927771116     
  1.784000000000000E-002   419.548126880911     
  1.786000000000000E-002   423.205877071379     
  1.788000000000000E-002   428.155490796318     
  1.790000000000000E-002   434.644047971570     
  1.792000000000000E-002   441.944500154885     
  1.794000000000000E-002   447.369245827945     
  1.796000000000000E-002   451.021833036574     
  1.798000000000000E-002   453.582171927314     
  1.800000000000000E-002   455.688758084850     
  1.802000000000000E-002   457.750283776183     
  1.804000000000000E-002   459.931981037960     
  1.806000000000000E-002   462.470333262887     
  1.808000000000000E-002   465.700338039987     
  1.810000000000000E-002   469.876676629506     
  1.812000000000000E-002   475.157339658178     
  1.814000000000000E-002   481.601082042025     
  1.816000000000000E-002   489.158548045336     
  1.818000000000000E-002   497.740506047101     
  1.820000000000000E-002   507.328918613161     
  1.822000000000000E-002   518.109832913462     
  1.824000000000000E-002   530.580490801709     
  1.826000000000000E-002   545.585142461264     
  1.828000000000000E-002   564.264907838637     
  1.830000000000000E-002   587.945856481515     
  1.832000000000000E-002   618.009050784981     
  1.834000000000000E-002   653.123210854442     
  1.836000000000000E-002   688.370995764765     
  1.838000000000000E-002   723.429947963839     
  1.840000000000000E-002   758.288472430126     
  1.842000000000000E-002   793.113433216872     
  1.844000000000000E-002   828.368978125315     
  1.846000000000000E-002   864.812617941835     
  1.848000000000000E-002   903.200131196237     
  1.850000000000000E-002   943.726323100437     
  1.852000000000000E-002   985.455187726560     
  1.854000000000000E-002   1026.05172016550     
  1.856000000000000E-002   1062.00500733022     
  1.858000000000000E-002   1089.60143677627     
  1.860000000000000E-002   1106.71868089851     
  1.862000000000000E-002   1113.92962038508     
  1.864000000000000E-002   1114.30522889484     
  1.866000000000000E-002   1110.75994551303     
  1.868000000000000E-002   1103.30527482400     
  1.870000000000000E-002   1090.85941933749     
  1.872000000000000E-002   1072.35362949816     
  1.874000000000000E-002   1047.90696657182     
  1.876000000000000E-002   1018.92329787401     
  1.878000000000000E-002   989.613872955301     
  1.880000000000000E-002   967.826104485395     
  1.882000000000000E-002   952.445514390928     
  1.884000000000000E-002   941.396348786650     
  1.886000000000000E-002   933.282238802220     
  1.888000000000000E-002   927.100046182249     
  1.890000000000000E-002   922.086893807314     
  1.892000000000000E-002   917.707272440692     
  1.894000000000000E-002   913.710682566431     
  1.896000000000000E-002   910.036109395568     
  1.898000000000000E-002   906.745945741348     
  1.900000000000000E-002   903.850525887710     
  1.902000000000000E-002   901.363582355189     
  1.904000000000000E-002   899.292558857364     
  1.906000000000000E-002   897.617351327539     
  1.908000000000000E-002   896.295845171332     
  1.910000000000000E-002   895.205753882534     
  1.912000000000000E-002   894.200096777854     
  1.914000000000000E-002   893.117852502428     
  1.916000000000000E-002   891.831500318398     
  1.918000000000000E-002   890.260170115947     
  1.920000000000000E-002   888.217846398666     
  1.922000000000000E-002   885.677189741164     
  1.924000000000000E-002   882.660664149837     
  1.926000000000000E-002   879.172586463158     
  1.928000000000000E-002   875.245363983911     
  1.930000000000000E-002   870.965126719628     
  1.932000000000000E-002   866.462158164776     
  1.934000000000000E-002   861.904513669141     
  1.936000000000000E-002   857.496230115838     
  1.938000000000000E-002   853.394109032154     
  1.940000000000000E-002   849.687392608548     
  1.942000000000000E-002   846.413791951078     
  1.944000000000000E-002   843.508907089762     
  1.946000000000000E-002   840.930185701351     
  1.948000000000000E-002   838.748758705789     
  1.950000000000000E-002   837.332745438817     
  1.952000000000000E-002   836.998442018820     
  1.954000000000000E-002   837.763259865419     
  1.956000000000000E-002   839.415793893780     
  1.958000000000000E-002   841.981675138854     
  1.960000000000000E-002   845.355572210064     
  1.962000000000000E-002   849.031268574919     
  1.964000000000000E-002   852.004023815666     
  1.966000000000000E-002   854.198476235207     
  1.968000000000000E-002   855.733224780278     
  1.970000000000000E-002   856.622270186058     
  1.972000000000000E-002   856.264557880017     
  1.974000000000000E-002   853.891908239190     
  1.976000000000000E-002   849.815011594892     
  1.978000000000000E-002   843.817546650598     
  1.980000000000000E-002   835.129416676124     
  1.982000000000000E-002   823.156426668951     
  1.984000000000000E-002   807.555359600902     
  1.986000000000000E-002   788.229059677584     
  1.988000000000000E-002   765.331448818477     
  1.990000000000000E-002   739.252949825565     
  1.992000000000000E-002   710.574597318898     
  1.994000000000000E-002   680.007487836773     
  1.996000000000000E-002   648.330484770441     
  1.998000000000000E-002   616.317909944136     
  2.000000000000000E-002   584.685288997232     
  2.002000000000000E-002   554.058618107611     
  2.004000000000000E-002   524.955302126801     
  2.006000000000000E-002   498.340970358594     
  2.008000000000000E-002   477.700680508508     
  2.010000000000000E-002   462.688566385815     
  2.012000000000000E-002   451.589722583277     
  2.014000000000000E-002   443.286471054209     
  2.016000000000000E-002   437.008753851289     
  2.018000000000000E-002   432.223031681318     
  2.020000000000000E-002   428.574276692104     
  2.022000000000000E-002   425.841278892922     
  2.024000000000000E-002   423.884105174926     
  2.026000000000000E-002   422.593528668923     
  2.028000000000000E-002   421.858902047007     
  2.030000000000000E-002   421.567111149885     
  2.032000000000000E-002   421.591667424291     
  2.034000000000000E-002   421.792043820992     
  2.036000000000000E-002   422.107374270860     
  2.038000000000000E-002   422.482290183674     
  2.040000000000000E-002   422.976877547406     
  2.042000000000000E-002   423.659766998438     
  2.044000000000000E-002   424.579484513322     
  2.046000000000000E-002   425.773986106104     
  2.048000000000000E-002   427.223413109231     
  2.050000000000000E-002   428.452349520532     
  2.052000000000000E-002   429.197900684887     
  2.054000000000000E-002   429.566318438561     
  2.056000000000000E-002   429.734787114189     
  2.058000000000000E-002   429.727551402904     
  2.060000000000000E-002   429.460413985794     
  2.062000000000000E-002   428.821836285355     
  2.064000000000000E-002   427.714983834976     
  2.066000000000000E-002   426.083170165145     
  2.068000000000000E-002   423.929043545982     
  2.070000000000000E-002   421.350519283991     
  2.072000000000000E-002   419.072064860623     
  2.074000000000000E-002   417.451356257235     
  2.076000000000000E-002   416.345515043706     
  2.078000000000000E-002   415.619111470801     
  2.080000000000000E-002   415.163965358752     
  2.082000000000000E-002   414.895850138189     
  2.084000000000000E-002   414.755178559037     
  2.086000000000000E-002   414.700552956508     
  2.088000000000000E-002   414.700260602215     
  2.090000000000000E-002   414.731071237419     
  2.092000000000000E-002   414.775354542057     
  2.094000000000000E-002   414.821536456752     
  2.096000000000000E-002   414.871484534585     
  2.098000000000000E-002   414.925652412234     
  2.100000000000000E-002   414.977291181533     
  2.102000000000000E-002   415.016922932391     
  2.104000000000000E-002   415.046065377338     
  2.106000000000000E-002   415.066430999470     
  2.108000000000000E-002   415.080166277899     
  2.110000000000000E-002   415.087704669091     
  2.112000000000000E-002   415.088251415386     
  2.114000000000000E-002   415.090349861306     
  2.116000000000000E-002   415.103712616416     
  2.118000000000000E-002   415.127744252840     
  2.120000000000000E-002   415.159741366781     
  2.122000000000000E-002   415.200180768452     
  2.124000000000000E-002   415.248779503918     
  2.126000000000000E-002   415.305156992244     
  2.128000000000000E-002   415.367917516177     
  2.130000000000000E-002   415.436553521840     
  2.132000000000000E-002   415.511047335582     
  2.134000000000000E-002   415.589862204682     
  2.136000000000000E-002   415.671812946313     
  2.138000000000000E-002   415.756201594511     
  2.140000000000000E-002   415.841998242934     
  2.142000000000000E-002   415.928207044477     
  2.144000000000000E-002   416.014028488309     
  2.146000000000000E-002   416.098955089732     
  2.148000000000000E-002   416.182775444874     
  2.150000000000000E-002   416.264935712780     
  2.152000000000000E-002   416.341545396478     
  2.154000000000000E-002   416.412071427043     
  2.156000000000000E-002   416.475158026555     
  2.158000000000000E-002   416.530228193078     
  2.160000000000000E-002   416.577529345194     
  2.162000000000000E-002   416.618417953099     
  2.164000000000000E-002   416.654739828663     
  2.166000000000000E-002   416.687936080561     
  2.168000000000000E-002   416.717939866556     
  2.170000000000000E-002   416.753215626111     
  2.172000000000000E-002   416.800887091267     
  2.174000000000000E-002   416.860294324337     
  2.176000000000000E-002   416.930860674762     
  2.178000000000000E-002   417.016281669035     
  2.180000000000000E-002   417.120921848771     
  2.182000000000000E-002   417.250784118967     
  2.184000000000000E-002   417.414470383861     
  2.186000000000000E-002   417.623460448302     
  2.188000000000000E-002   417.889249814316     
  2.190000000000000E-002   418.220716195445     
  2.192000000000000E-002   418.627699753004     
  2.194000000000000E-002   419.117437605126     
  2.196000000000000E-002   419.694193957573     
  2.198000000000000E-002   420.358127619803     
  2.200000000000000E-002   421.109434850513     
  2.202000000000000E-002   421.852798885100     
  2.204000000000000E-002   422.483795118502     
  2.206000000000000E-002   422.994259904857     
  2.208000000000000E-002   423.385372701445     
  2.210000000000000E-002   423.671836251959     
  2.212000000000000E-002   423.877451269393     
  2.214000000000000E-002   424.026673118681     
  2.216000000000000E-002   424.138608534271     
  2.218000000000000E-002   424.226550850885     
  2.220000000000000E-002   424.300629528603     
  2.222000000000000E-002   424.365746646444     
  2.224000000000000E-002   424.412701424791     
  2.226000000000000E-002   424.433433614763     
  2.228000000000000E-002   424.430825571947     
  2.230000000000000E-002   424.411692269960     
  2.232000000000000E-002   424.383303538169     
  2.234000000000000E-002   424.357910091880     
  2.236000000000000E-002   424.340761156095     
  2.238000000000000E-002   424.335885337924     
  2.240000000000000E-002   424.340435656691     
  2.242000000000000E-002   424.353037599027     
  2.244000000000000E-002   424.370851348755     
  2.246000000000000E-002   424.392744453226     
  2.248000000000000E-002   424.417958300057     
  2.250000000000000E-002   424.445026320964     
  2.252000000000000E-002   424.472498226677     
  2.254000000000000E-002   424.498973957640     
  2.256000000000000E-002   424.523275756622     
  2.258000000000000E-002   424.544435034127     
  2.260000000000000E-002   424.561773854317     
  2.262000000000000E-002   424.574880533478     
  2.264000000000000E-002   424.583567993660     
  2.266000000000000E-002   424.587818808990     
  2.268000000000000E-002   424.587715939584     
  2.270000000000000E-002   424.583527541405     
  2.272000000000000E-002   424.575679679224     
  2.274000000000000E-002   424.564689014724     
  2.276000000000000E-002   424.551077799637     
  2.278000000000000E-002   424.535185003653     
  2.280000000000000E-002   424.517294173560     
  2.282000000000000E-002   424.497635467404     
  2.284000000000000E-002   424.476818345893     
  2.286000000000000E-002   424.455505463109     
  2.288000000000000E-002   424.434245648586     
  2.290000000000000E-002   424.413494589988     
  2.292000000000000E-002   424.393599969066     
  2.294000000000000E-002   424.374779048007     
  2.296000000000000E-002   424.357121959772     
  2.298000000000000E-002   424.340636593886     
  2.300000000000000E-002   424.325278288909     
  2.302000000000000E-002   424.310968571258     
  2.304000000000000E-002   424.297618939199     
  2.306000000000000E-002   424.285174404447     
  2.308000000000000E-002   424.273683458146     
  2.310000000000000E-002   424.263289355773     
  2.312000000000000E-002   424.254053792929     
  2.314000000000000E-002   424.245799884474     
  2.316000000000000E-002   424.238359900127     
  2.318000000000000E-002   424.231593823304     
  2.320000000000000E-002   424.225329532093     
  2.322000000000000E-002   424.219465670685     
  2.324000000000000E-002   424.213827542369     
  2.326000000000000E-002   424.208098666255     
  2.328000000000000E-002   424.201878633085     
  2.330000000000000E-002   424.194573532603     
  2.332000000000000E-002   424.185537440393     
  2.334000000000000E-002   424.174530973024     
  2.336000000000000E-002   424.161640836991     
  2.338000000000000E-002   424.146953927656     
  2.340000000000000E-002   424.130633901515     
  2.342000000000000E-002   424.112980608557     
  2.344000000000000E-002   424.094119365534     
  2.346000000000000E-002   424.073962796387     
  2.348000000000000E-002   424.052338061948     
  2.350000000000000E-002   424.029526532736     
  2.352000000000000E-002   424.005862097098     
  2.354000000000000E-002   423.981162450531     
  2.356000000000000E-002   423.954936011275     
  2.358000000000000E-002   423.927169592200     
  2.360000000000000E-002   423.898468847297     
  2.362000000000000E-002   423.869546892390     
  2.364000000000000E-002   423.839434459995     
  2.366000000000000E-002   423.807487660196     
  2.368000000000000E-002   423.773478546852     
  2.370000000000000E-002   423.737373910886     
  2.372000000000000E-002   423.699019749882     
  2.374000000000000E-002   423.657469127639     
  2.376000000000000E-002   423.613724209060     
  2.378000000000000E-002   423.567814158800     
  2.380000000000000E-002   423.518129033383     
  2.382000000000000E-002   423.463975714113     
  2.384000000000000E-002   423.405522841121     
  2.386000000000000E-002   423.343018115145     
  2.388000000000000E-002   423.276531813679     
  2.390000000000000E-002   423.205921620122     
  2.392000000000000E-002   423.130718305185     
  2.394000000000000E-002   423.050633607713     
  2.396000000000000E-002   422.966510194087     
  2.398000000000000E-002   422.879439714733     
  2.400000000000000E-002   422.790219591310     
  2.402000000000000E-002   422.700303286168     
  2.404000000000000E-002   422.613891469541     
  2.406000000000000E-002   422.532313174381     
  2.408000000000000E-002   422.456347702147     
  2.410000000000000E-002   422.386819957174     
  2.412000000000000E-002   422.324281879049     
  2.414000000000000E-002   422.268688308148     
  2.416000000000000E-002   422.219526080003     
  2.418000000000000E-002   422.176302329150     
  2.420000000000000E-002   422.138977684628     
  2.422000000000000E-002   422.108112882309     
  2.424000000000000E-002   422.084896118623     
  2.426000000000000E-002   422.070432566765     
  2.428000000000000E-002   422.059008524764     
  2.430000000000000E-002   422.049228221299     
  2.432000000000000E-002   422.046052335608     
  2.434000000000000E-002   422.048972401144     
  2.436000000000000E-002   422.057573875882     
  2.438000000000000E-002   422.072841095269     
  2.440000000000000E-002   422.095734202192     
  2.442000000000000E-002   422.126400212870     
  2.444000000000000E-002   422.164260241371     
  2.446000000000000E-002   422.208179381308     
  2.448000000000000E-002   422.256705824430     
  2.450000000000000E-002   422.308556830914     
  2.452000000000000E-002   422.362513960928     
  2.454000000000000E-002   422.412626343781     
  2.456000000000000E-002   422.456193757570     
  2.458000000000000E-002   422.492674809028     
  2.460000000000000E-002   422.521424669953     
  2.462000000000000E-002   422.541637996780     
  2.464000000000000E-002   422.552686505388     
  2.466000000000000E-002   422.553812284476     
  2.468000000000000E-002   422.545224566770     
  2.470000000000000E-002   422.538227558810     
  2.472000000000000E-002   422.541556684115     
  2.474000000000000E-002   422.560343996829     
  2.476000000000000E-002   422.596906604245     
  2.478000000000000E-002   422.640032959919     
  2.480000000000000E-002   422.688258395749     
  2.482000000000000E-002   422.750197313264     
  2.484000000000000E-002   422.835675513300     
  2.486000000000000E-002   422.953830440437     
  2.488000000000000E-002   423.110757936708     
  2.490000000000000E-002   423.308824400864     
  2.492000000000000E-002   423.548036142401     
  2.494000000000000E-002   423.828187021304     
  2.496000000000000E-002   424.149611596163     
  2.498000000000000E-002   424.512174055766     
  2.500000000000000E-002   424.865716560977     
  2.502000000000000E-002   425.158880111470     
  2.504000000000000E-002   425.392416334315     
  2.506000000000000E-002   425.572584404953     
  2.508000000000000E-002   425.711222078016     
  2.510000000000000E-002   425.814325632577     
  2.512000000000000E-002   425.884998458369     
  2.514000000000000E-002   425.921175438721     
  2.516000000000000E-002   425.931296583233     
  2.518000000000000E-002   425.909052376735     
  2.520000000000000E-002   425.862251287194     
  2.522000000000000E-002   425.786276029135     
  2.524000000000000E-002   425.681503599260     
  2.526000000000000E-002   425.551407350224     
  2.528000000000000E-002   425.407557318848     
  2.530000000000000E-002   425.256217442878     
  2.532000000000000E-002   425.100330250580     
  2.534000000000000E-002   424.941325483315     
  2.536000000000000E-002   424.787117911322     
  2.538000000000000E-002   424.643721856639     
  2.540000000000000E-002   424.515946390026     
  2.542000000000000E-002   424.396734226522     
  2.544000000000000E-002   424.283969148075     
  2.546000000000000E-002   424.173588675804     
  2.548000000000000E-002   424.064557566342     
  2.550000000000000E-002   423.957468969369     
  2.552000000000000E-002   423.853330181648     
  2.554000000000000E-002   423.753435863462     
  2.556000000000000E-002   423.659089211215     
  2.558000000000000E-002   423.571195544993     
  2.560000000000000E-002   423.490240373185     
  2.562000000000000E-002   423.416808209618     
  2.564000000000000E-002   423.352622634349     
  2.566000000000000E-002   423.295105705441     
  2.568000000000000E-002   423.242128094728     
  2.570000000000000E-002   423.194196732232     
  2.572000000000000E-002   423.149911695750     
  2.574000000000000E-002   423.113364432222     
  2.576000000000000E-002   423.086779693077     
  2.578000000000000E-002   423.067596151284     
  2.580000000000000E-002   423.052296824513     
  2.582000000000000E-002   423.039273904141     
  2.584000000000000E-002   423.027537628939     
  2.586000000000000E-002   423.015502368180     
  2.588000000000000E-002   423.003737314619     
  2.590000000000000E-002   422.992471247943     
  2.592000000000000E-002   422.981812166258     
  2.594000000000000E-002   422.971845127353     
  2.596000000000000E-002   422.962679009842     
  2.598000000000000E-002   422.954380772045     
  2.600000000000000E-002   422.946926690002     
  2.602000000000000E-002   422.940341235228     
  2.604000000000000E-002   422.934693214310     
  2.606000000000000E-002   422.930064258701     
  2.608000000000000E-002   422.926507478650     
  2.610000000000000E-002   422.923981237422     
  2.612000000000000E-002   422.922405348053     
  2.614000000000000E-002   422.921716702813     
  2.616000000000000E-002   422.921124564452     
  2.618000000000000E-002   422.919891506690     
  2.620000000000000E-002   422.917475652013     
  2.622000000000000E-002   422.913646335803     
  2.624000000000000E-002   422.908651493083     
  2.626000000000000E-002   422.903336333843     
  2.628000000000000E-002   422.898585316224     
  2.630000000000000E-002   422.894412865213     
  2.632000000000000E-002   422.889614894075     
  2.634000000000000E-002   422.882381078588     
  2.636000000000000E-002   422.870903299101     
  2.638000000000000E-002   422.855280384875     
  2.640000000000000E-002   422.837270130791     
  2.642000000000000E-002   422.813463205010     
  2.644000000000000E-002   422.783640542346     
  2.646000000000000E-002   422.751541357788     
  2.648000000000000E-002   422.716074105987     
  2.650000000000000E-002   422.675303182072     
  2.652000000000000E-002   422.628426035247     
  2.654000000000000E-002   422.574949537084     
  2.656000000000000E-002   422.514268461219     
  2.658000000000000E-002   422.446502431552     
  2.660000000000000E-002   422.383220570014     
  2.662000000000000E-002   422.332949584335     
  2.664000000000000E-002   422.295195260487     
  2.666000000000000E-002   422.268698550398     
  2.668000000000000E-002   422.252216656765     
  2.670000000000000E-002   422.244388430995     
  2.672000000000000E-002   422.241457965514     
  2.674000000000000E-002   422.250075817005     
  2.676000000000000E-002   422.268088862410     
  2.678000000000000E-002   422.293983454683     
  2.680000000000000E-002   422.329275864677     
  2.682000000000000E-002   422.375351938704     
  2.684000000000000E-002   422.432613080918     
  2.686000000000000E-002   422.501026659756     
  2.688000000000000E-002   422.580159414953     
  2.690000000000000E-002   422.666218452742     
  2.692000000000000E-002   422.749138980883     
  2.694000000000000E-002   422.828046958089     
  2.696000000000000E-002   422.902276668196     
  2.698000000000000E-002   422.971043107527     
  2.700000000000000E-002   423.033507595431     
  2.702000000000000E-002   423.085775197794     
  2.704000000000000E-002   423.124282529284     
  2.706000000000000E-002   423.149262241778     
  2.708000000000000E-002   423.165869364078     
  2.710000000000000E-002   423.161453707960     
  2.712000000000000E-002   423.138557587783     
  2.714000000000000E-002   423.092878843959     
  2.716000000000000E-002   423.018806947155     
  2.718000000000000E-002   422.911649963340     
  2.720000000000000E-002   422.765206554251     
  2.722000000000000E-002   422.572488669175     
  2.724000000000000E-002   422.328400360531     
  2.726000000000000E-002   422.027443489404     
  2.728000000000000E-002   421.665782988071     
  2.730000000000000E-002   421.268595064677     
  2.732000000000000E-002   420.934784142393     
  2.734000000000000E-002   420.676645314676     
  2.736000000000000E-002   420.483338043453     
  2.738000000000000E-002   420.341835345827     
  2.740000000000000E-002   420.240710978235     
  2.742000000000000E-002   420.172945613856     
  2.744000000000000E-002   420.124423739067     
  2.746000000000000E-002   420.088485571829     
  2.748000000000000E-002   420.071098281256     
  2.750000000000000E-002   420.056910345268     
  2.752000000000000E-002   420.044610062947     
  2.754000000000000E-002   420.042147278913     
  2.756000000000000E-002   420.052275437657     
  2.758000000000000E-002   420.071963122982     
  2.760000000000000E-002   420.092690730781     
  2.762000000000000E-002   420.116481629400     
  2.764000000000000E-002   420.148346801503     
  2.766000000000000E-002   420.186428683850     
  2.768000000000000E-002   420.230151086411     
  2.770000000000000E-002   420.275255896023     
  2.772000000000000E-002   420.284331899491     
  2.774000000000000E-002   420.248212144117     
  2.776000000000000E-002   420.009589891854     
  2.778000000000000E-002   419.085906535804     
  2.780000000000000E-002   415.676506736471     
  2.782000000000000E-002   403.936397132119     
  2.784000000000000E-002   373.371702686780     
  2.786000000000000E-002   351.311219895308     
  2.788000000000000E-002   347.512437071523     
  2.790000000000000E-002   347.026331075781     
  2.792000000000000E-002   346.964712789582     
  2.794000000000000E-002   346.956930171235     
  2.796000000000000E-002   346.955948436385     
  2.798000000000000E-002   346.955824679190     
  2.800000000000000E-002   346.955809088359     
  2.802000000000000E-002   346.955807125478     
  2.804000000000000E-002   346.955806878507     
  2.806000000000000E-002   346.955806847452     
  2.808000000000000E-002   346.955806843549     
  2.810000000000000E-002   346.955806843059     
  2.812000000000000E-002   346.955806842998     
  2.814000000000000E-002   346.955806842990     
  2.816000000000000E-002   346.955806842989     
  2.818000000000000E-002   346.955806842989     
  2.820000000000000E-002   346.955806842989     
  2.822000000000000E-002   346.955806842989     
  2.824000000000000E-002   346.955806842989     
  2.826000000000000E-002   346.955806842989     
  2.828000000000000E-002   346.955806842989     
  2.830000000000000E-002   346.955806842989     
  2.832000000000000E-002   346.955806842989     
  2.834000000000000E-002   346.955806842989     
  2.836000000000000E-002   346.955806842989     
  2.838000000000000E-002   346.955806842989     
  2.840000000000000E-002   346.955806842989     
  2.842000000000000E-002   346.955806842989     
  2.844000000000000E-002   346.955806842989     
  2.846000000000000E-002   346.955806842989     
  2.848000000000000E-002   346.955806842989     
  2.850000000000000E-002   346.955806842989     
  2.852000000000000E-002   346.955806842989     
  2.854000000000000E-002   346.955806842989     
  2.856000000000000E-002   346.955806842989     
  2.858000000000000E-002   346.955806842989     
  2.860000000000000E-002   346.955806842989     
  2.862000000000000E-002   346.955806842989     
  2.864000000000000E-002   346.955806842989     
  2.866000000000000E-002   346.955806842989     
  2.868000000000000E-002   346.955806842989     
  2.870000000000000E-002   346.955806842989     
  2.872000000000000E-002   346.955806842989     
  2.874000000000000E-002   346.955806842989     
  2.876000000000000E-002   346.955806842989     
  2.878000000000000E-002   346.955806842989     
  2.880000000000000E-002   346.955806842989     
  2.882000000000000E-002   346.955806842989     
  2.884000000000000E-002   346.955806842989     
  2.886000000000000E-002   346.955806842989     
  2.888000000000000E-002   346.955806842989     
  2.890000000000000E-002   346.955806842989     
  2.892000000000000E-002   346.955806842989     
  2.894000000000000E-002   346.955806842989     
  2.896000000000000E-002   346.955806842989     
  2.898000000000000E-002   346.955806842989     
  2.900000000000000E-002   346.955806842989     
  2.902000000000000E-002   346.955806842989     
  2.904000000000000E-002   346.955806842989     
  2.906000000000000E-002   346.955806842989     
  2.908000000000000E-002   346.955806842989     
  2.910000000000000E-002   346.955806842989     
  2.912000000000000E-002   346.955806842989     
  2.914000000000000E-002   346.955806842989     
  2.916000000000000E-002   346.955806842989     
  2.918000000000000E-002   346.955806842989     
  2.920000000000000E-002   346.955806842989     
  2.922000000000000E-002   346.955806842989     
  2.924000000000000E-002   346.955806842989     
  2.926000000000000E-002   346.955806842989     
  2.928000000000000E-002   346.955806842989     
  2.930000000000000E-002   346.955806842989     
  2.932000000000000E-002   346.955806842989     
  2.934000000000000E-002   346.955806842989     
  2.936000000000000E-002   346.955806842989     
  2.938000000000000E-002   346.955806842989     
  2.940000000000000E-002   346.955806842989     
  2.942000000000000E-002   346.955806842989     
  2.944000000000000E-002   346.955806842989     
  2.946000000000000E-002   346.955806842989     
  2.948000000000000E-002   346.955806842989     
  2.950000000000000E-002   346.955806842989     
  2.952000000000000E-002   346.955806842989     
  2.954000000000000E-002   346.955806842989     
  2.956000000000000E-002   346.955806842989     
  2.958000000000000E-002   346.955806842989     
  2.960000000000000E-002   346.955806842989     
  2.962000000000000E-002   346.955806842989     
  2.964000000000000E-002   346.955806842989     
  2.966000000000000E-002   346.955806842989     
  2.968000000000000E-002   346.955806842989     
  2.970000000000000E-002   346.955806842989     
  2.972000000000000E-002   346.955806842989     
  2.974000000000000E-002   346.955806842989     
  2.976000000000000E-002   346.955806842989     
  2.978000000000000E-002   346.955806842989     
  2.980000000000000E-002   346.955806842989     
  2.982000000000000E-002   346.955806842989     
  2.984000000000000E-002   346.955806842989     
  2.986000000000000E-002   346.955806842989     
  2.988000000000000E-002   346.955806842989     
  2.990000000000000E-002   346.955806842989     
  2.992000000000000E-002   346.955806842989     
  2.994000000000000E-002   346.955806842989     
  2.996000000000000E-002   346.955806842989     
  2.998000000000000E-002   346.955806842989     
  3.000000000000000E-002   346.955806842989     
  3.002000000000000E-002   346.955806842989     
  3.004000000000000E-002   346.955806842989     
  3.006000000000000E-002   346.955806842989     
  3.008000000000000E-002   346.955806842989     
  3.010000000000000E-002   346.955806842989     
  3.012000000000000E-002   346.955806842989     
  3.014000000000000E-002   346.955806842989     
  3.016000000000000E-002   346.955806842989     
  3.018000000000000E-002   346.955806842989     
  3.020000000000000E-002   346.955806842989     
  3.022000000000000E-002   346.955806842989     
  3.024000000000000E-002   346.955806842989     
  3.026000000000000E-002   346.955806842989     
  3.028000000000000E-002   346.955806842989     
  3.030000000000000E-002   346.955806842989     
  3.032000000000000E-002   346.955806842989     
  3.034000000000000E-002   346.955806842989     
  3.036000000000000E-002   346.955806842989     
  3.038000000000000E-002   346.955806842989     
  3.040000000000000E-002   346.955806842989     
  3.042000000000000E-002   346.955806842989     
  3.044000000000000E-002   346.955806842989     
  3.046000000000000E-002   346.955806842989     
  3.048000000000000E-002   346.955806842989     
  3.050000000000000E-002   346.955806842989     
  3.052000000000000E-002   346.955806842989     
  3.054000000000000E-002   346.955806842989     
  3.056000000000000E-002   346.955806842989     
  3.058000000000000E-002   346.955806842989     
  3.060000000000000E-002   346.955806842989     
  3.062000000000000E-002   346.955806842989     
  3.064000000000000E-002   346.955806842989     
  3.066000000000000E-002   346.955806842989     
  3.068000000000000E-002   346.955806842989     
  3.070000000000000E-002   346.955806842989     
  3.072000000000000E-002   346.955806842989     
  3.074000000000000E-002   346.955806842989     
  3.076000000000000E-002   346.955806842989     
  3.078000000000000E-002   346.955806842989     
  3.080000000000000E-002   346.955806842989     
  3.082000000000000E-002   346.955806842989     
  3.084000000000000E-002   346.955806842989     
  3.086000000000000E-002   346.955806842989     
  3.088000000000000E-002   346.955806842989     
  3.090000000000000E-002   346.955806842989     
  3.092000000000000E-002   346.955806842989     
  3.094000000000000E-002   346.955806842989     
  3.096000000000000E-002   346.955806842989     
  3.098000000000000E-002   346.955806842989     
  3.100000000000000E-002   346.955806842989     
  3.102000000000000E-002   346.955806842989     
  3.104000000000000E-002   346.955806842989     
  3.106000000000000E-002   346.955806842989     
  3.108000000000000E-002   346.955806842989     
  3.110000000000000E-002   346.955806842989     
  3.112000000000000E-002   346.955806842989     
  3.114000000000000E-002   346.955806842989     
  3.116000000000000E-002   346.955806842989     
  3.118000000000000E-002   346.955806842989     
  3.120000000000000E-002   346.955806842989     
  3.122000000000000E-002   346.955806842989     
  3.124000000000000E-002   346.955806842989     
  3.126000000000000E-002   346.955806842989     
  3.128000000000000E-002   346.955806842989     
  3.130000000000000E-002   346.955806842989     
  3.132000000000000E-002   346.955806842989     
  3.134000000000000E-002   346.955806842989     
  3.136000000000001E-002   346.955806842989     
  3.138000000000001E-002   346.955806842989     
  3.140000000000000E-002   346.955806842989     
  3.142000000000000E-002   346.955806842989     
  3.144000000000000E-002   346.955806842989     
  3.146000000000000E-002   346.955806842989     
  3.148000000000000E-002   346.955806842989     
  3.150000000000000E-002   346.955806842989     
  3.152000000000000E-002   346.955806842989     
  3.154000000000001E-002   346.955806842989     
  3.156000000000000E-002   346.955806842989     
  3.158000000000000E-002   346.955806842989     
  3.160000000000000E-002   346.955806842989     
  3.162000000000000E-002   346.955806842989     
  3.164000000000000E-002   346.955806842989     
  3.166000000000000E-002   346.955806842989     
  3.168000000000000E-002   346.955806842989     
  3.170000000000001E-002   346.955806842989     
  3.172000000000001E-002   346.955806842989     
  3.174000000000000E-002   346.955806842989     
  3.176000000000000E-002   346.955806842989     
  3.178000000000000E-002   346.955806842989     
  3.180000000000000E-002   346.955806842989     
  3.182000000000000E-002   346.955806842989     
  3.184000000000000E-002   346.955806842989     
  3.186000000000000E-002   346.955806842989     
  3.188000000000001E-002   346.955806842989     
  3.190000000000000E-002   346.955806842989     
  3.192000000000000E-002   346.955806842989     
  3.194000000000000E-002   346.955806842989     
  3.196000000000000E-002   346.955806842989     
  3.198000000000000E-002   346.955806842989     
  3.200000000000000E-002   346.955806842989     
  3.202000000000000E-002   346.955806842989     
  3.204000000000001E-002   346.955806842989     
  3.206000000000001E-002   346.955806842989     
  3.208000000000000E-002   346.955806842989     
  3.210000000000000E-002   346.955806842989     
  3.212000000000000E-002   346.955806842989     
  3.214000000000000E-002   346.955806842989     
  3.216000000000000E-002   346.955806842989     
  3.218000000000000E-002   346.955806842989     
  3.220000000000000E-002   346.955806842989     
  3.222000000000001E-002   346.955806842989     
  3.224000000000000E-002   346.955806842989     
  3.226000000000000E-002   346.955806842989     
  3.228000000000000E-002   346.955806842989     
  3.230000000000000E-002   346.955806842989     
  3.232000000000000E-002   346.955806842989     
  3.234000000000000E-002   346.955806842989     
  3.236000000000000E-002   346.955806842989     
  3.238000000000001E-002   346.955806842989     
  3.240000000000001E-002   346.955806842989     
  3.242000000000000E-002   346.955806842989     
  3.244000000000000E-002   346.955806842989     
  3.246000000000000E-002   346.955806842989     
  3.248000000000000E-002   346.955806842989     
  3.250000000000000E-002   346.955806842989     
  3.252000000000000E-002   346.955806842989     
  3.254000000000000E-002   346.955806842989     
  3.256000000000001E-002   346.955806842989     
  3.258000000000000E-002   346.955806842989     
  3.260000000000000E-002   346.955806842989     
  3.262000000000000E-002   346.955806842989     
  3.264000000000000E-002   346.955806842989     
  3.266000000000000E-002   346.955806842989     
  3.268000000000000E-002   346.955806842989     
  3.270000000000000E-002   346.955806842989     
  3.272000000000001E-002   346.955806842989     
  3.274000000000001E-002   346.955806842989     
  3.276000000000000E-002   346.955806842989     
  3.278000000000000E-002   346.955806842989     
  3.280000000000000E-002   346.955806842989     
  3.282000000000000E-002   346.955806842989     
  3.284000000000000E-002   346.955806842989     
  3.286000000000000E-002   346.955806842989     
  3.288000000000000E-002   346.955806842989     
  3.290000000000001E-002   346.955806842989     
  3.292000000000000E-002   346.955806842989     
  3.294000000000000E-002   346.955806842989     
  3.296000000000000E-002   346.955806842989     
  3.298000000000000E-002   346.955806842989     
  3.300000000000000E-002   346.955806842989     
  3.302000000000000E-002   346.955806842989     
  3.304000000000000E-002   346.955806842989     
  3.306000000000001E-002   346.955806842989     
  3.308000000000001E-002   346.955806842989     
  3.310000000000000E-002   346.955806842989     
  3.312000000000000E-002   346.955806842989     
  3.314000000000000E-002   346.955806842989     
  3.316000000000000E-002   346.955806842989     
  3.318000000000000E-002   346.955806842989     
  3.320000000000000E-002   346.955806842989     
  3.322000000000000E-002   346.955806842989     
  3.324000000000001E-002   346.955806842989     
  3.326000000000000E-002   346.955806842989     
  3.328000000000000E-002   346.955806842989     
  3.330000000000000E-002   346.955806842989     
  3.332000000000000E-002   346.955806842989     
  3.334000000000000E-002   346.955806842989     
  3.336000000000000E-002   346.955806842989     
  3.338000000000000E-002   346.955806842989     
  3.340000000000001E-002   346.955806842989     
  3.342000000000001E-002   346.955806842989     
  3.344000000000000E-002   346.955806842989     
  3.346000000000000E-002   346.955806842989     
  3.348000000000000E-002   346.955806842989     
  3.350000000000000E-002   346.955806842989     
  3.352000000000000E-002   346.955806842989     
  3.354000000000000E-002   346.955806842989     
  3.356000000000000E-002   346.955806842989     
  3.358000000000001E-002   346.955806842989     
  3.360000000000000E-002   346.955806842989     
  3.362000000000000E-002   346.955806842989     
  3.364000000000000E-002   346.955806842989     
  3.366000000000000E-002   346.955806842989     
  3.368000000000000E-002   346.955806842989     
  3.370000000000000E-002   346.955806842989     
  3.372000000000000E-002   346.955806842989     
  3.374000000000001E-002   346.955806842989     
  3.376000000000001E-002   346.955806842989     
  3.378000000000000E-002   346.955806842989     
  3.380000000000000E-002   346.955806842989     
  3.382000000000000E-002   346.955806842989     
  3.384000000000000E-002   346.955806842989     
  3.386000000000000E-002   346.955806842989     
  3.388000000000000E-002   346.955806842989     
  3.390000000000000E-002   346.955806842989     
  3.392000000000001E-002   346.955806842989     
  3.394000000000000E-002   346.955806842989     
  3.396000000000000E-002   346.955806842989     
  3.398000000000000E-002   346.955806842989     
  3.400000000000000E-002   346.955806842989     
  3.402000000000000E-002   346.955806842989     
  3.404000000000000E-002   346.955806842989     
  3.406000000000000E-002   346.955806842989     
  3.408000000000001E-002   346.955806842989     
  3.410000000000001E-002   346.955806842989     
  3.412000000000000E-002   346.955806842989     
  3.414000000000000E-002   346.955806842989     
  3.416000000000000E-002   346.955806842989     
  3.418000000000000E-002   346.955806842989     
  3.420000000000000E-002   346.955806842989     
  3.422000000000000E-002   346.955806842989     
  3.424000000000000E-002   346.955806842989     
  3.426000000000001E-002   346.955806842989     
  3.428000000000000E-002   346.955806842989     
  3.430000000000000E-002   346.955806842989     
  3.432000000000000E-002   346.955806842989     
  3.434000000000000E-002   346.955806842989     
  3.436000000000000E-002   346.955806842989     
  3.438000000000000E-002   346.955806842989     
  3.440000000000000E-002   346.955806842989     
  3.442000000000001E-002   346.955806842989     
  3.444000000000001E-002   346.955806842989     
  3.446000000000000E-002   346.955806842989     
  3.448000000000000E-002   346.955806842989     
  3.450000000000000E-002   346.955806842989     
  3.452000000000000E-002   346.955806842989     
  3.454000000000000E-002   346.955806842989     
  3.456000000000000E-002   346.955806842989     
  3.458000000000000E-002   346.955806842989     
  3.460000000000001E-002   346.955806842989     
  3.462000000000000E-002   346.955806842989     
  3.464000000000000E-002   346.955806842989     
  3.466000000000000E-002   346.955806842989     
  3.468000000000000E-002   346.955806842989     
  3.470000000000000E-002   346.955806842989     
  3.472000000000000E-002   346.955806842989     
  3.474000000000000E-002   346.955806842989     
  3.476000000000001E-002   346.955806842989     
  3.478000000000001E-002   346.955806842989     
  3.480000000000000E-002   346.955806842989     
  3.482000000000000E-002   346.955806842989     
  3.484000000000000E-002   346.955806842989     
  3.486000000000000E-002   346.955806842989     
  3.488000000000000E-002   346.955806842989     
  3.490000000000000E-002   346.955806842989     
  3.492000000000000E-002   346.955806842989     
  3.494000000000001E-002   346.955806842989     
  3.496000000000000E-002   346.955806842989     
  3.498000000000000E-002   346.955806842989     
  3.500000000000000E-002   346.955806842989     
  3.502000000000000E-002   346.955806842989     
  3.504000000000000E-002   346.955806842989     
  3.506000000000000E-002   346.955806842989     
  3.508000000000000E-002   346.955806842989     
  3.510000000000001E-002   346.955806842989     
  3.512000000000001E-002   346.955806842989     
  3.514000000000000E-002   346.955806842989     
  3.516000000000000E-002   346.955806842989     
  3.518000000000000E-002   346.955806842989     
  3.520000000000000E-002   346.955806842989     
  3.522000000000000E-002   346.955806842989     
  3.524000000000000E-002   346.955806842989     
  3.526000000000000E-002   346.955806842989     
  3.528000000000001E-002   346.955806842989     
  3.530000000000000E-002   346.955806842989     
  3.532000000000000E-002   346.955806842989     
  3.534000000000000E-002   346.955806842989     
  3.536000000000000E-002   346.955806842989     
  3.538000000000000E-002   346.955806842989     
  3.540000000000000E-002   346.955806842989     
  3.542000000000000E-002   346.955806842989     
  3.544000000000001E-002   346.955806842989     
  3.546000000000001E-002   346.955806842989     
  3.548000000000000E-002   346.955806842989     
  3.550000000000000E-002   346.955806842989     
  3.552000000000000E-002   346.955806842989     
  3.554000000000000E-002   346.955806842989     
  3.556000000000000E-002   346.955806842989     
  3.558000000000000E-002   346.955806842989     
  3.560000000000000E-002   346.955806842989     
  3.562000000000001E-002   346.955806842989     
  3.564000000000001E-002   346.955806842989     
  3.566000000000000E-002   346.955806842989     
  3.568000000000000E-002   346.955806842989     
  3.570000000000000E-002   346.955806842989     
  3.572000000000000E-002   346.955806842989     
  3.574000000000000E-002   346.955806842989     
  3.576000000000000E-002   346.955806842989     
  3.578000000000001E-002   346.955806842989     
  3.580000000000001E-002   346.955806842989     
  3.582000000000000E-002   346.955806842989     
  3.584000000000000E-002   346.955806842989     
  3.586000000000000E-002   346.955806842989     
  3.588000000000000E-002   346.955806842989     
  3.590000000000000E-002   346.955806842989     
  3.592000000000000E-002   346.955806842989     
  3.594000000000000E-002   346.955806842989     
  3.596000000000001E-002   346.955806842989     
  3.598000000000001E-002   346.955806842989     
  3.600000000000000E-002   346.955806842989     
  3.602000000000000E-002   346.955806842989     
  3.604000000000000E-002   346.955806842989     
  3.606000000000000E-002   346.955806842989     
  3.608000000000000E-002   346.955806842989     
  3.610000000000000E-002   346.955806842989     
  3.612000000000001E-002   346.955806842989     
  3.614000000000001E-002   346.955806842989     
  3.616000000000000E-002   346.955806842989     
  3.618000000000000E-002   346.955806842989     
  3.620000000000000E-002   346.955806842989     
  3.622000000000000E-002   346.955806842989     
  3.624000000000000E-002   346.955806842989     
  3.626000000000000E-002   346.955806842989     
  3.628000000000000E-002   346.955806842989     
  3.630000000000001E-002   346.955806842989     
  3.632000000000001E-002   346.955806842989     
  3.634000000000000E-002   346.955806842989     
  3.636000000000000E-002   346.955806842989     
  3.638000000000000E-002   346.955806842989     
  3.640000000000000E-002   346.955806842989     
  3.642000000000000E-002   346.955806842989     
  3.644000000000000E-002   346.955806842989     
  3.646000000000001E-002   346.955806842989     
  3.648000000000001E-002   346.955806842989     
  3.650000000000000E-002   346.955806842989     
  3.652000000000000E-002   346.955806842989     
  3.654000000000000E-002   346.955806842989     
  3.656000000000000E-002   346.955806842989     
  3.658000000000000E-002   346.955806842989     
  3.660000000000000E-002   346.955806842989     
  3.662000000000000E-002   346.955806842989     
  3.664000000000001E-002   346.955806842989     
  3.666000000000001E-002   346.955806842989     
  3.668000000000000E-002   346.955806842989     
  3.670000000000000E-002   346.955806842989     
  3.672000000000000E-002   346.955806842989     
  3.674000000000000E-002   346.955806842989     
  3.676000000000000E-002   346.955806842989     
  3.678000000000000E-002   346.955806842989     
  3.680000000000001E-002   346.955806842989     
  3.682000000000001E-002   346.955806842989     
  3.684000000000000E-002   346.955806842989     
  3.686000000000000E-002   346.955806842989     
  3.688000000000000E-002   346.955806842989     
  3.690000000000000E-002   346.955806842989     
  3.692000000000000E-002   346.955806842989     
  3.694000000000000E-002   346.955806842989     
  3.696000000000000E-002   346.955806842989     
  3.698000000000001E-002   346.955806842989     
  3.700000000000001E-002   346.955806842989     
  3.702000000000000E-002   346.955806842989     
  3.704000000000000E-002   346.955806842989     
  3.706000000000000E-002   346.955806842989     
  3.708000000000000E-002   346.955806842989     
  3.710000000000000E-002   346.955806842989     
  3.712000000000000E-002   346.955806842989     
  3.714000000000001E-002   346.955806842989     
  3.716000000000001E-002   346.955806842989     
  3.718000000000000E-002   346.955806842989     
  3.720000000000000E-002   346.955806842989     
  3.722000000000000E-002   346.955806842989     
  3.724000000000000E-002   346.955806842989     
  3.726000000000000E-002   346.955806842989     
  3.728000000000000E-002   346.955806842989     
  3.730000000000000E-002   346.955806842989     
  3.732000000000001E-002   346.955806842989     
  3.734000000000001E-002   346.955806842989     
  3.736000000000000E-002   346.955806842989     
  3.738000000000000E-002   346.955806842989     
  3.740000000000000E-002   346.955806842989     
  3.742000000000000E-002   346.955806842989     
  3.744000000000000E-002   346.955806842989     
  3.746000000000000E-002   346.955806842989     
  3.748000000000001E-002   346.955806842989     
  3.750000000000001E-002   346.955806842989     
  3.752000000000000E-002   346.955806842989     
  3.754000000000000E-002   346.955806842989     
  3.756000000000000E-002   346.955806842989     
  3.758000000000000E-002   346.955806842989     
  3.760000000000000E-002   346.955806842989     
  3.762000000000000E-002   346.955806842989     
  3.764000000000000E-002   346.955806842989     
  3.766000000000001E-002   346.955806842989     
  3.768000000000001E-002   346.955806842989     
  3.770000000000000E-002   346.955806842989     
  3.772000000000000E-002   346.955806842989     
  3.774000000000000E-002   346.955806842989     
  3.776000000000000E-002   346.955806842989     
  3.778000000000000E-002   346.955806842989     
  3.780000000000000E-002   346.955806842989     
  3.782000000000001E-002   346.955806842989     
  3.784000000000001E-002   346.955806842989     
  3.786000000000000E-002   346.955806842989     
  3.788000000000000E-002   346.955806842989     
  3.790000000000000E-002   346.955806842989     
  3.792000000000000E-002   346.955806842989     
  3.794000000000000E-002   346.955806842989     
  3.796000000000000E-002   346.955806842989     
  3.798000000000000E-002   346.955806842989     
  3.800000000000001E-002   346.955806842989     
  3.802000000000001E-002   346.955806842989     
  3.804000000000000E-002   346.955806842989     
  3.806000000000000E-002   346.955806842989     
  3.808000000000000E-002   346.955806842989     
  3.810000000000000E-002   346.955806842989     
  3.812000000000000E-002   346.955806842989     
  3.814000000000000E-002   346.955806842989     
  3.816000000000001E-002   346.955806842989     
  3.818000000000001E-002   346.955806842989     
  3.820000000000000E-002   346.955806842989     
  3.822000000000000E-002   346.955806842989     
  3.824000000000000E-002   346.955806842989     
  3.826000000000000E-002   346.955806842989     
  3.828000000000000E-002   346.955806842989     
  3.830000000000000E-002   346.955806842989     
  3.832000000000000E-002   346.955806842989     
  3.834000000000001E-002   346.955806842989     
  3.836000000000001E-002   346.955806842989     
  3.838000000000000E-002   346.955806842989     
  3.840000000000000E-002   346.955806842989     
  3.842000000000000E-002   346.955806842989     
  3.844000000000000E-002   346.955806842989     
  3.846000000000000E-002   346.955806842989     
  3.848000000000000E-002   346.955806842989     
  3.850000000000001E-002   346.955806842989     
  3.852000000000001E-002   346.955806842989     
  3.854000000000000E-002   346.955806842989     
  3.856000000000000E-002   346.955806842989     
  3.858000000000000E-002   346.955806842989     
  3.860000000000000E-002   346.955806842989     
  3.862000000000000E-002   346.955806842989     
  3.864000000000000E-002   346.955806842989     
  3.866000000000000E-002   346.955806842989     
  3.868000000000001E-002   346.955806842989     
  3.870000000000001E-002   346.955806842989     
  3.872000000000000E-002   346.955806842989     
  3.874000000000000E-002   346.955806842989     
  3.876000000000000E-002   346.955806842989     
  3.878000000000000E-002   346.955806842989     
  3.880000000000000E-002   346.955806842989     
  3.882000000000000E-002   346.955806842989     
  3.884000000000001E-002   346.955806842989     
  3.886000000000001E-002   346.955806842989     
  3.888000000000000E-002   346.955806842989     
  3.890000000000000E-002   346.955806842989     
  3.892000000000000E-002   346.955806842989     
  3.894000000000000E-002   346.955806842989     
  3.896000000000000E-002   346.955806842989     
  3.898000000000000E-002   346.955806842989     
  3.900000000000000E-002   346.955806842989     
  3.902000000000001E-002   346.955806842989     
  3.904000000000001E-002   346.955806842989     
  3.906000000000000E-002   346.955806842989     
  3.908000000000000E-002   346.955806842989     
  3.910000000000000E-002   346.955806842989     
  3.912000000000000E-002   346.955806842989     
  3.914000000000000E-002   346.955806842989     
  3.916000000000000E-002   346.955806842989     
  3.918000000000001E-002   346.955806842989     
  3.920000000000001E-002   346.955806842989     
  3.922000000000000E-002   346.955806842989     
  3.924000000000000E-002   346.955806842989     
  3.926000000000000E-002   346.955806842989     
  3.928000000000000E-002   346.955806842989     
  3.930000000000000E-002   346.955806842989     
  3.932000000000000E-002   346.955806842989     
  3.934000000000000E-002   346.955806842989     
  3.936000000000001E-002   346.955806842989     
  3.938000000000001E-002   346.955806842989     
  3.940000000000000E-002   346.955806842989     
  3.942000000000000E-002   346.955806842989     
  3.944000000000000E-002   346.955806842989     
  3.946000000000000E-002   346.955806842989     
  3.948000000000000E-002   346.955806842989     
  3.950000000000000E-002   346.955806842989     
  3.952000000000001E-002   346.955806842989     
  3.954000000000001E-002   346.955806842989     
  3.956000000000000E-002   346.955806842989     
  3.958000000000000E-002   346.955806842989     
  3.960000000000000E-002   346.955806842989     
  3.962000000000000E-002   346.955806842989     
  3.964000000000000E-002   346.955806842989     
  3.966000000000000E-002   346.955806842989     
  3.968000000000000E-002   346.955806842989     
  3.970000000000001E-002   346.955806842989     
  3.972000000000001E-002   346.955806842989     
  3.974000000000000E-002   346.955806842989     
  3.976000000000000E-002   346.955806842989     
  3.978000000000000E-002   346.955806842989     
  3.980000000000000E-002   346.955806842989     
  3.982000000000000E-002   346.955806842989     
  3.984000000000000E-002   346.955806842989     
  3.986000000000001E-002   346.955806842989     
  3.988000000000001E-002   346.955806842989     
  3.990000000000000E-002   346.955806842989     
  3.992000000000000E-002   346.955806842989     
  3.994000000000000E-002   346.955806842989     
  3.996000000000000E-002   346.955806842989     
  3.998000000000000E-002   346.955806842989     
  4.000000000000000E-002   346.955806842989     
