  0.000000000000000E+000   3.32999991581340     
  2.000000000000000E-005   3.30369139852807     
  4.000000000000000E-005   3.30019305485999     
  6.000000000000001E-005   3.29794894197943     
  8.000000000000001E-005   3.29566258326364     
  1.000000000000000E-004   3.29338403254102     
  1.200000000000000E-004   3.29108078507308     
  1.400000000000000E-004   3.28878307195066     
  1.600000000000000E-004   3.28647194589449     
  1.800000000000000E-004   3.28416569570207     
  2.000000000000000E-004   3.28185647789117     
  2.200000000000000E-004   3.27955166213943     
  2.400000000000000E-004   3.27724736502536     
  2.600000000000000E-004   3.27494394361273     
  2.800000000000000E-004   3.27263945294131     
  3.000000000000000E-004   3.27033409554922     
  3.200000000000000E-004   3.26802519590225     
  3.400000000000000E-004   3.26571281267116     
  3.600000000000000E-004   3.26339300208291     
  3.800000000000000E-004   3.26106499129791     
  4.000000000000000E-004   3.25872248227824     
  4.200000000000000E-004   3.25636246516312     
  4.400000000000000E-004   3.25397835130611     
  4.600000000000000E-004   3.25156725361525     
  4.800000000000001E-004   3.24912328172403     
  5.000000000000000E-004   3.24664288296965     
  5.200000000000001E-004   3.24412038889550     
  5.400000000000000E-004   3.24155200815847     
  5.600000000000001E-004   3.23893229114944     
  5.800000000000000E-004   3.23625950683183     
  6.000000000000001E-004   3.23352669268374     
  6.200000000000000E-004   3.23073437741965     
  6.400000000000001E-004   3.22788437551713     
  6.600000000000001E-004   3.22497812715538     
  6.800000000000000E-004   3.22203395371894     
  7.000000000000001E-004   3.21905226969646     
  7.200000000000000E-004   3.21603225401842     
  7.400000000000001E-004   3.21297711955310     
  7.600000000000000E-004   3.20989296358642     
  7.800000000000001E-004   3.20678600706940     
  8.000000000000000E-004   3.20366108412651     
  8.200000000000001E-004   3.20052223161435     
  8.400000000000000E-004   3.19737284897432     
  8.600000000000001E-004   3.19421571091410     
  8.800000000000000E-004   3.19105809529167     
  9.000000000000001E-004   3.18790781590556     
  9.200000000000000E-004   3.18476672940622     
  9.400000000000001E-004   3.18163572291082     
  9.600000000000001E-004   3.17851522889986     
  9.800000000000002E-004   3.17540568084271     
  1.000000000000000E-003   3.17230773141151     
  1.020000000000000E-003   3.16922229518849     
  1.040000000000000E-003   3.16615050519999     
  1.060000000000000E-003   3.16309364202701     
  1.080000000000000E-003   3.16005306084524     
  1.100000000000000E-003   3.15702998924754     
  1.120000000000000E-003   3.15402531411372     
  1.140000000000000E-003   3.15103935310088     
  1.160000000000000E-003   3.14807202907393     
  1.180000000000000E-003   3.14512295869403     
  1.200000000000000E-003   3.14219166069229     
  1.220000000000000E-003   3.13927755012499     
  1.240000000000000E-003   3.13637983222966     
  1.260000000000000E-003   3.13349748284031     
  1.280000000000000E-003   3.13062941117232     
  1.300000000000000E-003   3.12777460636122     
  1.320000000000000E-003   3.12493215419182     
  1.340000000000000E-003   3.12210127846790     
  1.360000000000000E-003   3.11928137226304     
  1.380000000000000E-003   3.11647193122478     
  1.400000000000000E-003   3.11367241355953     
  1.420000000000000E-003   3.11088209118213     
  1.440000000000000E-003   3.10810002837784     
  1.460000000000000E-003   3.10532536676315     
  1.480000000000000E-003   3.10255667636457     
  1.500000000000000E-003   3.09979300669933     
  1.520000000000000E-003   3.09703205440547     
  1.540000000000000E-003   3.09427178989350     
  1.560000000000000E-003   3.09151079034852     
  1.580000000000000E-003   3.08874665188268     
  1.600000000000000E-003   3.08597653715832     
  1.620000000000000E-003   3.08319872719918     
  1.640000000000000E-003   3.08042030115541     
  1.660000000000000E-003   3.07764957579966     
  1.680000000000000E-003   3.07488607264881     
  1.700000000000000E-003   3.07213001092026     
  1.720000000000000E-003   3.06938129150607     
  1.740000000000000E-003   3.06663960013431     
  1.760000000000000E-003   3.06390453588386     
  1.780000000000000E-003   3.06117568356864     
  1.800000000000000E-003   3.05845258422765     
  1.820000000000000E-003   3.05573472375377     
  1.840000000000000E-003   3.05302139021826     
  1.860000000000000E-003   3.05031185580006     
  1.880000000000000E-003   3.04760490596040     
  1.900000000000000E-003   3.04489926065481     
  1.920000000000000E-003   3.04219373579267     
  1.940000000000000E-003   3.03948628284583     
  1.960000000000000E-003   3.03677693049813     
  1.980000000000000E-003   3.03407471741602     
  2.000000000000000E-003   3.03138385347591     
  2.020000000000000E-003   3.02870809758874     
  2.040000000000000E-003   3.02605013711200     
  2.060000000000000E-003   3.02341154880167     
  2.080000000000000E-003   3.02079293092098     
  2.100000000000000E-003   3.01819414435886     
  2.120000000000000E-003   3.01561455916326     
  2.140000000000000E-003   3.01305324517532     
  2.160000000000000E-003   3.01050909393380     
  2.180000000000000E-003   3.00798088849778     
  2.200000000000000E-003   3.00546735432769     
  2.220000000000000E-003   3.00296719472740     
  2.240000000000000E-003   3.00047912386991     
  2.260000000000000E-003   2.99800175117242     
  2.280000000000000E-003   2.99553346269819     
  2.300000000000000E-003   2.99307205014326     
  2.320000000000000E-003   2.99061565348438     
  2.340000000000000E-003   2.98816299055378     
  2.360000000000000E-003   2.98571315087182     
  2.380000000000000E-003   2.98326512539662     
  2.400000000000000E-003   2.98081673004387     
  2.420000000000000E-003   2.97836400284080     
  2.440000000000000E-003   2.97590333673991     
  2.460000000000000E-003   2.97343221941417     
  2.480000000000000E-003   2.97094777043499     
  2.500000000000000E-003   2.96844633686164     
  2.520000000000000E-003   2.96592400175909     
  2.540000000000000E-003   2.96337790743055     
  2.560000000000000E-003   2.96080753395159     
  2.580000000000000E-003   2.95821539436895     
  2.600000000000000E-003   2.95560736572373     
  2.620000000000000E-003   2.95299122259432     
  2.640000000000000E-003   2.95037167897338     
  2.660000000000000E-003   2.94774776823519     
  2.680000000000000E-003   2.94511684732310     
  2.700000000000000E-003   2.94247796054794     
  2.720000000000000E-003   2.93983030281563     
  2.740000000000000E-003   2.93717190623569     
  2.760000000000000E-003   2.93450075760275     
  2.780000000000000E-003   2.93181685812536     
  2.800000000000000E-003   2.92912300979673     
  2.820000000000000E-003   2.92642068566127     
  2.840000000000000E-003   2.92370600424655     
  2.860000000000000E-003   2.92096093520754     
  2.880000000000000E-003   2.91819399953095     
  2.900000000000000E-003   2.91542196200628     
  2.920000000000000E-003   2.91264040788235     
  2.940000000000000E-003   2.90984670381413     
  2.960000000000000E-003   2.90703929243427     
  2.980000000000000E-003   2.90422674185961     
  3.000000000000000E-003   2.90141537760758     
  3.020000000000000E-003   2.89860982738800     
  3.040000000000000E-003   2.89581458910859     
  3.060000000000000E-003   2.89303357113201     
  3.080000000000000E-003   2.89027032551744     
  3.100000000000000E-003   2.88752917621953     
  3.120000000000000E-003   2.88481601853887     
  3.140000000000000E-003   2.88213374813001     
  3.160000000000000E-003   2.87948475133312     
  3.180000000000000E-003   2.87687117222663     
  3.200000000000000E-003   2.87429473892872     
  3.220000000000000E-003   2.87175721220197     
  3.240000000000000E-003   2.86925754555946     
  3.260000000000000E-003   2.86679994622877     
  3.280000000000000E-003   2.86438372931435     
  3.300000000000000E-003   2.86200895187739     
  3.320000000000000E-003   2.85967547748313     
  3.340000000000000E-003   2.85738269952518     
  3.360000000000000E-003   2.85512865019606     
  3.380000000000000E-003   2.85290821395322     
  3.400000000000000E-003   2.85071125949966     
  3.420000000000000E-003   2.84852941068992     
  3.440000000000000E-003   2.84635175161530     
  3.460000000000000E-003   2.84417555094666     
  3.480000000000000E-003   2.84200091112674     
  3.500000000000000E-003   2.83982457622075     
  3.520000000000000E-003   2.83764313146567     
  3.540000000000000E-003   2.83545310228099     
  3.560000000000000E-003   2.83325080754485     
  3.580000000000000E-003   2.83103322402749     
  3.600000000000000E-003   2.82881828675373     
  3.620000000000000E-003   2.82662523210683     
  3.640000000000000E-003   2.82447306091812     
  3.660000000000000E-003   2.82237823709803     
  3.680000000000000E-003   2.82034151187607     
  3.700000000000000E-003   2.81834381875975     
  3.720000000000000E-003   2.81635165438227     
  3.740000000000000E-003   2.81427550937758     
  3.760000000000000E-003   2.81205480501201     
  3.780000000000000E-003   2.81018132845285     
  3.800000000000000E-003   2.80918014513183     
  3.820000000000000E-003   2.80907288536961     
  3.840000000000001E-003   2.81165228049449     
  3.860000000000000E-003   2.82464916040307     
  3.880000000000000E-003   2.86706555766982     
  3.900000000000000E-003   2.92238957303015     
  3.920000000000001E-003   2.95025526797913     
  3.940000000000000E-003   2.96081210445058     
  3.960000000000000E-003   2.96813920660874     
  3.980000000000000E-003   2.98024261066639     
  4.000000000000000E-003   3.01798577760605     
  4.020000000000000E-003   3.12054254221106     
  4.040000000000000E-003   3.23334310559918     
  4.060000000000000E-003   3.29162422452800     
  4.080000000000000E-003   3.31859964928454     
  4.100000000000000E-003   3.33273002523581     
  4.120000000000000E-003   3.34151501203011     
  4.140000000000000E-003   3.34764387979564     
  4.160000000000001E-003   3.35216861201576     
  4.180000000000001E-003   3.35557439945429     
  4.200000000000001E-003   3.35813769793736     
  4.220000000000001E-003   3.36001815600513     
  4.240000000000001E-003   3.36132608541519     
  4.260000000000001E-003   3.36216306351335     
  4.280000000000000E-003   3.36265193662155     
  4.300000000000000E-003   3.36287054100045     
  4.320000000000000E-003   3.36280202531006     
  4.340000000000000E-003   3.36235861442272     
  4.360000000000000E-003   3.36163728675118     
  4.380000000000000E-003   3.36067338691621     
  4.400000000000000E-003   3.35948453434959     
  4.420000000000000E-003   3.35809733101639     
  4.440000000000000E-003   3.35652043741072     
  4.460000000000000E-003   3.35476444530287     
  4.480000000000000E-003   3.35285167801621     
  4.500000000000001E-003   3.35079880879609     
  4.520000000000001E-003   3.34861021383808     
  4.540000000000001E-003   3.34629200179405     
  4.560000000000001E-003   3.34385786308913     
  4.580000000000001E-003   3.34131787151074     
  4.600000000000001E-003   3.33866364605002     
  4.620000000000000E-003   3.33587543596725     
  4.640000000000000E-003   3.33316460517229     
  4.660000000000000E-003   3.33067229670057     
  4.680000000000000E-003   3.32845109108796     
  4.700000000000000E-003   3.32659562900241     
  4.720000000000000E-003   3.32510468155962     
  4.740000000000000E-003   3.32407567252294     
  4.760000000000000E-003   3.32335412993938     
  4.780000000000000E-003   3.32305194393510     
  4.800000000000000E-003   3.32311645883591     
  4.820000000000000E-003   3.32379422718367     
  4.840000000000001E-003   3.32505346221599     
  4.860000000000001E-003   3.32596038069068     
  4.880000000000001E-003   3.32647609854066     
  4.900000000000001E-003   3.32677204876092     
  4.920000000000001E-003   3.32695985443465     
  4.940000000000001E-003   3.32713927634873     
  4.960000000000000E-003   3.32747823948239     
  4.980000000000000E-003   3.32832777413205     
  5.000000000000000E-003   3.33036266105225     
  5.020000000000000E-003   3.33471029946498     
  5.040000000000000E-003   3.34278529887427     
  5.060000000000000E-003   3.35590779978732     
  5.080000000000000E-003   3.37009934055915     
  5.100000000000000E-003   3.38036101926631     
  5.120000000000000E-003   3.38690540077988     
  5.140000000000000E-003   3.39072375660491     
  5.160000000000001E-003   3.39265410365830     
  5.180000000000001E-003   3.39345287126001     
  5.200000000000001E-003   3.39358728960735     
  5.220000000000001E-003   3.39331748421893     
  5.240000000000001E-003   3.39179838428636     
  5.260000000000001E-003   3.38908327971236     
  5.280000000000001E-003   3.38619347380920     
  5.300000000000000E-003   3.38345259982178     
  5.320000000000000E-003   3.38083527047111     
  5.340000000000000E-003   3.37829225121385     
  5.360000000000000E-003   3.37579900921245     
  5.380000000000000E-003   3.37334895638908     
  5.400000000000000E-003   3.37094421009880     
  5.420000000000000E-003   3.36859017678147     
  5.440000000000000E-003   3.36629354711430     
  5.460000000000000E-003   3.36406207654631     
  5.480000000000000E-003   3.36190484384459     
  5.500000000000001E-003   3.35983232486136     
  5.520000000000001E-003   3.35785569055580     
  5.540000000000001E-003   3.35598570597130     
  5.560000000000001E-003   3.35423094772517     
  5.580000000000001E-003   3.35259636116034     
  5.600000000000001E-003   3.35108180750514     
  5.620000000000001E-003   3.34968116872677     
  5.640000000000000E-003   3.34838020003268     
  5.660000000000000E-003   3.34715670920097     
  5.680000000000000E-003   3.34598233985986     
  5.700000000000000E-003   3.34483303937903     
  5.720000000000000E-003   3.34368971637839     
  5.740000000000000E-003   3.34251690472379     
  5.760000000000000E-003   3.34121862451979     
  5.780000000000000E-003   3.33971182548042     
  5.800000000000000E-003   3.33800095106113     
  5.820000000000001E-003   3.33617620336887     
  5.840000000000001E-003   3.33433507400125     
  5.860000000000001E-003   3.33261792663806     
  5.880000000000001E-003   3.33118344178850     
  5.900000000000001E-003   3.33015132865838     
  5.920000000000001E-003   3.32964043438605     
  5.940000000000001E-003   3.32984107873238     
  5.960000000000001E-003   3.33107924421919     
  5.980000000000000E-003   3.33412113811539     
  6.000000000000000E-003   3.33998842720381     
  6.020000000000000E-003   3.34994372433520     
  6.040000000000000E-003   3.36534150567967     
  6.060000000000000E-003   3.38535952695088     
  6.080000000000000E-003   3.40242833315600     
  6.100000000000000E-003   3.41413229047133     
  6.120000000000000E-003   3.42142673144073     
  6.140000000000000E-003   3.42548094458080     
  6.160000000000001E-003   3.42719584015174     
  6.180000000000001E-003   3.42705031937979     
  6.200000000000001E-003   3.42556161644822     
  6.220000000000001E-003   3.42298695782857     
  6.240000000000001E-003   3.41961363471665     
  6.260000000000001E-003   3.41589518065179     
  6.280000000000001E-003   3.41217803469827     
  6.300000000000001E-003   3.40855199581395     
  6.320000000000000E-003   3.40501661539674     
  6.340000000000000E-003   3.40158671399739     
  6.360000000000000E-003   3.39828143302563     
  6.380000000000000E-003   3.39511925785004     
  6.400000000000000E-003   3.39211501808541     
  6.420000000000000E-003   3.38927990111790     
  6.440000000000000E-003   3.38660142769904     
  6.460000000000000E-003   3.38406580244383     
  6.480000000000001E-003   3.38167224276494     
  6.500000000000001E-003   3.37941529186925     
  6.520000000000001E-003   3.37728028958167     
  6.540000000000001E-003   3.37524680329510     
  6.560000000000001E-003   3.37329015062430     
  6.580000000000001E-003   3.37138840505914     
  6.600000000000001E-003   3.36952338507140     
  6.620000000000001E-003   3.36768237340155     
  6.640000000000001E-003   3.36585685776054     
  6.660000000000000E-003   3.36404419849217     
  6.680000000000000E-003   3.36223061640693     
  6.700000000000000E-003   3.36040317468387     
  6.720000000000000E-003   3.35856735159851     
  6.740000000000000E-003   3.35674354500094     
  6.760000000000000E-003   3.35497348162652     
  6.780000000000000E-003   3.35330866531589     
  6.800000000000000E-003   3.35180222946446     
  6.820000000000001E-003   3.35048896957554     
  6.840000000000001E-003   3.34935708650045     
  6.860000000000001E-003   3.34837156800815     
  6.880000000000001E-003   3.34763394057010     
  6.900000000000001E-003   3.34721140676217     
  6.920000000000001E-003   3.34715059723094     
  6.940000000000001E-003   3.34741798585855     
  6.960000000000001E-003   3.34805252269520     
  6.980000000000001E-003   3.34914912751523     
  7.000000000000000E-003   3.35076902766518     
  7.020000000000000E-003   3.35296205244866     
  7.040000000000000E-003   3.35557106565846     
  7.060000000000000E-003   3.35813593305556     
  7.080000000000000E-003   3.36054594382796     
  7.100000000000000E-003   3.36284740364578     
  7.120000000000000E-003   3.36511557004361     
  7.140000000000001E-003   3.36738879366186     
  7.160000000000001E-003   3.36968603855177     
  7.180000000000001E-003   3.37203027422692     
  7.200000000000001E-003   3.37447157813418     
  7.220000000000001E-003   3.37704022085221     
  7.240000000000001E-003   3.37984624783862     
  7.260000000000001E-003   3.38312120309864     
  7.280000000000001E-003   3.38708957957439     
  7.300000000000001E-003   3.39202857798897     
  7.320000000000001E-003   3.39820812087482     
  7.340000000000000E-003   3.40596469229148     
  7.360000000000000E-003   3.41530014697922     
  7.380000000000000E-003   3.42411586800810     
  7.400000000000000E-003   3.43124559589523     
  7.420000000000000E-003   3.43681271647767     
  7.440000000000000E-003   3.44104164203964     
  7.460000000000000E-003   3.44411815804707     
  7.480000000000001E-003   3.44619421781089     
  7.500000000000001E-003   3.44731255340544     
  7.520000000000001E-003   3.44753624529380     
  7.540000000000001E-003   3.44735772039579     
  7.560000000000001E-003   3.44664838187008     
  7.580000000000001E-003   3.44541759649068     
  7.600000000000001E-003   3.44374118875226     
  7.620000000000001E-003   3.44167491017841     
  7.640000000000001E-003   3.43926332751220     
  7.660000000000001E-003   3.43654605702965     
  7.680000000000001E-003   3.43356136049269     
  7.700000000000000E-003   3.43034005228931     
  7.720000000000000E-003   3.42690449496130     
  7.740000000000000E-003   3.42327612294001     
  7.760000000000000E-003   3.41947187148726     
  7.780000000000000E-003   3.41551148851972     
  7.800000000000001E-003   3.41141859996879     
  7.820000000000001E-003   3.40722101980453     
  7.840000000000001E-003   3.40294428728236     
  7.860000000000001E-003   3.39864414423334     
  7.880000000000000E-003   3.39437841198651     
  7.900000000000001E-003   3.39016329515628     
  7.920000000000000E-003   3.38601073156903     
  7.940000000000001E-003   3.38193140549334     
  7.960000000000000E-003   3.37793499170234     
  7.980000000000001E-003   3.37402811927113     
  8.000000000000000E-003   3.37021452661989     
  8.020000000000001E-003   3.36649556974890     
  8.040000000000000E-003   3.36287150398491     
  8.060000000000001E-003   3.35934248639950     
  8.080000000000000E-003   3.35590906998913     
  8.100000000000001E-003   3.35257279846327     
  8.120000000000000E-003   3.34933586539369     
  8.140000000000001E-003   3.34619989203042     
  8.160000000000001E-003   3.34316586660184     
  8.180000000000002E-003   3.34023120079556     
  8.200000000000001E-003   3.33739242930151     
  8.220000000000000E-003   3.33464743122225     
  8.240000000000001E-003   3.33199508669372     
  8.260000000000000E-003   3.32943460007353     
  8.280000000000001E-003   3.32696546181211     
  8.300000000000000E-003   3.32458634700960     
  8.320000000000001E-003   3.32229411864003     
  8.340000000000000E-003   3.32008395468274     
  8.360000000000001E-003   3.31794990910569     
  8.380000000000000E-003   3.31588557291625     
  8.400000000000001E-003   3.31388638083659     
  8.420000000000000E-003   3.31194833795790     
  8.440000000000001E-003   3.31007124613247     
  8.460000000000001E-003   3.30825500557877     
  8.480000000000001E-003   3.30649947309976     
  8.500000000000001E-003   3.30480365146477     
  8.520000000000002E-003   3.30316416691819     
  8.540000000000001E-003   3.30157658654695     
  8.560000000000000E-003   3.30003698733006     
  8.580000000000001E-003   3.29854009566866     
  8.600000000000000E-003   3.29708320502073     
  8.620000000000001E-003   3.29566298641653     
  8.640000000000000E-003   3.29427276103551     
  8.660000000000001E-003   3.29290258300569     
  8.680000000000000E-003   3.29153933485203     
  8.700000000000001E-003   3.29017385555367     
  8.720000000000000E-003   3.28878878297481     
  8.740000000000001E-003   3.28735723626433     
  8.760000000000000E-003   3.28585617946039     
  8.780000000000001E-003   3.28427203341310     
  8.800000000000001E-003   3.28261413619846     
  8.820000000000001E-003   3.28089733137667     
  8.840000000000001E-003   3.27912937243125     
  8.860000000000002E-003   3.27730921877138     
  8.880000000000001E-003   3.27543332024997     
  8.900000000000000E-003   3.27350408859936     
  8.920000000000001E-003   3.27152642686791     
  8.940000000000000E-003   3.26950161706387     
  8.960000000000001E-003   3.26742788538082     
  8.980000000000000E-003   3.26530596600461     
  9.000000000000001E-003   3.26313936935504     
  9.020000000000000E-003   3.26093277686927     
  9.040000000000001E-003   3.25869314187617     
  9.060000000000000E-003   3.25642673877745     
  9.080000000000001E-003   3.25413483215111     
  9.100000000000000E-003   3.25181881882436     
  9.120000000000001E-003   3.24947702154547     
  9.140000000000001E-003   3.24710238097786     
  9.160000000000001E-003   3.24470660993287     
  9.180000000000001E-003   3.24234676465645     
  9.200000000000002E-003   3.24003605801001     
  9.220000000000001E-003   3.23777870072047     
  9.240000000000000E-003   3.23557692371944     
  9.260000000000001E-003   3.23343086258195     
  9.280000000000000E-003   3.23134075098114     
  9.300000000000001E-003   3.22930776641197     
  9.320000000000000E-003   3.22733520985775     
  9.340000000000001E-003   3.22542871287798     
  9.360000000000000E-003   3.22359497124821     
  9.380000000000001E-003   3.22184048107916     
  9.400000000000000E-003   3.22017105412939     
  9.420000000000001E-003   3.21859180431130     
  9.440000000000000E-003   3.21710719623740     
  9.460000000000001E-003   3.21572069696880     
  9.480000000000001E-003   3.21443367597147     
  9.500000000000001E-003   3.21324467491504     
  9.520000000000001E-003   3.21215070215143     
  9.540000000000002E-003   3.21115157948158     
  9.560000000000001E-003   3.21025508900419     
  9.580000000000000E-003   3.20948170664674     
  9.600000000000001E-003   3.20886737301648     
  9.620000000000000E-003   3.20846052691855     
  9.640000000000001E-003   3.20828262957550     
  9.660000000000000E-003   3.20832330538309     
  9.680000000000001E-003   3.20852441064065     
  9.700000000000000E-003   3.20888043294023     
  9.720000000000001E-003   3.20938604655902     
  9.740000000000000E-003   3.21000032225451     
  9.760000000000001E-003   3.21065798280124     
  9.780000000000000E-003   3.21132500782979     
  9.800000000000001E-003   3.21200095315805     
  9.820000000000001E-003   3.21270784609032     
  9.840000000000002E-003   3.21347789567668     
  9.860000000000001E-003   3.21434821682952     
  9.880000000000002E-003   3.21534977403245     
  9.900000000000001E-003   3.21651217860281     
  9.920000000000000E-003   3.21787505891813     
  9.940000000000001E-003   3.21948663000168     
  9.960000000000000E-003   3.22140727279078     
  9.980000000000001E-003   3.22370323184987     
  1.000000000000000E-002   3.22644816955347     
  1.002000000000000E-002   3.22971714642725     
  1.004000000000000E-002   3.23358366240539     
  1.006000000000000E-002   3.23812039391852     
  1.008000000000000E-002   3.24339692516453     
  1.010000000000000E-002   3.24947365620501     
  1.012000000000000E-002   3.25633209303368     
  1.014000000000000E-002   3.26295942801506     
  1.016000000000000E-002   3.26872544162859     
  1.018000000000000E-002   3.27359828073368     
  1.020000000000000E-002   3.27766154038981     
  1.022000000000000E-002   3.28102401574142     
  1.024000000000000E-002   3.28379093215983     
  1.026000000000000E-002   3.28605260190749     
  1.028000000000000E-002   3.28787374586100     
  1.030000000000000E-002   3.28930479098922     
  1.032000000000000E-002   3.29039735594926     
  1.034000000000000E-002   3.29121267048220     
  1.036000000000000E-002   3.29181786035329     
  1.038000000000000E-002   3.29227353751759     
  1.040000000000000E-002   3.29263081929588     
  1.042000000000000E-002   3.29293428330455     
  1.044000000000000E-002   3.29321514805128     
  1.046000000000000E-002   3.29349639906055     
  1.048000000000000E-002   3.29379480260867     
  1.050000000000000E-002   3.29413136619415     
  1.052000000000000E-002   3.29452446739849     
  1.054000000000000E-002   3.29498780168539     
  1.056000000000000E-002   3.29553109087322     
  1.058000000000000E-002   3.29616831147592     
  1.060000000000000E-002   3.29691933199382     
  1.062000000000000E-002   3.29780544843661     
  1.064000000000000E-002   3.29886092519586     
  1.066000000000000E-002   3.30012636680273     
  1.068000000000000E-002   3.30164736442652     
  1.070000000000000E-002   3.30346798673507     
  1.072000000000000E-002   3.30547936263711     
  1.074000000000000E-002   3.30748202180980     
  1.076000000000000E-002   3.30936072188350     
  1.078000000000000E-002   3.31111544551020     
  1.080000000000000E-002   3.31277100104688     
  1.082000000000000E-002   3.31434718051707     
  1.084000000000000E-002   3.31585363114043     
  1.086000000000000E-002   3.31729832616545     
  1.088000000000000E-002   3.31868894707302     
  1.090000000000000E-002   3.32003043423760     
  1.092000000000000E-002   3.32127647061835     
  1.094000000000000E-002   3.32230521771491     
  1.096000000000000E-002   3.32309583610047     
  1.098000000000000E-002   3.32359950582904     
  1.100000000000000E-002   3.32381382072874     
  1.102000000000000E-002   3.32375520318413     
  1.104000000000000E-002   3.32349755622037     
  1.106000000000000E-002   3.32305430164743     
  1.108000000000000E-002   3.32237173545670     
  1.110000000000000E-002   3.32146492467542     
  1.112000000000000E-002   3.32035162033062     
  1.114000000000000E-002   3.31906272926354     
  1.116000000000000E-002   3.31764137876797     
  1.118000000000000E-002   3.31612706085580     
  1.120000000000000E-002   3.31454946141130     
  1.122000000000000E-002   3.31293782443619     
  1.124000000000000E-002   3.31137248141245     
  1.126000000000000E-002   3.30990577553771     
  1.128000000000000E-002   3.30857553440336     
  1.130000000000000E-002   3.30739930647661     
  1.132000000000000E-002   3.30638059231798     
  1.134000000000000E-002   3.30550797193110     
  1.136000000000000E-002   3.30476001758979     
  1.138000000000000E-002   3.30411995311441     
  1.140000000000000E-002   3.30357364957102     
  1.142000000000000E-002   3.30311053863337     
  1.144000000000000E-002   3.30271711775480     
  1.146000000000000E-002   3.30238170012683     
  1.148000000000000E-002   3.30209456733223     
  1.150000000000000E-002   3.30181129654408     
  1.152000000000000E-002   3.30153550447689     
  1.154000000000000E-002   3.30126827001035     
  1.156000000000000E-002   3.30100799915704     
  1.158000000000000E-002   3.30076667198482     
  1.160000000000000E-002   3.30057306702705     
  1.162000000000000E-002   3.30048845720815     
  1.164000000000000E-002   3.30057658313979     
  1.166000000000000E-002   3.30083325508690     
  1.168000000000000E-002   3.30126958539908     
  1.170000000000000E-002   3.30191744853116     
  1.172000000000000E-002   3.30277391326143     
  1.174000000000000E-002   3.30384878828382     
  1.176000000000000E-002   3.30516910907832     
  1.178000000000000E-002   3.30676805583414     
  1.180000000000000E-002   3.30867867553361     
  1.182000000000000E-002   3.31093468576826     
  1.184000000000000E-002   3.31357076469222     
  1.186000000000000E-002   3.31662108529658     
  1.188000000000000E-002   3.32011479746196     
  1.190000000000000E-002   3.32402148221049     
  1.192000000000000E-002   3.32803889649945     
  1.194000000000000E-002   3.33192194322227     
  1.196000000000000E-002   3.33561213601535     
  1.198000000000000E-002   3.33910311582212     
  1.200000000000000E-002   3.34238610186421     
  1.202000000000000E-002   3.34545373806179     
  1.204000000000000E-002   3.34829916314788     
  1.206000000000000E-002   3.35091840041692     
  1.208000000000000E-002   3.35330423552606     
  1.210000000000000E-002   3.35544475830766     
  1.212000000000000E-002   3.35733561918327     
  1.214000000000000E-002   3.35898188520813     
  1.216000000000000E-002   3.36040095299790     
  1.218000000000000E-002   3.36161273930448     
  1.220000000000000E-002   3.36262934177918     
  1.222000000000000E-002   3.36344388045058     
  1.224000000000000E-002   3.36407660728734     
  1.226000000000000E-002   3.36458901171705     
  1.228000000000000E-002   3.36498093401657     
  1.230000000000000E-002   3.36520558682639     
  1.232000000000000E-002   3.36529849666029     
  1.234000000000000E-002   3.36531708986598     
  1.236000000000000E-002   3.36529962094511     
  1.238000000000000E-002   3.36522612365927     
  1.240000000000000E-002   3.36509926622276     
  1.242000000000000E-002   3.36491237451773     
  1.244000000000000E-002   3.36466706996082     
  1.246000000000000E-002   3.36436751204509     
  1.248000000000000E-002   3.36402603312138     
  1.250000000000000E-002   3.36366956598246     
  1.252000000000000E-002   3.36339566488289     
  1.254000000000000E-002   3.36326992187802     
  1.256000000000000E-002   3.36329962574829     
  1.258000000000000E-002   3.36348723213228     
  1.260000000000000E-002   3.36386010601737     
  1.262000000000000E-002   3.36440742363816     
  1.264000000000000E-002   3.36512329493208     
  1.266000000000000E-002   3.36598274319728     
  1.268000000000000E-002   3.36696053414820     
  1.270000000000000E-002   3.36803996607920     
  1.272000000000000E-002   3.36918593909458     
  1.274000000000000E-002   3.37038682903327     
  1.276000000000000E-002   3.37162955151810     
  1.278000000000000E-002   3.37291224246151     
  1.280000000000000E-002   3.37419639022857     
  1.282000000000000E-002   3.37541704407711     
  1.284000000000000E-002   3.37654990928632     
  1.286000000000000E-002   3.37758175349563     
  1.288000000000000E-002   3.37850615490598     
  1.290000000000000E-002   3.37933365334310     
  1.292000000000000E-002   3.38005971684087     
  1.294000000000000E-002   3.38066082527548     
  1.296000000000000E-002   3.38109169951538     
  1.298000000000000E-002   3.38132501157145     
  1.300000000000000E-002   3.38137942168785     
  1.302000000000000E-002   3.38134072605232     
  1.304000000000000E-002   3.38119660404663     
  1.306000000000000E-002   3.38091681154177     
  1.308000000000000E-002   3.38050766266596     
  1.310000000000000E-002   3.37998254908824     
  1.312000000000000E-002   3.37935868751609     
  1.314000000000000E-002   3.37865452721530     
  1.316000000000000E-002   3.37788196814398     
  1.318000000000000E-002   3.37702585613432     
  1.320000000000000E-002   3.37613838512989     
  1.322000000000000E-002   3.37520532076649     
  1.324000000000000E-002   3.37423895907544     
  1.326000000000000E-002   3.37323476501720     
  1.328000000000000E-002   3.37219852304829     
  1.330000000000000E-002   3.37113248960427     
  1.332000000000000E-002   3.37003523933350     
  1.334000000000000E-002   3.36890279039127     
  1.336000000000000E-002   3.36772939205095     
  1.338000000000000E-002   3.36650832404428     
  1.340000000000000E-002   3.36523214950129     
  1.342000000000000E-002   3.36389160697651     
  1.344000000000000E-002   3.36247860558888     
  1.346000000000000E-002   3.36097806766482     
  1.348000000000000E-002   3.35940535295858     
  1.350000000000000E-002   3.35780643033198     
  1.352000000000000E-002   3.35620416753684     
  1.354000000000000E-002   3.35460307620420     
  1.356000000000000E-002   3.35301274190728     
  1.358000000000000E-002   3.35143139123349     
  1.360000000000000E-002   3.34985905325008     
  1.362000000000000E-002   3.34829896419264     
  1.364000000000000E-002   3.34675846320313     
  1.366000000000000E-002   3.34524779849237     
  1.368000000000000E-002   3.34377635633543     
  1.370000000000000E-002   3.34234976904207     
  1.372000000000000E-002   3.34096522809727     
  1.374000000000000E-002   3.33961111533879     
  1.376000000000000E-002   3.33826527507228     
  1.378000000000000E-002   3.33693294536468     
  1.380000000000000E-002   3.33562061243597     
  1.382000000000000E-002   3.33432703568136     
  1.384000000000000E-002   3.33306722241983     
  1.386000000000000E-002   3.33185600524393     
  1.388000000000000E-002   3.33069423776053     
  1.390000000000000E-002   3.32958158294376     
  1.392000000000000E-002   3.32851994824400     
  1.394000000000000E-002   3.32751148266646     
  1.396000000000000E-002   3.32655752188783     
  1.398000000000000E-002   3.32564887910330     
  1.400000000000000E-002   3.32476525035972     
  1.402000000000000E-002   3.32391507293466     
  1.404000000000000E-002   3.32312566128363     
  1.406000000000000E-002   3.32240165239507     
  1.408000000000000E-002   3.32175240741074     
  1.410000000000000E-002   3.32119960050639     
  1.412000000000000E-002   3.32075945656817     
  1.414000000000000E-002   3.32045395789222     
  1.416000000000000E-002   3.32030934159939     
  1.418000000000000E-002   3.32034733543715     
  1.420000000000000E-002   3.32055501964581     
  1.422000000000000E-002   3.32096227771915     
  1.424000000000000E-002   3.32156586249200     
  1.426000000000000E-002   3.32238684612088     
  1.428000000000000E-002   3.32342597285120     
  1.430000000000000E-002   3.32467616250060     
  1.432000000000000E-002   3.32613107889915     
  1.434000000000000E-002   3.32778306257579     
  1.436000000000000E-002   3.32961966372831     
  1.438000000000000E-002   3.33162962893397     
  1.440000000000000E-002   3.33380665332892     
  1.442000000000000E-002   3.33613604684063     
  1.444000000000000E-002   3.33861620996575     
  1.446000000000000E-002   3.34124661258087     
  1.448000000000000E-002   3.34395436129796     
  1.450000000000000E-002   3.34665850375620     
  1.452000000000000E-002   3.34925530548794     
  1.454000000000000E-002   3.35171549838572     
  1.456000000000000E-002   3.35402938214404     
  1.458000000000000E-002   3.35619081214647     
  1.460000000000000E-002   3.35820201050496     
  1.462000000000000E-002   3.36006570443781     
  1.464000000000000E-002   3.36178537950226     
  1.466000000000000E-002   3.36336610278578     
  1.468000000000000E-002   3.36481520965104     
  1.470000000000000E-002   3.36614210637947     
  1.472000000000000E-002   3.36735816043268     
  1.474000000000000E-002   3.36847573887962     
  1.476000000000000E-002   3.36950577533144     
  1.478000000000000E-002   3.37045545239469     
  1.480000000000000E-002   3.37132896094351     
  1.482000000000000E-002   3.37212825232056     
  1.484000000000000E-002   3.37285455829103     
  1.486000000000000E-002   3.37351128786000     
  1.488000000000000E-002   3.37409869218097     
  1.490000000000000E-002   3.37462488043230     
  1.492000000000000E-002   3.37510129731049     
  1.494000000000000E-002   3.37553959974894     
  1.496000000000000E-002   3.37594933173271     
  1.498000000000000E-002   3.37634335910235     
  1.500000000000000E-002   3.37673827186565     
  1.502000000000000E-002   3.37715528217091     
  1.504000000000000E-002   3.37762425244454     
  1.506000000000000E-002   3.37818146630065     
  1.508000000000000E-002   3.37876662033732     
  1.510000000000000E-002   3.37924167481766     
  1.512000000000000E-002   3.37953631577420     
  1.514000000000000E-002   3.37962612989942     
  1.516000000000000E-002   3.37951039118083     
  1.518000000000000E-002   3.37926751974986     
  1.520000000000000E-002   3.37885964349061     
  1.522000000000000E-002   3.37828066964707     
  1.524000000000000E-002   3.37751844350223     
  1.526000000000000E-002   3.37654180606745     
  1.528000000000000E-002   3.37529181811956     
  1.530000000000000E-002   3.37372497794020     
  1.532000000000000E-002   3.37184542990544     
  1.534000000000000E-002   3.36968317709252     
  1.536000000000000E-002   3.36732555824879     
  1.538000000000000E-002   3.36500607111224     
  1.540000000000000E-002   3.36275958083096     
  1.542000000000000E-002   3.36057766016588     
  1.544000000000000E-002   3.35847069766227     
  1.546000000000000E-002   3.35645526023826     
  1.548000000000000E-002   3.35454842120295     
  1.550000000000000E-002   3.35276052479053     
  1.552000000000000E-002   3.35109632799457     
  1.554000000000000E-002   3.34957190887197     
  1.556000000000000E-002   3.34819269688692     
  1.558000000000000E-002   3.34695700987994     
  1.560000000000000E-002   3.34585331543760     
  1.562000000000000E-002   3.34486490377738     
  1.564000000000000E-002   3.34397768882946     
  1.566000000000000E-002   3.34318443938491     
  1.568000000000000E-002   3.34248843432776     
  1.570000000000000E-002   3.34186604627906     
  1.572000000000000E-002   3.34133916427687     
  1.574000000000000E-002   3.34087433199960     
  1.576000000000000E-002   3.34043119506647     
  1.578000000000000E-002   3.33995158547716     
  1.580000000000000E-002   3.33941868663080     
  1.582000000000000E-002   3.33882560189036     
  1.584000000000000E-002   3.33817444587826     
  1.586000000000000E-002   3.33745458264063     
  1.588000000000000E-002   3.33668140451986     
  1.590000000000000E-002   3.33586000495937     
  1.592000000000000E-002   3.33499816206369     
  1.594000000000000E-002   3.33411730908985     
  1.596000000000000E-002   3.33323353240350     
  1.598000000000000E-002   3.33236695942821     
  1.600000000000000E-002   3.33153757359614     
  1.602000000000000E-002   3.33075795189985     
  1.604000000000000E-002   3.33002938940405     
  1.606000000000000E-002   3.32935299292460     
  1.608000000000000E-002   3.32873338009851     
  1.610000000000000E-002   3.32817631549467     
  1.612000000000000E-002   3.32768942617329     
  1.614000000000000E-002   3.32728078749768     
  1.616000000000000E-002   3.32695479616010     
  1.618000000000000E-002   3.32670019129561     
  1.620000000000000E-002   3.32652715422644     
  1.622000000000000E-002   3.32642260119984     
  1.624000000000000E-002   3.32638730177050     
  1.626000000000000E-002   3.32642073595063     
  1.628000000000000E-002   3.32651008157604     
  1.630000000000000E-002   3.32665765500415     
  1.632000000000000E-002   3.32686232009336     
  1.634000000000000E-002   3.32711950203963     
  1.636000000000000E-002   3.32742807505188     
  1.638000000000000E-002   3.32778704078134     
  1.640000000000000E-002   3.32819270862232     
  1.642000000000000E-002   3.32864413482175     
  1.644000000000000E-002   3.32913485381690     
  1.646000000000000E-002   3.32965653023689     
  1.648000000000000E-002   3.33019765617278     
  1.650000000000000E-002   3.33074365536507     
  1.652000000000000E-002   3.33129388293253     
  1.654000000000000E-002   3.33184781921835     
  1.656000000000000E-002   3.33241154411181     
  1.658000000000000E-002   3.33298436209876     
  1.660000000000000E-002   3.33356293466924     
  1.662000000000000E-002   3.33414620726184     
  1.664000000000000E-002   3.33473333074096     
  1.666000000000000E-002   3.33532363596529     
  1.668000000000000E-002   3.33590728692785     
  1.670000000000000E-002   3.33646740685304     
  1.672000000000000E-002   3.33700423598484     
  1.674000000000000E-002   3.33751411061939     
  1.676000000000000E-002   3.33799642830091     
  1.678000000000000E-002   3.33845485464963     
  1.680000000000000E-002   3.33889087239495     
  1.682000000000000E-002   3.33927003115424     
  1.684000000000000E-002   3.33960132239156     
  1.686000000000000E-002   3.33988569952727     
  1.688000000000000E-002   3.34011996897117     
  1.690000000000000E-002   3.34030140315655     
  1.692000000000000E-002   3.34042546859607     
  1.694000000000000E-002   3.34048525626301     
  1.696000000000000E-002   3.34047256438952     
  1.698000000000000E-002   3.34040355422482     
  1.700000000000000E-002   3.34026508133797     
  1.702000000000000E-002   3.34007013091886     
  1.704000000000000E-002   3.33981200753193     
  1.706000000000000E-002   3.33948495820716     
  1.708000000000000E-002   3.33908610915223     
  1.710000000000000E-002   3.33861637378686     
  1.712000000000000E-002   3.33807535306609     
  1.714000000000000E-002   3.33747090992510     
  1.716000000000000E-002   3.33681822447539     
  1.718000000000000E-002   3.33615450378580     
  1.720000000000000E-002   3.33550507815237     
  1.722000000000000E-002   3.33487624229332     
  1.724000000000000E-002   3.33427146809272     
  1.726000000000000E-002   3.33369354174651     
  1.728000000000000E-002   3.33314810728583     
  1.730000000000000E-002   3.33263907956442     
  1.732000000000000E-002   3.33217214488929     
  1.734000000000000E-002   3.33174787900820     
  1.736000000000000E-002   3.33136130294304     
  1.738000000000000E-002   3.33101312062757     
  1.740000000000000E-002   3.33072312815630     
  1.742000000000000E-002   3.33048598889236     
  1.744000000000000E-002   3.33030103466549     
  1.746000000000000E-002   3.33016309775466     
  1.748000000000000E-002   3.33006628932836     
  1.750000000000000E-002   3.33001245580689     
  1.752000000000000E-002   3.32999826505267     
  1.754000000000000E-002   3.33001633991653     
  1.756000000000000E-002   3.33007144226795     
  1.758000000000000E-002   3.33017273439496     
  1.760000000000000E-002   3.33031865250971     
  1.762000000000000E-002   3.33051044635033     
  1.764000000000000E-002   3.33075060842941     
  1.766000000000000E-002   3.33104040619209     
  1.768000000000000E-002   3.33137543637119     
  1.770000000000000E-002   3.33175004869090     
  1.772000000000000E-002   3.33216010311441     
  1.774000000000000E-002   3.33260031018173     
  1.776000000000000E-002   3.33306447240572     
  1.778000000000000E-002   3.33354664815878     
  1.780000000000000E-002   3.33404332918181     
  1.782000000000000E-002   3.33455321949785     
  1.784000000000000E-002   3.33506831152533     
  1.786000000000000E-002   3.33558430825816     
  1.788000000000000E-002   3.33609771131706     
  1.790000000000000E-002   3.33660641437415     
  1.792000000000000E-002   3.33710931794882     
  1.794000000000000E-002   3.33760554873756     
  1.796000000000000E-002   3.33809441499366     
  1.798000000000000E-002   3.33857536971806     
  1.800000000000000E-002   3.33904745742425     
  1.802000000000000E-002   3.33950878381468     
  1.804000000000000E-002   3.33995549134904     
  1.806000000000000E-002   3.34038295691453     
  1.808000000000000E-002   3.34078624202412     
  1.810000000000000E-002   3.34115603303663     
  1.812000000000000E-002   3.34148500502659     
  1.814000000000000E-002   3.34176616724803     
  1.816000000000000E-002   3.34199157754179     
  1.818000000000000E-002   3.34215559840270     
  1.820000000000000E-002   3.34225024391897     
  1.822000000000000E-002   3.34228312749099     
  1.824000000000000E-002   3.34225836971526     
  1.826000000000000E-002   3.34218468415925     
  1.828000000000000E-002   3.34206087135684     
  1.830000000000000E-002   3.34189165126092     
  1.832000000000000E-002   3.34168144166234     
  1.834000000000000E-002   3.34143936298616     
  1.836000000000000E-002   3.34117083803328     
  1.838000000000000E-002   3.34088152648452     
  1.840000000000000E-002   3.34057699556501     
  1.842000000000000E-002   3.34026119696025     
  1.844000000000000E-002   3.33993625730238     
  1.846000000000000E-002   3.33960300115088     
  1.848000000000000E-002   3.33926259481006     
  1.850000000000000E-002   3.33891418462280     
  1.852000000000000E-002   3.33855846927145     
  1.854000000000000E-002   3.33819864995868     
  1.856000000000000E-002   3.33783422902562     
  1.858000000000000E-002   3.33745905319911     
  1.860000000000000E-002   3.33706613425618     
  1.862000000000000E-002   3.33665304322916     
  1.864000000000000E-002   3.33622326175925     
  1.866000000000000E-002   3.33577936450142     
  1.868000000000000E-002   3.33532066423900     
  1.870000000000000E-002   3.33484904331026     
  1.872000000000000E-002   3.33436780027174     
  1.874000000000000E-002   3.33387630905407     
  1.876000000000000E-002   3.33337978510998     
  1.878000000000000E-002   3.33288108501178     
  1.880000000000000E-002   3.33238423171182     
  1.882000000000000E-002   3.33189305278216     
  1.884000000000000E-002   3.33141074721022     
  1.886000000000000E-002   3.33093948693462     
  1.888000000000000E-002   3.33047939998715     
  1.890000000000000E-002   3.33002808160996     
  1.892000000000000E-002   3.32958138641675     
  1.894000000000000E-002   3.32913513006444     
  1.896000000000000E-002   3.32868528776553     
  1.898000000000000E-002   3.32822753666775     
  1.900000000000000E-002   3.32775963908823     
  1.902000000000000E-002   3.32727907904850     
  1.904000000000000E-002   3.32678420901288     
  1.906000000000000E-002   3.32627455373443     
  1.908000000000000E-002   3.32575153237128     
  1.910000000000000E-002   3.32521542116853     
  1.912000000000000E-002   3.32466433069204     
  1.914000000000000E-002   3.32410722941612     
  1.916000000000000E-002   3.32354841112373     
  1.918000000000000E-002   3.32298821635044     
  1.920000000000000E-002   3.32243132679037     
  1.922000000000000E-002   3.32187009165191     
  1.924000000000000E-002   3.32128132780127     
  1.926000000000000E-002   3.32076077655028     
  1.928000000000000E-002   3.32014862952996     
  1.930000000000000E-002   3.31942245585241     
  1.932000000000000E-002   3.31877154724260     
  1.934000000000000E-002   3.31811570731025     
  1.936000000000000E-002   3.31742760894769     
  1.938000000000000E-002   3.31669657760405     
  1.940000000000000E-002   3.31592249075618     
  1.942000000000000E-002   3.31510714027919     
  1.944000000000000E-002   3.31424916706020     
  1.946000000000000E-002   3.31334678351477     
  1.948000000000000E-002   3.31240911950128     
  1.950000000000000E-002   3.31141882384927     
  1.952000000000000E-002   3.31036972803796     
  1.954000000000000E-002   3.30926692673486     
  1.956000000000000E-002   3.30812300744829     
  1.958000000000000E-002   3.30694289850310     
  1.960000000000000E-002   3.30571756420347     
  1.962000000000000E-002   3.30443540125090     
  1.964000000000000E-002   3.30308683521930     
  1.966000000000000E-002   3.30165968370729     
  1.968000000000000E-002   3.30014464448443     
  1.970000000000000E-002   3.29853777682627     
  1.972000000000000E-002   3.29683640524756     
  1.974000000000000E-002   3.29503830868303     
  1.976000000000000E-002   3.29314383854951     
  1.978000000000000E-002   3.29115286485678     
  1.980000000000000E-002   3.28907169712931     
  1.982000000000000E-002   3.28691371154956     
  1.984000000000000E-002   3.28469179888148     
  1.986000000000000E-002   3.28241093721732     
  1.988000000000000E-002   3.28007134059493     
  1.990000000000000E-002   3.27768063658992     
  1.992000000000000E-002   3.27526164585733     
  1.994000000000000E-002   3.27282716941896     
  1.996000000000000E-002   3.27040440110107     
  1.998000000000000E-002   3.26801866870795     
  2.000000000000000E-002   3.26567253378736     
  2.002000000000000E-002   3.26338619799278     
  2.004000000000000E-002   3.26117911438786     
  2.006000000000000E-002   3.25904928444018     
  2.008000000000000E-002   3.25699460007808     
  2.010000000000000E-002   3.25503512778586     
  2.012000000000000E-002   3.25317460216722     
  2.014000000000000E-002   3.25139995276874     
  2.016000000000000E-002   3.24972016742941     
  2.018000000000000E-002   3.24812109051155     
  2.020000000000000E-002   3.24659610349786     
  2.022000000000000E-002   3.24513776478450     
  2.024000000000000E-002   3.24372734264550     
  2.026000000000000E-002   3.24236133600070     
  2.028000000000000E-002   3.24104139392560     
  2.030000000000000E-002   3.23974382978786     
  2.032000000000000E-002   3.23845407222154     
  2.034000000000000E-002   3.23715229162163     
  2.036000000000000E-002   3.23584273140306     
  2.038000000000000E-002   3.23453784606443     
  2.040000000000000E-002   3.23321337788307     
  2.042000000000000E-002   3.23184696971405     
  2.044000000000000E-002   3.23043159725313     
  2.046000000000000E-002   3.22896041836067     
  2.048000000000000E-002   3.22742792215288     
  2.050000000000000E-002   3.22582757050462     
  2.052000000000000E-002   3.22415740965166     
  2.054000000000000E-002   3.22241575569613     
  2.056000000000000E-002   3.22059448927510     
  2.058000000000000E-002   3.21869498781259     
  2.060000000000000E-002   3.21673750848019     
  2.062000000000000E-002   3.21470581094540     
  2.064000000000000E-002   3.21260166753459     
  2.066000000000000E-002   3.21043974371625     
  2.068000000000000E-002   3.20839334822269     
  2.070000000000000E-002   3.20612899931680     
  2.072000000000000E-002   3.20378126857972     
  2.074000000000000E-002   3.20137617857046     
  2.076000000000000E-002   3.19891737787726     
  2.078000000000000E-002   3.19640078647928     
  2.080000000000000E-002   3.19381731657701     
  2.082000000000000E-002   3.19115548908327     
  2.084000000000000E-002   3.18841515575745     
  2.086000000000000E-002   3.18560059524616     
  2.088000000000000E-002   3.18271184081801     
  2.090000000000000E-002   3.17974400067381     
  2.092000000000000E-002   3.17668937909300     
  2.094000000000000E-002   3.17351906869916     
  2.096000000000000E-002   3.17022545820509     
  2.098000000000000E-002   3.16681210348827     
  2.100000000000000E-002   3.16327702225089     
  2.102000000000000E-002   3.15961380304455     
  2.104000000000000E-002   3.15581311598840     
  2.106000000000000E-002   3.15186020744574     
  2.108000000000000E-002   3.14774606251440     
  2.110000000000000E-002   3.14343658692461     
  2.112000000000000E-002   3.13890450378671     
  2.114000000000000E-002   3.13413682360280     
  2.116000000000000E-002   3.12912947918736     
  2.118000000000000E-002   3.12388187585434     
  2.120000000000000E-002   3.11839458360045     
  2.122000000000000E-002   3.11267269525326     
  2.124000000000000E-002   3.10671487417677     
  2.126000000000000E-002   3.10051823893025     
  2.128000000000000E-002   3.09407846890095     
  2.130000000000000E-002   3.08740460519181     
  2.132000000000000E-002   3.08052474454943     
  2.134000000000000E-002   3.07349571331169     
  2.136000000000000E-002   3.06639663633665     
  2.138000000000000E-002   3.05930826661664     
  2.140000000000000E-002   3.05237506482671     
  2.142000000000000E-002   3.04588768062641     
  2.144000000000000E-002   3.03963234362937     
  2.146000000000000E-002   3.03377374199446     
  2.148000000000000E-002   3.02842226714020     
  2.150000000000000E-002   3.02351792216690     
  2.152000000000000E-002   3.01901338929891     
  2.154000000000000E-002   3.01472703555845     
  2.156000000000000E-002   3.01057051561790     
  2.158000000000000E-002   3.00649807497998     
  2.160000000000000E-002   3.00245780249910     
  2.162000000000000E-002   2.99839869941257     
  2.164000000000000E-002   2.99428505063337     
  2.166000000000000E-002   2.99007951884724     
  2.168000000000000E-002   2.98577658079510     
  2.170000000000000E-002   2.98126740418276     
  2.172000000000000E-002   2.97671029223012     
  2.174000000000000E-002   2.97201396079091     
  2.176000000000000E-002   2.96719709669334     
  2.178000000000000E-002   2.96225508650038     
  2.180000000000000E-002   2.95720786299965     
  2.182000000000000E-002   2.95207318037521     
  2.184000000000000E-002   2.94687537909016     
  2.186000000000000E-002   2.94165427790024     
  2.188000000000000E-002   2.93638791829634     
  2.190000000000000E-002   2.93110784976682     
  2.192000000000000E-002   2.92585619276614     
  2.194000000000000E-002   2.92060700750430     
  2.196000000000000E-002   2.91537195363503     
  2.198000000000000E-002   2.91014515633201     
  2.200000000000000E-002   2.90490847275097     
  2.202000000000000E-002   2.89964337086798     
  2.204000000000000E-002   2.89439841008861     
  2.206000000000000E-002   2.88906286578724     
  2.208000000000000E-002   2.88372090751665     
  2.210000000000000E-002   2.87837431633156     
  2.212000000000000E-002   2.87297549092362     
  2.214000000000000E-002   2.86764781599213     
  2.216000000000000E-002   2.86236792618821     
  2.218000000000000E-002   2.85713900296913     
  2.220000000000000E-002   2.85205085893210     
  2.222000000000000E-002   2.84711044932512     
  2.224000000000000E-002   2.84238522137641     
  2.226000000000000E-002   2.83797892906338     
  2.228000000000000E-002   2.83382338570603     
  2.230000000000000E-002   2.83016772563699     
  2.232000000000000E-002   2.82696127270044     
  2.234000000000000E-002   2.82417928530719     
  2.236000000000000E-002   2.82236399980895     
  2.238000000000000E-002   2.82113624795719     
  2.240000000000000E-002   2.82045456532470     
  2.242000000000000E-002   2.82020975377963     
  2.244000000000000E-002   2.82053999472406     
  2.246000000000000E-002   2.82142040896508     
  2.248000000000000E-002   2.82288853603966     
  2.250000000000000E-002   2.82483593825229     
  2.252000000000000E-002   2.82722019311198     
  2.254000000000000E-002   2.82999607902371     
  2.256000000000000E-002   2.83313992711529     
  2.258000000000000E-002   2.83661759047559     
  2.260000000000000E-002   2.84038142208169     
  2.262000000000000E-002   2.84441576726335     
  2.264000000000000E-002   2.84865389390846     
  2.266000000000000E-002   2.85301675971937     
  2.268000000000000E-002   2.85748192600844     
  2.270000000000000E-002   2.86204832673839     
  2.272000000000000E-002   2.86671713122244     
  2.274000000000000E-002   2.87147568442544     
  2.276000000000000E-002   2.87634086362472     
  2.278000000000000E-002   2.88128903072306     
  2.280000000000000E-002   2.88633233342942     
  2.282000000000000E-002   2.89147522306746     
  2.284000000000000E-002   2.89674455433388     
  2.286000000000000E-002   2.90207818808454     
  2.288000000000000E-002   2.90734199416508     
  2.290000000000000E-002   2.91250138768739     
  2.292000000000000E-002   2.91771692647247     
  2.294000000000000E-002   2.92274691736656     
  2.296000000000000E-002   2.92771185841087     
  2.298000000000000E-002   2.93267226993304     
  2.300000000000000E-002   2.93768765587726     
  2.302000000000000E-002   2.94275937371639     
  2.304000000000000E-002   2.94791971024894     
  2.306000000000000E-002   2.95318005087652     
  2.308000000000000E-002   2.95863601523284     
  2.310000000000000E-002   2.96437714770203     
  2.312000000000000E-002   2.97045498494870     
  2.314000000000000E-002   2.97693090175556     
  2.316000000000000E-002   2.98371825685254     
  2.318000000000000E-002   2.99150192867325     
  2.320000000000000E-002   2.99972861744077     
  2.322000000000000E-002   3.00829005766678     
  2.324000000000000E-002   3.01729163848767     
  2.326000000000000E-002   3.02659638000142     
  2.328000000000000E-002   3.03586307999043     
  2.330000000000000E-002   3.04504553138542     
  2.332000000000000E-002   3.05367599400327     
  2.334000000000000E-002   3.06184927006417     
  2.336000000000000E-002   3.07015324058975     
  2.338000000000000E-002   3.07815067644866     
  2.340000000000000E-002   3.08577860201758     
  2.342000000000000E-002   3.09297550927975     
  2.344000000000000E-002   3.09977442192568     
  2.346000000000000E-002   3.10640491154164     
  2.348000000000000E-002   3.11256074530985     
  2.350000000000000E-002   3.11837649522185     
  2.352000000000000E-002   3.12425695274637     
  2.354000000000000E-002   3.13031179376290     
  2.356000000000000E-002   3.13656297032960     
  2.358000000000000E-002   3.14293612324176     
  2.360000000000000E-002   3.14933577366366     
  2.362000000000000E-002   3.15566648258304     
  2.364000000000000E-002   3.16188482676806     
  2.366000000000000E-002   3.16795582531738     
  2.368000000000000E-002   3.17386884901984     
  2.370000000000000E-002   3.17962220496082     
  2.372000000000000E-002   3.18521385056241     
  2.374000000000000E-002   3.19064483332180     
  2.376000000000000E-002   3.19592177617663     
  2.378000000000000E-002   3.20105260945635     
  2.380000000000000E-002   3.20603880330015     
  2.382000000000000E-002   3.21087731481971     
  2.384000000000000E-002   3.21555906245685     
  2.386000000000000E-002   3.22006461636026     
  2.388000000000000E-002   3.22437392935627     
  2.390000000000000E-002   3.22847405417490     
  2.392000000000000E-002   3.23236117782016     
  2.394000000000000E-002   3.23603835559010     
  2.396000000000000E-002   3.23951390673325     
  2.398000000000000E-002   3.24277192760852     
  2.400000000000000E-002   3.24584138114975     
  2.402000000000000E-002   3.24877942581467     
  2.404000000000000E-002   3.25158701392252     
  2.406000000000000E-002   3.25422171354561     
  2.408000000000000E-002   3.25673871386166     
  2.410000000000000E-002   3.25916465509574     
  2.412000000000000E-002   3.26152265426163     
  2.414000000000000E-002   3.26382633805764     
  2.416000000000000E-002   3.26606869559694     
  2.418000000000000E-002   3.26826124828226     
  2.420000000000000E-002   3.27041688319300     
  2.422000000000000E-002   3.27253180479365     
  2.424000000000000E-002   3.27458379257542     
  2.426000000000000E-002   3.27656567464029     
  2.428000000000000E-002   3.27846925206004     
  2.430000000000000E-002   3.28029497742421     
  2.432000000000000E-002   3.28204483797900     
  2.434000000000000E-002   3.28372643848008     
  2.436000000000000E-002   3.28535170625255     
  2.438000000000000E-002   3.28693450371599     
  2.440000000000000E-002   3.28850067250887     
  2.442000000000000E-002   3.29007270868018     
  2.444000000000000E-002   3.29164298974839     
  2.446000000000000E-002   3.29323149649883     
  2.448000000000000E-002   3.29485716899882     
  2.450000000000000E-002   3.29653523310005     
  2.452000000000000E-002   3.29828989126611     
  2.454000000000000E-002   3.30017200663910     
  2.456000000000000E-002   3.30221192045091     
  2.458000000000000E-002   3.30443532116556     
  2.460000000000000E-002   3.30687242171644     
  2.462000000000000E-002   3.30954027034746     
  2.464000000000000E-002   3.31216500838897     
  2.466000000000000E-002   3.31444311406668     
  2.468000000000000E-002   3.31627690139499     
  2.470000000000000E-002   3.31760050193545     
  2.472000000000000E-002   3.31841765634102     
  2.474000000000000E-002   3.31881263861723     
  2.476000000000000E-002   3.31892978065591     
  2.478000000000000E-002   3.31890860588831     
  2.480000000000000E-002   3.31875574824626     
  2.482000000000000E-002   3.31843435390363     
  2.484000000000000E-002   3.31794987116549     
  2.486000000000000E-002   3.31733001521816     
  2.488000000000000E-002   3.31662765763860     
  2.490000000000000E-002   3.31590335286418     
  2.492000000000000E-002   3.31522817976087     
  2.494000000000000E-002   3.31461401340262     
  2.496000000000000E-002   3.31407106120629     
  2.498000000000000E-002   3.31359629562558     
  2.500000000000000E-002   3.31318144605587     
  2.502000000000000E-002   3.31281368855178     
  2.504000000000000E-002   3.31247464922818     
  2.506000000000000E-002   3.31214905518034     
  2.508000000000000E-002   3.31182950730038     
  2.510000000000000E-002   3.31151243491540     
  2.512000000000000E-002   3.31119715645644     
  2.514000000000000E-002   3.31088466660946     
  2.516000000000000E-002   3.31057797305939     
  2.518000000000000E-002   3.31028193172951     
  2.520000000000000E-002   3.31000214935500     
  2.522000000000000E-002   3.30974425198343     
  2.524000000000000E-002   3.30951300921253     
  2.526000000000000E-002   3.30931131697839     
  2.528000000000000E-002   3.30914121945284     
  2.530000000000000E-002   3.30900494895183     
  2.532000000000000E-002   3.30890445721629     
  2.534000000000000E-002   3.30884273893990     
  2.536000000000000E-002   3.30882410815080     
  2.538000000000000E-002   3.30882706444645     
  2.540000000000000E-002   3.30885464466248     
  2.542000000000000E-002   3.30891505358779     
  2.544000000000000E-002   3.30901334267727     
  2.546000000000000E-002   3.30914420242765     
  2.548000000000000E-002   3.30927048185868     
  2.550000000000000E-002   3.30943244705409     
  2.552000000000000E-002   3.30962478795345     
  2.554000000000000E-002   3.30982563813678     
  2.556000000000000E-002   3.31000940668216     
  2.558000000000000E-002   3.31016481459044     
  2.560000000000000E-002   3.31028020818948     
  2.562000000000000E-002   3.31034950112944     
  2.564000000000000E-002   3.31037613054557     
  2.566000000000000E-002   3.31036902837132     
  2.568000000000000E-002   3.31032506509443     
  2.570000000000000E-002   3.31024989675970     
  2.572000000000000E-002   3.31014754294480     
  2.574000000000000E-002   3.30995564455747     
  2.576000000000000E-002   3.30977930905239     
  2.578000000000000E-002   3.30957071118636     
  2.580000000000000E-002   3.30938477876491     
  2.582000000000000E-002   3.30922665955771     
  2.584000000000000E-002   3.30907947122613     
  2.586000000000000E-002   3.30892507923836     
  2.588000000000000E-002   3.30875202552987     
  2.590000000000000E-002   3.30858963534125     
  2.592000000000000E-002   3.30845873286311     
  2.594000000000000E-002   3.30836986030932     
  2.596000000000000E-002   3.30832550573774     
  2.598000000000000E-002   3.30831442148735     
  2.600000000000000E-002   3.30832534276368     
  2.602000000000000E-002   3.30837448988621     
  2.604000000000000E-002   3.30848308216530     
  2.606000000000000E-002   3.30865997404061     
  2.608000000000000E-002   3.30889081928445     
  2.610000000000000E-002   3.30912382992134     
  2.612000000000000E-002   3.30929729196986     
  2.614000000000000E-002   3.30935919800639     
  2.616000000000000E-002   3.30932522285056     
  2.618000000000000E-002   3.30920367710970     
  2.620000000000000E-002   3.30898084298799     
  2.622000000000000E-002   3.30865380018885     
  2.624000000000000E-002   3.30822759549061     
  2.626000000000000E-002   3.30771218575315     
  2.628000000000000E-002   3.30712034420516     
  2.630000000000000E-002   3.30646477223194     
  2.632000000000000E-002   3.30575711199320     
  2.634000000000000E-002   3.30500378438683     
  2.636000000000000E-002   3.30423613940056     
  2.638000000000000E-002   3.30351834208856     
  2.640000000000000E-002   3.30285939237835     
  2.642000000000000E-002   3.30226602842730     
  2.644000000000000E-002   3.30174459196551     
  2.646000000000000E-002   3.30129871170883     
  2.648000000000000E-002   3.30092607891892     
  2.650000000000000E-002   3.30062181113200     
  2.652000000000000E-002   3.30038033379716     
  2.654000000000000E-002   3.30019774932538     
  2.656000000000000E-002   3.30006986161576     
  2.658000000000000E-002   3.29998355880534     
  2.660000000000000E-002   3.29994408310037     
  2.662000000000000E-002   3.29993872874855     
  2.664000000000000E-002   3.29996620846144     
  2.666000000000000E-002   3.30003057719432     
  2.668000000000000E-002   3.30012300071096     
  2.670000000000000E-002   3.30023575700715     
  2.672000000000000E-002   3.30036584326430     
  2.674000000000000E-002   3.30051413811627     
  2.676000000000000E-002   3.30068316513646     
  2.678000000000000E-002   3.30087421421027     
  2.680000000000000E-002   3.30108646888433     
  2.682000000000000E-002   3.30131596362272     
  2.684000000000000E-002   3.30155482846126     
  2.686000000000000E-002   3.30179412564794     
  2.688000000000000E-002   3.30202955359973     
  2.690000000000000E-002   3.30225884524782     
  2.692000000000000E-002   3.30247994078821     
  2.694000000000000E-002   3.30269338703345     
  2.696000000000000E-002   3.30290328328662     
  2.698000000000000E-002   3.30311482849075     
  2.700000000000000E-002   3.30333512986926     
  2.702000000000000E-002   3.30357280905217     
  2.704000000000000E-002   3.30383532269163     
  2.706000000000000E-002   3.30412753777239     
  2.708000000000000E-002   3.30445269905634     
  2.710000000000000E-002   3.30481463758560     
  2.712000000000000E-002   3.30522023756859     
  2.714000000000000E-002   3.30568153062429     
  2.716000000000000E-002   3.30621541093795     
  2.718000000000000E-002   3.30683573842439     
  2.720000000000000E-002   3.30754751891859     
  2.722000000000000E-002   3.30834583616001     
  2.724000000000000E-002   3.30922007332172     
  2.726000000000000E-002   3.31016050578490     
  2.728000000000000E-002   3.31116230783423     
  2.730000000000000E-002   3.31221526958653     
  2.732000000000000E-002   3.31332653152866     
  2.734000000000000E-002   3.31451025871526     
  2.736000000000000E-002   3.31576826280073     
  2.738000000000000E-002   3.31709468606804     
  2.740000000000000E-002   3.31848327204608     
  2.742000000000000E-002   3.31992835570544     
  2.744000000000000E-002   3.32142435398579     
  2.746000000000000E-002   3.32296437694554     
  2.748000000000000E-002   3.32454202833014     
  2.750000000000000E-002   3.32615242142860     
  2.752000000000000E-002   3.32779094090458     
  2.754000000000000E-002   3.32946658894829     
  2.756000000000000E-002   3.33118274728361     
  2.758000000000000E-002   3.33293956341142     
  2.760000000000000E-002   3.33473449329532     
  2.762000000000000E-002   3.33656237950971     
  2.764000000000000E-002   3.33841560599462     
  2.766000000000000E-002   3.34028518220692     
  2.768000000000000E-002   3.34216257377030     
  2.770000000000000E-002   3.34404270912391     
  2.772000000000000E-002   3.34591224537230     
  2.774000000000000E-002   3.34771187690636     
  2.776000000000000E-002   3.34938012139836     
  2.778000000000000E-002   3.35087498663593     
  2.780000000000000E-002   3.35217264605323     
  2.782000000000000E-002   3.35327703039392     
  2.784000000000000E-002   3.35420428760256     
  2.786000000000000E-002   3.35496830801791     
  2.788000000000000E-002   3.35555647908245     
  2.790000000000000E-002   3.35594550960867     
  2.792000000000000E-002   3.35614808371820     
  2.794000000000000E-002   3.35620268512789     
  2.796000000000000E-002   3.35613884875178     
  2.798000000000000E-002   3.35592028010600     
  2.800000000000000E-002   3.35553805786523     
  2.802000000000000E-002   3.35504826866236     
  2.804000000000000E-002   3.35446396542323     
  2.806000000000000E-002   3.35393787269954     
  2.808000000000000E-002   3.35347894964161     
  2.810000000000000E-002   3.35312608780734     
  2.812000000000000E-002   3.35289339209799     
  2.814000000000000E-002   3.35277943539254     
  2.816000000000000E-002   3.35276365713742     
  2.818000000000000E-002   3.35282424020850     
  2.820000000000000E-002   3.35298643549961     
  2.822000000000000E-002   3.35326524884104     
  2.824000000000000E-002   3.35365806767628     
  2.826000000000000E-002   3.35414573963469     
  2.828000000000000E-002   3.35471826875688     
  2.830000000000000E-002   3.35535042121860     
  2.832000000000000E-002   3.35605459261974     
  2.834000000000000E-002   3.35676437757450     
  2.836000000000000E-002   3.35745135426660     
  2.838000000000000E-002   3.35810302542950     
  2.840000000000000E-002   3.35869992713107     
  2.842000000000000E-002   3.35924760524023     
  2.844000000000000E-002   3.35973048747568     
  2.846000000000000E-002   3.36009046289565     
  2.848000000000000E-002   3.36047193571168     
  2.850000000000000E-002   3.36074674381924     
  2.852000000000000E-002   3.36102360917165     
  2.854000000000000E-002   3.36128448582794     
  2.856000000000000E-002   3.36147538889363     
  2.858000000000000E-002   3.36162048220778     
  2.860000000000000E-002   3.36172057457799     
  2.862000000000000E-002   3.36177626949654     
  2.864000000000000E-002   3.36179371634452     
  2.866000000000000E-002   3.36179506992952     
  2.868000000000000E-002   3.36178019003682     
  2.870000000000000E-002   3.36172905506324     
  2.872000000000000E-002   3.36161619230867     
  2.874000000000000E-002   3.36143912156592     
  2.876000000000000E-002   3.36124057612820     
  2.878000000000000E-002   3.36104547033155     
  2.880000000000000E-002   3.36087252423524     
  2.882000000000000E-002   3.36070829097332     
  2.884000000000000E-002   3.36053460474627     
  2.886000000000000E-002   3.36032661491053     
  2.888000000000000E-002   3.36001460873029     
  2.890000000000000E-002   3.35956817207185     
  2.892000000000000E-002   3.35907600655585     
  2.894000000000000E-002   3.35857542028315     
  2.896000000000000E-002   3.35801793772083     
  2.898000000000000E-002   3.35739494456140     
  2.900000000000000E-002   3.35671209241826     
  2.902000000000000E-002   3.35596668714520     
  2.904000000000000E-002   3.35515088298477     
  2.906000000000000E-002   3.35425009196392     
  2.908000000000000E-002   3.35324720305466     
  2.910000000000000E-002   3.35212174433192     
  2.912000000000000E-002   3.35084459342050     
  2.914000000000000E-002   3.34938096670998     
  2.916000000000000E-002   3.34769682028870     
  2.918000000000000E-002   3.34576813768607     
  2.920000000000000E-002   3.34359322232251     
  2.922000000000000E-002   3.34122459434460     
  2.924000000000000E-002   3.33883964303565     
  2.926000000000000E-002   3.33656540571494     
  2.928000000000000E-002   3.33437241444381     
  2.930000000000000E-002   3.33224833474000     
  2.932000000000000E-002   3.33018559716938     
  2.934000000000000E-002   3.32817961910214     
  2.936000000000000E-002   3.32622929724836     
  2.938000000000000E-002   3.32433198629013     
  2.940000000000000E-002   3.32248290558644     
  2.942000000000000E-002   3.32067370909549     
  2.944000000000000E-002   3.31889650377370     
  2.946000000000000E-002   3.31713923729562     
  2.948000000000000E-002   3.31538470439165     
  2.950000000000000E-002   3.31365461426898     
  2.952000000000000E-002   3.31201112736633     
  2.954000000000000E-002   3.31048985831786     
  2.956000000000000E-002   3.30911069230194     
  2.958000000000000E-002   3.30787849532872     
  2.960000000000000E-002   3.30678172946418     
  2.962000000000000E-002   3.30581756830884     
  2.964000000000000E-002   3.30500906189975     
  2.966000000000000E-002   3.30436671563264     
  2.968000000000000E-002   3.30386942371032     
  2.970000000000000E-002   3.30348760558467     
  2.972000000000000E-002   3.30319650004071     
  2.974000000000000E-002   3.30298201626815     
  2.976000000000000E-002   3.30283709546443     
  2.978000000000000E-002   3.30276007983168     
  2.980000000000000E-002   3.30275436701367     
  2.982000000000000E-002   3.30285412126051     
  2.984000000000000E-002   3.30311579202110     
  2.986000000000000E-002   3.30354597981368     
  2.988000000000000E-002   3.30408859415794     
  2.990000000000000E-002   3.30471603994902     
  2.992000000000000E-002   3.30544371378163     
  2.994000000000000E-002   3.30627838475989     
  2.996000000000000E-002   3.30721683655487     
  2.998000000000000E-002   3.30824934364738     
  3.000000000000000E-002   3.30936375905789     
  3.002000000000000E-002   3.31054778925981     
  3.004000000000000E-002   3.31178948370546     
  3.006000000000000E-002   3.31307587434372     
  3.008000000000000E-002   3.31439212863054     
  3.010000000000000E-002   3.31573511236682     
  3.012000000000000E-002   3.31709963129571     
  3.014000000000000E-002   3.31847492429901     
  3.016000000000000E-002   3.31985447208058     
  3.018000000000000E-002   3.32123426671891     
  3.020000000000000E-002   3.32261418742197     
  3.022000000000000E-002   3.32399558384190     
  3.024000000000000E-002   3.32538242977454     
  3.026000000000000E-002   3.32677943326571     
  3.028000000000000E-002   3.32819183390996     
  3.030000000000000E-002   3.32962370816390     
  3.032000000000000E-002   3.33107792068994     
  3.034000000000000E-002   3.33255580037413     
  3.036000000000000E-002   3.33406011691218     
  3.038000000000000E-002   3.33559074734208     
  3.040000000000000E-002   3.33715184299224     
  3.042000000000000E-002   3.33874652101749     
  3.044000000000000E-002   3.34036754465605     
  3.046000000000000E-002   3.34200890601372     
  3.048000000000000E-002   3.34366614732162     
  3.050000000000000E-002   3.34533581564837     
  3.052000000000000E-002   3.34701469457700     
  3.054000000000000E-002   3.34869955810692     
  3.056000000000000E-002   3.35039054809699     
  3.058000000000000E-002   3.35209446939583     
  3.060000000000000E-002   3.35381097537662     
  3.062000000000000E-002   3.35553768945302     
  3.064000000000000E-002   3.35727730388867     
  3.066000000000000E-002   3.35903107668060     
  3.068000000000000E-002   3.36079558912572     
  3.070000000000000E-002   3.36255337790657     
  3.072000000000000E-002   3.36427714543724     
  3.074000000000000E-002   3.36594762753398     
  3.076000000000000E-002   3.36755852461030     
  3.078000000000000E-002   3.36910583631365     
  3.080000000000000E-002   3.37057682616611     
  3.082000000000000E-002   3.37195364403536     
  3.084000000000000E-002   3.37322711248469     
  3.086000000000000E-002   3.37439360728221     
  3.088000000000000E-002   3.37544892752469     
  3.090000000000000E-002   3.37639020260343     
  3.092000000000000E-002   3.37721358591060     
  3.094000000000000E-002   3.37792703410711     
  3.096000000000000E-002   3.37854995447933     
  3.098000000000000E-002   3.37908989536695     
  3.100000000000000E-002   3.37956709857842     
  3.102000000000000E-002   3.38001651083139     
  3.104000000000000E-002   3.38042498343817     
  3.106000000000000E-002   3.38077878224454     
  3.108000000000000E-002   3.38107201756567     
  3.110000000000000E-002   3.38130346489670     
  3.112000000000000E-002   3.38147446350187     
  3.114000000000000E-002   3.38159183513126     
  3.116000000000000E-002   3.38166879297945     
  3.118000000000000E-002   3.38172426379219     
  3.120000000000000E-002   3.38177880111823     
  3.122000000000000E-002   3.38186640305617     
  3.124000000000000E-002   3.38203667132436     
  3.126000000000000E-002   3.38231438770896     
  3.128000000000000E-002   3.38277747265265     
  3.130000000000000E-002   3.38335956491696     
  3.132000000000000E-002   3.38401148668187     
  3.134000000000000E-002   3.38478664548466     
  3.136000000000001E-002   3.38570109589924     
  3.138000000000001E-002   3.38677797184238     
  3.140000000000000E-002   3.38802686257053     
  3.142000000000000E-002   3.38940559058779     
  3.144000000000000E-002   3.39104663842137     
  3.146000000000000E-002   3.39286614796239     
  3.148000000000000E-002   3.39483009789410     
  3.150000000000000E-002   3.39691881826517     
  3.152000000000000E-002   3.39909880517873     
  3.154000000000001E-002   3.40134189484672     
  3.156000000000000E-002   3.40359593756006     
  3.158000000000000E-002   3.40579310874139     
  3.160000000000000E-002   3.40793769395814     
  3.162000000000000E-002   3.41003600770111     
  3.164000000000000E-002   3.41215870522903     
  3.166000000000000E-002   3.41423008478778     
  3.168000000000000E-002   3.41628273040431     
  3.170000000000001E-002   3.41833383405393     
  3.172000000000001E-002   3.42036603128010     
  3.174000000000000E-002   3.42238180741857     
  3.176000000000000E-002   3.42441689123831     
  3.178000000000000E-002   3.42643940212551     
  3.180000000000000E-002   3.42843192088789     
  3.182000000000000E-002   3.43041845870218     
  3.184000000000000E-002   3.43241698619076     
  3.186000000000000E-002   3.43446006265436     
  3.188000000000001E-002   3.43657596027855     
  3.190000000000000E-002   3.43878615108741     
  3.192000000000000E-002   3.44112515349009     
  3.194000000000000E-002   3.44361578594296     
  3.196000000000000E-002   3.44625509244792     
  3.198000000000000E-002   3.44902813416036     
  3.200000000000000E-002   3.45193151738876     
  3.202000000000000E-002   3.45491501516262     
  3.204000000000001E-002   3.45776648254903     
  3.206000000000001E-002   3.46035716102890     
  3.208000000000000E-002   3.46261062939855     
  3.210000000000000E-002   3.46447272004555     
  3.212000000000000E-002   3.46590789279018     
  3.214000000000000E-002   3.46698400045112     
  3.216000000000000E-002   3.46773298818542     
  3.218000000000000E-002   3.46809098743775     
  3.220000000000000E-002   3.46802975567912     
  3.222000000000001E-002   3.46758858092874     
  3.224000000000000E-002   3.46657814424071     
  3.226000000000000E-002   3.46477229794333     
  3.228000000000000E-002   3.46190051722069     
  3.230000000000000E-002   3.45762764160093     
  3.232000000000000E-002   3.45155883293895     
  3.234000000000000E-002   3.44326727126156     
  3.236000000000000E-002   3.43234016828922     
  3.238000000000001E-002   3.41844018358666     
  3.240000000000001E-002   3.40137037965009     
  3.242000000000000E-002   3.38141236212386     
  3.244000000000000E-002   3.36205732274401     
  3.246000000000000E-002   3.34647306910636     
  3.248000000000000E-002   3.33417619057322     
  3.250000000000000E-002   3.32457236376075     
  3.252000000000000E-002   3.31711557253354     
  3.254000000000000E-002   3.31133586617820     
  3.256000000000001E-002   3.30684852335248     
  3.258000000000000E-002   3.30334771830805     
  3.260000000000000E-002   3.30060816978153     
  3.262000000000000E-002   3.29844565000009     
  3.264000000000000E-002   3.29673487671612     
  3.266000000000000E-002   3.29534975915494     
  3.268000000000000E-002   3.29424116151211     
  3.270000000000000E-002   3.29344228178588     
  3.272000000000001E-002   3.29291610097629     
  3.274000000000001E-002   3.29260208154879     
  3.276000000000000E-002   3.29245012222734     
  3.278000000000000E-002   3.29242262082868     
  3.280000000000000E-002   3.29253067409935     
  3.282000000000000E-002   3.29285403386857     
  3.284000000000000E-002   3.29340541549400     
  3.286000000000000E-002   3.29410428606032     
  3.288000000000000E-002   3.29486653261824     
  3.290000000000001E-002   3.29568460657363     
  3.292000000000000E-002   3.29655072064317     
  3.294000000000000E-002   3.29745933309045     
  3.296000000000000E-002   3.29840967457057     
  3.298000000000000E-002   3.29940723679819     
  3.300000000000000E-002   3.30046280705041     
  3.302000000000000E-002   3.30158451124246     
  3.304000000000000E-002   3.30277712305437     
  3.306000000000001E-002   3.30404030029979     
  3.308000000000001E-002   3.30536819081058     
  3.310000000000000E-002   3.30675022870367     
  3.312000000000000E-002   3.30817224607338     
  3.314000000000000E-002   3.30960241633363     
  3.316000000000000E-002   3.31100597701602     
  3.318000000000000E-002   3.31239609496416     
  3.320000000000000E-002   3.31378223241012     
  3.322000000000000E-002   3.31515614403745     
  3.324000000000001E-002   3.31647514586711     
  3.326000000000000E-002   3.31767389894983     
  3.328000000000000E-002   3.31870919763178     
  3.330000000000000E-002   3.31958008799413     
  3.332000000000000E-002   3.32030163965522     
  3.334000000000000E-002   3.32087629147784     
  3.336000000000000E-002   3.32127034299170     
  3.338000000000000E-002   3.32141125499759     
  3.340000000000001E-002   3.32137093353531     
  3.342000000000001E-002   3.32129207463662     
  3.344000000000000E-002   3.32109415878055     
  3.346000000000000E-002   3.32064153981183     
  3.348000000000000E-002   3.31998784354825     
  3.350000000000000E-002   3.31924759046493     
  3.352000000000000E-002   3.31845163242278     
  3.354000000000000E-002   3.31742614219186     
  3.356000000000000E-002   3.31616831978542     
  3.358000000000001E-002   3.31500804628018     
  3.360000000000000E-002   3.31388848137973     
  3.362000000000000E-002   3.31247455341931     
  3.364000000000000E-002   3.31081950039179     
  3.366000000000000E-002   3.30949844607515     
  3.368000000000000E-002   3.30830429732682     
  3.370000000000000E-002   3.30613676810751     
  3.372000000000000E-002   3.30157712493438     
  3.374000000000001E-002   3.28868643558550     
  3.376000000000001E-002   3.24325931325568     
  3.378000000000000E-002   3.08372055177118     
  3.380000000000000E-002   2.59819193110227     
  3.382000000000000E-002   1.63543734341433     
  3.384000000000000E-002   1.10362599304346     
  3.386000000000000E-002   1.01364455692047     
  3.388000000000000E-002   1.00171852494717     
  3.390000000000000E-002   1.00021472269598     
  3.392000000000001E-002   1.00002677641173     
  3.394000000000000E-002   1.00000331958242     
  3.396000000000000E-002   1.00000039220598     
  3.398000000000000E-002   1.00000002684570     
  3.400000000000000E-002  0.999999981242434     
  3.402000000000000E-002  0.999999975549906     
  3.404000000000000E-002  0.999999974839260     
  3.406000000000000E-002  0.999999974750535     
  3.408000000000001E-002  0.999999974739456     
  3.410000000000001E-002  0.999999974738072     
  3.412000000000000E-002  0.999999974737900     
  3.414000000000000E-002  0.999999974737878     
  3.416000000000000E-002  0.999999974737875     
  3.418000000000000E-002  0.999999974737875     
  3.420000000000000E-002  0.999999974737875     
  3.422000000000000E-002  0.999999974737875     
  3.424000000000000E-002  0.999999974737875     
  3.426000000000001E-002  0.999999974737875     
  3.428000000000000E-002  0.999999974737875     
  3.430000000000000E-002  0.999999974737875     
  3.432000000000000E-002  0.999999974737875     
  3.434000000000000E-002  0.999999974737875     
  3.436000000000000E-002  0.999999974737875     
  3.438000000000000E-002  0.999999974737875     
  3.440000000000000E-002  0.999999974737875     
  3.442000000000001E-002  0.999999974737875     
  3.444000000000001E-002  0.999999974737875     
  3.446000000000000E-002  0.999999974737875     
  3.448000000000000E-002  0.999999974737875     
  3.450000000000000E-002  0.999999974737875     
  3.452000000000000E-002  0.999999974737875     
  3.454000000000000E-002  0.999999974737875     
  3.456000000000000E-002  0.999999974737875     
  3.458000000000000E-002  0.999999974737875     
  3.460000000000001E-002  0.999999974737875     
  3.462000000000000E-002  0.999999974737875     
  3.464000000000000E-002  0.999999974737875     
  3.466000000000000E-002  0.999999974737875     
  3.468000000000000E-002  0.999999974737875     
  3.470000000000000E-002  0.999999974737875     
  3.472000000000000E-002  0.999999974737875     
  3.474000000000000E-002  0.999999974737875     
  3.476000000000001E-002  0.999999974737875     
  3.478000000000001E-002  0.999999974737875     
  3.480000000000000E-002  0.999999974737875     
  3.482000000000000E-002  0.999999974737875     
  3.484000000000000E-002  0.999999974737875     
  3.486000000000000E-002  0.999999974737875     
  3.488000000000000E-002  0.999999974737875     
  3.490000000000000E-002  0.999999974737875     
  3.492000000000000E-002  0.999999974737875     
  3.494000000000001E-002  0.999999974737875     
  3.496000000000000E-002  0.999999974737875     
  3.498000000000000E-002  0.999999974737875     
  3.500000000000000E-002  0.999999974737875     
  3.502000000000000E-002  0.999999974737875     
  3.504000000000000E-002  0.999999974737875     
  3.506000000000000E-002  0.999999974737875     
  3.508000000000000E-002  0.999999974737875     
  3.510000000000001E-002  0.999999974737875     
  3.512000000000001E-002  0.999999974737875     
  3.514000000000000E-002  0.999999974737875     
  3.516000000000000E-002  0.999999974737875     
  3.518000000000000E-002  0.999999974737875     
  3.520000000000000E-002  0.999999974737875     
  3.522000000000000E-002  0.999999974737875     
  3.524000000000000E-002  0.999999974737875     
  3.526000000000000E-002  0.999999974737875     
  3.528000000000001E-002  0.999999974737875     
  3.530000000000000E-002  0.999999974737875     
  3.532000000000000E-002  0.999999974737875     
  3.534000000000000E-002  0.999999974737875     
  3.536000000000000E-002  0.999999974737875     
  3.538000000000000E-002  0.999999974737875     
  3.540000000000000E-002  0.999999974737875     
  3.542000000000000E-002  0.999999974737875     
  3.544000000000001E-002  0.999999974737875     
  3.546000000000001E-002  0.999999974737875     
  3.548000000000000E-002  0.999999974737875     
  3.550000000000000E-002  0.999999974737875     
  3.552000000000000E-002  0.999999974737875     
  3.554000000000000E-002  0.999999974737875     
  3.556000000000000E-002  0.999999974737875     
  3.558000000000000E-002  0.999999974737875     
  3.560000000000000E-002  0.999999974737875     
  3.562000000000001E-002  0.999999974737875     
  3.564000000000001E-002  0.999999974737875     
  3.566000000000000E-002  0.999999974737875     
  3.568000000000000E-002  0.999999974737875     
  3.570000000000000E-002  0.999999974737875     
  3.572000000000000E-002  0.999999974737875     
  3.574000000000000E-002  0.999999974737875     
  3.576000000000000E-002  0.999999974737875     
  3.578000000000001E-002  0.999999974737875     
  3.580000000000001E-002  0.999999974737875     
  3.582000000000000E-002  0.999999974737875     
  3.584000000000000E-002  0.999999974737875     
  3.586000000000000E-002  0.999999974737875     
  3.588000000000000E-002  0.999999974737875     
  3.590000000000000E-002  0.999999974737875     
  3.592000000000000E-002  0.999999974737875     
  3.594000000000000E-002  0.999999974737875     
  3.596000000000001E-002  0.999999974737875     
  3.598000000000001E-002  0.999999974737875     
  3.600000000000000E-002  0.999999974737875     
  3.602000000000000E-002  0.999999974737875     
  3.604000000000000E-002  0.999999974737875     
  3.606000000000000E-002  0.999999974737875     
  3.608000000000000E-002  0.999999974737875     
  3.610000000000000E-002  0.999999974737875     
  3.612000000000001E-002  0.999999974737875     
  3.614000000000001E-002  0.999999974737875     
  3.616000000000000E-002  0.999999974737875     
  3.618000000000000E-002  0.999999974737875     
  3.620000000000000E-002  0.999999974737875     
  3.622000000000000E-002  0.999999974737875     
  3.624000000000000E-002  0.999999974737875     
  3.626000000000000E-002  0.999999974737875     
  3.628000000000000E-002  0.999999974737875     
  3.630000000000001E-002  0.999999974737875     
  3.632000000000001E-002  0.999999974737875     
  3.634000000000000E-002  0.999999974737875     
  3.636000000000000E-002  0.999999974737875     
  3.638000000000000E-002  0.999999974737875     
  3.640000000000000E-002  0.999999974737875     
  3.642000000000000E-002  0.999999974737875     
  3.644000000000000E-002  0.999999974737875     
  3.646000000000001E-002  0.999999974737875     
  3.648000000000001E-002  0.999999974737875     
  3.650000000000000E-002  0.999999974737875     
  3.652000000000000E-002  0.999999974737875     
  3.654000000000000E-002  0.999999974737875     
  3.656000000000000E-002  0.999999974737875     
  3.658000000000000E-002  0.999999974737875     
  3.660000000000000E-002  0.999999974737875     
  3.662000000000000E-002  0.999999974737875     
  3.664000000000001E-002  0.999999974737875     
  3.666000000000001E-002  0.999999974737875     
  3.668000000000000E-002  0.999999974737875     
  3.670000000000000E-002  0.999999974737875     
  3.672000000000000E-002  0.999999974737875     
  3.674000000000000E-002  0.999999974737875     
  3.676000000000000E-002  0.999999974737875     
  3.678000000000000E-002  0.999999974737875     
  3.680000000000001E-002  0.999999974737875     
  3.682000000000001E-002  0.999999974737875     
  3.684000000000000E-002  0.999999974737875     
  3.686000000000000E-002  0.999999974737875     
  3.688000000000000E-002  0.999999974737875     
  3.690000000000000E-002  0.999999974737875     
  3.692000000000000E-002  0.999999974737875     
  3.694000000000000E-002  0.999999974737875     
  3.696000000000000E-002  0.999999974737875     
  3.698000000000001E-002  0.999999974737875     
  3.700000000000001E-002  0.999999974737875     
  3.702000000000000E-002  0.999999974737875     
  3.704000000000000E-002  0.999999974737875     
  3.706000000000000E-002  0.999999974737875     
  3.708000000000000E-002  0.999999974737875     
  3.710000000000000E-002  0.999999974737875     
  3.712000000000000E-002  0.999999974737875     
  3.714000000000001E-002  0.999999974737875     
  3.716000000000001E-002  0.999999974737875     
  3.718000000000000E-002  0.999999974737875     
  3.720000000000000E-002  0.999999974737875     
  3.722000000000000E-002  0.999999974737875     
  3.724000000000000E-002  0.999999974737875     
  3.726000000000000E-002  0.999999974737875     
  3.728000000000000E-002  0.999999974737875     
  3.730000000000000E-002  0.999999974737875     
  3.732000000000001E-002  0.999999974737875     
  3.734000000000001E-002  0.999999974737875     
  3.736000000000000E-002  0.999999974737875     
  3.738000000000000E-002  0.999999974737875     
  3.740000000000000E-002  0.999999974737875     
  3.742000000000000E-002  0.999999974737875     
  3.744000000000000E-002  0.999999974737875     
  3.746000000000000E-002  0.999999974737875     
  3.748000000000001E-002  0.999999974737875     
  3.750000000000001E-002  0.999999974737875     
  3.752000000000000E-002  0.999999974737875     
  3.754000000000000E-002  0.999999974737875     
  3.756000000000000E-002  0.999999974737875     
  3.758000000000000E-002  0.999999974737875     
  3.760000000000000E-002  0.999999974737875     
  3.762000000000000E-002  0.999999974737875     
  3.764000000000000E-002  0.999999974737875     
  3.766000000000001E-002  0.999999974737875     
  3.768000000000001E-002  0.999999974737875     
  3.770000000000000E-002  0.999999974737875     
  3.772000000000000E-002  0.999999974737875     
  3.774000000000000E-002  0.999999974737875     
  3.776000000000000E-002  0.999999974737875     
  3.778000000000000E-002  0.999999974737875     
  3.780000000000000E-002  0.999999974737875     
  3.782000000000001E-002  0.999999974737875     
  3.784000000000001E-002  0.999999974737875     
  3.786000000000000E-002  0.999999974737875     
  3.788000000000000E-002  0.999999974737875     
  3.790000000000000E-002  0.999999974737875     
  3.792000000000000E-002  0.999999974737875     
  3.794000000000000E-002  0.999999974737875     
  3.796000000000000E-002  0.999999974737875     
  3.798000000000000E-002  0.999999974737875     
  3.800000000000001E-002  0.999999974737875     
  3.802000000000001E-002  0.999999974737875     
  3.804000000000000E-002  0.999999974737875     
  3.806000000000000E-002  0.999999974737875     
  3.808000000000000E-002  0.999999974737875     
  3.810000000000000E-002  0.999999974737875     
  3.812000000000000E-002  0.999999974737875     
  3.814000000000000E-002  0.999999974737875     
  3.816000000000001E-002  0.999999974737875     
  3.818000000000001E-002  0.999999974737875     
  3.820000000000000E-002  0.999999974737875     
  3.822000000000000E-002  0.999999974737875     
  3.824000000000000E-002  0.999999974737875     
  3.826000000000000E-002  0.999999974737875     
  3.828000000000000E-002  0.999999974737875     
  3.830000000000000E-002  0.999999974737875     
  3.832000000000000E-002  0.999999974737875     
  3.834000000000001E-002  0.999999974737875     
  3.836000000000001E-002  0.999999974737875     
  3.838000000000000E-002  0.999999974737875     
  3.840000000000000E-002  0.999999974737875     
  3.842000000000000E-002  0.999999974737875     
  3.844000000000000E-002  0.999999974737875     
  3.846000000000000E-002  0.999999974737875     
  3.848000000000000E-002  0.999999974737875     
  3.850000000000001E-002  0.999999974737875     
  3.852000000000001E-002  0.999999974737875     
  3.854000000000000E-002  0.999999974737875     
  3.856000000000000E-002  0.999999974737875     
  3.858000000000000E-002  0.999999974737875     
  3.860000000000000E-002  0.999999974737875     
  3.862000000000000E-002  0.999999974737875     
  3.864000000000000E-002  0.999999974737875     
  3.866000000000000E-002  0.999999974737875     
  3.868000000000001E-002  0.999999974737875     
  3.870000000000001E-002  0.999999974737875     
  3.872000000000000E-002  0.999999974737875     
  3.874000000000000E-002  0.999999974737875     
  3.876000000000000E-002  0.999999974737875     
  3.878000000000000E-002  0.999999974737875     
  3.880000000000000E-002  0.999999974737875     
  3.882000000000000E-002  0.999999974737875     
  3.884000000000001E-002  0.999999974737875     
  3.886000000000001E-002  0.999999974737875     
  3.888000000000000E-002  0.999999974737875     
  3.890000000000000E-002  0.999999974737875     
  3.892000000000000E-002  0.999999974737875     
  3.894000000000000E-002  0.999999974737875     
  3.896000000000000E-002  0.999999974737875     
  3.898000000000000E-002  0.999999974737875     
  3.900000000000000E-002  0.999999974737875     
  3.902000000000001E-002  0.999999974737875     
  3.904000000000001E-002  0.999999974737875     
  3.906000000000000E-002  0.999999974737875     
  3.908000000000000E-002  0.999999974737875     
  3.910000000000000E-002  0.999999974737875     
  3.912000000000000E-002  0.999999974737875     
  3.914000000000000E-002  0.999999974737875     
  3.916000000000000E-002  0.999999974737875     
  3.918000000000001E-002  0.999999974737875     
  3.920000000000001E-002  0.999999974737875     
  3.922000000000000E-002  0.999999974737875     
  3.924000000000000E-002  0.999999974737875     
  3.926000000000000E-002  0.999999974737875     
  3.928000000000000E-002  0.999999974737875     
  3.930000000000000E-002  0.999999974737875     
  3.932000000000000E-002  0.999999974737875     
  3.934000000000000E-002  0.999999974737875     
  3.936000000000001E-002  0.999999974737875     
  3.938000000000001E-002  0.999999974737875     
  3.940000000000000E-002  0.999999974737875     
  3.942000000000000E-002  0.999999974737875     
  3.944000000000000E-002  0.999999974737875     
  3.946000000000000E-002  0.999999974737875     
  3.948000000000000E-002  0.999999974737875     
  3.950000000000000E-002  0.999999974737875     
  3.952000000000001E-002  0.999999974737875     
  3.954000000000001E-002  0.999999974737875     
  3.956000000000000E-002  0.999999974737875     
  3.958000000000000E-002  0.999999974737875     
  3.960000000000000E-002  0.999999974737875     
  3.962000000000000E-002  0.999999974737875     
  3.964000000000000E-002  0.999999974737875     
  3.966000000000000E-002  0.999999974737875     
  3.968000000000000E-002  0.999999974737875     
  3.970000000000001E-002  0.999999974737875     
  3.972000000000001E-002  0.999999974737875     
  3.974000000000000E-002  0.999999974737875     
  3.976000000000000E-002  0.999999974737875     
  3.978000000000000E-002  0.999999974737875     
  3.980000000000000E-002  0.999999974737875     
  3.982000000000000E-002  0.999999974737875     
  3.984000000000000E-002  0.999999974737875     
  3.986000000000001E-002  0.999999974737875     
  3.988000000000001E-002  0.999999974737875     
  3.990000000000000E-002  0.999999974737875     
  3.992000000000000E-002  0.999999974737875     
  3.994000000000000E-002  0.999999974737875     
  3.996000000000000E-002  0.999999974737875     
  3.998000000000000E-002  0.999999974737875     
  4.000000000000000E-002  0.999999974718739     
