  0.000000000000000E+000  6.118102317530011E-012
  2.000000000000000E-005  6.505314985526912E-012
  4.000000000000000E-005  6.570750808628603E-012
  6.000000000000001E-005  6.573838737211479E-012
  8.000000000000001E-005  6.576397934018621E-012
  1.000000000000000E-004  6.578970714391938E-012
  1.200000000000000E-004  6.581548670207810E-012
  1.400000000000000E-004  6.584138575732820E-012
  1.600000000000000E-004  6.586736813945270E-012
  1.800000000000000E-004  6.589345727107221E-012
  2.000000000000000E-004  6.591964788196787E-012
  2.200000000000000E-004  6.594594083251832E-012
  2.400000000000000E-004  6.597233971135732E-012
  2.600000000000000E-004  6.599884489724163E-012
  2.800000000000000E-004  6.602545507561005E-012
  3.000000000000000E-004  6.605216871321065E-012
  3.200000000000000E-004  6.607898115672241E-012
  3.400000000000000E-004  6.610588762001304E-012
  3.600000000000000E-004  6.613288076739639E-012
  3.800000000000000E-004  6.615994982266696E-012
  4.000000000000000E-004  6.618708246345636E-012
  4.200000000000000E-004  6.621426682880667E-012
  4.400000000000000E-004  6.624150013782679E-012
  4.600000000000000E-004  6.626879229948823E-012
  4.800000000000001E-004  6.629614512723152E-012
  5.000000000000000E-004  6.632355227131027E-012
  5.200000000000001E-004  6.635099659148838E-012
  5.400000000000000E-004  6.637846410686623E-012
  5.600000000000001E-004  6.640595629333105E-012
  5.800000000000000E-004  6.643347852736803E-012
  6.000000000000001E-004  6.646103209648621E-012
  6.200000000000000E-004  6.648861727458268E-012
  6.400000000000001E-004  6.651622665184832E-012
  6.600000000000001E-004  6.654385812855809E-012
  6.800000000000000E-004  6.657150973034563E-012
  7.000000000000001E-004  6.659917892295342E-012
  7.200000000000000E-004  6.662686329327934E-012
  7.400000000000001E-004  6.665456074794179E-012
  7.600000000000000E-004  6.668227009720090E-012
  7.800000000000001E-004  6.670999143279770E-012
  8.000000000000000E-004  6.673772565200611E-012
  8.200000000000001E-004  6.676547460414742E-012
  8.400000000000000E-004  6.679324105330680E-012
  8.600000000000001E-004  6.682102744595025E-012
  8.800000000000000E-004  6.684883468335988E-012
  9.000000000000001E-004  6.687666063832820E-012
  9.200000000000000E-004  6.690449770278606E-012
  9.400000000000001E-004  6.693233819132943E-012
  9.600000000000001E-004  6.696017194154385E-012
  9.800000000000002E-004  6.698798609151231E-012
  1.000000000000000E-003  6.701576803013929E-012
  1.020000000000000E-003  6.704350639139891E-012
  1.040000000000000E-003  6.707119225945247E-012
  1.060000000000000E-003  6.709882065942606E-012
  1.080000000000000E-003  6.712639022843601E-012
  1.100000000000000E-003  6.715389875167138E-012
  1.120000000000000E-003  6.718135018240023E-012
  1.140000000000000E-003  6.720873253888223E-012
  1.160000000000000E-003  6.723603646269061E-012
  1.180000000000000E-003  6.726325974930761E-012
  1.200000000000000E-003  6.729042987859990E-012
  1.220000000000000E-003  6.731762599637039E-012
  1.240000000000000E-003  6.734518368818641E-012
  1.260000000000000E-003  6.737552104736395E-012
  1.280000000000000E-003  6.740750954055564E-012
  1.300000000000000E-003  6.742740199831194E-012
  1.320000000000000E-003  6.742450644394574E-012
  1.340000000000000E-003  6.730817604238054E-012
  1.360000000000000E-003  6.653696722164082E-012
  1.380000000000000E-003  6.408874471111269E-012
  1.400000000000000E-003  6.231864479471657E-012
  1.420000000000000E-003  6.175879158226523E-012
  1.440000000000000E-003  6.164715948857587E-012
  1.460000000000000E-003  6.164384051168557E-012
  1.480000000000000E-003  6.168236310043098E-012
  1.500000000000000E-003  6.174368761670052E-012
  1.520000000000000E-003  6.178793719588500E-012
  1.540000000000000E-003  6.182935132782241E-012
  1.560000000000000E-003  6.186968273187905E-012
  1.580000000000000E-003  6.190839621602539E-012
  1.600000000000000E-003  6.194614144167149E-012
  1.620000000000000E-003  6.198244092766109E-012
  1.640000000000000E-003  6.201794159553416E-012
  1.660000000000000E-003  6.205323180738259E-012
  1.680000000000000E-003  6.208854892124449E-012
  1.700000000000000E-003  6.212363157806376E-012
  1.720000000000000E-003  6.215889534204492E-012
  1.740000000000000E-003  6.219394954034876E-012
  1.760000000000000E-003  6.222885771575050E-012
  1.780000000000000E-003  6.226364719756179E-012
  1.800000000000000E-003  6.229871192993732E-012
  1.820000000000000E-003  6.233493676313369E-012
  1.840000000000000E-003  6.237366096372045E-012
  1.860000000000000E-003  6.241114686054051E-012
  1.880000000000000E-003  6.244337704135719E-012
  1.900000000000000E-003  6.246685610164665E-012
  1.920000000000000E-003  6.247823647363733E-012
  1.940000000000000E-003  6.247968750234733E-012
  1.960000000000000E-003  6.246580000214823E-012
  1.980000000000000E-003  6.240993037489145E-012
  2.000000000000000E-003  6.226628116208236E-012
  2.020000000000000E-003  6.196235280197698E-012
  2.040000000000000E-003  6.148220313444582E-012
  2.060000000000000E-003  6.108715470851966E-012
  2.080000000000000E-003  6.085691461005124E-012
  2.100000000000000E-003  6.073903887064703E-012
  2.120000000000000E-003  6.068642391469800E-012
  2.140000000000000E-003  6.066828120905499E-012
  2.160000000000000E-003  6.066388845169096E-012
  2.180000000000000E-003  6.067795109355322E-012
  2.200000000000000E-003  6.071971903952112E-012
  2.220000000000000E-003  6.076445183960612E-012
  2.240000000000000E-003  6.080410179146148E-012
  2.260000000000000E-003  6.084089712295260E-012
  2.280000000000000E-003  6.087659018813028E-012
  2.300000000000000E-003  6.091190570118711E-012
  2.320000000000000E-003  6.094703711945602E-012
  2.340000000000000E-003  6.098209393748816E-012
  2.360000000000000E-003  6.101679655578366E-012
  2.380000000000000E-003  6.105094319201512E-012
  2.400000000000000E-003  6.108452834953560E-012
  2.420000000000000E-003  6.111766502505498E-012
  2.440000000000000E-003  6.115059870008238E-012
  2.460000000000000E-003  6.118347740980380E-012
  2.480000000000000E-003  6.121640311183017E-012
  2.500000000000000E-003  6.124946369966324E-012
  2.520000000000000E-003  6.128273649255888E-012
  2.540000000000000E-003  6.131615990815756E-012
  2.560000000000000E-003  6.134948403895307E-012
  2.580000000000000E-003  6.138255047705457E-012
  2.600000000000000E-003  6.141521688745527E-012
  2.620000000000000E-003  6.144732555824087E-012
  2.640000000000000E-003  6.147878684482149E-012
  2.660000000000000E-003  6.150958812187658E-012
  2.680000000000000E-003  6.153993361009882E-012
  2.700000000000000E-003  6.156998744544991E-012
  2.720000000000000E-003  6.159981606529707E-012
  2.740000000000000E-003  6.162951897356937E-012
  2.760000000000000E-003  6.165914963982122E-012
  2.780000000000000E-003  6.168864702840464E-012
  2.800000000000000E-003  6.171785359690798E-012
  2.820000000000000E-003  6.174656267181677E-012
  2.840000000000000E-003  6.177452608046769E-012
  2.860000000000000E-003  6.180150702528032E-012
  2.880000000000000E-003  6.182738888175356E-012
  2.900000000000000E-003  6.185217798103185E-012
  2.920000000000000E-003  6.187597999295054E-012
  2.940000000000000E-003  6.189896956354521E-012
  2.960000000000000E-003  6.192138403846088E-012
  2.980000000000000E-003  6.194346290289949E-012
  3.000000000000000E-003  6.196541106506136E-012
  3.020000000000000E-003  6.198735292609378E-012
  3.040000000000000E-003  6.200930692241311E-012
  3.060000000000000E-003  6.203119317624809E-012
  3.080000000000000E-003  6.205285949662748E-012
  3.100000000000000E-003  6.207415018333263E-012
  3.120000000000000E-003  6.209502578604776E-012
  3.140000000000000E-003  6.211544802370531E-012
  3.160000000000000E-003  6.213542213245515E-012
  3.180000000000000E-003  6.215510129989419E-012
  3.200000000000000E-003  6.217476237507831E-012
  3.220000000000000E-003  6.219455501059700E-012
  3.240000000000000E-003  6.221464039238892E-012
  3.260000000000000E-003  6.223519187105557E-012
  3.280000000000000E-003  6.225628265943609E-012
  3.300000000000000E-003  6.227792731022126E-012
  3.320000000000000E-003  6.230009033503826E-012
  3.340000000000000E-003  6.232273160979616E-012
  3.360000000000000E-003  6.234585659265819E-012
  3.380000000000000E-003  6.236952498918245E-012
  3.400000000000000E-003  6.239389372155442E-012
  3.420000000000000E-003  6.241925168851583E-012
  3.440000000000000E-003  6.244596661542144E-012
  3.460000000000000E-003  6.247252939203489E-012
  3.480000000000000E-003  6.249746901485242E-012
  3.500000000000000E-003  6.252067082647528E-012
  3.520000000000000E-003  6.254200809811090E-012
  3.540000000000000E-003  6.256124929409799E-012
  3.560000000000000E-003  6.257728810956790E-012
  3.580000000000000E-003  6.258833806687775E-012
  3.600000000000000E-003  6.259443127777743E-012
  3.620000000000000E-003  6.259637165017782E-012
  3.640000000000000E-003  6.259319632685242E-012
  3.660000000000000E-003  6.258220886370100E-012
  3.680000000000000E-003  6.255836607664664E-012
  3.700000000000000E-003  6.251659914628575E-012
  3.720000000000000E-003  6.245195984748661E-012
  3.740000000000000E-003  6.237420011949830E-012
  3.760000000000000E-003  6.231235542970143E-012
  3.780000000000000E-003  6.227050104213063E-012
  3.800000000000000E-003  6.224507774285931E-012
  3.820000000000000E-003  6.223172789026096E-012
  3.840000000000001E-003  6.222662195065521E-012
  3.860000000000000E-003  6.222544403710837E-012
  3.880000000000000E-003  6.222732563354716E-012
  3.900000000000000E-003  6.223545874889099E-012
  3.920000000000001E-003  6.224880766729344E-012
  3.940000000000000E-003  6.226302073599014E-012
  3.960000000000000E-003  6.227245504622296E-012
  3.980000000000000E-003  6.227467921147232E-012
  4.000000000000000E-003  6.227061642301799E-012
  4.020000000000000E-003  6.225377569727878E-012
  4.040000000000000E-003  6.221669842465755E-012
  4.060000000000000E-003  6.214943668445991E-012
  4.080000000000000E-003  6.204008449736641E-012
  4.100000000000000E-003  6.187739082311551E-012
  4.120000000000000E-003  6.168755302606579E-012
  4.140000000000000E-003  6.153643539302464E-012
  4.160000000000001E-003  6.143115121607989E-012
  4.180000000000001E-003  6.136255108286625E-012
  4.200000000000001E-003  6.132122393392480E-012
  4.220000000000001E-003  6.129895091388498E-012
  4.240000000000001E-003  6.128951785931019E-012
  4.260000000000001E-003  6.129116717845213E-012
  4.280000000000000E-003  6.130224665815951E-012
  4.300000000000000E-003  6.132242740951129E-012
  4.320000000000000E-003  6.135058871299052E-012
  4.340000000000000E-003  6.138270988289314E-012
  4.360000000000000E-003  6.141618146233724E-012
  4.380000000000000E-003  6.145009192630153E-012
  4.400000000000000E-003  6.148417496431318E-012
  4.420000000000000E-003  6.151836530936492E-012
  4.440000000000000E-003  6.155265344694767E-012
  4.460000000000000E-003  6.158691306837613E-012
  4.480000000000000E-003  6.162105341778726E-012
  4.500000000000001E-003  6.165507808348432E-012
  4.520000000000001E-003  6.168895539701186E-012
  4.540000000000001E-003  6.172262897442531E-012
  4.560000000000001E-003  6.175596336694015E-012
  4.580000000000001E-003  6.178877637712844E-012
  4.600000000000001E-003  6.182091506522996E-012
  4.620000000000000E-003  6.185226144283647E-012
  4.640000000000000E-003  6.188270637681867E-012
  4.660000000000000E-003  6.191217651921613E-012
  4.680000000000000E-003  6.194068669413581E-012
  4.700000000000000E-003  6.196830991037733E-012
  4.720000000000000E-003  6.199509558292254E-012
  4.740000000000000E-003  6.202102603643750E-012
  4.760000000000000E-003  6.204601276917048E-012
  4.780000000000000E-003  6.206988293907979E-012
  4.800000000000000E-003  6.209238240858664E-012
  4.820000000000000E-003  6.211313065208623E-012
  4.840000000000001E-003  6.213176891217283E-012
  4.860000000000001E-003  6.214790603390312E-012
  4.880000000000001E-003  6.216135899682574E-012
  4.900000000000001E-003  6.217207621945164E-012
  4.920000000000001E-003  6.218015722266382E-012
  4.940000000000001E-003  6.218614807733302E-012
  4.960000000000000E-003  6.219011182075255E-012
  4.980000000000000E-003  6.219330722735391E-012
  5.000000000000000E-003  6.219533063381722E-012
  5.020000000000000E-003  6.219620985202653E-012
  5.040000000000000E-003  6.219651261650242E-012
  5.060000000000000E-003  6.219665540264556E-012
  5.080000000000000E-003  6.219770726341675E-012
  5.100000000000000E-003  6.219971428686731E-012
  5.120000000000000E-003  6.220247930188649E-012
  5.140000000000000E-003  6.220670582252867E-012
  5.160000000000001E-003  6.221303786849160E-012
  5.180000000000001E-003  6.222194778248191E-012
  5.200000000000001E-003  6.223368747952415E-012
  5.220000000000001E-003  6.224835418857668E-012
  5.240000000000001E-003  6.226584409999992E-012
  5.260000000000001E-003  6.228593931207902E-012
  5.280000000000001E-003  6.230823126352193E-012
  5.300000000000000E-003  6.233227995761934E-012
  5.320000000000000E-003  6.235762322734512E-012
  5.340000000000000E-003  6.238379472308683E-012
  5.360000000000000E-003  6.241039259249364E-012
  5.380000000000000E-003  6.243729362592209E-012
  5.400000000000000E-003  6.246410745255685E-012
  5.420000000000000E-003  6.249060514707771E-012
  5.440000000000000E-003  6.251684761607133E-012
  5.460000000000000E-003  6.254288390927937E-012
  5.480000000000000E-003  6.256871667912524E-012
  5.500000000000001E-003  6.259429954564127E-012
  5.520000000000001E-003  6.261956928395073E-012
  5.540000000000001E-003  6.264443976653760E-012
  5.560000000000001E-003  6.266880831894145E-012
  5.580000000000001E-003  6.269252691709612E-012
  5.600000000000001E-003  6.271544929546894E-012
  5.620000000000001E-003  6.273750264790694E-012
  5.640000000000000E-003  6.275869946442032E-012
  5.660000000000000E-003  6.277913344411204E-012
  5.680000000000000E-003  6.279895527384166E-012
  5.700000000000000E-003  6.281836985699036E-012
  5.720000000000000E-003  6.283755139119957E-012
  5.740000000000000E-003  6.285662854855501E-012
  5.760000000000000E-003  6.287560892863882E-012
  5.780000000000000E-003  6.289418552996869E-012
  5.800000000000000E-003  6.291177594748775E-012
  5.820000000000001E-003  6.292817732969205E-012
  5.840000000000001E-003  6.294273195326646E-012
  5.860000000000001E-003  6.295457506397049E-012
  5.880000000000001E-003  6.296304955330033E-012
  5.900000000000001E-003  6.296787435840517E-012
  5.920000000000001E-003  6.296950015296567E-012
  5.940000000000001E-003  6.296836665528164E-012
  5.960000000000001E-003  6.296404428071036E-012
  5.980000000000000E-003  6.295481032758729E-012
  6.000000000000000E-003  6.293914764935885E-012
  6.020000000000000E-003  6.291538230443056E-012
  6.040000000000000E-003  6.288189225077631E-012
  6.060000000000000E-003  6.283705762822152E-012
  6.080000000000000E-003  6.278011496358109E-012
  6.100000000000000E-003  6.272276405151227E-012
  6.120000000000000E-003  6.267592536467699E-012
  6.140000000000000E-003  6.263995109191487E-012
  6.160000000000001E-003  6.261390435420048E-012
  6.180000000000001E-003  6.259635388284850E-012
  6.200000000000001E-003  6.258563737999572E-012
  6.220000000000001E-003  6.257993975379307E-012
  6.240000000000001E-003  6.257767522264389E-012
  6.260000000000001E-003  6.257775231621567E-012
  6.280000000000001E-003  6.258111089164838E-012
  6.300000000000001E-003  6.258876872638784E-012
  6.320000000000000E-003  6.259895178380665E-012
  6.340000000000000E-003  6.261029574466132E-012
  6.360000000000000E-003  6.262220316682798E-012
  6.380000000000000E-003  6.263449515193434E-012
  6.400000000000000E-003  6.264693092243439E-012
  6.420000000000000E-003  6.265913415117428E-012
  6.440000000000000E-003  6.267086234188264E-012
  6.460000000000000E-003  6.268188193767304E-012
  6.480000000000001E-003  6.269201542399277E-012
  6.500000000000001E-003  6.270111522571350E-012
  6.520000000000001E-003  6.270908527677784E-012
  6.540000000000001E-003  6.271592117938069E-012
  6.560000000000001E-003  6.272174997690036E-012
  6.580000000000001E-003  6.272680972834143E-012
  6.600000000000001E-003  6.273140825669835E-012
  6.620000000000001E-003  6.273581834306728E-012
  6.640000000000001E-003  6.274027385883212E-012
  6.660000000000000E-003  6.274486893840962E-012
  6.680000000000000E-003  6.274975910409530E-012
  6.700000000000000E-003  6.275507165075510E-012
  6.720000000000000E-003  6.276095718434361E-012
  6.740000000000000E-003  6.276755682861232E-012
  6.760000000000000E-003  6.277493148981861E-012
  6.780000000000000E-003  6.278308015126652E-012
  6.800000000000000E-003  6.279199761831021E-012
  6.820000000000001E-003  6.280166694629518E-012
  6.840000000000001E-003  6.281206578456263E-012
  6.860000000000001E-003  6.282312367077608E-012
  6.880000000000001E-003  6.283473146269305E-012
  6.900000000000001E-003  6.284671568388509E-012
  6.920000000000001E-003  6.285895464938979E-012
  6.940000000000001E-003  6.287149552380182E-012
  6.960000000000001E-003  6.288433865547529E-012
  6.980000000000001E-003  6.289736093185028E-012
  7.000000000000000E-003  6.291035421193413E-012
  7.020000000000000E-003  6.292320847654218E-012
  7.040000000000000E-003  6.293588718471095E-012
  7.060000000000000E-003  6.294831329381680E-012
  7.080000000000000E-003  6.296037337771360E-012
  7.100000000000000E-003  6.297188249717555E-012
  7.120000000000000E-003  6.298253642536547E-012
  7.140000000000001E-003  6.299187060874201E-012
  7.160000000000001E-003  6.299931161668415E-012
  7.180000000000001E-003  6.300442650749592E-012
  7.200000000000001E-003  6.300732437959338E-012
  7.220000000000001E-003  6.300784572548207E-012
  7.240000000000001E-003  6.300507182410474E-012
  7.260000000000001E-003  6.299735990298870E-012
  7.280000000000001E-003  6.298273310011404E-012
  7.300000000000001E-003  6.295863861838403E-012
  7.320000000000001E-003  6.292218375649860E-012
  7.340000000000000E-003  6.287017001125957E-012
  7.360000000000000E-003  6.279925130435562E-012
  7.380000000000000E-003  6.270643732756619E-012
  7.400000000000000E-003  6.259358351252826E-012
  7.420000000000000E-003  6.248640215153224E-012
  7.440000000000000E-003  6.239680775482094E-012
  7.460000000000000E-003  6.232354028325966E-012
  7.480000000000001E-003  6.226418546864539E-012
  7.500000000000001E-003  6.221617196865458E-012
  7.520000000000001E-003  6.217688751421827E-012
  7.540000000000001E-003  6.214393043239248E-012
  7.560000000000001E-003  6.211529455276884E-012
  7.580000000000001E-003  6.208937893746275E-012
  7.600000000000001E-003  6.206492188944609E-012
  7.620000000000001E-003  6.204102756328799E-012
  7.640000000000001E-003  6.201702713673610E-012
  7.660000000000001E-003  6.199246466196463E-012
  7.680000000000001E-003  6.196691718962114E-012
  7.700000000000000E-003  6.194006944263799E-012
  7.720000000000000E-003  6.191141043738927E-012
  7.740000000000000E-003  6.188031033827390E-012
  7.760000000000000E-003  6.184608031935788E-012
  7.780000000000000E-003  6.180801435692506E-012
  7.800000000000001E-003  6.176549903666542E-012
  7.820000000000001E-003  6.172280719802519E-012
  7.840000000000001E-003  6.168560259385748E-012
  7.860000000000001E-003  6.165478419100952E-012
  7.880000000000000E-003  6.163038435947623E-012
  7.900000000000001E-003  6.161207193858581E-012
  7.920000000000000E-003  6.159917030772946E-012
  7.940000000000001E-003  6.159075024323598E-012
  7.960000000000000E-003  6.158576761356146E-012
  7.980000000000001E-003  6.158334702948558E-012
  8.000000000000000E-003  6.158310617198133E-012
  8.020000000000001E-003  6.158623095107755E-012
  8.040000000000000E-003  6.159397326376033E-012
  8.060000000000001E-003  6.160594836147115E-012
  8.080000000000000E-003  6.162166963803779E-012
  8.100000000000001E-003  6.164012955526197E-012
  8.120000000000000E-003  6.166024694724404E-012
  8.140000000000001E-003  6.168190232653108E-012
  8.160000000000001E-003  6.170503368275485E-012
  8.180000000000002E-003  6.172960927596044E-012
  8.200000000000001E-003  6.175544962433939E-012
  8.220000000000000E-003  6.178214722375683E-012
  8.240000000000001E-003  6.180881231952769E-012
  8.260000000000000E-003  6.183522458859353E-012
  8.280000000000001E-003  6.186157552109093E-012
  8.300000000000000E-003  6.188803056372832E-012
  8.320000000000001E-003  6.191478465936881E-012
  8.340000000000000E-003  6.194162621519483E-012
  8.360000000000001E-003  6.196775075511016E-012
  8.380000000000000E-003  6.199274016557274E-012
  8.400000000000001E-003  6.201648898252302E-012
  8.420000000000000E-003  6.203895598006257E-012
  8.440000000000001E-003  6.206012261682322E-012
  8.460000000000001E-003  6.207997991011284E-012
  8.480000000000001E-003  6.209850537462930E-012
  8.500000000000001E-003  6.211565904801521E-012
  8.520000000000002E-003  6.213137952660239E-012
  8.540000000000001E-003  6.214557768900338E-012
  8.560000000000000E-003  6.215816982211787E-012
  8.580000000000001E-003  6.216902272151257E-012
  8.600000000000000E-003  6.217804444647230E-012
  8.620000000000001E-003  6.218521127739398E-012
  8.640000000000000E-003  6.219062601173952E-012
  8.660000000000001E-003  6.219478524038382E-012
  8.680000000000000E-003  6.219788854706744E-012
  8.700000000000001E-003  6.219993787130060E-012
  8.720000000000000E-003  6.220127155580310E-012
  8.740000000000001E-003  6.220230612427334E-012
  8.760000000000000E-003  6.220326647921163E-012
  8.780000000000001E-003  6.220431858828244E-012
  8.800000000000001E-003  6.220543102702808E-012
  8.820000000000001E-003  6.220652348899651E-012
  8.840000000000001E-003  6.220740807956160E-012
  8.860000000000002E-003  6.220782482702388E-012
  8.880000000000001E-003  6.220765956636008E-012
  8.900000000000000E-003  6.220664964344201E-012
  8.920000000000001E-003  6.220445045846523E-012
  8.940000000000000E-003  6.220068562959134E-012
  8.960000000000001E-003  6.219502957482399E-012
  8.980000000000000E-003  6.218768885673576E-012
  9.000000000000001E-003  6.217746417600605E-012
  9.020000000000000E-003  6.216300422927380E-012
  9.040000000000001E-003  6.214294833909101E-012
  9.060000000000000E-003  6.211598407783638E-012
  9.080000000000001E-003  6.208095639256263E-012
  9.100000000000000E-003  6.203690821206153E-012
  9.120000000000001E-003  6.198849843525530E-012
  9.140000000000001E-003  6.194618325655702E-012
  9.160000000000001E-003  6.191213997250539E-012
  9.180000000000001E-003  6.188594081093861E-012
  9.200000000000002E-003  6.186678370554632E-012
  9.220000000000001E-003  6.185365942160866E-012
  9.240000000000000E-003  6.184542282332764E-012
  9.260000000000001E-003  6.184085777551481E-012
  9.280000000000000E-003  6.183890222910148E-012
  9.300000000000001E-003  6.183960534289343E-012
  9.320000000000000E-003  6.184251171296427E-012
  9.340000000000001E-003  6.184804009537147E-012
  9.360000000000000E-003  6.185543826490940E-012
  9.380000000000001E-003  6.186418220361436E-012
  9.400000000000000E-003  6.187396053528674E-012
  9.420000000000001E-003  6.188464359362365E-012
  9.440000000000000E-003  6.189622325663917E-012
  9.460000000000001E-003  6.190831105529099E-012
  9.480000000000001E-003  6.192082672216505E-012
  9.500000000000001E-003  6.193386476348201E-012
  9.520000000000001E-003  6.194730610333157E-012
  9.540000000000002E-003  6.196131562582781E-012
  9.560000000000001E-003  6.197600040092978E-012
  9.580000000000000E-003  6.199130653054530E-012
  9.600000000000001E-003  6.200725118572204E-012
  9.620000000000000E-003  6.202389564875300E-012
  9.640000000000001E-003  6.204135307437084E-012
  9.660000000000000E-003  6.205970445892959E-012
  9.680000000000001E-003  6.207898905369051E-012
  9.700000000000000E-003  6.209918969655536E-012
  9.720000000000001E-003  6.212026855956666E-012
  9.740000000000000E-003  6.214217416154455E-012
  9.760000000000001E-003  6.216482176749824E-012
  9.780000000000000E-003  6.218811668057890E-012
  9.800000000000001E-003  6.221184268583410E-012
  9.820000000000001E-003  6.223593221979985E-012
  9.840000000000002E-003  6.226028404215581E-012
  9.860000000000001E-003  6.228449935986455E-012
  9.880000000000002E-003  6.230839969417810E-012
  9.900000000000001E-003  6.233190047361269E-012
  9.920000000000000E-003  6.235492961644495E-012
  9.940000000000001E-003  6.237740626218188E-012
  9.960000000000000E-003  6.239923757741713E-012
  9.980000000000001E-003  6.242031579361434E-012
  1.000000000000000E-002  6.244052288767992E-012
  1.002000000000000E-002  6.245974569659941E-012
  1.004000000000000E-002  6.247789293093577E-012
  1.006000000000000E-002  6.249490295889425E-012
  1.008000000000000E-002  6.251074043651037E-012
  1.010000000000000E-002  6.252538898717952E-012
  1.012000000000000E-002  6.253884904650265E-012
  1.014000000000000E-002  6.255113883913128E-012
  1.016000000000000E-002  6.256229664868636E-012
  1.018000000000000E-002  6.257237779435082E-012
  1.020000000000000E-002  6.258145510448684E-012
  1.022000000000000E-002  6.258961904280504E-012
  1.024000000000000E-002  6.259698573843581E-012
  1.026000000000000E-002  6.260369690569730E-012
  1.028000000000000E-002  6.260991972232713E-012
  1.030000000000000E-002  6.261581816190816E-012
  1.032000000000000E-002  6.262155733459440E-012
  1.034000000000000E-002  6.262722791844793E-012
  1.036000000000000E-002  6.263289611418932E-012
  1.038000000000000E-002  6.263860003912185E-012
  1.040000000000000E-002  6.264438023984237E-012
  1.042000000000000E-002  6.265025051933059E-012
  1.044000000000000E-002  6.265623427510842E-012
  1.046000000000000E-002  6.266233340238831E-012
  1.048000000000000E-002  6.266855348779212E-012
  1.050000000000000E-002  6.267491085506024E-012
  1.052000000000000E-002  6.268138357333151E-012
  1.054000000000000E-002  6.268788184478718E-012
  1.056000000000000E-002  6.269435413942037E-012
  1.058000000000000E-002  6.270076218388177E-012
  1.060000000000000E-002  6.270707153138447E-012
  1.062000000000000E-002  6.271327053774231E-012
  1.064000000000000E-002  6.271934578974029E-012
  1.066000000000000E-002  6.272529282478775E-012
  1.068000000000000E-002  6.273111330708271E-012
  1.070000000000000E-002  6.273682027206725E-012
  1.072000000000000E-002  6.274243618412508E-012
  1.074000000000000E-002  6.274798442791286E-012
  1.076000000000000E-002  6.275348423482109E-012
  1.078000000000000E-002  6.275895117415062E-012
  1.080000000000000E-002  6.276440277774223E-012
  1.082000000000000E-002  6.276985220196795E-012
  1.084000000000000E-002  6.277529108011719E-012
  1.086000000000000E-002  6.278069111764977E-012
  1.088000000000000E-002  6.278600528519432E-012
  1.090000000000000E-002  6.279118636148566E-012
  1.092000000000000E-002  6.279620624594378E-012
  1.094000000000000E-002  6.280106356455632E-012
  1.096000000000000E-002  6.280578128837627E-012
  1.098000000000000E-002  6.281038863040668E-012
  1.100000000000000E-002  6.281489241074620E-012
  1.102000000000000E-002  6.281923798962878E-012
  1.104000000000000E-002  6.282331945397180E-012
  1.106000000000000E-002  6.282684833935972E-012
  1.108000000000000E-002  6.282960735772213E-012
  1.110000000000000E-002  6.283125671822817E-012
  1.112000000000000E-002  6.283158747597169E-012
  1.114000000000000E-002  6.283055529924290E-012
  1.116000000000000E-002  6.282781110792356E-012
  1.118000000000000E-002  6.282374347608972E-012
  1.120000000000000E-002  6.281842845735518E-012
  1.122000000000000E-002  6.281112060580575E-012
  1.124000000000000E-002  6.280124495185056E-012
  1.126000000000000E-002  6.278794797639445E-012
  1.128000000000000E-002  6.277011846836780E-012
  1.130000000000000E-002  6.274636303860853E-012
  1.132000000000000E-002  6.271504378618520E-012
  1.134000000000000E-002  6.267439972942590E-012
  1.136000000000000E-002  6.262269809213464E-012
  1.138000000000000E-002  6.255837611906941E-012
  1.140000000000000E-002  6.248012562550630E-012
  1.142000000000000E-002  6.239555691742717E-012
  1.144000000000000E-002  6.232065906086773E-012
  1.146000000000000E-002  6.225917250167840E-012
  1.148000000000000E-002  6.221014871120700E-012
  1.150000000000000E-002  6.217227675118849E-012
  1.152000000000000E-002  6.214399692826478E-012
  1.154000000000000E-002  6.212364402799674E-012
  1.156000000000000E-002  6.210959580894404E-012
  1.158000000000000E-002  6.210042199764013E-012
  1.160000000000000E-002  6.209483133365742E-012
  1.162000000000000E-002  6.209199577196274E-012
  1.164000000000000E-002  6.209086958844840E-012
  1.166000000000000E-002  6.209075633496308E-012
  1.168000000000000E-002  6.209098592671030E-012
  1.170000000000000E-002  6.209085501084838E-012
  1.172000000000000E-002  6.209004381751845E-012
  1.174000000000000E-002  6.208843993765495E-012
  1.176000000000000E-002  6.208582721655482E-012
  1.178000000000000E-002  6.208117141511471E-012
  1.180000000000000E-002  6.207408184942258E-012
  1.182000000000000E-002  6.206448493146547E-012
  1.184000000000000E-002  6.205220088272705E-012
  1.186000000000000E-002  6.203702186412577E-012
  1.188000000000000E-002  6.201980580412422E-012
  1.190000000000000E-002  6.200356831717280E-012
  1.192000000000000E-002  6.198945247699938E-012
  1.194000000000000E-002  6.197773302049607E-012
  1.196000000000000E-002  6.196864407625266E-012
  1.198000000000000E-002  6.196236031926122E-012
  1.200000000000000E-002  6.195869276513350E-012
  1.202000000000000E-002  6.195701715702414E-012
  1.204000000000000E-002  6.195719952890031E-012
  1.206000000000000E-002  6.195898757750171E-012
  1.208000000000000E-002  6.196263655138474E-012
  1.210000000000000E-002  6.196853961470778E-012
  1.212000000000000E-002  6.197724188501176E-012
  1.214000000000000E-002  6.198824803309611E-012
  1.216000000000000E-002  6.200096236161978E-012
  1.218000000000000E-002  6.201497843051963E-012
  1.220000000000000E-002  6.203002802853606E-012
  1.222000000000000E-002  6.204593169543331E-012
  1.224000000000000E-002  6.206250668418986E-012
  1.226000000000000E-002  6.207944649571586E-012
  1.228000000000000E-002  6.209639923424248E-012
  1.230000000000000E-002  6.211311599578904E-012
  1.232000000000000E-002  6.212946005578027E-012
  1.234000000000000E-002  6.214531112873121E-012
  1.236000000000000E-002  6.216055995141569E-012
  1.238000000000000E-002  6.217510328669312E-012
  1.240000000000000E-002  6.218886574272256E-012
  1.242000000000000E-002  6.220180034950102E-012
  1.244000000000000E-002  6.221387153749837E-012
  1.246000000000000E-002  6.222506602070697E-012
  1.248000000000000E-002  6.223538827768969E-012
  1.250000000000000E-002  6.224486407613065E-012
  1.252000000000000E-002  6.225352702382247E-012
  1.254000000000000E-002  6.226139992606071E-012
  1.256000000000000E-002  6.226848263572959E-012
  1.258000000000000E-002  6.227474907306768E-012
  1.260000000000000E-002  6.228016912262381E-012
  1.262000000000000E-002  6.228475071192927E-012
  1.264000000000000E-002  6.228857297439671E-012
  1.266000000000000E-002  6.229178608465388E-012
  1.268000000000000E-002  6.229457213744392E-012
  1.270000000000000E-002  6.229710932524385E-012
  1.272000000000000E-002  6.229965378335333E-012
  1.274000000000000E-002  6.230232279039132E-012
  1.276000000000000E-002  6.230499918750528E-012
  1.278000000000000E-002  6.230752496195931E-012
  1.280000000000000E-002  6.230968682004969E-012
  1.282000000000000E-002  6.231112047942299E-012
  1.284000000000000E-002  6.231146182097958E-012
  1.286000000000000E-002  6.231061687674644E-012
  1.288000000000000E-002  6.230839194173033E-012
  1.290000000000000E-002  6.230462657710266E-012
  1.292000000000000E-002  6.229918386677556E-012
  1.294000000000000E-002  6.229197581551940E-012
  1.296000000000000E-002  6.228357268891382E-012
  1.298000000000000E-002  6.227487196533125E-012
  1.300000000000000E-002  6.226595409982683E-012
  1.302000000000000E-002  6.225695153459662E-012
  1.304000000000000E-002  6.224786290200056E-012
  1.306000000000000E-002  6.223860895157903E-012
  1.308000000000000E-002  6.222912239883772E-012
  1.310000000000000E-002  6.221929844577525E-012
  1.312000000000000E-002  6.220899821699642E-012
  1.314000000000000E-002  6.219807142524737E-012
  1.316000000000000E-002  6.218638109315001E-012
  1.318000000000000E-002  6.217373735952530E-012
  1.320000000000000E-002  6.215997154044673E-012
  1.322000000000000E-002  6.214477167390480E-012
  1.324000000000000E-002  6.212835827384166E-012
  1.326000000000000E-002  6.211074106873397E-012
  1.328000000000000E-002  6.209180030790846E-012
  1.330000000000000E-002  6.207147267971369E-012
  1.332000000000000E-002  6.204974294298891E-012
  1.334000000000000E-002  6.202660599021407E-012
  1.336000000000000E-002  6.200262242039571E-012
  1.338000000000000E-002  6.197898240276549E-012
  1.340000000000000E-002  6.195660896115631E-012
  1.342000000000000E-002  6.193585541452846E-012
  1.344000000000000E-002  6.191684575801847E-012
  1.346000000000000E-002  6.189961519328160E-012
  1.348000000000000E-002  6.188418343208665E-012
  1.350000000000000E-002  6.187052421002653E-012
  1.352000000000000E-002  6.185854886164971E-012
  1.354000000000000E-002  6.184812833998269E-012
  1.356000000000000E-002  6.183912589843590E-012
  1.358000000000000E-002  6.183141713487895E-012
  1.360000000000000E-002  6.182488084052945E-012
  1.362000000000000E-002  6.181940437714481E-012
  1.364000000000000E-002  6.181472975981551E-012
  1.366000000000000E-002  6.181102397534819E-012
  1.368000000000000E-002  6.180821124901109E-012
  1.370000000000000E-002  6.180623684743963E-012
  1.372000000000000E-002  6.180510192761232E-012
  1.374000000000000E-002  6.180479873764505E-012
  1.376000000000000E-002  6.180539569016190E-012
  1.378000000000000E-002  6.180663226944504E-012
  1.380000000000000E-002  6.180870459078830E-012
  1.382000000000000E-002  6.181147544800736E-012
  1.384000000000000E-002  6.181509139648606E-012
  1.386000000000000E-002  6.181948261215055E-012
  1.388000000000000E-002  6.182461442195947E-012
  1.390000000000000E-002  6.183046280518106E-012
  1.392000000000000E-002  6.183700692730787E-012
  1.394000000000000E-002  6.184423967147966E-012
  1.396000000000000E-002  6.185214454793800E-012
  1.398000000000000E-002  6.186068242414809E-012
  1.400000000000000E-002  6.186978965172250E-012
  1.402000000000000E-002  6.187939794939365E-012
  1.404000000000000E-002  6.188942904985245E-012
  1.406000000000000E-002  6.189978258038886E-012
  1.408000000000000E-002  6.191036077804568E-012
  1.410000000000000E-002  6.192108531964439E-012
  1.412000000000000E-002  6.193187531210638E-012
  1.414000000000000E-002  6.194266891846237E-012
  1.416000000000000E-002  6.195342023254705E-012
  1.418000000000000E-002  6.196410240426082E-012
  1.420000000000000E-002  6.197469368793756E-012
  1.422000000000000E-002  6.198517771056315E-012
  1.424000000000000E-002  6.199554499942429E-012
  1.426000000000000E-002  6.200579070866301E-012
  1.428000000000000E-002  6.201590919650269E-012
  1.430000000000000E-002  6.202589434180212E-012
  1.432000000000000E-002  6.203574010675660E-012
  1.434000000000000E-002  6.204543416314378E-012
  1.436000000000000E-002  6.205495178286223E-012
  1.438000000000000E-002  6.206425335138454E-012
  1.440000000000000E-002  6.207328923101029E-012
  1.442000000000000E-002  6.208200974483308E-012
  1.444000000000000E-002  6.209037438107922E-012
  1.446000000000000E-002  6.209835522606231E-012
  1.448000000000000E-002  6.210593271892467E-012
  1.450000000000000E-002  6.211308765008797E-012
  1.452000000000000E-002  6.211979560351087E-012
  1.454000000000000E-002  6.212602687239023E-012
  1.456000000000000E-002  6.213175958011383E-012
  1.458000000000000E-002  6.213697478575826E-012
  1.460000000000000E-002  6.214173115625219E-012
  1.462000000000000E-002  6.214591684998251E-012
  1.464000000000000E-002  6.214958834166374E-012
  1.466000000000000E-002  6.215278247380727E-012
  1.468000000000000E-002  6.215554205413362E-012
  1.470000000000000E-002  6.215792612462476E-012
  1.472000000000000E-002  6.216005339054266E-012
  1.474000000000000E-002  6.216210161827137E-012
  1.476000000000000E-002  6.216420373713212E-012
  1.478000000000000E-002  6.216645821705721E-012
  1.480000000000000E-002  6.216896375476287E-012
  1.482000000000000E-002  6.217184462802166E-012
  1.484000000000000E-002  6.217505583298915E-012
  1.486000000000000E-002  6.217860742082553E-012
  1.488000000000000E-002  6.218291785866877E-012
  1.490000000000000E-002  6.218818651790590E-012
  1.492000000000000E-002  6.219420121344008E-012
  1.494000000000000E-002  6.220079654646779E-012
  1.496000000000000E-002  6.220818900249346E-012
  1.498000000000000E-002  6.221631154011530E-012
  1.500000000000000E-002  6.222510522929171E-012
  1.502000000000000E-002  6.223464508459967E-012
  1.504000000000000E-002  6.224486739757954E-012
  1.506000000000000E-002  6.225574342065739E-012
  1.508000000000000E-002  6.226721250114898E-012
  1.510000000000000E-002  6.227921028263589E-012
  1.512000000000000E-002  6.229169387251998E-012
  1.514000000000000E-002  6.230463774120839E-012
  1.516000000000000E-002  6.231803873983848E-012
  1.518000000000000E-002  6.233189155771761E-012
  1.520000000000000E-002  6.234617016686695E-012
  1.522000000000000E-002  6.236082399653148E-012
  1.524000000000000E-002  6.237578897864466E-012
  1.526000000000000E-002  6.239104996828053E-012
  1.528000000000000E-002  6.240660915631109E-012
  1.530000000000000E-002  6.242244801366547E-012
  1.532000000000000E-002  6.243853679359282E-012
  1.534000000000000E-002  6.245486279060828E-012
  1.536000000000000E-002  6.247140275803373E-012
  1.538000000000000E-002  6.248806576923908E-012
  1.540000000000000E-002  6.250468957042513E-012
  1.542000000000000E-002  6.252117686249608E-012
  1.544000000000000E-002  6.253747723690907E-012
  1.546000000000000E-002  6.255354195078748E-012
  1.548000000000000E-002  6.256932433835142E-012
  1.550000000000000E-002  6.258479103048160E-012
  1.552000000000000E-002  6.259992396325953E-012
  1.554000000000000E-002  6.261472034788161E-012
  1.556000000000000E-002  6.262919710847353E-012
  1.558000000000000E-002  6.264338614047967E-012
  1.560000000000000E-002  6.265733087584376E-012
  1.562000000000000E-002  6.267108233026849E-012
  1.564000000000000E-002  6.268469240225167E-012
  1.566000000000000E-002  6.269820993311881E-012
  1.568000000000000E-002  6.271167754767023E-012
  1.570000000000000E-002  6.272512803252765E-012
  1.572000000000000E-002  6.273858730245295E-012
  1.574000000000000E-002  6.275211315883898E-012
  1.576000000000000E-002  6.276575942830060E-012
  1.578000000000000E-002  6.277954771647918E-012
  1.580000000000000E-002  6.279347420542321E-012
  1.582000000000000E-002  6.280751998112258E-012
  1.584000000000000E-002  6.282167707742574E-012
  1.586000000000000E-002  6.283591509382567E-012
  1.588000000000000E-002  6.285021959964841E-012
  1.590000000000000E-002  6.286454647637212E-012
  1.592000000000000E-002  6.287879849600401E-012
  1.594000000000000E-002  6.289292654832548E-012
  1.596000000000000E-002  6.290687606354720E-012
  1.598000000000000E-002  6.292058788399595E-012
  1.600000000000000E-002  6.293399100274326E-012
  1.602000000000000E-002  6.294701365516306E-012
  1.604000000000000E-002  6.295961128128206E-012
  1.606000000000000E-002  6.297182692830574E-012
  1.608000000000000E-002  6.298373067331442E-012
  1.610000000000000E-002  6.299529690981543E-012
  1.612000000000000E-002  6.300649148103834E-012
  1.614000000000000E-002  6.301729308146036E-012
  1.616000000000000E-002  6.302768988366732E-012
  1.618000000000000E-002  6.303767565342618E-012
  1.620000000000000E-002  6.304724122853061E-012
  1.622000000000000E-002  6.305637770988656E-012
  1.624000000000000E-002  6.306507603754088E-012
  1.626000000000000E-002  6.307332745207868E-012
  1.628000000000000E-002  6.308112293718510E-012
  1.630000000000000E-002  6.308845157746485E-012
  1.632000000000000E-002  6.309529776643683E-012
  1.634000000000000E-002  6.310164017383222E-012
  1.636000000000000E-002  6.310745303090376E-012
  1.638000000000000E-002  6.311271409780718E-012
  1.640000000000000E-002  6.311741351731649E-012
  1.642000000000000E-002  6.312154597979107E-012
  1.644000000000000E-002  6.312513058728015E-012
  1.646000000000000E-002  6.312814831259403E-012
  1.648000000000000E-002  6.313069326473622E-012
  1.650000000000000E-002  6.313279889314285E-012
  1.652000000000000E-002  6.313446518918219E-012
  1.654000000000000E-002  6.313566216839047E-012
  1.656000000000000E-002  6.313634880361596E-012
  1.658000000000000E-002  6.313648469654125E-012
  1.660000000000000E-002  6.313610862487446E-012
  1.662000000000000E-002  6.313532594396779E-012
  1.664000000000000E-002  6.313427047545533E-012
  1.666000000000000E-002  6.313311284561023E-012
  1.668000000000000E-002  6.313159888045615E-012
  1.670000000000000E-002  6.312937481948018E-012
  1.672000000000000E-002  6.312610896026826E-012
  1.674000000000000E-002  6.312135986230986E-012
  1.676000000000000E-002  6.311469224188422E-012
  1.678000000000000E-002  6.310562089516847E-012
  1.680000000000000E-002  6.309360157309869E-012
  1.682000000000000E-002  6.307804530346375E-012
  1.684000000000000E-002  6.305832921214236E-012
  1.686000000000000E-002  6.303380517641396E-012
  1.688000000000000E-002  6.300383181156129E-012
  1.690000000000000E-002  6.296778839491804E-012
  1.692000000000000E-002  6.292510914680251E-012
  1.694000000000000E-002  6.287529029472340E-012
  1.696000000000000E-002  6.281793570001922E-012
  1.698000000000000E-002  6.275513772591341E-012
  1.700000000000000E-002  6.269513443651563E-012
  1.702000000000000E-002  6.264116192812654E-012
  1.704000000000000E-002  6.259340183360110E-012
  1.706000000000000E-002  6.255136549164484E-012
  1.708000000000000E-002  6.251461631466487E-012
  1.710000000000000E-002  6.248265507180550E-012
  1.712000000000000E-002  6.245500135477880E-012
  1.714000000000000E-002  6.243118968668620E-012
  1.716000000000000E-002  6.241078790759897E-012
  1.718000000000000E-002  6.239340119638210E-012
  1.720000000000000E-002  6.237867211004499E-012
  1.722000000000000E-002  6.236627764180964E-012
  1.724000000000000E-002  6.235592641828502E-012
  1.726000000000000E-002  6.234735592214251E-012
  1.728000000000000E-002  6.234033253952108E-012
  1.730000000000000E-002  6.233464548000543E-012
  1.732000000000000E-002  6.233009912144712E-012
  1.734000000000000E-002  6.232650473066722E-012
  1.736000000000000E-002  6.232365060004751E-012
  1.738000000000000E-002  6.232136939784398E-012
  1.740000000000000E-002  6.231949051376279E-012
  1.742000000000000E-002  6.231785936827567E-012
  1.744000000000000E-002  6.231632519809057E-012
  1.746000000000000E-002  6.231479503023582E-012
  1.748000000000000E-002  6.231319006062565E-012
  1.750000000000000E-002  6.231145905955889E-012
  1.752000000000000E-002  6.230948825125093E-012
  1.754000000000000E-002  6.230727823674921E-012
  1.756000000000000E-002  6.230479115859625E-012
  1.758000000000000E-002  6.230203453618688E-012
  1.760000000000000E-002  6.229904343253072E-012
  1.762000000000000E-002  6.229585767660888E-012
  1.764000000000000E-002  6.229253714948733E-012
  1.766000000000000E-002  6.228914577795110E-012
  1.768000000000000E-002  6.228579458974108E-012
  1.770000000000000E-002  6.228251641177535E-012
  1.772000000000000E-002  6.227934927721460E-012
  1.774000000000000E-002  6.227633135808673E-012
  1.776000000000000E-002  6.227349086057314E-012
  1.778000000000000E-002  6.227085029792629E-012
  1.780000000000000E-002  6.226842417387842E-012
  1.782000000000000E-002  6.226621967765358E-012
  1.784000000000000E-002  6.226422635018043E-012
  1.786000000000000E-002  6.226243746302040E-012
  1.788000000000000E-002  6.226084766144081E-012
  1.790000000000000E-002  6.225943435870714E-012
  1.792000000000000E-002  6.225816738810505E-012
  1.794000000000000E-002  6.225719951464819E-012
  1.796000000000000E-002  6.225665166155552E-012
  1.798000000000000E-002  6.225639954246353E-012
  1.800000000000000E-002  6.225645188851551E-012
  1.802000000000000E-002  6.225680798051449E-012
  1.804000000000000E-002  6.225749103202664E-012
  1.806000000000000E-002  6.225851485492287E-012
  1.808000000000000E-002  6.225989376698415E-012
  1.810000000000000E-002  6.226161387855332E-012
  1.812000000000000E-002  6.226366794152481E-012
  1.814000000000000E-002  6.226603229406588E-012
  1.816000000000000E-002  6.226868134097356E-012
  1.818000000000000E-002  6.227158076727528E-012
  1.820000000000000E-002  6.227469625818455E-012
  1.822000000000000E-002  6.227801165740665E-012
  1.824000000000000E-002  6.228140833644449E-012
  1.826000000000000E-002  6.228472599725832E-012
  1.828000000000000E-002  6.228789788637670E-012
  1.830000000000000E-002  6.229085200606577E-012
  1.832000000000000E-002  6.229351316430958E-012
  1.834000000000000E-002  6.229582751527033E-012
  1.836000000000000E-002  6.229776798043121E-012
  1.838000000000000E-002  6.229931376158024E-012
  1.840000000000000E-002  6.230048775382303E-012
  1.842000000000000E-002  6.230121665935385E-012
  1.844000000000000E-002  6.230143950957923E-012
  1.846000000000000E-002  6.230119418376746E-012
  1.848000000000000E-002  6.230059037851270E-012
  1.850000000000000E-002  6.229958788214009E-012
  1.852000000000000E-002  6.229813644670034E-012
  1.854000000000000E-002  6.229624611032476E-012
  1.856000000000000E-002  6.229393231757004E-012
  1.858000000000000E-002  6.229119274660553E-012
  1.860000000000000E-002  6.228797760682547E-012
  1.862000000000000E-002  6.228425587276111E-012
  1.864000000000000E-002  6.228016112922958E-012
  1.866000000000000E-002  6.227580276399426E-012
  1.868000000000000E-002  6.227120603823515E-012
  1.870000000000000E-002  6.226627250925532E-012
  1.872000000000000E-002  6.226102291558383E-012
  1.874000000000000E-002  6.225552396882026E-012
  1.876000000000000E-002  6.224972869012032E-012
  1.878000000000000E-002  6.224370579341978E-012
  1.880000000000000E-002  6.223743776473945E-012
  1.882000000000000E-002  6.223091484430912E-012
  1.884000000000000E-002  6.222412173581912E-012
  1.886000000000000E-002  6.221707413639143E-012
  1.888000000000000E-002  6.220975234991468E-012
  1.890000000000000E-002  6.220218677147892E-012
  1.892000000000000E-002  6.219450117988188E-012
  1.894000000000000E-002  6.218679672672378E-012
  1.896000000000000E-002  6.217912126347986E-012
  1.898000000000000E-002  6.217150313302625E-012
  1.900000000000000E-002  6.216398047645991E-012
  1.902000000000000E-002  6.215657396029527E-012
  1.904000000000000E-002  6.214924621493084E-012
  1.906000000000000E-002  6.214186776426932E-012
  1.908000000000000E-002  6.213432941820250E-012
  1.910000000000000E-002  6.212636626014745E-012
  1.912000000000000E-002  6.211796473381896E-012
  1.914000000000000E-002  6.210954088201158E-012
  1.916000000000000E-002  6.210100518440607E-012
  1.918000000000000E-002  6.209233927835476E-012
  1.920000000000000E-002  6.208355262685594E-012
  1.922000000000000E-002  6.207458688850807E-012
  1.924000000000000E-002  6.206534750849861E-012
  1.926000000000000E-002  6.205571424191533E-012
  1.928000000000000E-002  6.204556990844717E-012
  1.930000000000000E-002  6.203481991573403E-012
  1.932000000000000E-002  6.202340871376243E-012
  1.934000000000000E-002  6.201130643824688E-012
  1.936000000000000E-002  6.199851023373221E-012
  1.938000000000000E-002  6.198502089529616E-012
  1.940000000000000E-002  6.197087277408445E-012
  1.942000000000000E-002  6.195603158690648E-012
  1.944000000000000E-002  6.194090278399233E-012
  1.946000000000000E-002  6.192621829753455E-012
  1.948000000000000E-002  6.191248796578960E-012
  1.950000000000000E-002  6.189981561218802E-012
  1.952000000000000E-002  6.188801859730437E-012
  1.954000000000000E-002  6.187707589171162E-012
  1.956000000000000E-002  6.186696328907899E-012
  1.958000000000000E-002  6.185764107637981E-012
  1.960000000000000E-002  6.184910411713939E-012
  1.962000000000000E-002  6.184136934324922E-012
  1.964000000000000E-002  6.183447417013084E-012
  1.966000000000000E-002  6.182846012408937E-012
  1.968000000000000E-002  6.182336384350727E-012
  1.970000000000000E-002  6.181922633081766E-012
  1.972000000000000E-002  6.181606533256379E-012
  1.974000000000000E-002  6.181385473313955E-012
  1.976000000000000E-002  6.181260723510809E-012
  1.978000000000000E-002  6.181259124586338E-012
  1.980000000000000E-002  6.181353380544036E-012
  1.982000000000000E-002  6.181545500590816E-012
  1.984000000000000E-002  6.181815090652147E-012
  1.986000000000000E-002  6.182173722938375E-012
  1.988000000000000E-002  6.182620225952415E-012
  1.990000000000000E-002  6.183148762174155E-012
  1.992000000000000E-002  6.183751959122402E-012
  1.994000000000000E-002  6.184423074846375E-012
  1.996000000000000E-002  6.185152882752750E-012
  1.998000000000000E-002  6.185932377669298E-012
  2.000000000000000E-002  6.186754902636822E-012
  2.002000000000000E-002  6.187613771915586E-012
  2.004000000000000E-002  6.188502133387834E-012
  2.006000000000000E-002  6.189414372151693E-012
  2.008000000000000E-002  6.190346790158653E-012
  2.010000000000000E-002  6.191295995511663E-012
  2.012000000000000E-002  6.192257489296935E-012
  2.014000000000000E-002  6.193227042774863E-012
  2.016000000000000E-002  6.194201560051637E-012
  2.018000000000000E-002  6.195179326696729E-012
  2.020000000000000E-002  6.196159185358730E-012
  2.022000000000000E-002  6.197139602222457E-012
  2.024000000000000E-002  6.198115755215130E-012
  2.026000000000000E-002  6.199079995016360E-012
  2.028000000000000E-002  6.200030858876420E-012
  2.030000000000000E-002  6.200967585878832E-012
  2.032000000000000E-002  6.201879799088195E-012
  2.034000000000000E-002  6.202763559809645E-012
  2.036000000000000E-002  6.203620419136390E-012
  2.038000000000000E-002  6.204446494009517E-012
  2.040000000000000E-002  6.205237989070835E-012
  2.042000000000000E-002  6.205992303080049E-012
  2.044000000000000E-002  6.206707263752946E-012
  2.046000000000000E-002  6.207380713978922E-012
  2.048000000000000E-002  6.208011621058848E-012
  2.050000000000000E-002  6.208601875590742E-012
  2.052000000000000E-002  6.209151300582156E-012
  2.054000000000000E-002  6.209658838794324E-012
  2.056000000000000E-002  6.210122762216942E-012
  2.058000000000000E-002  6.210539490750040E-012
  2.060000000000000E-002  6.210904057148326E-012
  2.062000000000000E-002  6.211217095898651E-012
  2.064000000000000E-002  6.211483890809439E-012
  2.066000000000000E-002  6.211720861498868E-012
  2.068000000000000E-002  6.211936034535571E-012
  2.070000000000000E-002  6.212124095314823E-012
  2.072000000000000E-002  6.212280330611886E-012
  2.074000000000000E-002  6.212408235180902E-012
  2.076000000000000E-002  6.212509039850382E-012
  2.078000000000000E-002  6.212581169784415E-012
  2.080000000000000E-002  6.212623631723564E-012
  2.082000000000000E-002  6.212642060990088E-012
  2.084000000000000E-002  6.212633889097405E-012
  2.086000000000000E-002  6.212598830066164E-012
  2.088000000000000E-002  6.212535922877538E-012
  2.090000000000000E-002  6.212444647416365E-012
  2.092000000000000E-002  6.212323510635235E-012
  2.094000000000000E-002  6.212170244629878E-012
  2.096000000000000E-002  6.211983431529857E-012
  2.098000000000000E-002  6.211759166020496E-012
  2.100000000000000E-002  6.211496254818452E-012
  2.102000000000000E-002  6.211191912505844E-012
  2.104000000000000E-002  6.210842593203933E-012
  2.106000000000000E-002  6.210445574906198E-012
  2.108000000000000E-002  6.209997307168006E-012
  2.110000000000000E-002  6.209494212604491E-012
  2.112000000000000E-002  6.208932858714301E-012
  2.114000000000000E-002  6.208310489448869E-012
  2.116000000000000E-002  6.207624146028821E-012
  2.118000000000000E-002  6.206873796730867E-012
  2.120000000000000E-002  6.206055343756758E-012
  2.122000000000000E-002  6.205170384678929E-012
  2.124000000000000E-002  6.204240955349246E-012
  2.126000000000000E-002  6.203297075872341E-012
  2.128000000000000E-002  6.202365439272844E-012
  2.130000000000000E-002  6.201454725194387E-012
  2.132000000000000E-002  6.200569057335511E-012
  2.134000000000000E-002  6.199714740592886E-012
  2.136000000000000E-002  6.198896394260311E-012
  2.138000000000000E-002  6.198117010300877E-012
  2.140000000000000E-002  6.197378569243863E-012
  2.142000000000000E-002  6.196682325949231E-012
  2.144000000000000E-002  6.196028967685476E-012
  2.146000000000000E-002  6.195418904361492E-012
  2.148000000000000E-002  6.194852371167128E-012
  2.150000000000000E-002  6.194329284577149E-012
  2.152000000000000E-002  6.193849194635112E-012
  2.154000000000000E-002  6.193411213474827E-012
  2.156000000000000E-002  6.193013924887748E-012
  2.158000000000000E-002  6.192655291473719E-012
  2.160000000000000E-002  6.192332611907883E-012
  2.162000000000000E-002  6.192042636563331E-012
  2.164000000000000E-002  6.191781564633141E-012
  2.166000000000000E-002  6.191545715778438E-012
  2.168000000000000E-002  6.191331324741851E-012
  2.170000000000000E-002  6.191136219901012E-012
  2.172000000000000E-002  6.190957428996922E-012
  2.174000000000000E-002  6.190791907701782E-012
  2.176000000000000E-002  6.190637015784613E-012
  2.178000000000000E-002  6.190490043329823E-012
  2.180000000000000E-002  6.190351186536328E-012
  2.182000000000000E-002  6.190219808550561E-012
  2.184000000000000E-002  6.190096845868498E-012
  2.186000000000000E-002  6.189989219831550E-012
  2.188000000000000E-002  6.189900291238560E-012
  2.190000000000000E-002  6.189836386863765E-012
  2.192000000000000E-002  6.189794283003199E-012
  2.194000000000000E-002  6.189780846829900E-012
  2.196000000000000E-002  6.189805567997676E-012
  2.198000000000000E-002  6.189886419998620E-012
  2.200000000000000E-002  6.190014184208270E-012
  2.202000000000000E-002  6.190198667543138E-012
  2.204000000000000E-002  6.190427067320543E-012
  2.206000000000000E-002  6.190693317412653E-012
  2.208000000000000E-002  6.190994381825145E-012
  2.210000000000000E-002  6.191327836637911E-012
  2.212000000000000E-002  6.191690387796848E-012
  2.214000000000000E-002  6.192081243824546E-012
  2.216000000000000E-002  6.192502191225521E-012
  2.218000000000000E-002  6.192954391983987E-012
  2.220000000000000E-002  6.193437950962219E-012
  2.222000000000000E-002  6.193952259470344E-012
  2.224000000000000E-002  6.194494725282227E-012
  2.226000000000000E-002  6.195063597710476E-012
  2.228000000000000E-002  6.195657700144140E-012
  2.230000000000000E-002  6.196276293497939E-012
  2.232000000000000E-002  6.196918684313236E-012
  2.234000000000000E-002  6.197584494923255E-012
  2.236000000000000E-002  6.198273490491012E-012
  2.238000000000000E-002  6.198985625289926E-012
  2.240000000000000E-002  6.199720889436247E-012
  2.242000000000000E-002  6.200478932806068E-012
  2.244000000000000E-002  6.201258937792457E-012
  2.246000000000000E-002  6.202059850579069E-012
  2.248000000000000E-002  6.202880770546489E-012
  2.250000000000000E-002  6.203721047084903E-012
  2.252000000000000E-002  6.204580181497881E-012
  2.254000000000000E-002  6.205457623337590E-012
  2.256000000000000E-002  6.206352694851848E-012
  2.258000000000000E-002  6.207264306429318E-012
  2.260000000000000E-002  6.208191290926293E-012
  2.262000000000000E-002  6.209132154780242E-012
  2.264000000000000E-002  6.210085505291345E-012
  2.266000000000000E-002  6.211049445249943E-012
  2.268000000000000E-002  6.212021091883494E-012
  2.270000000000000E-002  6.212995899221747E-012
  2.272000000000000E-002  6.213968353441824E-012
  2.274000000000000E-002  6.214935816940567E-012
  2.276000000000000E-002  6.215897014582397E-012
  2.278000000000000E-002  6.216850649989183E-012
  2.280000000000000E-002  6.217795185627670E-012
  2.282000000000000E-002  6.218728065887762E-012
  2.284000000000000E-002  6.219648823273066E-012
  2.286000000000000E-002  6.220557517402481E-012
  2.288000000000000E-002  6.221454274979991E-012
  2.290000000000000E-002  6.222339094928503E-012
  2.292000000000000E-002  6.223212083699056E-012
  2.294000000000000E-002  6.224073801241966E-012
  2.296000000000000E-002  6.224925583867643E-012
  2.298000000000000E-002  6.225768881066446E-012
  2.300000000000000E-002  6.226604907120770E-012
  2.302000000000000E-002  6.227434419924040E-012
  2.304000000000000E-002  6.228257601585948E-012
  2.306000000000000E-002  6.229074143762003E-012
  2.308000000000000E-002  6.229883583067748E-012
  2.310000000000000E-002  6.230685275215244E-012
  2.312000000000000E-002  6.231478901916353E-012
  2.314000000000000E-002  6.232264375132198E-012
  2.316000000000000E-002  6.233041867752975E-012
  2.318000000000000E-002  6.233811762334363E-012
  2.320000000000000E-002  6.234574928977295E-012
  2.322000000000000E-002  6.235332530545839E-012
  2.324000000000000E-002  6.236085782205137E-012
  2.326000000000000E-002  6.236835862084237E-012
  2.328000000000000E-002  6.237583576521557E-012
  2.330000000000000E-002  6.238329673497909E-012
  2.332000000000000E-002  6.239074681134143E-012
  2.334000000000000E-002  6.239819576503410E-012
  2.336000000000000E-002  6.240565370495767E-012
  2.338000000000000E-002  6.241312362285925E-012
  2.340000000000000E-002  6.242060718576078E-012
  2.342000000000000E-002  6.242810225999651E-012
  2.344000000000000E-002  6.243560100151924E-012
  2.346000000000000E-002  6.244309609751843E-012
  2.348000000000000E-002  6.245057607724891E-012
  2.350000000000000E-002  6.245803402984347E-012
  2.352000000000000E-002  6.246546550314747E-012
  2.354000000000000E-002  6.247286639744134E-012
  2.356000000000000E-002  6.248022908324273E-012
  2.358000000000000E-002  6.248754303159723E-012
  2.360000000000000E-002  6.249480159228808E-012
  2.362000000000000E-002  6.250200043506161E-012
  2.364000000000000E-002  6.250913655023306E-012
  2.366000000000000E-002  6.251620795551371E-012
  2.368000000000000E-002  6.252321444106735E-012
  2.370000000000000E-002  6.253015924432137E-012
  2.372000000000000E-002  6.253704399352737E-012
  2.374000000000000E-002  6.254386457822651E-012
  2.376000000000000E-002  6.255060995184713E-012
  2.378000000000000E-002  6.255727333141840E-012
  2.380000000000000E-002  6.256385002900138E-012
  2.382000000000000E-002  6.257033293594840E-012
  2.384000000000000E-002  6.257671582099508E-012
  2.386000000000000E-002  6.258298955107808E-012
  2.388000000000000E-002  6.258914109078875E-012
  2.390000000000000E-002  6.259515605074780E-012
  2.392000000000000E-002  6.260101982387136E-012
  2.394000000000000E-002  6.260671885343814E-012
  2.396000000000000E-002  6.261224282756344E-012
  2.398000000000000E-002  6.261758546449067E-012
  2.400000000000000E-002  6.262274613325714E-012
  2.402000000000000E-002  6.262772817252622E-012
  2.404000000000000E-002  6.263253904514950E-012
  2.406000000000000E-002  6.263718900036294E-012
  2.408000000000000E-002  6.264168759546337E-012
  2.410000000000000E-002  6.264604236903856E-012
  2.412000000000000E-002  6.265026087997765E-012
  2.414000000000000E-002  6.265435229277923E-012
  2.416000000000000E-002  6.265832598555540E-012
  2.418000000000000E-002  6.266219200278153E-012
  2.420000000000000E-002  6.266596133414927E-012
  2.422000000000000E-002  6.266963998753429E-012
  2.424000000000000E-002  6.267323068780232E-012
  2.426000000000000E-002  6.267673329436413E-012
  2.428000000000000E-002  6.268014136599815E-012
  2.430000000000000E-002  6.268343498241990E-012
  2.432000000000000E-002  6.268659084683529E-012
  2.434000000000000E-002  6.268958377093726E-012
  2.436000000000000E-002  6.269238959776496E-012
  2.438000000000000E-002  6.269499018446992E-012
  2.440000000000000E-002  6.269735621910829E-012
  2.442000000000000E-002  6.269946889097976E-012
  2.444000000000000E-002  6.270130417393301E-012
  2.446000000000000E-002  6.270283858770171E-012
  2.448000000000000E-002  6.270405035955591E-012
  2.450000000000000E-002  6.270491441959856E-012
  2.452000000000000E-002  6.270543361410695E-012
  2.454000000000000E-002  6.270557735886670E-012
  2.456000000000000E-002  6.270541139737276E-012
  2.458000000000000E-002  6.270491782435610E-012
  2.460000000000000E-002  6.270411441260675E-012
  2.462000000000000E-002  6.270306519011223E-012
  2.464000000000000E-002  6.270184593865216E-012
  2.466000000000000E-002  6.270049225164644E-012
  2.468000000000000E-002  6.269899936744352E-012
  2.470000000000000E-002  6.269730857905917E-012
  2.472000000000000E-002  6.269540493242587E-012
  2.474000000000000E-002  6.269327895505239E-012
  2.476000000000000E-002  6.269090022142923E-012
  2.478000000000000E-002  6.268822555596339E-012
  2.480000000000000E-002  6.268522618709120E-012
  2.482000000000000E-002  6.268188122158555E-012
  2.484000000000000E-002  6.267816546653762E-012
  2.486000000000000E-002  6.267405787185741E-012
  2.488000000000000E-002  6.266955122204170E-012
  2.490000000000000E-002  6.266464786874852E-012
  2.492000000000000E-002  6.265934909277278E-012
  2.494000000000000E-002  6.265370447395630E-012
  2.496000000000000E-002  6.264764370109130E-012
  2.498000000000000E-002  6.264139788006772E-012
  2.500000000000000E-002  6.263524001832085E-012
  2.502000000000000E-002  6.262958078324753E-012
  2.504000000000000E-002  6.262449115847755E-012
  2.506000000000000E-002  6.261997056092283E-012
  2.508000000000000E-002  6.261602695014553E-012
  2.510000000000000E-002  6.261265242245327E-012
  2.512000000000000E-002  6.260978644499432E-012
  2.514000000000000E-002  6.260744270736993E-012
  2.516000000000000E-002  6.260553166218848E-012
  2.518000000000000E-002  6.260402900162507E-012
  2.520000000000000E-002  6.260291135443063E-012
  2.522000000000000E-002  6.260215448639497E-012
  2.524000000000000E-002  6.260174534003109E-012
  2.526000000000000E-002  6.260166533916326E-012
  2.528000000000000E-002  6.260190934393813E-012
  2.530000000000000E-002  6.260244521032688E-012
  2.532000000000000E-002  6.260326289173826E-012
  2.534000000000000E-002  6.260435531345818E-012
  2.536000000000000E-002  6.260570334238855E-012
  2.538000000000000E-002  6.260730702589012E-012
  2.540000000000000E-002  6.260910463391821E-012
  2.542000000000000E-002  6.261108484032044E-012
  2.544000000000000E-002  6.261330626339314E-012
  2.546000000000000E-002  6.261589018855790E-012
  2.548000000000000E-002  6.261880887052187E-012
  2.550000000000000E-002  6.262196856468713E-012
  2.552000000000000E-002  6.262530992572572E-012
  2.554000000000000E-002  6.262881407386841E-012
  2.556000000000000E-002  6.263244521634942E-012
  2.558000000000000E-002  6.263615291880531E-012
  2.560000000000000E-002  6.263991019559676E-012
  2.562000000000000E-002  6.264370465422761E-012
  2.564000000000000E-002  6.264752389384578E-012
  2.566000000000000E-002  6.265135007160476E-012
  2.568000000000000E-002  6.265516604358615E-012
  2.570000000000000E-002  6.265895633169657E-012
  2.572000000000000E-002  6.266271016536953E-012
  2.574000000000000E-002  6.266641836223968E-012
  2.576000000000000E-002  6.267006983702407E-012
  2.578000000000000E-002  6.267365458750798E-012
  2.580000000000000E-002  6.267716718911359E-012
  2.582000000000000E-002  6.268060773596580E-012
  2.584000000000000E-002  6.268398180055950E-012
  2.586000000000000E-002  6.268729558243516E-012
  2.588000000000000E-002  6.269055770264431E-012
  2.590000000000000E-002  6.269377375605194E-012
  2.592000000000000E-002  6.269694776069358E-012
  2.594000000000000E-002  6.270008564487638E-012
  2.596000000000000E-002  6.270319254346954E-012
  2.598000000000000E-002  6.270627140312938E-012
  2.600000000000000E-002  6.270932047742958E-012
  2.602000000000000E-002  6.271233483087991E-012
  2.604000000000000E-002  6.271530655266233E-012
  2.606000000000000E-002  6.271822849562445E-012
  2.608000000000000E-002  6.272109553059627E-012
  2.610000000000000E-002  6.272390526469513E-012
  2.612000000000000E-002  6.272665684489748E-012
  2.614000000000000E-002  6.272935123296313E-012
  2.616000000000000E-002  6.273198748551602E-012
  2.618000000000000E-002  6.273456510827588E-012
  2.620000000000000E-002  6.273708206650970E-012
  2.622000000000000E-002  6.273953292027224E-012
  2.624000000000000E-002  6.274191442552250E-012
  2.626000000000000E-002  6.274421882327650E-012
  2.628000000000000E-002  6.274643383643364E-012
  2.630000000000000E-002  6.274855143736634E-012
  2.632000000000000E-002  6.275056180547724E-012
  2.634000000000000E-002  6.275245100866276E-012
  2.636000000000000E-002  6.275421560138817E-012
  2.638000000000000E-002  6.275585471918836E-012
  2.640000000000000E-002  6.275735966105168E-012
  2.642000000000000E-002  6.275872895849749E-012
  2.644000000000000E-002  6.275997446841502E-012
  2.646000000000000E-002  6.276109710393046E-012
  2.648000000000000E-002  6.276209627049652E-012
  2.650000000000000E-002  6.276297140588340E-012
  2.652000000000000E-002  6.276372895299857E-012
  2.654000000000000E-002  6.276438552157838E-012
  2.656000000000000E-002  6.276488660576241E-012
  2.658000000000000E-002  6.276523238089213E-012
  2.660000000000000E-002  6.276542185743578E-012
  2.662000000000000E-002  6.276548630557913E-012
  2.664000000000000E-002  6.276544732332218E-012
  2.666000000000000E-002  6.276533404885219E-012
  2.668000000000000E-002  6.276516797259584E-012
  2.670000000000000E-002  6.276498532907242E-012
  2.672000000000000E-002  6.276480460570511E-012
  2.674000000000000E-002  6.276463282449610E-012
  2.676000000000000E-002  6.276448207292591E-012
  2.678000000000000E-002  6.276436137126216E-012
  2.680000000000000E-002  6.276428068987262E-012
  2.682000000000000E-002  6.276424362217600E-012
  2.684000000000000E-002  6.276425263303220E-012
  2.686000000000000E-002  6.276430885984273E-012
  2.688000000000000E-002  6.276441237931822E-012
  2.690000000000000E-002  6.276456464469036E-012
  2.692000000000000E-002  6.276476653220957E-012
  2.694000000000000E-002  6.276496967424030E-012
  2.696000000000000E-002  6.276510639217047E-012
  2.698000000000000E-002  6.276516965239542E-012
  2.700000000000000E-002  6.276516207278392E-012
  2.702000000000000E-002  6.276509231693141E-012
  2.704000000000000E-002  6.276496880211565E-012
  2.706000000000000E-002  6.276480054930098E-012
  2.708000000000000E-002  6.276459616854645E-012
  2.710000000000000E-002  6.276436804637097E-012
  2.712000000000000E-002  6.276412965392973E-012
  2.714000000000000E-002  6.276389761775473E-012
  2.716000000000000E-002  6.276368347728874E-012
  2.718000000000000E-002  6.276349686596983E-012
  2.720000000000000E-002  6.276334822219392E-012
  2.722000000000000E-002  6.276324064037241E-012
  2.724000000000000E-002  6.276318585893377E-012
  2.726000000000000E-002  6.276318381363927E-012
  2.728000000000000E-002  6.276324830756948E-012
  2.730000000000000E-002  6.276337955343187E-012
  2.732000000000000E-002  6.276360149859927E-012
  2.734000000000000E-002  6.276391570145388E-012
  2.736000000000000E-002  6.276434239650827E-012
  2.738000000000000E-002  6.276486625413438E-012
  2.740000000000000E-002  6.276551442162337E-012
  2.742000000000000E-002  6.276626304265865E-012
  2.744000000000000E-002  6.276708635761823E-012
  2.746000000000000E-002  6.276798956207903E-012
  2.748000000000000E-002  6.276897317782497E-012
  2.750000000000000E-002  6.277001604753951E-012
  2.752000000000000E-002  6.277108266415379E-012
  2.754000000000000E-002  6.277213281823859E-012
  2.756000000000000E-002  6.277313827625900E-012
  2.758000000000000E-002  6.277407715710908E-012
  2.760000000000000E-002  6.277492935571313E-012
  2.762000000000000E-002  6.277567771321482E-012
  2.764000000000000E-002  6.277631182707532E-012
  2.766000000000000E-002  6.277682195906477E-012
  2.768000000000000E-002  6.277719298536384E-012
  2.770000000000000E-002  6.277740118217872E-012
  2.772000000000000E-002  6.277741346860747E-012
  2.774000000000000E-002  6.277720435564675E-012
  2.776000000000000E-002  6.277679507505259E-012
  2.778000000000000E-002  6.277614430661731E-012
  2.780000000000000E-002  6.277521867082010E-012
  2.782000000000000E-002  6.277409866754220E-012
  2.784000000000000E-002  6.277277633837884E-012
  2.786000000000000E-002  6.277125982018939E-012
  2.788000000000000E-002  6.276956813234879E-012
  2.790000000000000E-002  6.276772538097012E-012
  2.792000000000000E-002  6.276576096014973E-012
  2.794000000000000E-002  6.276371452453407E-012
  2.796000000000000E-002  6.276163402525198E-012
  2.798000000000000E-002  6.275953764919351E-012
  2.800000000000000E-002  6.275743273377477E-012
  2.802000000000000E-002  6.275532327922458E-012
  2.804000000000000E-002  6.275321732150224E-012
  2.806000000000000E-002  6.275112423649874E-012
  2.808000000000000E-002  6.274905117207311E-012
  2.810000000000000E-002  6.274700170411020E-012
  2.812000000000000E-002  6.274497226303661E-012
  2.814000000000000E-002  6.274295636359182E-012
  2.816000000000000E-002  6.274093898405281E-012
  2.818000000000000E-002  6.273891083382869E-012
  2.820000000000000E-002  6.273685132783791E-012
  2.822000000000000E-002  6.273472788475897E-012
  2.824000000000000E-002  6.273253034483599E-012
  2.826000000000000E-002  6.273033607061182E-012
  2.828000000000000E-002  6.272820586851994E-012
  2.830000000000000E-002  6.272618616926641E-012
  2.832000000000000E-002  6.272431377951084E-012
  2.834000000000000E-002  6.272259895315317E-012
  2.836000000000000E-002  6.272109640808179E-012
  2.838000000000000E-002  6.271968179511507E-012
  2.840000000000000E-002  6.271842524337207E-012
  2.842000000000000E-002  6.271733728834373E-012
  2.844000000000000E-002  6.271641121425293E-012
  2.846000000000000E-002  6.271565261832951E-012
  2.848000000000000E-002  6.271507547712388E-012
  2.850000000000000E-002  6.271468754559568E-012
  2.852000000000000E-002  6.271451999737336E-012
  2.854000000000000E-002  6.271460515236346E-012
  2.856000000000000E-002  6.271494272664853E-012
  2.858000000000000E-002  6.271545131003022E-012
  2.860000000000000E-002  6.271604702439973E-012
  2.862000000000000E-002  6.271668911715854E-012
  2.864000000000000E-002  6.271735639915417E-012
  2.866000000000000E-002  6.271804259779822E-012
  2.868000000000000E-002  6.271876382824994E-012
  2.870000000000000E-002  6.271946960673077E-012
  2.872000000000000E-002  6.272010057204762E-012
  2.874000000000000E-002  6.272072718519672E-012
  2.876000000000000E-002  6.272132388006326E-012
  2.878000000000000E-002  6.272171151969468E-012
  2.880000000000000E-002  6.272193935589184E-012
  2.882000000000000E-002  6.272222219469867E-012
  2.884000000000000E-002  6.272230050610688E-012
  2.886000000000000E-002  6.272224698935172E-012
  2.888000000000000E-002  6.272205082460032E-012
  2.890000000000000E-002  6.272174000418213E-012
  2.892000000000000E-002  6.272132759609275E-012
  2.894000000000000E-002  6.272082541036651E-012
  2.896000000000000E-002  6.272023729078440E-012
  2.898000000000000E-002  6.271956556413842E-012
  2.900000000000000E-002  6.271883558751119E-012
  2.902000000000000E-002  6.271809276004454E-012
  2.904000000000000E-002  6.271734919166689E-012
  2.906000000000000E-002  6.271661851388487E-012
  2.908000000000000E-002  6.271591482830027E-012
  2.910000000000000E-002  6.271523878526353E-012
  2.912000000000000E-002  6.271459074168080E-012
  2.914000000000000E-002  6.271397467747491E-012
  2.916000000000000E-002  6.271340381785707E-012
  2.918000000000000E-002  6.271289204332728E-012
  2.920000000000000E-002  6.271245758312371E-012
  2.922000000000000E-002  6.271211865656773E-012
  2.924000000000000E-002  6.271189257056500E-012
  2.926000000000000E-002  6.271179753569077E-012
  2.928000000000000E-002  6.271185298397869E-012
  2.930000000000000E-002  6.271207500698540E-012
  2.932000000000000E-002  6.271247843135333E-012
  2.934000000000000E-002  6.271306374325166E-012
  2.936000000000000E-002  6.271382702443941E-012
  2.938000000000000E-002  6.271473944367998E-012
  2.940000000000000E-002  6.271578234697573E-012
  2.942000000000000E-002  6.271693447375451E-012
  2.944000000000000E-002  6.271819046670313E-012
  2.946000000000000E-002  6.271955565217660E-012
  2.948000000000000E-002  6.272099735266542E-012
  2.950000000000000E-002  6.272253176810714E-012
  2.952000000000000E-002  6.272418362288578E-012
  2.954000000000000E-002  6.272589077240576E-012
  2.956000000000000E-002  6.272766928176660E-012
  2.958000000000000E-002  6.272952158270918E-012
  2.960000000000000E-002  6.273143829971407E-012
  2.962000000000000E-002  6.273340267303257E-012
  2.964000000000000E-002  6.273540221198244E-012
  2.966000000000000E-002  6.273743533403429E-012
  2.968000000000000E-002  6.273949241785529E-012
  2.970000000000000E-002  6.274155563788886E-012
  2.972000000000000E-002  6.274358891216732E-012
  2.974000000000000E-002  6.274556828586045E-012
  2.976000000000000E-002  6.274747925606216E-012
  2.978000000000000E-002  6.274930931192556E-012
  2.980000000000000E-002  6.275104452862222E-012
  2.982000000000000E-002  6.275268609418664E-012
  2.984000000000000E-002  6.275424204671112E-012
  2.986000000000000E-002  6.275570912832759E-012
  2.988000000000000E-002  6.275708161822150E-012
  2.990000000000000E-002  6.275834874850043E-012
  2.992000000000000E-002  6.275950205824114E-012
  2.994000000000000E-002  6.276053414016148E-012
  2.996000000000000E-002  6.276143820183404E-012
  2.998000000000000E-002  6.276220872722900E-012
  3.000000000000000E-002  6.276283739001641E-012
  3.002000000000000E-002  6.276332538136282E-012
  3.004000000000000E-002  6.276368431328787E-012
  3.006000000000000E-002  6.276392689945282E-012
  3.008000000000000E-002  6.276406645873910E-012
  3.010000000000000E-002  6.276411640971045E-012
  3.012000000000000E-002  6.276409025401277E-012
  3.014000000000000E-002  6.276400024529369E-012
  3.016000000000000E-002  6.276383015212032E-012
  3.018000000000000E-002  6.276356044189214E-012
  3.020000000000000E-002  6.276318431356651E-012
  3.022000000000000E-002  6.276270569766136E-012
  3.024000000000000E-002  6.276214298439862E-012
  3.026000000000000E-002  6.276152260421981E-012
  3.028000000000000E-002  6.276087630637154E-012
  3.030000000000000E-002  6.276024803485119E-012
  3.032000000000000E-002  6.275962048005711E-012
  3.034000000000000E-002  6.275894881001178E-012
  3.036000000000000E-002  6.275821293326069E-012
  3.038000000000000E-002  6.275741348841244E-012
  3.040000000000000E-002  6.275655699693882E-012
  3.042000000000000E-002  6.275563188828805E-012
  3.044000000000000E-002  6.275461822601611E-012
  3.046000000000000E-002  6.275350919908692E-012
  3.048000000000000E-002  6.275232297228925E-012
  3.050000000000000E-002  6.275109134390592E-012
  3.052000000000000E-002  6.274983357403266E-012
  3.054000000000000E-002  6.274856765093588E-012
  3.056000000000000E-002  6.274731917928799E-012
  3.058000000000000E-002  6.274609035241957E-012
  3.060000000000000E-002  6.274486133163011E-012
  3.062000000000000E-002  6.274362563000018E-012
  3.064000000000000E-002  6.274239235084607E-012
  3.066000000000000E-002  6.274118513872861E-012
  3.068000000000000E-002  6.274002534793027E-012
  3.070000000000000E-002  6.273887634506131E-012
  3.072000000000000E-002  6.273766799775742E-012
  3.074000000000000E-002  6.273640430793173E-012
  3.076000000000000E-002  6.273513235117112E-012
  3.078000000000000E-002  6.273383386688730E-012
  3.080000000000000E-002  6.273248269291193E-012
  3.082000000000000E-002  6.273104021747969E-012
  3.084000000000000E-002  6.272948973110728E-012
  3.086000000000000E-002  6.272784985066508E-012
  3.088000000000000E-002  6.272610400839367E-012
  3.090000000000000E-002  6.272426287400199E-012
  3.092000000000000E-002  6.272233310278132E-012
  3.094000000000000E-002  6.272030093975381E-012
  3.096000000000000E-002  6.271817886602381E-012
  3.098000000000000E-002  6.271593394790396E-012
  3.100000000000000E-002  6.271353804587466E-012
  3.102000000000000E-002  6.271102353393607E-012
  3.104000000000000E-002  6.270833851284072E-012
  3.106000000000000E-002  6.270541714020542E-012
  3.108000000000000E-002  6.270226061182205E-012
  3.110000000000000E-002  6.269881434060336E-012
  3.112000000000000E-002  6.269494260716564E-012
  3.114000000000000E-002  6.269056619388598E-012
  3.116000000000000E-002  6.268606026196011E-012
  3.118000000000000E-002  6.268281989300386E-012
  3.120000000000000E-002  6.268090580958090E-012
  3.122000000000000E-002  6.268003213906387E-012
  3.124000000000000E-002  6.267975640792409E-012
  3.126000000000000E-002  6.268005033198786E-012
  3.128000000000000E-002  6.268136830497736E-012
  3.130000000000000E-002  6.268423661516830E-012
  3.132000000000000E-002  6.268944698209508E-012
  3.134000000000000E-002  6.269816105688652E-012
  3.136000000000001E-002  6.271189448331763E-012
  3.138000000000001E-002  6.273266748849457E-012
  3.140000000000000E-002  6.276330146190761E-012
  3.142000000000000E-002  6.280763015313726E-012
  3.144000000000000E-002  6.287093101573330E-012
  3.146000000000000E-002  6.296036391768545E-012
  3.148000000000000E-002  6.308555263821530E-012
  3.150000000000000E-002  6.325935708353230E-012
  3.152000000000000E-002  6.349882765404128E-012
  3.154000000000001E-002  6.382640317459187E-012
  3.156000000000000E-002  6.427139370212493E-012
  3.158000000000000E-002  6.487179158340049E-012
  3.160000000000000E-002  6.567646038397486E-012
  3.162000000000000E-002  6.674774955277123E-012
  3.164000000000000E-002  6.816309864563287E-012
  3.166000000000000E-002  7.001834080664769E-012
  3.168000000000000E-002  7.243463336297789E-012
  3.170000000000001E-002  7.555972397493784E-012
  3.172000000000001E-002  7.957047094931253E-012
  3.174000000000000E-002  8.467647925224219E-012
  3.176000000000000E-002  9.112264366972085E-012
  3.178000000000000E-002  9.919072030110428E-012
  3.180000000000000E-002  1.092001819139307E-011
  3.182000000000000E-002  1.215083006160683E-011
  3.184000000000000E-002  1.365101277503164E-011
  3.186000000000000E-002  1.546392182062821E-011
  3.188000000000001E-002  1.763701042792921E-011
  3.190000000000000E-002  2.022231516307790E-011
  3.192000000000000E-002  2.327724700664959E-011
  3.194000000000000E-002  2.686581062804897E-011
  3.196000000000000E-002  3.106048734415521E-011
  3.198000000000000E-002  3.594495342851155E-011
  3.200000000000000E-002  4.161830461450486E-011
  3.202000000000000E-002  4.753342459145759E-011
  3.204000000000001E-002  5.193858289600778E-011
  3.206000000000001E-002  5.473869045900322E-011
  3.208000000000000E-002  5.618749121921845E-011
  3.210000000000000E-002  5.667170386033740E-011
  3.212000000000000E-002  5.662438769942003E-011
  3.214000000000000E-002  5.637883719429851E-011
  3.216000000000000E-002  5.591911316650605E-011
  3.218000000000000E-002  5.520404228935152E-011
  3.220000000000000E-002  5.422084731307958E-011
  3.222000000000001E-002  5.298897152602620E-011
  3.224000000000000E-002  5.154420100493884E-011
  3.226000000000000E-002  4.992233433666125E-011
  3.228000000000000E-002  4.814425937579954E-011
  3.230000000000000E-002  4.620319090973154E-011
  3.232000000000000E-002  4.405198624663296E-011
  3.234000000000000E-002  4.176231603851879E-011
  3.236000000000000E-002  3.997543133773637E-011
  3.238000000000001E-002  3.885060985757924E-011
  3.240000000000001E-002  3.831736804095987E-011
  3.242000000000000E-002  3.818569301561556E-011
  3.244000000000000E-002  3.822662156194744E-011
  3.246000000000000E-002  3.847365171872447E-011
  3.248000000000000E-002  3.911285308821694E-011
  3.250000000000000E-002  4.036496854929035E-011
  3.252000000000000E-002  4.250329754316782E-011
  3.254000000000000E-002  4.587593069941500E-011
  3.256000000000001E-002  5.093191533290229E-011
  3.258000000000000E-002  5.825589195608494E-011
  3.260000000000000E-002  6.861744933336603E-011
  3.262000000000000E-002  8.303782532925360E-011
  3.264000000000000E-002  1.028847441080889E-010
  3.266000000000000E-002  1.300116151452075E-010
  3.268000000000000E-002  1.669453895871714E-010
  3.270000000000000E-002  2.171535889982743E-010
  3.272000000000001E-002  2.854135057450793E-010
  3.274000000000001E-002  3.783101954110220E-010
  3.276000000000000E-002  5.048899035029329E-010
  3.278000000000000E-002  6.774902387104461E-010
  3.280000000000000E-002  9.127533504055835E-010
  3.282000000000000E-002  1.232799600744773E-009
  3.284000000000000E-002  1.666490850333838E-009
  3.286000000000000E-002  2.250641835459172E-009
  3.288000000000000E-002  3.030946931050037E-009
  3.290000000000001E-002  4.062251414443903E-009
  3.292000000000000E-002  5.407625548534795E-009
  3.294000000000000E-002  7.135585540355247E-009
  3.296000000000000E-002  9.296763507364298E-009
  3.298000000000000E-002  1.124516168403598E-008
  3.300000000000000E-002  1.237727945360599E-008
  3.302000000000000E-002  1.285024021595717E-008
  3.304000000000000E-002  1.294206635297907E-008
  3.306000000000001E-002  1.288002950945106E-008
  3.308000000000001E-002  1.257708484628957E-008
  3.310000000000000E-002  1.189752096817889E-008
  3.312000000000000E-002  1.074468394920745E-008
  3.314000000000000E-002  9.071220351085134E-009
  3.316000000000000E-002  6.885800298028030E-009
  3.318000000000000E-002  4.586263174585513E-009
  3.320000000000000E-002  2.930491732802650E-009
  3.322000000000000E-002  1.815573835438580E-009
  3.324000000000001E-002  1.094340247944488E-009
  3.326000000000000E-002  6.452266757745731E-010
  3.328000000000000E-002  3.749321814421463E-010
  3.330000000000000E-002  2.174000957672355E-010
  3.332000000000000E-002  1.286025124980926E-010
  3.334000000000000E-002  8.051935591841758E-011
  3.336000000000000E-002  5.595441636192565E-011
  3.338000000000000E-002  4.463357468472030E-011
  3.340000000000001E-002  4.047219959296168E-011
  3.342000000000001E-002  3.973095234399105E-011
  3.344000000000000E-002  4.028937979247225E-011
  3.346000000000000E-002  4.263200686043890E-011
  3.348000000000000E-002  4.760125972556657E-011
  3.350000000000000E-002  5.557173783065852E-011
  3.352000000000000E-002  6.655400915969522E-011
  3.354000000000000E-002  8.040281652585791E-011
  3.356000000000000E-002  9.707425438959082E-011
  3.358000000000001E-002  1.168789458768118E-010
  3.360000000000000E-002  1.406662793886492E-010
  3.362000000000000E-002  1.699112317606176E-010
  3.364000000000000E-002  2.067600894853066E-010
  3.366000000000000E-002  2.541282635285116E-010
  3.368000000000000E-002  3.158988973739460E-010
  3.370000000000000E-002  3.972110065384037E-010
  3.372000000000000E-002  5.050276821410857E-010
  3.374000000000001E-002  6.489439843212885E-010
  3.376000000000001E-002  8.423738673732522E-010
  3.378000000000000E-002  1.104256295362686E-009
  3.380000000000000E-002  1.461500546799911E-009
  3.382000000000000E-002  1.952507533659368E-009
  3.384000000000000E-002  2.632291703617453E-009
  3.386000000000000E-002  3.579953363117439E-009
  3.388000000000000E-002  4.909662260327628E-009
  3.390000000000000E-002  6.786816945925928E-009
  3.392000000000001E-002  9.451847490073466E-009
  3.394000000000000E-002  1.325530648872935E-008
  3.396000000000000E-002  1.870968196985548E-008
  3.398000000000000E-002  2.656584858421428E-008
  3.400000000000000E-002  3.792601284529519E-008
  3.402000000000000E-002  5.441025523804876E-008
  3.404000000000000E-002  7.839890836650626E-008
  3.406000000000000E-002  1.133947025723050E-007
  3.408000000000001E-002  1.645447127461173E-007
  3.410000000000001E-002  2.394185549949589E-007
  3.412000000000000E-002  3.491409216180160E-007
  3.414000000000000E-002  5.100457364724033E-007
  3.416000000000000E-002  7.460914589916140E-007
  3.418000000000000E-002  1.092955662705245E-006
  3.420000000000000E-002  1.603082908072892E-006
  3.422000000000000E-002  2.352256579095385E-006
  3.424000000000000E-002  3.449672947746388E-006
  3.426000000000001E-002  5.051161569785915E-006
  3.428000000000000E-002  7.376755223448856E-006
  3.430000000000000E-002  1.073347286447035E-005
  3.432000000000000E-002  1.554388739015223E-005
  3.434000000000000E-002  2.238044442975747E-005
  3.436000000000000E-002  3.200449806583031E-005
  3.438000000000000E-002  4.540848348890157E-005
  3.440000000000000E-002  6.386137715369887E-005
  3.442000000000001E-002  8.894225492824711E-005
  3.444000000000001E-002  1.225514463847372E-004
  3.446000000000000E-002  1.668831870744320E-004
  3.448000000000000E-002  2.243330312325940E-004
  3.450000000000000E-002  2.973186975355025E-004
  3.452000000000000E-002  3.879720866652610E-004
  3.454000000000000E-002  4.975601521462819E-004
  3.456000000000000E-002  6.057782021407140E-004
  3.458000000000000E-002  6.866187306460897E-004
  3.460000000000001E-002  7.450619660167159E-004
  3.462000000000000E-002  7.887893320683032E-004
  3.464000000000000E-002  8.244968790404060E-004
  3.466000000000000E-002  8.578672830073243E-004
  3.468000000000000E-002  8.918103074745491E-004
  3.470000000000000E-002  9.300646379059701E-004
  3.472000000000000E-002  9.796547672637067E-004
  3.474000000000000E-002  1.051510165212959E-003
  3.476000000000001E-002  1.161363868934396E-003
  3.478000000000001E-002  1.330771149210910E-003
  3.480000000000000E-002  1.588204653110972E-003
  3.482000000000000E-002  1.970357417075962E-003
  3.484000000000000E-002  2.523786359723923E-003
  3.486000000000000E-002  3.307087562139788E-003
  3.488000000000000E-002  4.393837824690712E-003
  3.490000000000000E-002  5.876501269181749E-003
  3.492000000000000E-002  7.871265517877023E-003
  3.494000000000001E-002  1.052431059888836E-002
  3.496000000000000E-002  1.401459975423863E-002
  3.498000000000000E-002  1.855395923793114E-002
  3.500000000000000E-002  2.400772715852277E-002
  3.502000000000000E-002  2.906331618647501E-002
  3.504000000000000E-002  3.334241306094934E-002
  3.506000000000000E-002  3.686950683714107E-002
  3.508000000000000E-002  3.975618513648705E-002
  3.510000000000001E-002  4.216449226558672E-002
  3.512000000000001E-002  4.428295790689275E-002
  3.514000000000000E-002  4.626947245509767E-002
  3.516000000000000E-002  4.825803280185102E-002
  3.518000000000000E-002  5.032247417408035E-002
  3.520000000000000E-002  5.250976867069102E-002
  3.522000000000000E-002  5.489870431715711E-002
  3.524000000000000E-002  5.759252125685686E-002
  3.526000000000000E-002  6.070861683591875E-002
  3.528000000000001E-002  6.436418882489237E-002
  3.530000000000000E-002  6.865115670253581E-002
  3.532000000000000E-002  7.334360146874873E-002
  3.534000000000000E-002  7.786769890287243E-002
  3.536000000000000E-002  8.224026665906319E-002
  3.538000000000000E-002  8.654622800286978E-002
  3.540000000000000E-002  9.083491892690353E-002
  3.542000000000000E-002  9.511254451046655E-002
  3.544000000000001E-002  9.933042886492385E-002
  3.546000000000001E-002  0.103440003249601     
  3.548000000000000E-002  0.107402750571011     
  3.550000000000000E-002  0.111209788558554     
  3.552000000000000E-002  0.114887364631404     
  3.554000000000000E-002  0.118505840337059     
  3.556000000000000E-002  0.122150981273883     
  3.558000000000000E-002  0.125898409593351     
  3.560000000000000E-002  0.129801952329854     
  3.562000000000001E-002  0.133937752068079     
  3.564000000000001E-002  0.138436023360594     
  3.566000000000000E-002  0.143488255882369     
  3.568000000000000E-002  0.149340722473236     
  3.570000000000000E-002  0.156277537426668     
  3.572000000000000E-002  0.164592433368368     
  3.574000000000000E-002  0.174525466694043     
  3.576000000000000E-002  0.185277791235505     
  3.578000000000001E-002  0.195668522518375     
  3.580000000000001E-002  0.205674408909569     
  3.582000000000000E-002  0.215275902156753     
  3.584000000000000E-002  0.224412104615114     
  3.586000000000000E-002  0.233007879493983     
  3.588000000000000E-002  0.240996665459731     
  3.590000000000000E-002  0.248335466811677     
  3.592000000000000E-002  0.255008541134022     
  3.594000000000000E-002  0.261027039735372     
  3.596000000000001E-002  0.266420374871846     
  3.598000000000001E-002  0.271233864522362     
  3.600000000000000E-002  0.275519881127144     
  3.602000000000000E-002  0.279332392039148     
  3.604000000000000E-002  0.282723116153208     
  3.606000000000000E-002  0.285737140250528     
  3.608000000000000E-002  0.288406812470812     
  3.610000000000000E-002  0.290755177805385     
  3.612000000000001E-002  0.292788582931915     
  3.614000000000001E-002  0.294512869710620     
  3.616000000000000E-002  0.295937886823400     
  3.618000000000000E-002  0.297050155249686     
  3.620000000000000E-002  0.297847746704137     
  3.622000000000000E-002  0.298307457787992     
  3.624000000000000E-002  0.298477747520987     
  3.626000000000000E-002  0.298363324788646     
  3.628000000000000E-002  0.297874212897057     
  3.630000000000001E-002  0.296962074335793     
  3.632000000000001E-002  0.295621356256644     
  3.634000000000000E-002  0.293805701965965     
  3.636000000000000E-002  0.291437986993029     
  3.638000000000000E-002  0.288422103628344     
  3.640000000000000E-002  0.284707157204349     
  3.642000000000000E-002  0.280238899964165     
  3.644000000000000E-002  0.274969209874291     
  3.646000000000001E-002  0.268867961568807     
  3.648000000000001E-002  0.261933808677277     
  3.650000000000000E-002  0.254202673577973     
  3.652000000000000E-002  0.245752787494131     
  3.654000000000000E-002  0.236695568611391     
  3.656000000000000E-002  0.227187963741218     
  3.658000000000000E-002  0.217359641897030     
  3.660000000000000E-002  0.207345868229126     
  3.662000000000000E-002  0.197280175319816     
  3.664000000000001E-002  0.187297094882791     
  3.666000000000001E-002  0.177530157349610     
  3.668000000000000E-002  0.168092157865417     
  3.670000000000000E-002  0.159052869297135     
  3.672000000000000E-002  0.150425237411013     
  3.674000000000000E-002  0.142161357286278     
  3.676000000000000E-002  0.134164607108608     
  3.678000000000000E-002  0.126311902438202     
  3.680000000000001E-002  0.118470379548974     
  3.682000000000001E-002  0.110514150446740     
  3.684000000000000E-002  0.102363894457422     
  3.686000000000000E-002  9.401057427194322E-002
  3.688000000000000E-002  8.551952832382544E-002
  3.690000000000000E-002  7.701691325285329E-002
  3.692000000000000E-002  6.875148671083574E-002
  3.694000000000000E-002  6.161269115001595E-002
  3.696000000000000E-002  5.574468026673667E-002
  3.698000000000001E-002  5.072480918788234E-002
  3.700000000000001E-002  4.625248947574247E-002
  3.702000000000000E-002  4.214536095412037E-002
  3.704000000000000E-002  3.831186349239997E-002
  3.706000000000000E-002  3.467078891869718E-002
  3.708000000000000E-002  3.117930848382610E-002
  3.710000000000000E-002  2.809502859102580E-002
  3.712000000000000E-002  2.553865901771200E-002
  3.714000000000001E-002  2.348021148690526E-002
  3.716000000000001E-002  2.184957767316940E-002
  3.718000000000000E-002  2.055543604978050E-002
  3.720000000000000E-002  1.950580291868404E-002
  3.722000000000000E-002  1.861486323811171E-002
  3.724000000000000E-002  1.781252753009254E-002
  3.726000000000000E-002  1.705061838499460E-002
  3.728000000000000E-002  1.630556608984011E-002
  3.730000000000000E-002  1.556546421992595E-002
  3.732000000000001E-002  1.480948431397994E-002
  3.734000000000001E-002  1.400899125497873E-002
  3.736000000000000E-002  1.313038809127203E-002
  3.738000000000000E-002  1.213972061403591E-002
  3.740000000000000E-002  1.100815503181591E-002
  3.742000000000000E-002  9.716316794665255E-003
  3.744000000000000E-002  8.260090590154159E-003
  3.746000000000000E-002  6.654717031400967E-003
  3.748000000000001E-002  5.023081050288399E-003
  3.750000000000001E-002  3.708311426407695E-003
  3.752000000000000E-002  2.706232198893778E-003
  3.754000000000000E-002  1.952423240286622E-003
  3.756000000000000E-002  1.392694387960089E-003
  3.758000000000000E-002  9.823757281626183E-004
  3.760000000000000E-002  6.852899298866212E-004
  3.762000000000000E-002  4.728250910428118E-004
  3.764000000000000E-002  3.227216531431876E-004
  3.766000000000001E-002  2.179433226337521E-004
  3.768000000000001E-002  1.456624732108645E-004
  3.770000000000000E-002  9.637352533675312E-005
  3.772000000000000E-002  6.313770667741342E-005
  3.774000000000000E-002  4.096677479406088E-005
  3.776000000000000E-002  2.632925927908920E-005
  3.778000000000000E-002  1.676086884448692E-005
  3.780000000000000E-002  1.056693757733146E-005
  3.782000000000001E-002  6.597807509133495E-006
  3.784000000000001E-002  4.084244533718984E-006
  3.786000000000000E-002  2.517946405840075E-006
  3.788000000000000E-002  1.566721864392329E-006
  3.790000000000000E-002  1.014742520421669E-006
  3.792000000000000E-002  7.207801301922434E-007
  3.794000000000000E-002  5.894616903007504E-007
  3.796000000000000E-002  5.516211871339891E-007
  3.798000000000000E-002  5.530361599378779E-007
  3.800000000000001E-002  5.841920640416260E-007
  3.802000000000001E-002  6.715948276322016E-007
  3.804000000000000E-002  8.430634822783349E-007
  3.806000000000000E-002  1.128733680741658E-006
  3.808000000000000E-002  1.563789803475419E-006
  3.810000000000000E-002  2.192002994881534E-006
  3.812000000000000E-002  3.069933856924564E-006
  3.814000000000000E-002  4.271821911478448E-006
  3.816000000000001E-002  5.895163023965120E-006
  3.818000000000001E-002  8.067138996755262E-006
  3.820000000000000E-002  1.095210388169009E-005
  3.822000000000000E-002  1.475996570369967E-005
  3.824000000000000E-002  1.975608494772145E-005
  3.826000000000000E-002  2.627079781471357E-005
  3.828000000000000E-002  3.471081020087371E-005
  3.830000000000000E-002  4.556835093743895E-005
  3.832000000000000E-002  5.943056345051292E-005
  3.834000000000001E-002  7.698203152435119E-005
  3.836000000000001E-002  9.900509951050466E-005
  3.838000000000000E-002  1.263734923149907E-004
  3.840000000000000E-002  1.600305871688566E-004
  3.842000000000000E-002  2.009536467907626E-004
  3.844000000000000E-002  2.500981955412143E-004
  3.846000000000000E-002  3.083160589083484E-004
  3.848000000000000E-002  3.759596862520914E-004
  3.850000000000001E-002  4.392387218276245E-004
  3.852000000000001E-002  4.845631394807985E-004
  3.854000000000000E-002  5.134790870129164E-004
  3.856000000000000E-002  5.289660310918905E-004
  3.858000000000000E-002  5.347427301087149E-004
  3.860000000000000E-002  5.349218250006071E-004
  3.862000000000000E-002  5.325633704600381E-004
  3.864000000000000E-002  5.263140266791648E-004
  3.866000000000000E-002  5.139932370520405E-004
  3.868000000000001E-002  4.935940377097135E-004
  3.870000000000001E-002  4.636228345961266E-004
  3.872000000000000E-002  4.232463076280349E-004
  3.874000000000000E-002  3.719119326974951E-004
  3.876000000000000E-002  3.098390214083184E-004
  3.878000000000000E-002  2.394876955401514E-004
  3.880000000000000E-002  1.778686529011157E-004
  3.882000000000000E-002  1.306275004815544E-004
  3.884000000000001E-002  9.485585052613777E-005
  3.886000000000001E-002  6.812828003485205E-005
  3.888000000000000E-002  4.842408199083703E-005
  3.890000000000000E-002  3.407252130382024E-005
  3.892000000000000E-002  2.373827328774522E-005
  3.894000000000000E-002  1.638092260281554E-005
  3.896000000000000E-002  1.119976201213857E-005
  3.898000000000000E-002  7.589130977489880E-006
  3.900000000000000E-002  5.098278424157461E-006
  3.902000000000001E-002  3.396517650675905E-006
  3.904000000000001E-002  2.244614054025716E-006
  3.906000000000000E-002  1.471811868768043E-006
  3.908000000000000E-002  9.577673566190480E-007
  3.910000000000000E-002  6.186590772395000E-007
  3.912000000000000E-002  3.967404488662715E-007
  3.914000000000000E-002  2.526396831526076E-007
  3.916000000000000E-002  1.597737713618095E-007
  3.918000000000001E-002  1.003612519385362E-007
  3.920000000000001E-002  6.261992270900976E-008
  3.922000000000000E-002  3.881024937637870E-008
  3.924000000000000E-002  2.388384625998414E-008
  3.926000000000000E-002  1.459237275263006E-008
  3.928000000000000E-002  8.853981129099534E-009
  3.930000000000000E-002  5.336521813864476E-009
  3.932000000000000E-002  3.195943635181738E-009
  3.934000000000000E-002  1.902539408885551E-009
  3.936000000000001E-002  1.126521638999471E-009
  3.938000000000001E-002  6.640687680509980E-010
  3.940000000000000E-002  3.902647620943076E-010
  3.942000000000000E-002  2.291981394929352E-010
  3.944000000000000E-002  1.350331724222339E-010
  3.946000000000000E-002  8.030019802486733E-011
  3.948000000000000E-002  4.866730135700699E-011
  3.950000000000000E-002  3.048993105834296E-011
  3.952000000000001E-002  2.010203902440389E-011
  3.954000000000001E-002  1.420048975234690E-011
  3.956000000000000E-002  1.086414343753505E-011
  3.958000000000000E-002  8.989100931670793E-012
  3.960000000000000E-002  7.940443681885483E-012
  3.962000000000000E-002  7.356379463748543E-012
  3.964000000000000E-002  7.031610171014293E-012
  3.966000000000000E-002  6.850556766761851E-012
  3.968000000000000E-002  6.749116767931759E-012
  3.970000000000001E-002  6.691919961184652E-012
  3.972000000000001E-002  6.659160072838464E-012
  3.974000000000000E-002  6.639716179256701E-012
  3.976000000000000E-002  6.627614132794897E-012
  3.978000000000000E-002  6.619513326110742E-012
  3.980000000000000E-002  6.613562279037326E-012
  3.982000000000000E-002  6.608646663808768E-012
  3.984000000000000E-002  6.604090977238972E-012
  3.986000000000001E-002  6.599631827705964E-012
  3.988000000000001E-002  6.595483533551428E-012
  3.990000000000000E-002  6.591528626642985E-012
  3.992000000000000E-002  6.588100814782652E-012
  3.994000000000000E-002  6.584725150663030E-012
  3.996000000000000E-002  6.582092936791528E-012
  3.998000000000000E-002  6.579267332611053E-012
  4.000000000000000E-002  1.566680339317829E-011
