  0.000000000000000E+000   420.023201071968     
  2.000000000000000E-005   420.023201071968     
  4.000000000000000E-005   419.850499913437     
  6.000000000000001E-005   419.801238740033     
  8.000000000000001E-005   419.752392213894     
  1.000000000000000E-004   419.703829968294     
  1.200000000000000E-004   419.655539386019     
  1.400000000000000E-004   419.607511397527     
  1.600000000000000E-004   419.559738569086     
  1.800000000000000E-004   419.512213139533     
  2.000000000000000E-004   419.464928501225     
  2.200000000000000E-004   419.417881704597     
  2.400000000000000E-004   419.371072472160     
  2.600000000000000E-004   419.324500140675     
  2.800000000000000E-004   419.278163052021     
  3.000000000000000E-004   419.232061233947     
  3.200000000000000E-004   419.186197723079     
  3.400000000000000E-004   419.140577267610     
  3.600000000000000E-004   419.095203728866     
  3.800000000000000E-004   419.050080194103     
  4.000000000000000E-004   419.005207823570     
  4.200000000000000E-004   418.960587032080     
  4.400000000000000E-004   418.916216784756     
  4.600000000000000E-004   418.872093433994     
  4.800000000000001E-004   418.828209036226     
  5.000000000000000E-004   418.784551556654     
  5.200000000000001E-004   418.741106293870     
  5.400000000000000E-004   418.697856997527     
  5.600000000000001E-004   418.654787626736     
  5.800000000000000E-004   418.611880972670     
  6.000000000000001E-004   418.569120257204     
  6.200000000000000E-004   418.526488320661     
  6.400000000000001E-004   418.483969646598     
  6.600000000000001E-004   418.441550353087     
  6.800000000000000E-004   418.399219832888     
  7.000000000000001E-004   418.356968417394     
  7.200000000000000E-004   418.314788090002     
  7.400000000000001E-004   418.272673148492     
  7.600000000000000E-004   418.230619231899     
  7.800000000000001E-004   418.188625402807     
  8.000000000000000E-004   418.146687649342     
  8.200000000000001E-004   418.104805184566     
  8.400000000000000E-004   418.062972300658     
  8.600000000000001E-004   418.021184694272     
  8.800000000000000E-004   417.979437089676     
  9.000000000000001E-004   417.937720194072     
  9.200000000000000E-004   417.896025517367     
  9.400000000000001E-004   417.854338282397     
  9.600000000000001E-004   417.812646571162     
  9.800000000000002E-004   417.770952870216     
  1.000000000000000E-003   417.729285403690     
  1.020000000000000E-003   417.687658790565     
  1.040000000000000E-003   417.646081521786     
  1.060000000000000E-003   417.604541137484     
  1.080000000000000E-003   417.563013334254     
  1.100000000000000E-003   417.521486658855     
  1.120000000000000E-003   417.479900233621     
  1.140000000000000E-003   417.438206454688     
  1.160000000000000E-003   417.396359582451     
  1.180000000000000E-003   417.354312973746     
  1.200000000000000E-003   417.312009543029     
  1.220000000000000E-003   417.269392694800     
  1.240000000000000E-003   417.226419703732     
  1.260000000000000E-003   417.183069169399     
  1.280000000000000E-003   417.139342652118     
  1.300000000000000E-003   417.095253906882     
  1.320000000000000E-003   417.050808432797     
  1.340000000000000E-003   417.005993953071     
  1.360000000000000E-003   416.960796067494     
  1.380000000000000E-003   416.915209630872     
  1.400000000000000E-003   416.869231318918     
  1.420000000000000E-003   416.822841955111     
  1.440000000000000E-003   416.775928305234     
  1.460000000000000E-003   416.728282971320     
  1.480000000000000E-003   416.680265415668     
  1.500000000000000E-003   416.631920661141     
  1.520000000000000E-003   416.583074133981     
  1.540000000000000E-003   416.533725961996     
  1.560000000000000E-003   416.484072246362     
  1.580000000000000E-003   416.434053021823     
  1.600000000000000E-003   416.383617197774     
  1.620000000000000E-003   416.332742793302     
  1.640000000000000E-003   416.281430056070     
  1.660000000000000E-003   416.229688639652     
  1.680000000000000E-003   416.177528912434     
  1.700000000000000E-003   416.124959778166     
  1.720000000000000E-003   416.071990867274     
  1.740000000000000E-003   416.018636468537     
  1.760000000000000E-003   415.964917665169     
  1.780000000000000E-003   415.910858988552     
  1.800000000000000E-003   415.856480292491     
  1.820000000000000E-003   415.801795455199     
  1.840000000000000E-003   415.747032079441     
  1.860000000000000E-003   415.692587075503     
  1.880000000000000E-003   415.638531122819     
  1.900000000000000E-003   415.584871582314     
  1.920000000000000E-003   415.531607185882     
  1.940000000000000E-003   415.478721681602     
  1.960000000000000E-003   415.426193193432     
  1.980000000000000E-003   415.373999916259     
  2.000000000000000E-003   415.322120704495     
  2.020000000000000E-003   415.270536295227     
  2.040000000000000E-003   415.219230760628     
  2.060000000000000E-003   415.168191393310     
  2.080000000000000E-003   415.117407254331     
  2.100000000000000E-003   415.066867720587     
  2.120000000000000E-003   415.016561929138     
  2.140000000000000E-003   414.966478729299     
  2.160000000000000E-003   414.916606443910     
  2.180000000000000E-003   414.866932872564     
  2.200000000000000E-003   414.817446060524     
  2.220000000000000E-003   414.768134936275     
  2.240000000000000E-003   414.718989822326     
  2.260000000000000E-003   414.670002367441     
  2.280000000000000E-003   414.621166221608     
  2.300000000000000E-003   414.572473933246     
  2.320000000000000E-003   414.523915350736     
  2.340000000000000E-003   414.475478019188     
  2.360000000000000E-003   414.427148203759     
  2.380000000000000E-003   414.378911733627     
  2.400000000000000E-003   414.330753406101     
  2.420000000000000E-003   414.282656156442     
  2.440000000000000E-003   414.234602076449     
  2.460000000000000E-003   414.186578252799     
  2.480000000000000E-003   414.138573797242     
  2.500000000000000E-003   414.090579033203     
  2.520000000000000E-003   414.042584848328     
  2.540000000000000E-003   413.994581881145     
  2.560000000000000E-003   413.946562688318     
  2.580000000000000E-003   413.898523853991     
  2.600000000000000E-003   413.850465024776     
  2.620000000000000E-003   413.802386284853     
  2.640000000000000E-003   413.754289155036     
  2.660000000000000E-003   413.706180760938     
  2.680000000000000E-003   413.658072882927     
  2.700000000000000E-003   413.609986544364     
  2.720000000000000E-003   413.561951749369     
  2.740000000000000E-003   413.514009247466     
  2.760000000000000E-003   413.466210129341     
  2.780000000000000E-003   413.418614917849     
  2.800000000000000E-003   413.371288747422     
  2.820000000000000E-003   413.324302042948     
  2.840000000000000E-003   413.277709055111     
  2.860000000000000E-003   413.231546349970     
  2.880000000000000E-003   413.185834841424     
  2.900000000000000E-003   413.140588520714     
  2.920000000000000E-003   413.095816638365     
  2.940000000000000E-003   413.051526327444     
  2.960000000000000E-003   413.007723132077     
  2.980000000000000E-003   412.964408559691     
  3.000000000000000E-003   412.921590425065     
  3.020000000000000E-003   412.879275781434     
  3.040000000000000E-003   412.837469987986     
  3.060000000000000E-003   412.796170500926     
  3.080000000000000E-003   412.755332386196     
  3.100000000000000E-003   412.714865375335     
  3.120000000000000E-003   412.674684600387     
  3.140000000000000E-003   412.634737158712     
  3.160000000000000E-003   412.595019312474     
  3.180000000000000E-003   412.555487351135     
  3.200000000000000E-003   412.515177773429     
  3.220000000000000E-003   412.471127793457     
  3.240000000000000E-003   412.433727562438     
  3.260000000000000E-003   412.425016667352     
  3.280000000000000E-003   412.571866077745     
  3.300000000000000E-003   413.907393585636     
  3.320000000000000E-003   418.398105614243     
  3.340000000000000E-003   421.472569553652     
  3.360000000000000E-003   422.266741306085     
  3.380000000000000E-003   422.398503939625     
  3.400000000000000E-003   422.361301020778     
  3.420000000000000E-003   422.235501996354     
  3.440000000000000E-003   422.129470605874     
  3.460000000000000E-003   422.030806351830     
  3.480000000000000E-003   421.940926947712     
  3.500000000000000E-003   421.859141579716     
  3.520000000000000E-003   421.781408820263     
  3.540000000000000E-003   421.701320586838     
  3.560000000000000E-003   421.618268011102     
  3.580000000000000E-003   421.537701925226     
  3.600000000000000E-003   421.461194969013     
  3.620000000000000E-003   421.388355551962     
  3.640000000000000E-003   421.313428487023     
  3.660000000000000E-003   421.237321999232     
  3.680000000000000E-003   421.160396476389     
  3.700000000000000E-003   421.083955007487     
  3.720000000000000E-003   421.011043341762     
  3.740000000000000E-003   420.940891571561     
  3.760000000000000E-003   420.871954809666     
  3.780000000000000E-003   420.804406830857     
  3.800000000000000E-003   420.741364243707     
  3.820000000000000E-003   420.686374148873     
  3.840000000000001E-003   420.639538489958     
  3.860000000000000E-003   420.603150473684     
  3.880000000000000E-003   420.576041633216     
  3.900000000000000E-003   420.560998058831     
  3.920000000000001E-003   420.557348020892     
  3.940000000000000E-003   420.568371259539     
  3.960000000000000E-003   420.617266169945     
  3.980000000000000E-003   420.743919641257     
  4.000000000000000E-003   421.006967666945     
  4.020000000000000E-003   421.448758499664     
  4.040000000000000E-003   421.858644467087     
  4.060000000000000E-003   422.123615244370     
  4.080000000000000E-003   422.274588798511     
  4.100000000000000E-003   422.351840292624     
  4.120000000000000E-003   422.389296857794     
  4.140000000000000E-003   422.410887677928     
  4.160000000000001E-003   422.428289965549     
  4.180000000000001E-003   422.447550142693     
  4.200000000000001E-003   422.481844859248     
  4.220000000000001E-003   422.553516866114     
  4.240000000000001E-003   422.697163302461     
  4.260000000000001E-003   422.958593752782     
  4.280000000000000E-003   423.383648146250     
  4.300000000000000E-003   423.921951936943     
  4.320000000000000E-003   424.358863608713     
  4.340000000000000E-003   424.660922333396     
  4.360000000000000E-003   424.865259625311     
  4.380000000000000E-003   425.003322964345     
  4.400000000000000E-003   425.097180504346     
  4.420000000000000E-003   425.160719319629     
  4.440000000000000E-003   425.202355053629     
  4.460000000000000E-003   425.227641943310     
  4.480000000000000E-003   425.240367119205     
  4.500000000000001E-003   425.242657504548     
  4.520000000000001E-003   425.231697003248     
  4.540000000000001E-003   425.203671082879     
  4.560000000000001E-003   425.163698117666     
  4.580000000000001E-003   425.116976895026     
  4.600000000000001E-003   425.066257299740     
  4.620000000000000E-003   425.012417488909     
  4.640000000000000E-003   424.955376290776     
  4.660000000000000E-003   424.895482094036     
  4.680000000000000E-003   424.833550945910     
  4.700000000000000E-003   424.770331048932     
  4.720000000000000E-003   424.706223180345     
  4.740000000000000E-003   424.641329679150     
  4.760000000000000E-003   424.575630106425     
  4.780000000000000E-003   424.509089871257     
  4.800000000000000E-003   424.441708293420     
  4.820000000000000E-003   424.373514520376     
  4.840000000000001E-003   424.304581147386     
  4.860000000000001E-003   424.234962279956     
  4.880000000000001E-003   424.164679834936     
  4.900000000000001E-003   424.093800553121     
  4.920000000000001E-003   424.022576548662     
  4.940000000000001E-003   423.951081948648     
  4.960000000000000E-003   423.879464028780     
  4.980000000000000E-003   423.807953597339     
  5.000000000000000E-003   423.736593283503     
  5.020000000000000E-003   423.665397709308     
  5.040000000000000E-003   423.594417180705     
  5.060000000000000E-003   423.523756415853     
  5.080000000000000E-003   423.453552733609     
  5.100000000000000E-003   423.383888543321     
  5.120000000000000E-003   423.314762765582     
  5.140000000000000E-003   423.246059781706     
  5.160000000000001E-003   423.177497749645     
  5.180000000000001E-003   423.108808350059     
  5.200000000000001E-003   423.039981485236     
  5.220000000000001E-003   422.971047224643     
  5.240000000000001E-003   422.902253496763     
  5.260000000000001E-003   422.833809908523     
  5.280000000000001E-003   422.765962701577     
  5.300000000000000E-003   422.698943483760     
  5.320000000000000E-003   422.632983774342     
  5.340000000000000E-003   422.568120403749     
  5.360000000000000E-003   422.504268955297     
  5.380000000000000E-003   422.441209929631     
  5.400000000000000E-003   422.378663692931     
  5.420000000000000E-003   422.316127460485     
  5.440000000000000E-003   422.254117315314     
  5.460000000000000E-003   422.193478488791     
  5.480000000000000E-003   422.135999547376     
  5.500000000000001E-003   422.083190344373     
  5.520000000000001E-003   422.037110267492     
  5.540000000000001E-003   421.998788694331     
  5.560000000000001E-003   421.971435806016     
  5.580000000000001E-003   421.956536364611     
  5.600000000000001E-003   421.951436206865     
  5.620000000000001E-003   421.958724722636     
  5.640000000000000E-003   421.983406643876     
  5.660000000000000E-003   422.036393010738     
  5.680000000000000E-003   422.129966146912     
  5.700000000000000E-003   422.276566655080     
  5.720000000000000E-003   422.468515665738     
  5.740000000000000E-003   422.634980320747     
  5.760000000000000E-003   422.751633458722     
  5.780000000000000E-003   422.827151467597     
  5.800000000000000E-003   422.872044008970     
  5.820000000000001E-003   422.896283352173     
  5.840000000000001E-003   422.907186420589     
  5.860000000000001E-003   422.908602814407     
  5.880000000000001E-003   422.899140173016     
  5.900000000000001E-003   422.872702806909     
  5.920000000000001E-003   422.835880369870     
  5.940000000000001E-003   422.796431071923     
  5.960000000000001E-003   422.757978382421     
  5.980000000000000E-003   422.720888116446     
  6.000000000000000E-003   422.685380381174     
  6.020000000000000E-003   422.651454827526     
  6.040000000000000E-003   422.619071490984     
  6.060000000000000E-003   422.588218550835     
  6.080000000000000E-003   422.558928390496     
  6.100000000000000E-003   422.531353192861     
  6.120000000000000E-003   422.505775887406     
  6.140000000000000E-003   422.482785119620     
  6.160000000000001E-003   422.462965594480     
  6.180000000000001E-003   422.447189551206     
  6.200000000000001E-003   422.435410469243     
  6.220000000000001E-003   422.428021855013     
  6.240000000000001E-003   422.423539541871     
  6.260000000000001E-003   422.422305122099     
  6.280000000000001E-003   422.423847509661     
  6.300000000000001E-003   422.427692320916     
  6.320000000000000E-003   422.434725924845     
  6.340000000000000E-003   422.445429350830     
  6.360000000000000E-003   422.460928117072     
  6.380000000000000E-003   422.476577290212     
  6.400000000000000E-003   422.485934904575     
  6.420000000000000E-003   422.488034703207     
  6.440000000000000E-003   422.485709116341     
  6.460000000000000E-003   422.480590283174     
  6.480000000000001E-003   422.471016972472     
  6.500000000000001E-003   422.457120646305     
  6.520000000000001E-003   422.437459539807     
  6.540000000000001E-003   422.409864230460     
  6.560000000000001E-003   422.372740631153     
  6.580000000000001E-003   422.326087728034     
  6.600000000000001E-003   422.271210850068     
  6.620000000000001E-003   422.209026538853     
  6.640000000000001E-003   422.140743510905     
  6.660000000000000E-003   422.067243409260     
  6.680000000000000E-003   421.989871461890     
  6.700000000000000E-003   421.909783711544     
  6.720000000000000E-003   421.827857253843     
  6.740000000000000E-003   421.744767289991     
  6.760000000000000E-003   421.660696152348     
  6.780000000000000E-003   421.576006633684     
  6.800000000000000E-003   421.490714976021     
  6.820000000000001E-003   421.404920612967     
  6.840000000000001E-003   421.319443224742     
  6.860000000000001E-003   421.234322186240     
  6.880000000000001E-003   421.149750179368     
  6.900000000000001E-003   421.065890229510     
  6.920000000000001E-003   420.983018330063     
  6.940000000000001E-003   420.901755490974     
  6.960000000000001E-003   420.823292790240     
  6.980000000000001E-003   420.749493549254     
  7.000000000000000E-003   420.682829007942     
  7.020000000000000E-003   420.625789012658     
  7.040000000000000E-003   420.579339157606     
  7.060000000000000E-003   420.545069942269     
  7.080000000000000E-003   420.528646395843     
  7.100000000000000E-003   420.532647228150     
  7.120000000000000E-003   420.555140639267     
  7.140000000000001E-003   420.608672677733     
  7.160000000000001E-003   420.704295589427     
  7.180000000000001E-003   420.854422996784     
  7.200000000000001E-003   421.072045607642     
  7.220000000000001E-003   421.361126515030     
  7.240000000000001E-003   421.640736556526     
  7.260000000000001E-003   421.862304302408     
  7.280000000000001E-003   422.028540889287     
  7.300000000000001E-003   422.147902566617     
  7.320000000000001E-003   422.229266913259     
  7.340000000000000E-003   422.281085662555     
  7.360000000000000E-003   422.310582939476     
  7.380000000000000E-003   422.323053653319     
  7.400000000000000E-003   422.321597029620     
  7.420000000000000E-003   422.310588273256     
  7.440000000000000E-003   422.290192248813     
  7.460000000000000E-003   422.260160838144     
  7.480000000000001E-003   422.225163716627     
  7.500000000000001E-003   422.189201284983     
  7.520000000000001E-003   422.154415257813     
  7.540000000000001E-003   422.121368553263     
  7.560000000000001E-003   422.090280406963     
  7.580000000000001E-003   422.061421556740     
  7.600000000000001E-003   422.034865409777     
  7.620000000000001E-003   422.010116211839     
  7.640000000000001E-003   421.986369561860     
  7.660000000000001E-003   421.963556542024     
  7.680000000000001E-003   421.941970444320     
  7.700000000000000E-003   421.922499899139     
  7.720000000000000E-003   421.905942996664     
  7.740000000000000E-003   421.893052457233     
  7.760000000000000E-003   421.883988442784     
  7.780000000000000E-003   421.877875116667     
  7.800000000000001E-003   421.875103690986     
  7.820000000000001E-003   421.875167729126     
  7.840000000000001E-003   421.877260385204     
  7.860000000000001E-003   421.882819447263     
  7.880000000000000E-003   421.891767460047     
  7.900000000000001E-003   421.903743774957     
  7.920000000000000E-003   421.918916672291     
  7.940000000000001E-003   421.937505398936     
  7.960000000000000E-003   421.959958611648     
  7.980000000000001E-003   421.986595960186     
  8.000000000000000E-003   422.013012092894     
  8.020000000000001E-003   422.036046416380     
  8.040000000000000E-003   422.055108412928     
  8.060000000000001E-003   422.069933098666     
  8.080000000000000E-003   422.081240902531     
  8.100000000000001E-003   422.089305304478     
  8.120000000000000E-003   422.095256850478     
  8.140000000000001E-003   422.099350996763     
  8.160000000000001E-003   422.101654592474     
  8.180000000000002E-003   422.101909666672     
  8.200000000000001E-003   422.099458572078     
  8.220000000000000E-003   422.094099328163     
  8.240000000000001E-003   422.087640135147     
  8.260000000000000E-003   422.081023971394     
  8.280000000000001E-003   422.075024469484     
  8.300000000000000E-003   422.070064296357     
  8.320000000000001E-003   422.067307667286     
  8.340000000000000E-003   422.068000134012     
  8.360000000000001E-003   422.072305547206     
  8.380000000000000E-003   422.081407817693     
  8.400000000000001E-003   422.094202415337     
  8.420000000000000E-003   422.107706834687     
  8.440000000000001E-003   422.121845714986     
  8.460000000000001E-003   422.137022461330     
  8.480000000000001E-003   422.153664898088     
  8.500000000000001E-003   422.172055213531     
  8.520000000000002E-003   422.192755253057     
  8.540000000000001E-003   422.217940589979     
  8.560000000000000E-003   422.248437407857     
  8.580000000000001E-003   422.284819260025     
  8.600000000000000E-003   422.328742271046     
  8.620000000000001E-003   422.382224894887     
  8.640000000000000E-003   422.447939112174     
  8.660000000000001E-003   422.529862040767     
  8.680000000000000E-003   422.628251602467     
  8.700000000000001E-003   422.721449657913     
  8.720000000000000E-003   422.796349220017     
  8.740000000000001E-003   422.855514892339     
  8.760000000000000E-003   422.901854377675     
  8.780000000000001E-003   422.937886884317     
  8.800000000000001E-003   422.965372938389     
  8.820000000000001E-003   422.985612295978     
  8.840000000000001E-003   422.999693616848     
  8.860000000000002E-003   423.007980149298     
  8.880000000000001E-003   423.011204323433     
  8.900000000000000E-003   423.009826085736     
  8.920000000000001E-003   423.004895668116     
  8.940000000000000E-003   422.996453233726     
  8.960000000000001E-003   422.984831872353     
  8.980000000000000E-003   422.970370946445     
  9.000000000000001E-003   422.953588010275     
  9.020000000000000E-003   422.934934231060     
  9.040000000000001E-003   422.914746955089     
  9.060000000000000E-003   422.892956607589     
  9.080000000000001E-003   422.869468942757     
  9.100000000000000E-003   422.844361301830     
  9.120000000000001E-003   422.817667337941     
  9.140000000000001E-003   422.789419220216     
  9.160000000000001E-003   422.759637901373     
  9.180000000000001E-003   422.728542671649     
  9.200000000000002E-003   422.696337583971     
  9.220000000000001E-003   422.663314876045     
  9.240000000000000E-003   422.629797122727     
  9.260000000000001E-003   422.596048902386     
  9.280000000000000E-003   422.562441271187     
  9.300000000000001E-003   422.529002773918     
  9.320000000000000E-003   422.495771637260     
  9.340000000000001E-003   422.462563101122     
  9.360000000000000E-003   422.429474597246     
  9.380000000000001E-003   422.396219241695     
  9.400000000000000E-003   422.362750046323     
  9.420000000000001E-003   422.329023654893     
  9.440000000000000E-003   422.295161915335     
  9.460000000000001E-003   422.261246006468     
  9.480000000000001E-003   422.227858121352     
  9.500000000000001E-003   422.195363357307     
  9.520000000000001E-003   422.163970635547     
  9.540000000000002E-003   422.133856939316     
  9.560000000000001E-003   422.105189932935     
  9.580000000000000E-003   422.078069462725     
  9.600000000000001E-003   422.052410538590     
  9.620000000000000E-003   422.028057180871     
  9.640000000000001E-003   422.004880744747     
  9.660000000000000E-003   421.982796722848     
  9.680000000000001E-003   421.961793261198     
  9.700000000000000E-003   421.941315855221     
  9.720000000000001E-003   421.921354354457     
  9.740000000000000E-003   421.901940605942     
  9.760000000000001E-003   421.883129340086     
  9.780000000000000E-003   421.864951774619     
  9.800000000000001E-003   421.847379619860     
  9.820000000000001E-003   421.830386178482     
  9.840000000000002E-003   421.814027906138     
  9.860000000000001E-003   421.798466521802     
  9.880000000000002E-003   421.783969567818     
  9.900000000000001E-003   421.770867728926     
  9.920000000000000E-003   421.759362963351     
  9.940000000000001E-003   421.749638664781     
  9.960000000000000E-003   421.741465932054     
  9.980000000000001E-003   421.735151683705     
  1.000000000000000E-002   421.730689422400     
  1.002000000000000E-002   421.727655774951     
  1.004000000000000E-002   421.725329623946     
  1.006000000000000E-002   421.722856619442     
  1.008000000000000E-002   421.719730266274     
  1.010000000000000E-002   421.715766345125     
  1.012000000000000E-002   421.710941807909     
  1.014000000000000E-002   421.705295901142     
  1.016000000000000E-002   421.698893050352     
  1.018000000000000E-002   421.692008644225     
  1.020000000000000E-002   421.683609972889     
  1.022000000000000E-002   421.673283693676     
  1.024000000000000E-002   421.662896511153     
  1.026000000000000E-002   421.653002006616     
  1.028000000000000E-002   421.643507287582     
  1.030000000000000E-002   421.634359629313     
  1.032000000000000E-002   421.625507116284     
  1.034000000000000E-002   421.617076106197     
  1.036000000000000E-002   421.609174304801     
  1.038000000000000E-002   421.601648260309     
  1.040000000000000E-002   421.594338857363     
  1.042000000000000E-002   421.587089803441     
  1.044000000000000E-002   421.579718425469     
  1.046000000000000E-002   421.572053955415     
  1.048000000000000E-002   421.564044215623     
  1.050000000000000E-002   421.555668259012     
  1.052000000000000E-002   421.546948160663     
  1.054000000000000E-002   421.537960613649     
  1.056000000000000E-002   421.528817306043     
  1.058000000000000E-002   421.519622365476     
  1.060000000000000E-002   421.510432508914     
  1.062000000000000E-002   421.501290326630     
  1.064000000000000E-002   421.492147989199     
  1.066000000000000E-002   421.482826705644     
  1.068000000000000E-002   421.473087158275     
  1.070000000000000E-002   421.462641837049     
  1.072000000000000E-002   421.451193994343     
  1.074000000000000E-002   421.438448838351     
  1.076000000000000E-002   421.424167591667     
  1.078000000000000E-002   421.408135936879     
  1.080000000000000E-002   421.390191303260     
  1.082000000000000E-002   421.370162131995     
  1.084000000000000E-002   421.348015058834     
  1.086000000000000E-002   421.323775378508     
  1.088000000000000E-002   421.297621028588     
  1.090000000000000E-002   421.269706723650     
  1.092000000000000E-002   421.240167874596     
  1.094000000000000E-002   421.209183614858     
  1.096000000000000E-002   421.177035958459     
  1.098000000000000E-002   421.143993484813     
  1.100000000000000E-002   421.110294267238     
  1.102000000000000E-002   421.076109359483     
  1.104000000000000E-002   421.041817834685     
  1.106000000000000E-002   421.008066232671     
  1.108000000000000E-002   420.975270561089     
  1.110000000000000E-002   420.943801356878     
  1.112000000000000E-002   420.913913336323     
  1.114000000000000E-002   420.885770496917     
  1.116000000000000E-002   420.859477481259     
  1.118000000000000E-002   420.835105992211     
  1.120000000000000E-002   420.812712162173     
  1.122000000000000E-002   420.792342786387     
  1.124000000000000E-002   420.774033009390     
  1.126000000000000E-002   420.757811572277     
  1.128000000000000E-002   420.743702103648     
  1.130000000000000E-002   420.731716544142     
  1.132000000000000E-002   420.721847943440     
  1.134000000000000E-002   420.714073476592     
  1.136000000000000E-002   420.708407326233     
  1.138000000000000E-002   420.704881592303     
  1.140000000000000E-002   420.703518188770     
  1.142000000000000E-002   420.704009327496     
  1.144000000000000E-002   420.705334535740     
  1.146000000000000E-002   420.707612464524     
  1.148000000000000E-002   420.710866698234     
  1.150000000000000E-002   420.714984472113     
  1.152000000000000E-002   420.719821946879     
  1.154000000000000E-002   420.725231078744     
  1.156000000000000E-002   420.731052547330     
  1.158000000000000E-002   420.737263114302     
  1.160000000000000E-002   420.744053408438     
  1.162000000000000E-002   420.751934516642     
  1.164000000000000E-002   420.761540518526     
  1.166000000000000E-002   420.773363342531     
  1.168000000000000E-002   420.787885189412     
  1.170000000000000E-002   420.805510877719     
  1.172000000000000E-002   420.826604226199     
  1.174000000000000E-002   420.851481448400     
  1.176000000000000E-002   420.880423485221     
  1.178000000000000E-002   420.913756068613     
  1.180000000000000E-002   420.951825183839     
  1.182000000000000E-002   420.995053115988     
  1.184000000000000E-002   421.043930523144     
  1.186000000000000E-002   421.099127944271     
  1.188000000000000E-002   421.161579087583     
  1.190000000000000E-002   421.232504650008     
  1.192000000000000E-002   421.313424918693     
  1.194000000000000E-002   421.406306550221     
  1.196000000000000E-002   421.513607543059     
  1.198000000000000E-002   421.638387868379     
  1.200000000000000E-002   421.778361854985     
  1.202000000000000E-002   421.915515903897     
  1.204000000000000E-002   422.040332500892     
  1.206000000000000E-002   422.150180948238     
  1.208000000000000E-002   422.244533167115     
  1.210000000000000E-002   422.323724277150     
  1.212000000000000E-002   422.388765017917     
  1.214000000000000E-002   422.441075095207     
  1.216000000000000E-002   422.482296440896     
  1.218000000000000E-002   422.514134546406     
  1.220000000000000E-002   422.538197755343     
  1.222000000000000E-002   422.555879103190     
  1.224000000000000E-002   422.568307967682     
  1.226000000000000E-002   422.576386073746     
  1.228000000000000E-002   422.580863970681     
  1.230000000000000E-002   422.582494492138     
  1.232000000000000E-002   422.581973604484     
  1.234000000000000E-002   422.579898950446     
  1.236000000000000E-002   422.575917379655     
  1.238000000000000E-002   422.569349303398     
  1.240000000000000E-002   422.560747010422     
  1.242000000000000E-002   422.550444090690     
  1.244000000000000E-002   422.538823892445     
  1.246000000000000E-002   422.526097573587     
  1.248000000000000E-002   422.512455178708     
  1.250000000000000E-002   422.498019919037     
  1.252000000000000E-002   422.482828735692     
  1.254000000000000E-002   422.466881800425     
  1.256000000000000E-002   422.450149087561     
  1.258000000000000E-002   422.432583719121     
  1.260000000000000E-002   422.414128962979     
  1.262000000000000E-002   422.394713748737     
  1.264000000000000E-002   422.374257340900     
  1.266000000000000E-002   422.352696934517     
  1.268000000000000E-002   422.330008485484     
  1.270000000000000E-002   422.306211330024     
  1.272000000000000E-002   422.281379232124     
  1.274000000000000E-002   422.255652981695     
  1.276000000000000E-002   422.229231803431     
  1.278000000000000E-002   422.202361834495     
  1.280000000000000E-002   422.175282001199     
  1.282000000000000E-002   422.148205912925     
  1.284000000000000E-002   422.121293242528     
  1.286000000000000E-002   422.094669174929     
  1.288000000000000E-002   422.068532353473     
  1.290000000000000E-002   422.043201246793     
  1.292000000000000E-002   422.018799502812     
  1.294000000000000E-002   421.995542702171     
  1.296000000000000E-002   421.973647449062     
  1.298000000000000E-002   421.953283177221     
  1.300000000000000E-002   421.934485759675     
  1.302000000000000E-002   421.917249614898     
  1.304000000000000E-002   421.901542416291     
  1.306000000000000E-002   421.887277515411     
  1.308000000000000E-002   421.874347298351     
  1.310000000000000E-002   421.862614402007     
  1.312000000000000E-002   421.851935214134     
  1.314000000000000E-002   421.842177679230     
  1.316000000000000E-002   421.833262604863     
  1.318000000000000E-002   421.825144547839     
  1.320000000000000E-002   421.817839908938     
  1.322000000000000E-002   421.811409857748     
  1.324000000000000E-002   421.805983212054     
  1.326000000000000E-002   421.801767293975     
  1.328000000000000E-002   421.799084234987     
  1.330000000000000E-002   421.798142648813     
  1.332000000000000E-002   421.799088921698     
  1.334000000000000E-002   421.801902217608     
  1.336000000000000E-002   421.806843551159     
  1.338000000000000E-002   421.814119960592     
  1.340000000000000E-002   421.823755062523     
  1.342000000000000E-002   421.835667163213     
  1.344000000000000E-002   421.849788549471     
  1.346000000000000E-002   421.866047839805     
  1.348000000000000E-002   421.884421463054     
  1.350000000000000E-002   421.905117169322     
  1.352000000000000E-002   421.928409563939     
  1.354000000000000E-002   421.954588197154     
  1.356000000000000E-002   421.983756050568     
  1.358000000000000E-002   422.015988462166     
  1.360000000000000E-002   422.051452735782     
  1.362000000000000E-002   422.090269894022     
  1.364000000000000E-002   422.132525292503     
  1.366000000000000E-002   422.178436846900     
  1.368000000000000E-002   422.228387020369     
  1.370000000000000E-002   422.282913429369     
  1.372000000000000E-002   422.342663445560     
  1.374000000000000E-002   422.408541304631     
  1.376000000000000E-002   422.478004468120     
  1.378000000000000E-002   422.545062050986     
  1.380000000000000E-002   422.607993782103     
  1.382000000000000E-002   422.666811160937     
  1.384000000000000E-002   422.721934266420     
  1.386000000000000E-002   422.773614930679     
  1.388000000000000E-002   422.821985779354     
  1.390000000000000E-002   422.867137137702     
  1.392000000000000E-002   422.909221835288     
  1.394000000000000E-002   422.948555794998     
  1.396000000000000E-002   422.985531498809     
  1.398000000000000E-002   423.020573776965     
  1.400000000000000E-002   423.054025454044     
  1.402000000000000E-002   423.086185589039     
  1.404000000000000E-002   423.117295885353     
  1.406000000000000E-002   423.147457710822     
  1.408000000000000E-002   423.176636285778     
  1.410000000000000E-002   423.205208450646     
  1.412000000000000E-002   423.232835055693     
  1.414000000000000E-002   423.258754384768     
  1.416000000000000E-002   423.282760331769     
  1.418000000000000E-002   423.304970273477     
  1.420000000000000E-002   423.325563959528     
  1.422000000000000E-002   423.344658944563     
  1.424000000000000E-002   423.362267047994     
  1.426000000000000E-002   423.378352728418     
  1.428000000000000E-002   423.392695537763     
  1.430000000000000E-002   423.404744480598     
  1.432000000000000E-002   423.413723640478     
  1.434000000000000E-002   423.419875079774     
  1.436000000000000E-002   423.421041846649     
  1.438000000000000E-002   423.418554191793     
  1.440000000000000E-002   423.412200792513     
  1.442000000000000E-002   423.401867793333     
  1.444000000000000E-002   423.388507897987     
  1.446000000000000E-002   423.372316966923     
  1.448000000000000E-002   423.355052318468     
  1.450000000000000E-002   423.337526119368     
  1.452000000000000E-002   423.319621153418     
  1.454000000000000E-002   423.301337060053     
  1.456000000000000E-002   423.282722530058     
  1.458000000000000E-002   423.263760650816     
  1.460000000000000E-002   423.244491642986     
  1.462000000000000E-002   423.224932840142     
  1.464000000000000E-002   423.205094319456     
  1.466000000000000E-002   423.184994325575     
  1.468000000000000E-002   423.164613408425     
  1.470000000000000E-002   423.143946264379     
  1.472000000000000E-002   423.123287286017     
  1.474000000000000E-002   423.102914647366     
  1.476000000000000E-002   423.082740265266     
  1.478000000000000E-002   423.062685088527     
  1.480000000000000E-002   423.042654583707     
  1.482000000000000E-002   423.022468912837     
  1.484000000000000E-002   423.001952352300     
  1.486000000000000E-002   422.980637971669     
  1.488000000000000E-002   422.957831444525     
  1.490000000000000E-002   422.933041346956     
  1.492000000000000E-002   422.906027404467     
  1.494000000000000E-002   422.876721434902     
  1.496000000000000E-002   422.845314113072     
  1.498000000000000E-002   422.812105217857     
  1.500000000000000E-002   422.777368298732     
  1.502000000000000E-002   422.741326345013     
  1.504000000000000E-002   422.704206886314     
  1.506000000000000E-002   422.666247442423     
  1.508000000000000E-002   422.627620620038     
  1.510000000000000E-002   422.588417368773     
  1.512000000000000E-002   422.548605148647     
  1.514000000000000E-002   422.508515778488     
  1.516000000000000E-002   422.468975292962     
  1.518000000000000E-002   422.430414152016     
  1.520000000000000E-002   422.393291920112     
  1.522000000000000E-002   422.357916972447     
  1.524000000000000E-002   422.324464256292     
  1.526000000000000E-002   422.292978716344     
  1.528000000000000E-002   422.263478789496     
  1.530000000000000E-002   422.235929295616     
  1.532000000000000E-002   422.210278569099     
  1.534000000000000E-002   422.186501332067     
  1.536000000000000E-002   422.164340793238     
  1.538000000000000E-002   422.143831863074     
  1.540000000000000E-002   422.124847413642     
  1.542000000000000E-002   422.107589918639     
  1.544000000000000E-002   422.092244945118     
  1.546000000000000E-002   422.078648421844     
  1.548000000000000E-002   422.066510002951     
  1.550000000000000E-002   422.055469893144     
  1.552000000000000E-002   422.045162536994     
  1.554000000000000E-002   422.035298888190     
  1.556000000000000E-002   422.025600805005     
  1.558000000000000E-002   422.015900689047     
  1.560000000000000E-002   422.006156198326     
  1.562000000000000E-002   421.996332884028     
  1.564000000000000E-002   421.986556315669     
  1.566000000000000E-002   421.977082660504     
  1.568000000000000E-002   421.968251124545     
  1.570000000000000E-002   421.960260515186     
  1.572000000000000E-002   421.953385815141     
  1.574000000000000E-002   421.947931067789     
  1.576000000000000E-002   421.944178998227     
  1.578000000000000E-002   421.942499270332     
  1.580000000000000E-002   421.943280844153     
  1.582000000000000E-002   421.946273988936     
  1.584000000000000E-002   421.951636096736     
  1.586000000000000E-002   421.959690972468     
  1.588000000000000E-002   421.970457257164     
  1.590000000000000E-002   421.983988663236     
  1.592000000000000E-002   422.000377234187     
  1.594000000000000E-002   422.019754026240     
  1.596000000000000E-002   422.042145593422     
  1.598000000000000E-002   422.067471284920     
  1.600000000000000E-002   422.095586858208     
  1.602000000000000E-002   422.126363174455     
  1.604000000000000E-002   422.159718467669     
  1.606000000000000E-002   422.195541023007     
  1.608000000000000E-002   422.233937831524     
  1.610000000000000E-002   422.274813022871     
  1.612000000000000E-002   422.317164171423     
  1.614000000000000E-002   422.359421368933     
  1.616000000000000E-002   422.400143123468     
  1.618000000000000E-002   422.438895929621     
  1.620000000000000E-002   422.475603477553     
  1.622000000000000E-002   422.510188545692     
  1.624000000000000E-002   422.542707331511     
  1.626000000000000E-002   422.573239370116     
  1.628000000000000E-002   422.601783342651     
  1.630000000000000E-002   422.628281967050     
  1.632000000000000E-002   422.652718698405     
  1.634000000000000E-002   422.675120058010     
  1.636000000000000E-002   422.695521095139     
  1.638000000000000E-002   422.713935921048     
  1.640000000000000E-002   422.730366005916     
  1.642000000000000E-002   422.744838794560     
  1.644000000000000E-002   422.757417048391     
  1.646000000000000E-002   422.768208379376     
  1.648000000000000E-002   422.777351237689     
  1.650000000000000E-002   422.785042253623     
  1.652000000000000E-002   422.791437850158     
  1.654000000000000E-002   422.796721655742     
  1.656000000000000E-002   422.801114276415     
  1.658000000000000E-002   422.804834754538     
  1.660000000000000E-002   422.807974220111     
  1.662000000000000E-002   422.810774646140     
  1.664000000000000E-002   422.813433302638     
  1.666000000000000E-002   422.815942972892     
  1.668000000000000E-002   422.818361581174     
  1.670000000000000E-002   422.820721167526     
  1.672000000000000E-002   422.823105976194     
  1.674000000000000E-002   422.825600682712     
  1.676000000000000E-002   422.828259203780     
  1.678000000000000E-002   422.830788399153     
  1.680000000000000E-002   422.832688004431     
  1.682000000000000E-002   422.833940630592     
  1.684000000000000E-002   422.834718393632     
  1.686000000000000E-002   422.835166614193     
  1.688000000000000E-002   422.835192154705     
  1.690000000000000E-002   422.834676845150     
  1.692000000000000E-002   422.833831492576     
  1.694000000000000E-002   422.832417516937     
  1.696000000000000E-002   422.830495415187     
  1.698000000000000E-002   422.828111734683     
  1.700000000000000E-002   422.825231612041     
  1.702000000000000E-002   422.821788908077     
  1.704000000000000E-002   422.817720235312     
  1.706000000000000E-002   422.812926300778     
  1.708000000000000E-002   422.807299785133     
  1.710000000000000E-002   422.800764792980     
  1.712000000000000E-002   422.793234998443     
  1.714000000000000E-002   422.784640764932     
  1.716000000000000E-002   422.774975251469     
  1.718000000000000E-002   422.764244149777     
  1.720000000000000E-002   422.752442953454     
  1.722000000000000E-002   422.739562584614     
  1.724000000000000E-002   422.725621539857     
  1.726000000000000E-002   422.710667093986     
  1.728000000000000E-002   422.694775233151     
  1.730000000000000E-002   422.678035064596     
  1.732000000000000E-002   422.660556418540     
  1.734000000000000E-002   422.642476472900     
  1.736000000000000E-002   422.623952100953     
  1.738000000000000E-002   422.605124492305     
  1.740000000000000E-002   422.586113170500     
  1.742000000000000E-002   422.567017815759     
  1.744000000000000E-002   422.547910857598     
  1.746000000000000E-002   422.528870865823     
  1.748000000000000E-002   422.509959360995     
  1.750000000000000E-002   422.491230503395     
  1.752000000000000E-002   422.472758105568     
  1.754000000000000E-002   422.454571863152     
  1.756000000000000E-002   422.436700666666     
  1.758000000000000E-002   422.419211486895     
  1.760000000000000E-002   422.402165242232     
  1.762000000000000E-002   422.385613767425     
  1.764000000000000E-002   422.369590127577     
  1.766000000000000E-002   422.354102014425     
  1.768000000000000E-002   422.339147358844     
  1.770000000000000E-002   422.324715092404     
  1.772000000000000E-002   422.310785902425     
  1.774000000000000E-002   422.297341984316     
  1.776000000000000E-002   422.284370490304     
  1.778000000000000E-002   422.271847540258     
  1.780000000000000E-002   422.259736958812     
  1.782000000000000E-002   422.248000208708     
  1.784000000000000E-002   422.236602045392     
  1.786000000000000E-002   422.225529559925     
  1.788000000000000E-002   422.214788284423     
  1.790000000000000E-002   422.204403741812     
  1.792000000000000E-002   422.194411544996     
  1.794000000000000E-002   422.184846248887     
  1.796000000000000E-002   422.175735927148     
  1.798000000000000E-002   422.167099214721     
  1.800000000000000E-002   422.158947290201     
  1.802000000000000E-002   422.151292416857     
  1.804000000000000E-002   422.144147596776     
  1.806000000000000E-002   422.137527691567     
  1.808000000000000E-002   422.131457556697     
  1.810000000000000E-002   422.125982012261     
  1.812000000000000E-002   422.121096112204     
  1.814000000000000E-002   422.116916122625     
  1.816000000000000E-002   422.113439412770     
  1.818000000000000E-002   422.110716238138     
  1.820000000000000E-002   422.108764634120     
  1.822000000000000E-002   422.107578137475     
  1.824000000000000E-002   422.107191050314     
  1.826000000000000E-002   422.107541631034     
  1.828000000000000E-002   422.108532984765     
  1.830000000000000E-002   422.110125760099     
  1.832000000000000E-002   422.112212200811     
  1.834000000000000E-002   422.114575434978     
  1.836000000000000E-002   422.117033962950     
  1.838000000000000E-002   422.119474408166     
  1.840000000000000E-002   422.121778533194     
  1.842000000000000E-002   422.123784472787     
  1.844000000000000E-002   422.125337245698     
  1.846000000000000E-002   422.126485627652     
  1.848000000000000E-002   422.126930593239     
  1.850000000000000E-002   422.126791921525     
  1.852000000000000E-002   422.125997771937     
  1.854000000000000E-002   422.124653536816     
  1.856000000000000E-002   422.122849764285     
  1.858000000000000E-002   422.120665052963     
  1.860000000000000E-002   422.118215763340     
  1.862000000000000E-002   422.115599628181     
  1.864000000000000E-002   422.112911587494     
  1.866000000000000E-002   422.110249729277     
  1.868000000000000E-002   422.107693833527     
  1.870000000000000E-002   422.105337960109     
  1.872000000000000E-002   422.103260667961     
  1.874000000000000E-002   422.101570456542     
  1.876000000000000E-002   422.100385440090     
  1.878000000000000E-002   422.099766402593     
  1.880000000000000E-002   422.099981621709     
  1.882000000000000E-002   422.101088811409     
  1.884000000000000E-002   422.103373262635     
  1.886000000000000E-002   422.107277949552     
  1.888000000000000E-002   422.112887333117     
  1.890000000000000E-002   422.120249780969     
  1.892000000000000E-002   422.129484883744     
  1.894000000000000E-002   422.140513847052     
  1.896000000000000E-002   422.153127388483     
  1.898000000000000E-002   422.166907104399     
  1.900000000000000E-002   422.181590250000     
  1.902000000000000E-002   422.197033522635     
  1.904000000000000E-002   422.213193004925     
  1.906000000000000E-002   422.229812526343     
  1.908000000000000E-002   422.246823726377     
  1.910000000000000E-002   422.264170854189     
  1.912000000000000E-002   422.281719710143     
  1.914000000000000E-002   422.299311659295     
  1.916000000000000E-002   422.316670526882     
  1.918000000000000E-002   422.333670113933     
  1.920000000000000E-002   422.350112993854     
  1.922000000000000E-002   422.365756567664     
  1.924000000000000E-002   422.380461323822     
  1.926000000000000E-002   422.393988083677     
  1.928000000000000E-002   422.406348955665     
  1.930000000000000E-002   422.417582831824     
  1.932000000000000E-002   422.427453877124     
  1.934000000000000E-002   422.435555263999     
  1.936000000000000E-002   422.441615085258     
  1.938000000000000E-002   422.445942070176     
  1.940000000000000E-002   422.448935272528     
  1.942000000000000E-002   422.450624641277     
  1.944000000000000E-002   422.451170079523     
  1.946000000000000E-002   422.450795386670     
  1.948000000000000E-002   422.449585864686     
  1.950000000000000E-002   422.447378349144     
  1.952000000000000E-002   422.444375971115     
  1.954000000000000E-002   422.440765074243     
  1.956000000000000E-002   422.436657953601     
  1.958000000000000E-002   422.432132481291     
  1.960000000000000E-002   422.427279517820     
  1.962000000000000E-002   422.422188836282     
  1.964000000000000E-002   422.416925101032     
  1.966000000000000E-002   422.411535302605     
  1.968000000000000E-002   422.406060888567     
  1.970000000000000E-002   422.400525347279     
  1.972000000000000E-002   422.394934493067     
  1.974000000000000E-002   422.389289564296     
  1.976000000000000E-002   422.383595789052     
  1.978000000000000E-002   422.377859608338     
  1.980000000000000E-002   422.372082548731     
  1.982000000000000E-002   422.366261504036     
  1.984000000000000E-002   422.360394603346     
  1.986000000000000E-002   422.354485008603     
  1.988000000000000E-002   422.348542776973     
  1.990000000000000E-002   422.342576698692     
  1.992000000000000E-002   422.336589725379     
  1.994000000000000E-002   422.330559874303     
  1.996000000000000E-002   422.324440912999     
  1.998000000000000E-002   422.318164143652     
  2.000000000000000E-002   422.311635210780     
  2.002000000000000E-002   422.304770478161     
  2.004000000000000E-002   422.297515297900     
  2.006000000000000E-002   422.289817648989     
  2.008000000000000E-002   422.281640753182     
  2.010000000000000E-002   422.272962145222     
  2.012000000000000E-002   422.263769075051     
  2.014000000000000E-002   422.254059892243     
  2.016000000000000E-002   422.243846836933     
  2.018000000000000E-002   422.233156030459     
  2.020000000000000E-002   422.222026520065     
  2.022000000000000E-002   422.210508003979     
  2.024000000000000E-002   422.198646962003     
  2.026000000000000E-002   422.186522742623     
  2.028000000000000E-002   422.174275189580     
  2.030000000000000E-002   422.162035981911     
  2.032000000000000E-002   422.149922801754     
  2.034000000000000E-002   422.137982282757     
  2.036000000000000E-002   422.126242526641     
  2.038000000000000E-002   422.114780796222     
  2.040000000000000E-002   422.103624211797     
  2.042000000000000E-002   422.092880797780     
  2.044000000000000E-002   422.082572805822     
  2.046000000000000E-002   422.072627427639     
  2.048000000000000E-002   422.063295985825     
  2.050000000000000E-002   422.054664158199     
  2.052000000000000E-002   422.046758973395     
  2.054000000000000E-002   422.039658525963     
  2.056000000000000E-002   422.033431946206     
  2.058000000000000E-002   422.028116319108     
  2.060000000000000E-002   422.023732114883     
  2.062000000000000E-002   422.020270201946     
  2.064000000000000E-002   422.017708417948     
  2.066000000000000E-002   422.016105081950     
  2.068000000000000E-002   422.015572469526     
  2.070000000000000E-002   422.015876937830     
  2.072000000000000E-002   422.016882061135     
  2.074000000000000E-002   422.018598598224     
  2.076000000000000E-002   422.020972439665     
  2.078000000000000E-002   422.023825051270     
  2.080000000000000E-002   422.026903111891     
  2.082000000000000E-002   422.030018201555     
  2.084000000000000E-002   422.033149709757     
  2.086000000000000E-002   422.036294045366     
  2.088000000000000E-002   422.039396413062     
  2.090000000000000E-002   422.042443754110     
  2.092000000000000E-002   422.045411017161     
  2.094000000000000E-002   422.048263488094     
  2.096000000000000E-002   422.050992650758     
  2.098000000000000E-002   422.053616846942     
  2.100000000000000E-002   422.056162049761     
  2.102000000000000E-002   422.058652951440     
  2.104000000000000E-002   422.061116256510     
  2.106000000000000E-002   422.063579794165     
  2.108000000000000E-002   422.066058766935     
  2.110000000000000E-002   422.068573094365     
  2.112000000000000E-002   422.071138583329     
  2.114000000000000E-002   422.073761450237     
  2.116000000000000E-002   422.076411719015     
  2.118000000000000E-002   422.079051039913     
  2.120000000000000E-002   422.081686215110     
  2.122000000000000E-002   422.084355437203     
  2.124000000000000E-002   422.087170037425     
  2.126000000000000E-002   422.090222484051     
  2.128000000000000E-002   422.093482499491     
  2.130000000000000E-002   422.096952878777     
  2.132000000000000E-002   422.100635179873     
  2.134000000000000E-002   422.104512581629     
  2.136000000000000E-002   422.108539305860     
  2.138000000000000E-002   422.112659210074     
  2.140000000000000E-002   422.116819761977     
  2.142000000000000E-002   422.120962963994     
  2.144000000000000E-002   422.125032192891     
  2.146000000000000E-002   422.129010738414     
  2.148000000000000E-002   422.132900005811     
  2.150000000000000E-002   422.136724166474     
  2.152000000000000E-002   422.140565853466     
  2.154000000000000E-002   422.144432884289     
  2.156000000000000E-002   422.148361161894     
  2.158000000000000E-002   422.152378660925     
  2.160000000000000E-002   422.156530067699     
  2.162000000000000E-002   422.160893685281     
  2.164000000000000E-002   422.165592359606     
  2.166000000000000E-002   422.170801516557     
  2.168000000000000E-002   422.176768638164     
  2.170000000000000E-002   422.183784984559     
  2.172000000000000E-002   422.192993763243     
  2.174000000000000E-002   422.204017218500     
  2.176000000000000E-002   422.215848487707     
  2.178000000000000E-002   422.232496897473     
  2.180000000000000E-002   422.250907307277     
  2.182000000000000E-002   422.269734821612     
  2.184000000000000E-002   422.290188653958     
  2.186000000000000E-002   422.313695915251     
  2.188000000000000E-002   422.341658068239     
  2.190000000000000E-002   422.375069078601     
  2.192000000000000E-002   422.414405815202     
  2.194000000000000E-002   422.458969244477     
  2.196000000000000E-002   422.504661975871     
  2.198000000000000E-002   422.540359241550     
  2.200000000000000E-002   422.566039836937     
  2.202000000000000E-002   422.582279901204     
  2.204000000000000E-002   422.587092155714     
  2.206000000000000E-002   422.583335065300     
  2.208000000000000E-002   422.574970495267     
  2.210000000000000E-002   422.560035005140     
  2.212000000000000E-002   422.533986535793     
  2.214000000000000E-002   422.492479519137     
  2.216000000000000E-002   422.431528765343     
  2.218000000000000E-002   422.347241473472     
  2.220000000000000E-002   422.235402082144     
  2.222000000000000E-002   422.090712384084     
  2.224000000000000E-002   421.906788419412     
  2.226000000000000E-002   421.677028070316     
  2.228000000000000E-002   421.394548499016     
  2.230000000000000E-002   421.052080556502     
  2.232000000000000E-002   420.642046665438     
  2.234000000000000E-002   420.158280528645     
  2.236000000000000E-002   419.595158953661     
  2.238000000000000E-002   418.948345048871     
  2.240000000000000E-002   418.219219875744     
  2.242000000000000E-002   417.430410756527     
  2.244000000000000E-002   416.724040844292     
  2.246000000000000E-002   416.144214388496     
  2.248000000000000E-002   415.680239293379     
  2.250000000000000E-002   415.313049951419     
  2.252000000000000E-002   415.027014906919     
  2.254000000000000E-002   414.809591213972     
  2.256000000000000E-002   414.648022616880     
  2.258000000000000E-002   414.528100940654     
  2.260000000000000E-002   414.436590131861     
  2.262000000000000E-002   414.365232395266     
  2.264000000000000E-002   414.310296564942     
  2.266000000000000E-002   414.268924898089     
  2.268000000000000E-002   414.235176034159     
  2.270000000000000E-002   414.202833173263     
  2.272000000000000E-002   414.172931104174     
  2.274000000000000E-002   414.147960432421     
  2.276000000000000E-002   414.130060570889     
  2.278000000000000E-002   414.120747006710     
  2.280000000000000E-002   414.120459247347     
  2.282000000000000E-002   414.128365444655     
  2.284000000000000E-002   414.142582030691     
  2.286000000000000E-002   414.160708337089     
  2.288000000000000E-002   414.180396511757     
  2.290000000000000E-002   414.199682020469     
  2.292000000000000E-002   414.217808203422     
  2.294000000000000E-002   414.234662523384     
  2.296000000000000E-002   414.251157854812     
  2.298000000000000E-002   414.269082507496     
  2.300000000000000E-002   414.290752124864     
  2.302000000000000E-002   414.318614069386     
  2.304000000000000E-002   414.354912719787     
  2.306000000000000E-002   414.401379447737     
  2.308000000000000E-002   414.458868482070     
  2.310000000000000E-002   414.527386982096     
  2.312000000000000E-002   414.597080479821     
  2.314000000000000E-002   414.644219597240     
  2.316000000000000E-002   414.669290573416     
  2.318000000000000E-002   414.675232067508     
  2.320000000000000E-002   414.665010292841     
  2.322000000000000E-002   414.641682023627     
  2.324000000000000E-002   414.608407059510     
  2.326000000000000E-002   414.568027640745     
  2.328000000000000E-002   414.522730538228     
  2.330000000000000E-002   414.473946202668     
  2.332000000000000E-002   414.422529577099     
  2.334000000000000E-002   414.369203902843     
  2.336000000000000E-002   414.314904050883     
  2.338000000000000E-002   414.260033423343     
  2.340000000000000E-002   414.204884270178     
  2.342000000000000E-002   414.150062009031     
  2.344000000000000E-002   414.096418662592     
  2.346000000000000E-002   414.044917919559     
  2.348000000000000E-002   413.996506790328     
  2.350000000000000E-002   413.952041210101     
  2.352000000000000E-002   413.912245359944     
  2.354000000000000E-002   413.877665271440     
  2.356000000000000E-002   413.848603055247     
  2.358000000000000E-002   413.825109881697     
  2.360000000000000E-002   413.806921628148     
  2.362000000000000E-002   413.793440091086     
  2.364000000000000E-002   413.783808150643     
  2.366000000000000E-002   413.777000761532     
  2.368000000000000E-002   413.771930408838     
  2.370000000000000E-002   413.767560921948     
  2.372000000000000E-002   413.762948732931     
  2.374000000000000E-002   413.757041146547     
  2.376000000000000E-002   413.749337531976     
  2.378000000000000E-002   413.739730182367     
  2.380000000000000E-002   413.728381928248     
  2.382000000000000E-002   413.715671484168     
  2.384000000000000E-002   413.702104207816     
  2.386000000000000E-002   413.688273955649     
  2.388000000000000E-002   413.674905963167     
  2.390000000000000E-002   413.662824022357     
  2.392000000000000E-002   413.652974874857     
  2.394000000000000E-002   413.646538843993     
  2.396000000000000E-002   413.645021642331     
  2.398000000000000E-002   413.650416156730     
  2.400000000000000E-002   413.665357865345     
  2.402000000000000E-002   413.693309717477     
  2.404000000000000E-002   413.738750516799     
  2.406000000000000E-002   413.807351154822     
  2.408000000000000E-002   413.906181214981     
  2.410000000000000E-002   414.043934445235     
  2.412000000000000E-002   414.231181256692     
  2.414000000000000E-002   414.480615562675     
  2.416000000000000E-002   414.807203249934     
  2.418000000000000E-002   415.228220135830     
  2.420000000000000E-002   415.763084780783     
  2.422000000000000E-002   416.432847488196     
  2.424000000000000E-002   417.259102216684     
  2.426000000000000E-002   418.261388492293     
  2.428000000000000E-002   419.424327591004     
  2.430000000000000E-002   420.701046793382     
  2.432000000000000E-002   421.811477134627     
  2.434000000000000E-002   422.654723452846     
  2.436000000000000E-002   423.315395453291     
  2.438000000000000E-002   423.873809729325     
  2.440000000000000E-002   424.397074333208     
  2.442000000000000E-002   424.920801150749     
  2.444000000000000E-002   425.484301701674     
  2.446000000000000E-002   426.163811717257     
  2.448000000000000E-002   427.076298269657     
  2.450000000000000E-002   428.388171068403     
  2.452000000000000E-002   430.325472888164     
  2.454000000000000E-002   433.184850952845     
  2.456000000000000E-002   437.345606502717     
  2.458000000000000E-002   443.286895366561     
  2.460000000000000E-002   451.615538238670     
  2.462000000000000E-002   463.114425511027     
  2.464000000000000E-002   478.831059699089     
  2.466000000000000E-002   500.235158036150     
  2.468000000000000E-002   529.494755475247     
  2.470000000000000E-002   567.514437958849     
  2.472000000000000E-002   604.824546341491     
  2.474000000000000E-002   636.887383777422     
  2.476000000000000E-002   662.244167607354     
  2.478000000000000E-002   680.739062408332     
  2.480000000000000E-002   693.422137348469     
  2.482000000000000E-002   701.979156059801     
  2.484000000000000E-002   708.133609613467     
  2.486000000000000E-002   713.238075292859     
  2.488000000000000E-002   718.160889589773     
  2.490000000000000E-002   723.419480899149     
  2.492000000000000E-002   729.657101116526     
  2.494000000000000E-002   737.873381514777     
  2.496000000000000E-002   749.386429205023     
  2.498000000000000E-002   765.824426119762     
  2.500000000000000E-002   789.003221496116     
  2.502000000000000E-002   820.780759414392     
  2.504000000000000E-002   855.109663135989     
  2.506000000000000E-002   883.467757389911     
  2.508000000000000E-002   905.307457037401     
  2.510000000000000E-002   921.104982694929     
  2.512000000000000E-002   931.941886493101     
  2.514000000000000E-002   939.225310591450     
  2.516000000000000E-002   944.426501633118     
  2.518000000000000E-002   948.760157659914     
  2.520000000000000E-002   952.992459723092     
  2.522000000000000E-002   957.530231348101     
  2.524000000000000E-002   963.069606974439     
  2.526000000000000E-002   970.499796345134     
  2.528000000000000E-002   980.487823907754     
  2.530000000000000E-002   990.394153857187     
  2.532000000000000E-002   996.367853131495     
  2.534000000000000E-002   998.706315048205     
  2.536000000000000E-002   998.499269314463     
  2.538000000000000E-002   997.005792039923     
  2.540000000000000E-002   994.494137331178     
  2.542000000000000E-002   990.553995179267     
  2.544000000000000E-002   985.418039413536     
  2.546000000000000E-002   981.170542924286     
  2.548000000000000E-002   978.183321921168     
  2.550000000000000E-002   975.816519565596     
  2.552000000000000E-002   973.648958515213     
  2.554000000000000E-002   971.394380581288     
  2.556000000000000E-002   968.805586754083     
  2.558000000000000E-002   965.774809928939     
  2.560000000000000E-002   962.690634852123     
  2.562000000000000E-002   960.539792615135     
  2.564000000000000E-002   959.589713427617     
  2.566000000000000E-002   959.908512216325     
  2.568000000000000E-002   961.964587747734     
  2.570000000000000E-002   965.957442989013     
  2.572000000000000E-002   971.356763423810     
  2.574000000000000E-002   977.436550432555     
  2.576000000000000E-002   983.440686686605     
  2.578000000000000E-002   989.103593509423     
  2.580000000000000E-002   994.333537894644     
  2.582000000000000E-002   999.167934540993     
  2.584000000000000E-002   1003.76498588965     
  2.586000000000000E-002   1008.24522844446     
  2.588000000000000E-002   1012.71667583219     
  2.590000000000000E-002   1017.24690784582     
  2.592000000000000E-002   1021.93179825410     
  2.594000000000000E-002   1026.93185423613     
  2.596000000000000E-002   1032.47437502053     
  2.598000000000000E-002   1038.83903196473     
  2.600000000000000E-002   1046.33295811259     
  2.602000000000000E-002   1053.91441243291     
  2.604000000000000E-002   1059.49407085817     
  2.606000000000000E-002   1062.87756930280     
  2.608000000000000E-002   1064.61996741610     
  2.610000000000000E-002   1065.58085182840     
  2.612000000000000E-002   1065.74006268612     
  2.614000000000000E-002   1064.40259548748     
  2.616000000000000E-002   1060.78911218413     
  2.618000000000000E-002   1054.05014353709     
  2.620000000000000E-002   1043.30749602402     
  2.622000000000000E-002   1027.68075354954     
  2.624000000000000E-002   1006.39111250445     
  2.626000000000000E-002   978.844680377604     
  2.628000000000000E-002   944.727229456071     
  2.630000000000000E-002   904.096970951689     
  2.632000000000000E-002   857.428361110727     
  2.634000000000000E-002   805.655847132073     
  2.636000000000000E-002   750.154822177299     
  2.638000000000000E-002   701.274194319597     
  2.640000000000000E-002   675.469387314040     
  2.642000000000000E-002   665.562956434429     
  2.644000000000000E-002   664.473359643404     
  2.646000000000000E-002   667.223274233086     
  2.648000000000000E-002   675.968702782977     
  2.650000000000000E-002   694.920121890693     
  2.652000000000000E-002   728.307588974488     
  2.654000000000000E-002   775.967290450726     
  2.656000000000000E-002   815.994595439739     
  2.658000000000000E-002   841.335010558170     
  2.660000000000000E-002   855.327414024078     
  2.662000000000000E-002   860.968537919063     
  2.664000000000000E-002   861.321988166132     
  2.666000000000000E-002   858.326557213042     
  2.668000000000000E-002   850.360890893115     
  2.670000000000000E-002   836.717820213815     
  2.672000000000000E-002   817.917011619904     
  2.674000000000000E-002   795.469717050621     
  2.676000000000000E-002   771.400155287695     
  2.678000000000000E-002   748.384918696182     
  2.680000000000000E-002   729.197310193861     
  2.682000000000000E-002   712.505442913331     
  2.684000000000000E-002   697.251979793273     
  2.686000000000000E-002   682.921809922938     
  2.688000000000000E-002   669.246769532512     
  2.690000000000000E-002   655.858397621374     
  2.692000000000000E-002   642.336463303863     
  2.694000000000000E-002   628.301940868555     
  2.696000000000000E-002   613.453568151057     
  2.698000000000000E-002   597.614675221233     
  2.700000000000000E-002   580.757409066918     
  2.702000000000000E-002   563.001218958160     
  2.704000000000000E-002   544.615222446349     
  2.706000000000000E-002   525.949790024825     
  2.708000000000000E-002   507.494013953814     
  2.710000000000000E-002   491.423303283855     
  2.712000000000000E-002   478.639469242875     
  2.714000000000000E-002   468.382061146341     
  2.716000000000000E-002   460.055395071011     
  2.718000000000000E-002   453.210250775673     
  2.720000000000000E-002   447.519983290109     
  2.722000000000000E-002   442.746073218196     
  2.724000000000000E-002   438.716355003761     
  2.726000000000000E-002   435.309862871802     
  2.728000000000000E-002   432.439397297909     
  2.730000000000000E-002   430.037639033658     
  2.732000000000000E-002   428.049912753070     
  2.734000000000000E-002   426.428634943699     
  2.736000000000000E-002   425.130002777912     
  2.738000000000000E-002   424.110648622496     
  2.740000000000000E-002   423.315049140766     
  2.742000000000000E-002   422.690076725261     
  2.744000000000000E-002   422.191915647252     
  2.746000000000000E-002   421.796355000691     
  2.748000000000000E-002   421.496043209277     
  2.750000000000000E-002   421.284251900237     
  2.752000000000000E-002   421.149348349966     
  2.754000000000000E-002   421.081667587739     
  2.756000000000000E-002   421.073919512182     
  2.758000000000000E-002   421.123002400125     
  2.760000000000000E-002   421.226147687335     
  2.762000000000000E-002   421.364395668226     
  2.764000000000000E-002   421.515991863859     
  2.766000000000000E-002   421.676468933369     
  2.768000000000000E-002   421.856564727191     
  2.770000000000000E-002   422.065544728825     
  2.772000000000000E-002   422.311057687371     
  2.774000000000000E-002   422.600879456082     
  2.776000000000000E-002   422.943923105115     
  2.778000000000000E-002   423.346097111242     
  2.780000000000000E-002   423.734718804359     
  2.782000000000000E-002   424.055532601254     
  2.784000000000000E-002   424.327633701153     
  2.786000000000000E-002   424.561296009827     
  2.788000000000000E-002   424.736553074365     
  2.790000000000000E-002   424.831183202063     
  2.792000000000000E-002   424.823222694595     
  2.794000000000000E-002   424.692843584912     
  2.796000000000000E-002   424.425056904167     
  2.798000000000000E-002   424.003381700090     
  2.800000000000000E-002   423.404649118422     
  2.802000000000000E-002   422.609812712963     
  2.804000000000000E-002   421.609869057792     
  2.806000000000000E-002   420.412699621502     
  2.808000000000000E-002   419.163943471521     
  2.810000000000000E-002   418.148210296403     
  2.812000000000000E-002   417.350259751133     
  2.814000000000000E-002   416.759855033111     
  2.816000000000000E-002   416.337259003142     
  2.818000000000000E-002   416.042896064296     
  2.820000000000000E-002   415.848804113157     
  2.822000000000000E-002   415.732809507740     
  2.824000000000000E-002   415.674162946664     
  2.826000000000000E-002   415.653793201091     
  2.828000000000000E-002   415.656462068955     
  2.830000000000000E-002   415.671590278652     
  2.832000000000000E-002   415.693592185129     
  2.834000000000000E-002   415.718523064504     
  2.836000000000000E-002   415.750752950544     
  2.838000000000000E-002   415.794752661123     
  2.840000000000000E-002   415.847183570991     
  2.842000000000000E-002   415.903103307919     
  2.844000000000000E-002   415.956605330705     
  2.846000000000000E-002   416.005793965739     
  2.848000000000000E-002   416.052060305815     
  2.850000000000000E-002   416.095951685843     
  2.852000000000000E-002   416.136917902163     
  2.854000000000000E-002   416.175141432277     
  2.856000000000000E-002   416.213160544621     
  2.858000000000000E-002   416.253867088280     
  2.860000000000000E-002   416.298899923635     
  2.862000000000000E-002   416.349754136458     
  2.864000000000000E-002   416.407766732271     
  2.866000000000000E-002   416.474251000443     
  2.868000000000000E-002   416.550674881710     
  2.870000000000000E-002   416.639075632202     
  2.872000000000000E-002   416.742591978601     
  2.874000000000000E-002   416.865678368077     
  2.876000000000000E-002   417.013722221183     
  2.878000000000000E-002   417.192254256735     
  2.880000000000000E-002   417.406319921963     
  2.882000000000000E-002   417.660415171581     
  2.884000000000000E-002   417.958901652751     
  2.886000000000000E-002   418.306220357563     
  2.888000000000000E-002   418.706981347337     
  2.890000000000000E-002   419.165817763129     
  2.892000000000000E-002   419.686130614357     
  2.894000000000000E-002   420.270029697561     
  2.896000000000000E-002   420.913591096840     
  2.898000000000000E-002   421.576029654809     
  2.900000000000000E-002   422.145222602353     
  2.902000000000000E-002   422.615942838162     
  2.904000000000000E-002   422.993078575173     
  2.906000000000000E-002   423.286235561830     
  2.908000000000000E-002   423.509831326927     
  2.910000000000000E-002   423.678247788037     
  2.912000000000000E-002   423.803901109901     
  2.914000000000000E-002   423.895494864885     
  2.916000000000000E-002   423.958217036123     
  2.918000000000000E-002   424.001641018339     
  2.920000000000000E-002   424.028501090695     
  2.922000000000000E-002   424.041182916259     
  2.924000000000000E-002   424.052014810647     
  2.926000000000000E-002   424.062620397434     
  2.928000000000000E-002   424.070934136484     
  2.930000000000000E-002   424.075274454875     
  2.932000000000000E-002   424.073200586041     
  2.934000000000000E-002   424.065901130404     
  2.936000000000000E-002   424.054920987864     
  2.938000000000000E-002   424.041392587982     
  2.940000000000000E-002   424.027000184373     
  2.942000000000000E-002   424.013642379086     
  2.944000000000000E-002   424.000597065738     
  2.946000000000000E-002   423.986972524699     
  2.948000000000000E-002   423.971945740225     
  2.950000000000000E-002   423.954756927374     
  2.952000000000000E-002   423.934864490402     
  2.954000000000000E-002   423.912044089394     
  2.956000000000000E-002   423.886639149075     
  2.958000000000000E-002   423.857915426421     
  2.960000000000000E-002   423.825257383574     
  2.962000000000000E-002   423.788775690738     
  2.964000000000000E-002   423.748706444503     
  2.966000000000000E-002   423.705513052597     
  2.968000000000000E-002   423.660217008181     
  2.970000000000000E-002   423.614290317093     
  2.972000000000000E-002   423.568274507514     
  2.974000000000000E-002   423.523357848803     
  2.976000000000000E-002   423.480762863813     
  2.978000000000000E-002   423.440324036094     
  2.980000000000000E-002   423.401994096908     
  2.982000000000000E-002   423.365386051398     
  2.984000000000000E-002   423.330021726351     
  2.986000000000000E-002   423.295589942366     
  2.988000000000000E-002   423.262387945029     
  2.990000000000000E-002   423.230179696085     
  2.992000000000000E-002   423.198134204038     
  2.994000000000000E-002   423.167345457760     
  2.996000000000000E-002   423.134558442716     
  2.998000000000000E-002   423.103111914660     
  3.000000000000000E-002   423.070331149914     
  3.002000000000000E-002   423.036675271429     
  3.004000000000000E-002   423.002304487293     
  3.006000000000000E-002   422.967184520452     
  3.008000000000000E-002   422.931315995707     
  3.010000000000000E-002   422.894590988789     
  3.012000000000000E-002   422.858265355522     
  3.014000000000000E-002   422.822955994385     
  3.016000000000000E-002   422.788254319944     
  3.018000000000000E-002   422.754294811965     
  3.020000000000000E-002   422.721237637803     
  3.022000000000000E-002   422.689167597162     
  3.024000000000000E-002   422.658069914859     
  3.026000000000000E-002   422.627671272313     
  3.028000000000000E-002   422.598414810352     
  3.030000000000000E-002   422.571005992656     
  3.032000000000000E-002   422.545268445262     
  3.034000000000000E-002   422.520933023585     
  3.036000000000000E-002   422.497674953982     
  3.038000000000000E-002   422.475143543970     
  3.040000000000000E-002   422.453024199803     
  3.042000000000000E-002   422.431053898815     
  3.044000000000000E-002   422.409030137810     
  3.046000000000000E-002   422.386805267438     
  3.048000000000000E-002   422.364134444954     
  3.050000000000000E-002   422.340783968829     
  3.052000000000000E-002   422.316641029007     
  3.054000000000000E-002   422.291464856071     
  3.056000000000000E-002   422.265231580215     
  3.058000000000000E-002   422.237760067644     
  3.060000000000000E-002   422.208792385051     
  3.062000000000000E-002   422.178375515961     
  3.064000000000000E-002   422.146942862641     
  3.066000000000000E-002   422.115156454421     
  3.068000000000000E-002   422.083563730873     
  3.070000000000000E-002   422.052570810393     
  3.072000000000000E-002   422.022415354671     
  3.074000000000000E-002   421.993581329458     
  3.076000000000000E-002   421.966245610379     
  3.078000000000000E-002   421.940872723440     
  3.080000000000000E-002   421.917978849371     
  3.082000000000000E-002   421.897702288347     
  3.084000000000000E-002   421.879579449770     
  3.086000000000000E-002   421.863752205948     
  3.088000000000000E-002   421.850155308839     
  3.090000000000000E-002   421.839165906352     
  3.092000000000000E-002   421.829889777420     
  3.094000000000000E-002   421.822874050080     
  3.096000000000000E-002   421.818625794653     
  3.098000000000000E-002   421.815406333774     
  3.100000000000000E-002   421.813193432437     
  3.102000000000000E-002   421.811579848151     
  3.104000000000000E-002   421.810822165398     
  3.106000000000000E-002   421.810438934711     
  3.108000000000000E-002   421.810306267132     
  3.110000000000000E-002   421.810226902426     
  3.112000000000000E-002   421.810004855628     
  3.114000000000000E-002   421.809459748550     
  3.116000000000000E-002   421.809391115928     
  3.118000000000000E-002   421.809085943626     
  3.120000000000000E-002   421.808945613644     
  3.122000000000000E-002   421.810783476608     
  3.124000000000000E-002   421.814611620816     
  3.126000000000000E-002   421.821100732982     
  3.128000000000000E-002   421.831750312131     
  3.130000000000000E-002   421.847531257872     
  3.132000000000000E-002   421.869770089528     
  3.134000000000000E-002   421.899794958335     
  3.136000000000001E-002   421.939107765043     
  3.138000000000001E-002   421.989333374982     
  3.140000000000000E-002   422.052137078357     
  3.142000000000000E-002   422.129171566284     
  3.144000000000000E-002   422.222141096565     
  3.146000000000000E-002   422.332843679993     
  3.148000000000000E-002   422.463153378464     
  3.150000000000000E-002   422.614913241553     
  3.152000000000000E-002   422.789803558343     
  3.154000000000001E-002   422.989132580452     
  3.156000000000000E-002   423.213481191963     
  3.158000000000000E-002   423.464548739509     
  3.160000000000000E-002   423.737724668851     
  3.162000000000000E-002   424.003338520592     
  3.164000000000000E-002   424.234146212326     
  3.166000000000000E-002   424.429005933343     
  3.168000000000000E-002   424.587259053548     
  3.170000000000001E-002   424.711270630754     
  3.172000000000001E-002   424.804982819172     
  3.174000000000000E-002   424.873484594529     
  3.176000000000000E-002   424.922631822642     
  3.178000000000000E-002   424.955262878376     
  3.180000000000000E-002   424.968416428548     
  3.182000000000000E-002   424.969499937853     
  3.184000000000000E-002   424.963281304641     
  3.186000000000000E-002   424.952450679518     
  3.188000000000001E-002   424.934966558919     
  3.190000000000000E-002   424.906091586403     
  3.192000000000000E-002   424.861835288190     
  3.194000000000000E-002   424.800595199318     
  3.196000000000000E-002   424.723072841771     
  3.198000000000000E-002   424.631324244717     
  3.200000000000000E-002   424.527407692387     
  3.202000000000000E-002   424.412895876151     
  3.204000000000001E-002   424.290506134697     
  3.206000000000001E-002   424.165156637275     
  3.208000000000000E-002   424.051473606714     
  3.210000000000000E-002   423.949466655377     
  3.212000000000000E-002   423.856808402525     
  3.214000000000000E-002   423.771903277139     
  3.216000000000000E-002   423.693884181051     
  3.218000000000000E-002   423.622248072988     
  3.220000000000000E-002   423.556269475074     
  3.222000000000001E-002   423.493461343290     
  3.224000000000000E-002   423.432807670569     
  3.226000000000000E-002   423.374108889333     
  3.228000000000000E-002   423.316930483857     
  3.230000000000000E-002   423.260907746001     
  3.232000000000000E-002   423.206225782436     
  3.234000000000000E-002   423.152966437908     
  3.236000000000000E-002   423.100684937792     
  3.238000000000001E-002   423.049366044619     
  3.240000000000001E-002   422.998818076486     
  3.242000000000000E-002   422.948872854011     
  3.244000000000000E-002   422.899413565976     
  3.246000000000000E-002   422.850390855919     
  3.248000000000000E-002   422.801792795825     
  3.250000000000000E-002   422.753507158946     
  3.252000000000000E-002   422.705900629750     
  3.254000000000000E-002   422.660104837064     
  3.256000000000001E-002   422.616172779851     
  3.258000000000000E-002   422.574139920712     
  3.260000000000000E-002   422.534118524840     
  3.262000000000000E-002   422.496152526713     
  3.264000000000000E-002   422.460129656726     
  3.266000000000000E-002   422.425591124713     
  3.268000000000000E-002   422.392974012984     
  3.270000000000000E-002   422.363255905644     
  3.272000000000001E-002   422.336109443697     
  3.274000000000001E-002   422.311132976121     
  3.276000000000000E-002   422.288030916680     
  3.278000000000000E-002   422.266627813660     
  3.280000000000000E-002   422.246886665826     
  3.282000000000000E-002   422.228841987592     
  3.284000000000000E-002   422.212518264681     
  3.286000000000000E-002   422.197900487251     
  3.288000000000000E-002   422.184947630477     
  3.290000000000001E-002   422.173608077540     
  3.292000000000000E-002   422.163808933721     
  3.294000000000000E-002   422.155444395880     
  3.296000000000000E-002   422.148594182344     
  3.298000000000000E-002   422.143171673799     
  3.300000000000000E-002   422.139121757098     
  3.302000000000000E-002   422.136461656867     
  3.304000000000000E-002   422.135027150803     
  3.306000000000001E-002   422.134640214311     
  3.308000000000001E-002   422.134862794556     
  3.310000000000000E-002   422.135255348344     
  3.312000000000000E-002   422.135399104821     
  3.314000000000000E-002   422.135214402843     
  3.316000000000000E-002   422.134584063943     
  3.318000000000000E-002   422.133264660729     
  3.320000000000000E-002   422.130794833928     
  3.322000000000000E-002   422.127102461850     
  3.324000000000001E-002   422.122190882810     
  3.326000000000000E-002   422.116199395773     
  3.328000000000000E-002   422.109195231087     
  3.330000000000000E-002   422.101358464207     
  3.332000000000000E-002   422.092890808642     
  3.334000000000000E-002   422.084014503792     
  3.336000000000000E-002   422.073468043930     
  3.338000000000000E-002   422.061218744288     
  3.340000000000001E-002   422.049242552604     
  3.342000000000001E-002   422.037898419598     
  3.344000000000000E-002   422.027335120851     
  3.346000000000000E-002   422.018737484505     
  3.348000000000000E-002   422.012965800469     
  3.350000000000000E-002   422.009694775131     
  3.352000000000000E-002   422.009657761320     
  3.354000000000000E-002   422.013405961959     
  3.356000000000000E-002   422.018753707889     
  3.358000000000001E-002   422.025768809239     
  3.360000000000000E-002   422.034779292394     
  3.362000000000000E-002   422.045908182283     
  3.364000000000000E-002   422.059046452545     
  3.366000000000000E-002   422.073893049583     
  3.368000000000000E-002   422.089834097680     
  3.370000000000000E-002   422.105958977084     
  3.372000000000000E-002   422.121307854570     
  3.374000000000001E-002   422.134571472027     
  3.376000000000001E-002   422.145094339918     
  3.378000000000000E-002   422.152119401370     
  3.380000000000000E-002   422.155471164006     
  3.382000000000000E-002   422.155178899829     
  3.384000000000000E-002   422.151237364738     
  3.386000000000000E-002   422.143630499881     
  3.388000000000000E-002   422.132273811719     
  3.390000000000000E-002   422.116821539152     
  3.392000000000001E-002   422.097712969083     
  3.394000000000000E-002   422.074606481410     
  3.396000000000000E-002   422.047232310098     
  3.398000000000000E-002   422.015886908750     
  3.400000000000000E-002   421.981003424485     
  3.402000000000000E-002   421.945347856342     
  3.404000000000000E-002   421.910802466140     
  3.406000000000000E-002   421.877684272621     
  3.408000000000001E-002   421.845966903389     
  3.410000000000001E-002   421.815564467867     
  3.412000000000000E-002   421.786243119257     
  3.414000000000000E-002   421.757831359818     
  3.416000000000000E-002   421.730385555532     
  3.418000000000000E-002   421.704208797665     
  3.420000000000000E-002   421.679390276596     
  3.422000000000000E-002   421.654587331075     
  3.424000000000000E-002   421.630071370127     
  3.426000000000001E-002   421.605664214268     
  3.428000000000000E-002   421.580948290644     
  3.430000000000000E-002   421.555642869604     
  3.432000000000000E-002   421.529741315610     
  3.434000000000000E-002   421.502841219801     
  3.436000000000000E-002   421.474867974180     
  3.438000000000000E-002   421.446503642406     
  3.440000000000000E-002   421.417507204973     
  3.442000000000001E-002   421.387972225237     
  3.444000000000001E-002   421.357917140257     
  3.446000000000000E-002   421.327026151615     
  3.448000000000000E-002   421.294967348037     
  3.450000000000000E-002   421.261352315242     
  3.452000000000000E-002   421.227590333166     
  3.454000000000000E-002   421.198398505901     
  3.456000000000000E-002   421.174658788761     
  3.458000000000000E-002   421.156650609249     
  3.460000000000001E-002   421.148767165588     
  3.462000000000000E-002   421.147918900854     
  3.464000000000000E-002   421.155522275918     
  3.466000000000000E-002   421.170548850907     
  3.468000000000000E-002   421.193077888635     
  3.470000000000000E-002   421.223949704106     
  3.472000000000000E-002   421.262402474364     
  3.474000000000000E-002   421.309908561029     
  3.476000000000001E-002   421.368408479494     
  3.478000000000001E-002   421.439802680673     
  3.480000000000000E-002   421.525200856000     
  3.482000000000000E-002   421.624644599145     
  3.484000000000000E-002   421.737497904055     
  3.486000000000000E-002   421.863516646222     
  3.488000000000000E-002   421.991246785773     
  3.490000000000000E-002   422.101552652936     
  3.492000000000000E-002   422.193903749389     
  3.494000000000001E-002   422.271450004026     
  3.496000000000000E-002   422.335745385400     
  3.498000000000000E-002   422.391914522731     
  3.500000000000000E-002   422.434471541212     
  3.502000000000000E-002   422.470211612773     
  3.504000000000000E-002   422.498345619506     
  3.506000000000000E-002   422.517334828438     
  3.508000000000000E-002   422.527787256845     
  3.510000000000001E-002   422.529132897115     
  3.512000000000001E-002   422.519566642432     
  3.514000000000000E-002   422.504407266207     
  3.516000000000000E-002   422.484370975976     
  3.518000000000000E-002   422.457593725270     
  3.520000000000000E-002   422.425571872863     
  3.522000000000000E-002   422.389355163767     
  3.524000000000000E-002   422.350261034285     
  3.526000000000000E-002   422.311363451271     
  3.528000000000001E-002   422.273540105917     
  3.530000000000000E-002   422.237330358245     
  3.532000000000000E-002   422.202844317782     
  3.534000000000000E-002   422.169611904846     
  3.536000000000000E-002   422.136917740340     
  3.538000000000000E-002   422.104249307455     
  3.540000000000000E-002   422.071753493226     
  3.542000000000000E-002   422.039990418358     
  3.544000000000001E-002   422.009054790861     
  3.546000000000001E-002   421.978495715983     
  3.548000000000000E-002   421.948742455661     
  3.550000000000000E-002   421.920614338142     
  3.552000000000000E-002   421.894427166551     
  3.554000000000000E-002   421.870146447691     
  3.556000000000000E-002   421.847413397643     
  3.558000000000000E-002   421.826036522896     
  3.560000000000000E-002   421.807913071922     
  3.562000000000001E-002   421.792944882472     
  3.564000000000001E-002   421.780428894075     
  3.566000000000000E-002   421.770042980315     
  3.568000000000000E-002   421.761261226739     
  3.570000000000000E-002   421.753582914961     
  3.572000000000000E-002   421.747049038233     
  3.574000000000000E-002   421.741701565918     
  3.576000000000000E-002   421.737560876033     
  3.578000000000001E-002   421.734607786535     
  3.580000000000001E-002   421.732786235904     
  3.582000000000000E-002   421.731995741530     
  3.584000000000000E-002   421.732123581391     
  3.586000000000000E-002   421.733012389261     
  3.588000000000000E-002   421.733645512589     
  3.590000000000000E-002   421.733985653511     
  3.592000000000000E-002   421.734031329143     
  3.594000000000000E-002   421.733715552427     
  3.596000000000001E-002   421.732984704573     
  3.598000000000001E-002   421.731828171383     
  3.600000000000000E-002   421.730176509351     
  3.602000000000000E-002   421.727904257797     
  3.604000000000000E-002   421.725069501363     
  3.606000000000000E-002   421.721864235290     
  3.608000000000000E-002   421.718184725019     
  3.610000000000000E-002   421.714105557444     
  3.612000000000001E-002   421.709808564050     
  3.614000000000001E-002   421.705374860094     
  3.616000000000000E-002   421.700767880016     
  3.618000000000000E-002   421.695820506665     
  3.620000000000000E-002   421.690382608730     
  3.622000000000000E-002   421.684822182924     
  3.624000000000000E-002   421.678519651885     
  3.626000000000000E-002   421.672694591180     
  3.628000000000000E-002   421.668608933564     
  3.630000000000001E-002   421.664939685680     
  3.632000000000001E-002   421.662649279736     
  3.634000000000000E-002   421.661678664760     
  3.636000000000000E-002   421.662044804599     
  3.638000000000000E-002   421.664194607928     
  3.640000000000000E-002   421.668502181456     
  3.642000000000000E-002   421.674971920655     
  3.644000000000000E-002   421.683180439612     
  3.646000000000001E-002   421.693341128964     
  3.648000000000001E-002   421.705986979343     
  3.650000000000000E-002   421.721594267028     
  3.652000000000000E-002   421.740633342034     
  3.654000000000000E-002   421.763357163547     
  3.656000000000000E-002   421.789880892762     
  3.658000000000000E-002   421.820229390593     
  3.660000000000000E-002   421.854350813453     
  3.662000000000000E-002   421.892088383666     
  3.664000000000001E-002   421.933212828888     
  3.666000000000001E-002   421.977463703588     
  3.668000000000000E-002   422.024569282535     
  3.670000000000000E-002   422.074305761584     
  3.672000000000000E-002   422.126476282980     
  3.674000000000000E-002   422.180916037503     
  3.676000000000000E-002   422.237464598296     
  3.678000000000000E-002   422.295890439224     
  3.680000000000001E-002   422.355913342975     
  3.682000000000001E-002   422.417222525139     
  3.684000000000000E-002   422.478813599895     
  3.686000000000000E-002   422.539895199844     
  3.688000000000000E-002   422.600014502943     
  3.690000000000000E-002   422.658759707471     
  3.692000000000000E-002   422.715659139666     
  3.694000000000000E-002   422.770326549388     
  3.696000000000000E-002   422.822545043437     
  3.698000000000001E-002   422.872169447924     
  3.700000000000001E-002   422.919127697352     
  3.702000000000000E-002   422.963438375104     
  3.704000000000000E-002   423.005162756343     
  3.706000000000000E-002   423.044330538889     
  3.708000000000000E-002   423.081074676595     
  3.710000000000000E-002   423.115573516652     
  3.712000000000000E-002   423.148043178263     
  3.714000000000001E-002   423.178787694382     
  3.716000000000001E-002   423.208127877629     
  3.718000000000000E-002   423.236393082674     
  3.720000000000000E-002   423.263853535478     
  3.722000000000000E-002   423.290699989647     
  3.724000000000000E-002   423.316915411131     
  3.726000000000000E-002   423.341965026373     
  3.728000000000000E-002   423.365904453196     
  3.730000000000000E-002   423.388668485959     
  3.732000000000001E-002   423.409281902743     
  3.734000000000001E-002   423.426908879726     
  3.736000000000000E-002   423.440629602370     
  3.738000000000000E-002   423.449381604774     
  3.740000000000000E-002   423.453338097641     
  3.742000000000000E-002   423.452879025834     
  3.744000000000000E-002   423.445481749170     
  3.746000000000000E-002   423.431871736858     
  3.748000000000001E-002   423.410880535317     
  3.750000000000001E-002   423.381046419566     
  3.752000000000000E-002   423.340707690603     
  3.754000000000000E-002   423.288013842434     
  3.756000000000000E-002   423.221145472357     
  3.758000000000000E-002   423.138523778534     
  3.760000000000000E-002   423.038905604512     
  3.762000000000000E-002   422.921334281990     
  3.764000000000000E-002   422.785097410106     
  3.766000000000001E-002   422.634373220716     
  3.768000000000001E-002   422.492026849341     
  3.770000000000000E-002   422.366678901557     
  3.772000000000000E-002   422.257010191565     
  3.774000000000000E-002   422.161353292302     
  3.776000000000000E-002   422.077636808819     
  3.778000000000000E-002   422.003731019891     
  3.780000000000000E-002   421.937964322010     
  3.782000000000001E-002   421.879474885876     
  3.784000000000001E-002   421.828171716098     
  3.786000000000000E-002   421.783998838420     
  3.788000000000000E-002   421.746427373677     
  3.790000000000000E-002   421.715171893198     
  3.792000000000000E-002   421.690499586463     
  3.794000000000000E-002   421.672626019043     
  3.796000000000000E-002   421.663607563647     
  3.798000000000000E-002   421.668034722551     
  3.800000000000001E-002   421.685835470112     
  3.802000000000001E-002   421.710548452233     
  3.804000000000000E-002   421.745106742479     
  3.806000000000000E-002   421.792617076631     
  3.808000000000000E-002   421.851396526870     
  3.810000000000000E-002   421.910774946948     
  3.812000000000000E-002   421.964500203564     
  3.814000000000000E-002   422.013474207763     
  3.816000000000001E-002   422.056107180183     
  3.818000000000001E-002   422.091624771138     
  3.820000000000000E-002   422.119924190010     
  3.822000000000000E-002   422.141503880073     
  3.824000000000000E-002   422.156269451724     
  3.826000000000000E-002   422.164257579050     
  3.828000000000000E-002   422.166710353467     
  3.830000000000000E-002   422.164264819547     
  3.832000000000000E-002   422.158323976630     
  3.834000000000001E-002   422.151789788741     
  3.836000000000001E-002   422.142272154392     
  3.838000000000000E-002   422.128413364258     
  3.840000000000000E-002   422.115179501936     
  3.842000000000000E-002   422.105592480895     
  3.844000000000000E-002   422.099702351798     
  3.846000000000000E-002   422.096148540675     
  3.848000000000000E-002   422.093514939608     
  3.850000000000001E-002   422.091787037616     
  3.852000000000001E-002   422.091553249217     
  3.854000000000000E-002   422.093118612794     
  3.856000000000000E-002   422.096540391453     
  3.858000000000000E-002   422.101845813099     
  3.860000000000000E-002   422.109138241658     
  3.862000000000000E-002   422.118588721096     
  3.864000000000000E-002   422.130385527638     
  3.866000000000000E-002   422.144697450071     
  3.868000000000001E-002   422.161643297340     
  3.870000000000001E-002   422.181270968949     
  3.872000000000000E-002   422.203554350539     
  3.874000000000000E-002   422.228416069616     
  3.876000000000000E-002   422.255752668443     
  3.878000000000000E-002   422.285484208994     
  3.880000000000000E-002   422.317567001737     
  3.882000000000000E-002   422.351930383450     
  3.884000000000001E-002   422.388578355583     
  3.886000000000001E-002   422.427596713753     
  3.888000000000000E-002   422.469092813366     
  3.890000000000000E-002   422.513170437777     
  3.892000000000000E-002   422.559906478484     
  3.894000000000000E-002   422.609338481086     
  3.896000000000000E-002   422.661454383842     
  3.898000000000000E-002   422.716189301936     
  3.900000000000000E-002   422.773410694962     
  3.902000000000001E-002   422.832920960869     
  3.904000000000001E-002   422.894449420408     
  3.906000000000000E-002   422.957691629972     
  3.908000000000000E-002   423.022357470380     
  3.910000000000000E-002   423.088297691483     
  3.912000000000000E-002   423.155133092328     
  3.914000000000000E-002   423.220064615857     
  3.916000000000000E-002   423.281075539463     
  3.918000000000001E-002   423.336231134801     
  3.920000000000001E-002   423.384341926289     
  3.922000000000000E-002   423.424731685469     
  3.924000000000000E-002   423.457081367676     
  3.926000000000000E-002   423.481475705340     
  3.928000000000000E-002   423.498074441554     
  3.930000000000000E-002   423.507503134752     
  3.932000000000000E-002   423.511100460747     
  3.934000000000000E-002   423.510966133959     
  3.936000000000001E-002   423.507485383004     
  3.938000000000001E-002   423.500244794191     
  3.940000000000000E-002   423.486055530574     
  3.942000000000000E-002   423.464978173411     
  3.944000000000000E-002   423.433772011853     
  3.946000000000000E-002   423.389145402376     
  3.948000000000000E-002   423.328839528843     
  3.950000000000000E-002   423.251549571545     
  3.952000000000001E-002   423.156923228275     
  3.954000000000001E-002   423.046528146575     
  3.956000000000000E-002   422.934887664285     
  3.958000000000000E-002   422.839200991034     
  3.960000000000000E-002   422.757335613552     
  3.962000000000000E-002   422.688515169147     
  3.964000000000000E-002   422.633438662124     
  3.966000000000000E-002   422.590706806517     
  3.968000000000000E-002   422.556405495493     
  3.970000000000001E-002   422.523306732780     
  3.972000000000001E-002   422.482567757684     
  3.974000000000000E-002   422.414326243490     
  3.976000000000000E-002   422.222214333421     
  3.978000000000000E-002   421.545794064676     
  3.980000000000000E-002   419.082598509656     
  3.982000000000000E-002   410.392632533225     
  3.984000000000000E-002   384.316235423090     
  3.986000000000001E-002   354.514790343205     
  3.988000000000001E-002   347.915042094850     
  3.990000000000000E-002   347.074232410687     
  3.992000000000000E-002   346.970398881719     
  3.994000000000000E-002   346.957603357846     
  3.996000000000000E-002   346.956028189066     
  3.998000000000000E-002   346.955831816769     
  4.000000000000000E-002   346.955831816769     
