  0.000000000000000E+000   2.61519000003575     
  2.000000000000000E-005   2.61519000003574     
  4.000000000000000E-005   2.61519000003574     
  6.000000000000001E-005   2.61519000003574     
  8.000000000000001E-005   2.61519000003574     
  1.000000000000000E-004   2.61519000003574     
  1.200000000000000E-004   2.61519000003574     
  1.400000000000000E-004   2.61519000003574     
  1.600000000000000E-004   2.61519000003573     
  1.800000000000000E-004   2.61519000003573     
  2.000000000000000E-004   2.61519000003573     
  2.200000000000000E-004   2.61519000003574     
  2.400000000000000E-004   2.61519000003574     
  2.600000000000000E-004   2.61519000003574     
  2.800000000000000E-004   2.61519000003575     
  3.000000000000000E-004   2.61519000003575     
  3.200000000000000E-004   2.61519000003575     
  3.400000000000000E-004   2.61519000003575     
  3.600000000000000E-004   2.61519000003575     
  3.800000000000000E-004   2.61519000003575     
  4.000000000000000E-004   2.61519000003576     
  4.200000000000000E-004   2.61519000003576     
  4.400000000000000E-004   2.61519000003576     
  4.600000000000000E-004   2.61519000003576     
  4.800000000000001E-004   2.61519000003576     
  5.000000000000000E-004   2.61519000003576     
  5.200000000000001E-004   2.61519000003576     
  5.400000000000000E-004   2.61519000003576     
  5.600000000000001E-004   2.61519000003577     
  5.800000000000000E-004   2.61519000003577     
  6.000000000000001E-004   2.61519000003577     
  6.200000000000000E-004   2.61519000003577     
  6.400000000000001E-004   2.61519000003577     
  6.600000000000001E-004   2.61519000003577     
  6.800000000000000E-004   2.61519000003577     
  7.000000000000001E-004   2.61519000003578     
  7.200000000000000E-004   2.61519000003578     
  7.400000000000001E-004   2.61519000003578     
  7.600000000000000E-004   2.61519000003578     
  7.800000000000001E-004   2.61519000003577     
  8.000000000000000E-004   2.61519000003577     
  8.200000000000001E-004   2.61519000003577     
  8.400000000000000E-004   2.61519000003577     
  8.600000000000001E-004   2.61519000003577     
  8.800000000000000E-004   2.61519000003577     
  9.000000000000001E-004   2.61519000003577     
  9.200000000000000E-004   2.61519000003577     
  9.400000000000001E-004   2.61519000003577     
  9.600000000000001E-004   2.61519000003577     
  9.800000000000002E-004   2.61519000003577     
  1.000000000000000E-003   2.61519000003577     
  1.020000000000000E-003   2.61519000003577     
  1.040000000000000E-003   2.61519000003577     
  1.060000000000000E-003   2.61519000003576     
  1.080000000000000E-003   2.61519000003576     
  1.100000000000000E-003   2.61519000003576     
  1.120000000000000E-003   2.61519000003576     
  1.140000000000000E-003   2.61519000003575     
  1.160000000000000E-003   2.61519000003575     
  1.180000000000000E-003   2.61519000003575     
  1.200000000000000E-003   2.61519000003575     
  1.220000000000000E-003   2.61519000003575     
  1.240000000000000E-003   2.61519000003574     
  1.260000000000000E-003   2.61519000003574     
  1.280000000000000E-003   2.61519000003574     
  1.300000000000000E-003   2.61519000003574     
  1.320000000000000E-003   2.61519000003574     
  1.340000000000000E-003   2.61519000003574     
  1.360000000000000E-003   2.61519000003574     
  1.380000000000000E-003   2.61519000003573     
  1.400000000000000E-003   2.61519000003573     
  1.420000000000000E-003   2.61519000003573     
  1.440000000000000E-003   2.61519000003572     
  1.460000000000000E-003   2.61519000003572     
  1.480000000000000E-003   2.61519000003571     
  1.500000000000000E-003   2.61519000003567     
  1.520000000000000E-003   2.61519000003556     
  1.540000000000000E-003   2.61519000003522     
  1.560000000000000E-003   2.61519000003418     
  1.580000000000000E-003   2.61519000003103     
  1.600000000000000E-003   2.61519000002166     
  1.620000000000000E-003   2.61518999999420     
  1.640000000000000E-003   2.61518999991530     
  1.660000000000000E-003   2.61518999969302     
  1.680000000000000E-003   2.61518999907922     
  1.700000000000000E-003   2.61518999741889     
  1.720000000000000E-003   2.61518999302145     
  1.740000000000000E-003   2.61518998162436     
  1.760000000000000E-003   2.61518995273671     
  1.780000000000000E-003   2.61518988117686     
  1.800000000000000E-003   2.61518970805411     
  1.820000000000000E-003   2.61518929933324     
  1.840000000000000E-003   2.61518835849415     
  1.860000000000000E-003   2.61518624884505     
  1.880000000000000E-003   2.61518164565677     
  1.900000000000000E-003   2.61517188321047     
  1.920000000000000E-003   2.61515178526425     
  1.940000000000000E-003   2.61511167846400     
  1.960000000000000E-003   2.61503421899830     
  1.980000000000000E-003   2.61488968146121     
  2.000000000000000E-003   2.61462956975147     
  2.020000000000000E-003   2.61417891226275     
  2.040000000000000E-003   2.61342834862054     
  2.060000000000000E-003   2.61222726940568     
  2.080000000000000E-003   2.61037811928506     
  2.100000000000000E-003   2.60814772659929     
  2.120000000000000E-003   2.60635791070201     
  2.140000000000000E-003   2.60513672907983     
  2.160000000000000E-003   2.60445741722359     
  2.180000000000000E-003   2.60419897052381     
  2.200000000000000E-003   2.60417971058825     
  2.220000000000000E-003   2.60448621974641     
  2.240000000000000E-003   2.60552674808736     
  2.260000000000000E-003   2.60756948401097     
  2.280000000000000E-003   2.60968080502065     
  2.300000000000000E-003   2.61125119183546     
  2.320000000000000E-003   2.61238233632243     
  2.340000000000000E-003   2.61318843791131     
  2.360000000000000E-003   2.61376483275005     
  2.380000000000000E-003   2.61417916442845     
  2.400000000000000E-003   2.61446640051546     
  2.420000000000000E-003   2.61464936855223     
  2.440000000000000E-003   2.61474015643744     
  2.460000000000000E-003   2.61476156270301     
  2.480000000000000E-003   2.61474933226835     
  2.500000000000000E-003   2.61469294693033     
  2.520000000000000E-003   2.61458187274294     
  2.540000000000000E-003   2.61440826360576     
  2.560000000000000E-003   2.61416085738966     
  2.580000000000000E-003   2.61382448814688     
  2.600000000000000E-003   2.61341946249555     
  2.620000000000000E-003   2.61305982931286     
  2.640000000000000E-003   2.61278035094593     
  2.660000000000000E-003   2.61258968444529     
  2.680000000000000E-003   2.61248539014192     
  2.700000000000000E-003   2.61245096131069     
  2.720000000000000E-003   2.61246116885971     
  2.740000000000000E-003   2.61251476017225     
  2.760000000000000E-003   2.61261746475788     
  2.780000000000000E-003   2.61276616931884     
  2.800000000000000E-003   2.61295060967457     
  2.820000000000000E-003   2.61314038497912     
  2.840000000000000E-003   2.61331117354175     
  2.860000000000000E-003   2.61345712775870     
  2.880000000000000E-003   2.61357764002468     
  2.900000000000000E-003   2.61367697485196     
  2.920000000000000E-003   2.61376037097069     
  2.940000000000000E-003   2.61383161206804     
  2.960000000000000E-003   2.61389295621614     
  2.980000000000000E-003   2.61394601471467     
  3.000000000000000E-003   2.61399229223377     
  3.020000000000000E-003   2.61403307166045     
  3.040000000000000E-003   2.61406920970788     
  3.060000000000000E-003   2.61410127684343     
  3.080000000000000E-003   2.61412984513449     
  3.100000000000000E-003   2.61415555857908     
  3.120000000000000E-003   2.61417898923482     
  3.140000000000000E-003   2.61420047591635     
  3.160000000000000E-003   2.61422017190723     
  3.180000000000000E-003   2.61423815958538     
  3.200000000000000E-003   2.61425468701410     
  3.220000000000000E-003   2.61427021958493     
  3.240000000000000E-003   2.61428526485392     
  3.260000000000000E-003   2.61430034244263     
  3.280000000000000E-003   2.61431624870669     
  3.300000000000000E-003   2.61433272753080     
  3.320000000000000E-003   2.61434713188826     
  3.340000000000000E-003   2.61435785474073     
  3.360000000000000E-003   2.61436409063513     
  3.380000000000000E-003   2.61436505057032     
  3.400000000000000E-003   2.61435876280213     
  3.420000000000000E-003   2.61433729229445     
  3.440000000000000E-003   2.61428883409301     
  3.460000000000000E-003   2.61419362757469     
  3.480000000000000E-003   2.61402063447896     
  3.500000000000000E-003   2.61372324446466     
  3.520000000000000E-003   2.61323572912561     
  3.540000000000000E-003   2.61247213150510     
  3.560000000000000E-003   2.61132895230407     
  3.580000000000000E-003   2.60969265306279     
  3.600000000000000E-003   2.60745188745948     
  3.620000000000000E-003   2.60451301684896     
  3.640000000000000E-003   2.60081588713300     
  3.660000000000000E-003   2.59634553606760     
  3.680000000000000E-003   2.59113558189328     
  3.700000000000000E-003   2.58526131479484     
  3.720000000000000E-003   2.57882407470886     
  3.740000000000000E-003   2.57193152387751     
  3.760000000000000E-003   2.56467961675204     
  3.780000000000000E-003   2.55711069534495     
  3.800000000000000E-003   2.54933768568754     
  3.820000000000000E-003   2.54174763294926     
  3.840000000000001E-003   2.53448705398542     
  3.860000000000000E-003   2.52761651483773     
  3.880000000000000E-003   2.52115389706274     
  3.900000000000000E-003   2.51507329944561     
  3.920000000000001E-003   2.50932151329213     
  3.940000000000000E-003   2.50381199949666     
  3.960000000000000E-003   2.49845850975425     
  3.980000000000000E-003   2.49317848146495     
  4.000000000000000E-003   2.48791389511890     
  4.020000000000000E-003   2.48259769489012     
  4.040000000000000E-003   2.47704874362255     
  4.060000000000000E-003   2.47101203138412     
  4.080000000000000E-003   2.46430134872291     
  4.100000000000000E-003   2.45693665956655     
  4.120000000000000E-003   2.44914311034024     
  4.140000000000000E-003   2.44130119853969     
  4.160000000000001E-003   2.43355582037856     
  4.180000000000001E-003   2.42587468076114     
  4.200000000000001E-003   2.41826004809702     
  4.220000000000001E-003   2.41072192552451     
  4.240000000000001E-003   2.40326760777692     
  4.260000000000001E-003   2.39590215131625     
  4.280000000000000E-003   2.38863169846622     
  4.300000000000000E-003   2.38146302674515     
  4.320000000000000E-003   2.37439924471026     
  4.340000000000000E-003   2.36743769805977     
  4.360000000000000E-003   2.36057289503887     
  4.380000000000000E-003   2.35380056056826     
  4.400000000000000E-003   2.34711874406660     
  4.420000000000000E-003   2.34052577270808     
  4.440000000000000E-003   2.33401928004283     
  4.460000000000000E-003   2.32759909071554     
  4.480000000000000E-003   2.32126997041478     
  4.500000000000001E-003   2.31504081662771     
  4.520000000000001E-003   2.30892253996356     
  4.540000000000001E-003   2.30292686590027     
  4.560000000000001E-003   2.29706584956533     
  4.580000000000001E-003   2.29135138168109     
  4.600000000000001E-003   2.28579530967017     
  4.620000000000000E-003   2.28040926734865     
  4.640000000000000E-003   2.27520546578292     
  4.660000000000000E-003   2.27019707801710     
  4.680000000000000E-003   2.26540183414377     
  4.700000000000000E-003   2.26083846405609     
  4.720000000000000E-003   2.25652771581803     
  4.740000000000000E-003   2.25248813784531     
  4.760000000000000E-003   2.24874037209920     
  4.780000000000000E-003   2.24529864512413     
  4.800000000000000E-003   2.24218385994087     
  4.820000000000000E-003   2.23939897635312     
  4.840000000000001E-003   2.23695388641277     
  4.860000000000001E-003   2.23483596151145     
  4.880000000000001E-003   2.23306403580717     
  4.900000000000001E-003   2.23163388372120     
  4.920000000000001E-003   2.23059295949766     
  4.940000000000001E-003   2.22988796668388     
  4.960000000000000E-003   2.22951430437457     
  4.980000000000000E-003   2.22950616530311     
  5.000000000000000E-003   2.22977437223237     
  5.020000000000000E-003   2.23033709832899     
  5.040000000000000E-003   2.23094077856314     
  5.060000000000000E-003   2.23138447735197     
  5.080000000000000E-003   2.23159912945790     
  5.100000000000000E-003   2.23167153691962     
  5.120000000000000E-003   2.23170067778464     
  5.140000000000000E-003   2.23190506253871     
  5.160000000000001E-003   2.23244633875317     
  5.180000000000001E-003   2.23348641504493     
  5.200000000000001E-003   2.23512712911754     
  5.220000000000001E-003   2.23720709227097     
  5.240000000000001E-003   2.23899586630101     
  5.260000000000001E-003   2.24043502554245     
  5.280000000000001E-003   2.24168167386302     
  5.300000000000000E-003   2.24285617990097     
  5.320000000000000E-003   2.24416039723220     
  5.340000000000000E-003   2.24555013045208     
  5.360000000000000E-003   2.24657911985061     
  5.380000000000000E-003   2.24715721204446     
  5.400000000000000E-003   2.24737526760114     
  5.420000000000000E-003   2.24737330230388     
  5.440000000000000E-003   2.24731675763962     
  5.460000000000000E-003   2.24740896762913     
  5.480000000000000E-003   2.24783212094603     
  5.500000000000001E-003   2.24883688799611     
  5.520000000000001E-003   2.25052832628932     
  5.540000000000001E-003   2.25286415157870     
  5.560000000000001E-003   2.25541223265812     
  5.580000000000001E-003   2.25773085568464     
  5.600000000000001E-003   2.25994493459277     
  5.620000000000001E-003   2.26211643446036     
  5.640000000000000E-003   2.26433199334369     
  5.660000000000000E-003   2.26669887260018     
  5.680000000000000E-003   2.26927837686653     
  5.700000000000000E-003   2.27202046359082     
  5.720000000000000E-003   2.27474289888398     
  5.740000000000000E-003   2.27739609669650     
  5.760000000000000E-003   2.27996563046533     
  5.780000000000000E-003   2.28248608703442     
  5.800000000000000E-003   2.28503119721543     
  5.820000000000001E-003   2.28771712648063     
  5.840000000000001E-003   2.29055491808033     
  5.860000000000001E-003   2.29326544323414     
  5.880000000000001E-003   2.29583254751310     
  5.900000000000001E-003   2.29833167944406     
  5.920000000000001E-003   2.30088230154082     
  5.940000000000001E-003   2.30371138461533     
  5.960000000000001E-003   2.30707873033412     
  5.980000000000000E-003   2.31061432399776     
  6.000000000000000E-003   2.31373686732418     
  6.020000000000000E-003   2.31642032854904     
  6.040000000000000E-003   2.31892114759524     
  6.060000000000000E-003   2.32132065427412     
  6.080000000000000E-003   2.32367847192980     
  6.100000000000000E-003   2.32614946762627     
  6.120000000000000E-003   2.32892306504014     
  6.140000000000000E-003   2.33212291202881     
  6.160000000000001E-003   2.33572455465529     
  6.180000000000001E-003   2.33967386497320     
  6.200000000000001E-003   2.34402188072171     
  6.220000000000001E-003   2.34885097577643     
  6.240000000000001E-003   2.35411037279835     
  6.260000000000001E-003   2.35970673102541     
  6.280000000000001E-003   2.36563785067289     
  6.300000000000001E-003   2.37211764532122     
  6.320000000000000E-003   2.38062128438450     
  6.340000000000000E-003   2.39482836593451     
  6.360000000000000E-003   2.42194333181007     
  6.380000000000000E-003   2.45038434878366     
  6.400000000000000E-003   2.46758495520061     
  6.420000000000000E-003   2.47453623090358     
  6.440000000000000E-003   2.47650238712707     
  6.460000000000000E-003   2.47617732261501     
  6.480000000000001E-003   2.47611192448839     
  6.500000000000001E-003   2.47695488976993     
  6.520000000000001E-003   2.47958226641368     
  6.540000000000001E-003   2.48480526842842     
  6.560000000000001E-003   2.49152006348491     
  6.580000000000001E-003   2.49682838378263     
  6.600000000000001E-003   2.49921885326906     
  6.620000000000001E-003   2.49759057928000     
  6.640000000000001E-003   2.49381437836400     
  6.660000000000000E-003   2.48870682511982     
  6.680000000000000E-003   2.48311802459438     
  6.700000000000000E-003   2.47797495376875     
  6.720000000000000E-003   2.47351992050133     
  6.740000000000000E-003   2.46958988011433     
  6.760000000000000E-003   2.46586072386996     
  6.780000000000000E-003   2.46216672823850     
  6.800000000000000E-003   2.45842695767285     
  6.820000000000001E-003   2.45452403377132     
  6.840000000000001E-003   2.45035424790718     
  6.860000000000001E-003   2.44599599235151     
  6.880000000000001E-003   2.44161517013331     
  6.900000000000001E-003   2.43717431999663     
  6.920000000000001E-003   2.43256332283384     
  6.940000000000001E-003   2.42772946139951     
  6.960000000000001E-003   2.42253966169217     
  6.980000000000001E-003   2.41680311676699     
  7.000000000000000E-003   2.41018430787717     
  7.020000000000000E-003   2.40204605876007     
  7.040000000000000E-003   2.39420616960247     
  7.060000000000000E-003   2.38992720284321     
  7.080000000000000E-003   2.38867951037078     
  7.100000000000000E-003   2.38884963029937     
  7.120000000000000E-003   2.39008528544892     
  7.140000000000001E-003   2.39235495914944     
  7.160000000000001E-003   2.39294984928525     
  7.180000000000001E-003   2.39149099273107     
  7.200000000000001E-003   2.38550377090124     
  7.220000000000001E-003   2.36990463611271     
  7.240000000000001E-003   2.33723444783884     
  7.260000000000001E-003   2.27708657349612     
  7.280000000000001E-003   2.17719593330678     
  7.300000000000001E-003   2.02369549212097     
  7.320000000000001E-003   1.80281272850303     
  7.340000000000000E-003   1.50543542265033     
  7.360000000000000E-003   1.12950190232906     
  7.380000000000000E-003  0.769026601413212     
  7.400000000000000E-003  0.535275797517307     
  7.420000000000000E-003  0.405870886759201     
  7.440000000000000E-003  0.343035685905269     
  7.460000000000000E-003  0.315231384733845     
  7.480000000000001E-003  0.303507371747826     
  7.500000000000001E-003  0.298530227733707     
  7.520000000000001E-003  0.296245969327936     
  7.540000000000001E-003  0.295061643430526     
  7.560000000000001E-003  0.294370825239949     
  7.580000000000001E-003  0.293937767366923     
  7.600000000000001E-003  0.293655107441706     
  7.620000000000001E-003  0.293468394281450     
  7.640000000000001E-003  0.293346836413347     
  7.660000000000001E-003  0.293268860302225     
  7.680000000000001E-003  0.293220724838390     
  7.700000000000000E-003  0.293193684351917     
  7.720000000000000E-003  0.293182290302163     
  7.740000000000000E-003  0.293182227552449     
  7.760000000000000E-003  0.293183981324000     
  7.780000000000000E-003  0.293197118718752     
  7.800000000000001E-003  0.293221614685857     
  7.820000000000001E-003  0.293241990767650     
  7.840000000000001E-003  0.293254960709496     
  7.860000000000001E-003  0.293264536772107     
  7.880000000000000E-003  0.293272818950439     
  7.900000000000001E-003  0.293280875778814     
  7.920000000000000E-003  0.293289267841572     
  7.940000000000001E-003  0.293298749634569     
  7.960000000000000E-003  0.293309747949262     
  7.980000000000001E-003  0.293322220014681     
  8.000000000000000E-003  0.293338761586057     
  8.020000000000001E-003  0.293357856285223     
  8.040000000000000E-003  0.293379286672670     
  8.060000000000001E-003  0.293402284302303     
  8.080000000000000E-003  0.293426443626894     
  8.100000000000001E-003  0.293451757369924     
  8.120000000000000E-003  0.293478487506091     
  8.140000000000001E-003  0.293507066954296     
  8.160000000000001E-003  0.293537623388411     
  8.180000000000002E-003  0.293569978219602     
  8.200000000000001E-003  0.293603821100485     
  8.220000000000000E-003  0.293638778736209     
  8.240000000000001E-003  0.293674592886833     
  8.260000000000000E-003  0.293711111055602     
  8.280000000000001E-003  0.293748432529189     
  8.300000000000000E-003  0.293786686314131     
  8.320000000000001E-003  0.293825882923439     
  8.340000000000000E-003  0.293864700216637     
  8.360000000000001E-003  0.293902782233638     
  8.380000000000000E-003  0.293940985258450     
  8.400000000000001E-003  0.293979589049826     
  8.420000000000000E-003  0.294018282950842     
  8.440000000000001E-003  0.294057569884443     
  8.460000000000001E-003  0.294098571669488     
  8.480000000000001E-003  0.294142959838423     
  8.500000000000001E-003  0.294193717834323     
  8.520000000000002E-003  0.294254765091997     
  8.540000000000001E-003  0.294339341195425     
  8.560000000000000E-003  0.294476582224612     
  8.580000000000001E-003  0.294717861194354     
  8.600000000000000E-003  0.295180384892626     
  8.620000000000001E-003  0.296113488496414     
  8.640000000000000E-003  0.298038842685915     
  8.660000000000001E-003  0.302065157018752     
  8.680000000000000E-003  0.310488231983578     
  8.700000000000001E-003  0.327817657450902     
  8.720000000000000E-003  0.362182951827116     
  8.740000000000001E-003  0.426597503864273     
  8.760000000000000E-003  0.538448876029282     
  8.780000000000001E-003  0.716890797138426     
  8.800000000000001E-003  0.976815517568795     
  8.820000000000001E-003   1.32155586887014     
  8.840000000000001E-003   1.68670353022478     
  8.860000000000002E-003   1.94176108942770     
  8.880000000000001E-003   2.10605121176918     
  8.900000000000000E-003   2.20730387427508     
  8.920000000000001E-003   2.26724673226776     
  8.940000000000000E-003   2.30113651045972     
  8.960000000000001E-003   2.31897371882379     
  8.980000000000000E-003   2.32733659734451     
  9.000000000000001E-003   2.33050080176690     
  9.020000000000000E-003   2.33113074566337     
  9.040000000000001E-003   2.33089960089649     
  9.060000000000000E-003   2.32980886623725     
  9.080000000000001E-003   2.32766895239719     
  9.100000000000000E-003   2.32460730172526     
  9.120000000000001E-003   2.32162065337288     
  9.140000000000001E-003   2.31928538589195     
  9.160000000000001E-003   2.31724100940118     
  9.180000000000001E-003   2.31532590314637     
  9.200000000000002E-003   2.31349243485643     
  9.220000000000001E-003   2.31164800064504     
  9.240000000000000E-003   2.30968873419936     
  9.260000000000001E-003   2.30748631950607     
  9.280000000000000E-003   2.30489664184006     
  9.300000000000001E-003   2.30172225533307     
  9.320000000000000E-003   2.29770600195814     
  9.340000000000001E-003   2.29258718472481     
  9.360000000000000E-003   2.28619876030084     
  9.380000000000001E-003   2.27853524667421     
  9.400000000000000E-003   2.27038991951478     
  9.420000000000001E-003   2.26360357687015     
  9.440000000000000E-003   2.25802534707453     
  9.460000000000001E-003   2.25337977865181     
  9.480000000000001E-003   2.24948364994915     
  9.500000000000001E-003   2.24623004936341     
  9.520000000000001E-003   2.24353910063449     
  9.540000000000002E-003   2.24131470828706     
  9.560000000000001E-003   2.23942171297604     
  9.580000000000000E-003   2.23771385457551     
  9.600000000000001E-003   2.23607092355554     
  9.620000000000000E-003   2.23441883786871     
  9.640000000000001E-003   2.23269259500140     
  9.660000000000000E-003   2.23077383381805     
  9.680000000000001E-003   2.22844076946705     
  9.700000000000000E-003   2.22535946002630     
  9.720000000000001E-003   2.22107171626414     
  9.740000000000000E-003   2.21494251878126     
  9.760000000000001E-003   2.20618370519330     
  9.780000000000000E-003   2.19393347768251     
  9.800000000000001E-003   2.17743896196361     
  9.820000000000001E-003   2.15645020901827     
  9.840000000000002E-003   2.13310376534160     
  9.860000000000001E-003   2.11446081777430     
  9.880000000000002E-003   2.10075436043456     
  9.900000000000001E-003   2.09074118970060     
  9.920000000000000E-003   2.08338834941627     
  9.940000000000001E-003   2.07786204492595     
  9.960000000000000E-003   2.07353845741930     
  9.980000000000001E-003   2.06991506410428     
  1.000000000000000E-002   2.06665848518237     
  1.002000000000000E-002   2.06354208508045     
  1.004000000000000E-002   2.06042244185716     
  1.006000000000000E-002   2.05662938248714     
  1.008000000000000E-002   2.05032350126159     
  1.010000000000000E-002   2.03429141267656     
  1.012000000000000E-002   1.98574426597523     
  1.014000000000000E-002   1.83740482670505     
  1.016000000000000E-002   1.50457889146200     
  1.018000000000000E-002   1.24555165028473     
  1.020000000000000E-002   1.17888663768257     
  1.022000000000000E-002   1.16587330374630     
  1.024000000000000E-002   1.16351531644087     
  1.026000000000000E-002   1.16309275799879     
  1.028000000000000E-002   1.16301681243189     
  1.030000000000000E-002   1.16300307263930     
  1.032000000000000E-002   1.16300056666936     
  1.034000000000000E-002   1.16300010549692     
  1.036000000000000E-002   1.16300001982524     
  1.038000000000000E-002   1.16300000375900     
  1.040000000000000E-002   1.16300000071856     
  1.042000000000000E-002   1.16300000013834     
  1.044000000000000E-002   1.16300000002679     
  1.046000000000000E-002   1.16300000000521     
  1.048000000000000E-002   1.16300000000102     
  1.050000000000000E-002   1.16300000000020     
  1.052000000000000E-002   1.16300000000004     
  1.054000000000000E-002   1.16300000000001     
  1.056000000000000E-002   1.16300000000000     
  1.058000000000000E-002   1.16300000000000     
  1.060000000000000E-002   1.16300000000000     
  1.062000000000000E-002   1.16300000000000     
  1.064000000000000E-002   1.16300000000000     
  1.066000000000000E-002   1.16300000000000     
  1.068000000000000E-002   1.16300000000000     
  1.070000000000000E-002   1.16300000000000     
  1.072000000000000E-002   1.16300000000000     
  1.074000000000000E-002   1.16300000000000     
  1.076000000000000E-002   1.16300000000000     
  1.078000000000000E-002   1.16300000000000     
  1.080000000000000E-002   1.16300000000000     
  1.082000000000000E-002   1.16300000000000     
  1.084000000000000E-002   1.16300000000000     
  1.086000000000000E-002   1.16300000000000     
  1.088000000000000E-002   1.16300000000000     
  1.090000000000000E-002   1.16300000000000     
  1.092000000000000E-002   1.16300000000000     
  1.094000000000000E-002   1.16300000000000     
  1.096000000000000E-002   1.16300000000000     
  1.098000000000000E-002   1.16300000000000     
  1.100000000000000E-002   1.16300000000000     
  1.102000000000000E-002   1.16300000000000     
  1.104000000000000E-002   1.16300000000000     
  1.106000000000000E-002   1.16300000000000     
  1.108000000000000E-002   1.16300000000000     
  1.110000000000000E-002   1.16300000000000     
  1.112000000000000E-002   1.16300000000000     
  1.114000000000000E-002   1.16300000000000     
  1.116000000000000E-002   1.16300000000000     
  1.118000000000000E-002   1.16300000000000     
  1.120000000000000E-002   1.16300000000000     
  1.122000000000000E-002   1.16300000000000     
  1.124000000000000E-002   1.16300000000000     
  1.126000000000000E-002   1.16300000000000     
  1.128000000000000E-002   1.16300000000000     
  1.130000000000000E-002   1.16300000000000     
  1.132000000000000E-002   1.16300000000000     
  1.134000000000000E-002   1.16300000000000     
  1.136000000000000E-002   1.16300000000000     
  1.138000000000000E-002   1.16300000000000     
  1.140000000000000E-002   1.16300000000000     
  1.142000000000000E-002   1.16300000000000     
  1.144000000000000E-002   1.16300000000000     
  1.146000000000000E-002   1.16300000000000     
  1.148000000000000E-002   1.16300000000000     
  1.150000000000000E-002   1.16300000000000     
  1.152000000000000E-002   1.16300000000000     
  1.154000000000000E-002   1.16300000000000     
  1.156000000000000E-002   1.16300000000000     
  1.158000000000000E-002   1.16300000000000     
  1.160000000000000E-002   1.16300000000000     
  1.162000000000000E-002   1.16300000000000     
  1.164000000000000E-002   1.16300000000000     
  1.166000000000000E-002   1.16300000000000     
  1.168000000000000E-002   1.16300000000000     
  1.170000000000000E-002   1.16300000000000     
  1.172000000000000E-002   1.16300000000000     
  1.174000000000000E-002   1.16300000000000     
  1.176000000000000E-002   1.16300000000000     
  1.178000000000000E-002   1.16300000000000     
  1.180000000000000E-002   1.16300000000000     
  1.182000000000000E-002   1.16300000000000     
  1.184000000000000E-002   1.16300000000000     
  1.186000000000000E-002   1.16300000000000     
  1.188000000000000E-002   1.16300000000000     
  1.190000000000000E-002   1.16300000000000     
  1.192000000000000E-002   1.16300000000000     
  1.194000000000000E-002   1.16300000000000     
  1.196000000000000E-002   1.16300000000000     
  1.198000000000000E-002   1.16300000000000     
  1.200000000000000E-002   1.16300000000000     
  1.202000000000000E-002   1.16300000000000     
  1.204000000000000E-002   1.16300000000000     
  1.206000000000000E-002   1.16300000000000     
  1.208000000000000E-002   1.16300000000000     
  1.210000000000000E-002   1.16300000000000     
  1.212000000000000E-002   1.16300000000000     
  1.214000000000000E-002   1.16300000000000     
  1.216000000000000E-002   1.16300000000000     
  1.218000000000000E-002   1.16300000000000     
  1.220000000000000E-002   1.16300000000000     
  1.222000000000000E-002   1.16300000000000     
  1.224000000000000E-002   1.16300000000000     
  1.226000000000000E-002   1.16300000000000     
  1.228000000000000E-002   1.16300000000000     
  1.230000000000000E-002   1.16300000000000     
  1.232000000000000E-002   1.16300000000000     
  1.234000000000000E-002   1.16300000000000     
  1.236000000000000E-002   1.16300000000000     
  1.238000000000000E-002   1.16300000000000     
  1.240000000000000E-002   1.16300000000000     
  1.242000000000000E-002   1.16300000000000     
  1.244000000000000E-002   1.16300000000000     
  1.246000000000000E-002   1.16300000000000     
  1.248000000000000E-002   1.16300000000000     
  1.250000000000000E-002   1.16300000000000     
  1.252000000000000E-002   1.16300000000000     
  1.254000000000000E-002   1.16300000000000     
  1.256000000000000E-002   1.16300000000000     
  1.258000000000000E-002   1.16300000000000     
  1.260000000000000E-002   1.16300000000000     
  1.262000000000000E-002   1.16300000000000     
  1.264000000000000E-002   1.16300000000000     
  1.266000000000000E-002   1.16300000000000     
  1.268000000000000E-002   1.16300000000000     
  1.270000000000000E-002   1.16300000000000     
  1.272000000000000E-002   1.16300000000000     
  1.274000000000000E-002   1.16300000000000     
  1.276000000000000E-002   1.16300000000000     
  1.278000000000000E-002   1.16300000000000     
  1.280000000000000E-002   1.16300000000000     
  1.282000000000000E-002   1.16300000000000     
  1.284000000000000E-002   1.16300000000000     
  1.286000000000000E-002   1.16300000000000     
  1.288000000000000E-002   1.16300000000000     
  1.290000000000000E-002   1.16300000000000     
  1.292000000000000E-002   1.16300000000000     
  1.294000000000000E-002   1.16300000000000     
  1.296000000000000E-002   1.16300000000000     
  1.298000000000000E-002   1.16300000000000     
  1.300000000000000E-002   1.16300000000000     
  1.302000000000000E-002   1.16300000000000     
  1.304000000000000E-002   1.16300000000000     
  1.306000000000000E-002   1.16300000000000     
  1.308000000000000E-002   1.16300000000000     
  1.310000000000000E-002   1.16300000000000     
  1.312000000000000E-002   1.16300000000000     
  1.314000000000000E-002   1.16300000000000     
  1.316000000000000E-002   1.16300000000000     
  1.318000000000000E-002   1.16300000000000     
  1.320000000000000E-002   1.16300000000000     
  1.322000000000000E-002   1.16300000000000     
  1.324000000000000E-002   1.16300000000000     
  1.326000000000000E-002   1.16300000000000     
  1.328000000000000E-002   1.16300000000000     
  1.330000000000000E-002   1.16300000000000     
  1.332000000000000E-002   1.16300000000000     
  1.334000000000000E-002   1.16300000000000     
  1.336000000000000E-002   1.16300000000000     
  1.338000000000000E-002   1.16300000000000     
  1.340000000000000E-002   1.16300000000000     
  1.342000000000000E-002   1.16300000000000     
  1.344000000000000E-002   1.16300000000000     
  1.346000000000000E-002   1.16300000000000     
  1.348000000000000E-002   1.16300000000000     
  1.350000000000000E-002   1.16300000000000     
  1.352000000000000E-002   1.16300000000000     
  1.354000000000000E-002   1.16300000000000     
  1.356000000000000E-002   1.16300000000000     
  1.358000000000000E-002   1.16300000000000     
  1.360000000000000E-002   1.16300000000000     
  1.362000000000000E-002   1.16300000000000     
  1.364000000000000E-002   1.16300000000000     
  1.366000000000000E-002   1.16300000000000     
  1.368000000000000E-002   1.16300000000000     
  1.370000000000000E-002   1.16300000000000     
  1.372000000000000E-002   1.16300000000000     
  1.374000000000000E-002   1.16300000000000     
  1.376000000000000E-002   1.16300000000000     
  1.378000000000000E-002   1.16300000000000     
  1.380000000000000E-002   1.16300000000000     
  1.382000000000000E-002   1.16300000000000     
  1.384000000000000E-002   1.16300000000000     
  1.386000000000000E-002   1.16300000000000     
  1.388000000000000E-002   1.16300000000000     
  1.390000000000000E-002   1.16300000000000     
  1.392000000000000E-002   1.16300000000000     
  1.394000000000000E-002   1.16300000000000     
  1.396000000000000E-002   1.16300000000000     
  1.398000000000000E-002   1.16300000000000     
  1.400000000000000E-002   1.16300000000000     
  1.402000000000000E-002   1.16300000000000     
  1.404000000000000E-002   1.16300000000000     
  1.406000000000000E-002   1.16300000000000     
  1.408000000000000E-002   1.16300000000000     
  1.410000000000000E-002   1.16300000000000     
  1.412000000000000E-002   1.16300000000000     
  1.414000000000000E-002   1.16300000000000     
  1.416000000000000E-002   1.16300000000000     
  1.418000000000000E-002   1.16300000000000     
  1.420000000000000E-002   1.16300000000000     
  1.422000000000000E-002   1.16300000000000     
  1.424000000000000E-002   1.16300000000000     
  1.426000000000000E-002   1.16300000000000     
  1.428000000000000E-002   1.16300000000000     
  1.430000000000000E-002   1.16300000000000     
  1.432000000000000E-002   1.16300000000000     
  1.434000000000000E-002   1.16300000000000     
  1.436000000000000E-002   1.16300000000000     
  1.438000000000000E-002   1.16300000000000     
  1.440000000000000E-002   1.16300000000000     
  1.442000000000000E-002   1.16300000000000     
  1.444000000000000E-002   1.16300000000000     
  1.446000000000000E-002   1.16300000000000     
  1.448000000000000E-002   1.16300000000000     
  1.450000000000000E-002   1.16300000000000     
  1.452000000000000E-002   1.16300000000000     
  1.454000000000000E-002   1.16300000000000     
  1.456000000000000E-002   1.16300000000000     
  1.458000000000000E-002   1.16300000000000     
  1.460000000000000E-002   1.16300000000000     
  1.462000000000000E-002   1.16300000000000     
  1.464000000000000E-002   1.16300000000000     
  1.466000000000000E-002   1.16300000000000     
  1.468000000000000E-002   1.16300000000000     
  1.470000000000000E-002   1.16300000000000     
  1.472000000000000E-002   1.16300000000000     
  1.474000000000000E-002   1.16300000000000     
  1.476000000000000E-002   1.16300000000000     
  1.478000000000000E-002   1.16300000000000     
  1.480000000000000E-002   1.16300000000000     
  1.482000000000000E-002   1.16300000000000     
  1.484000000000000E-002   1.16300000000000     
  1.486000000000000E-002   1.16300000000000     
  1.488000000000000E-002   1.16300000000000     
  1.490000000000000E-002   1.16300000000000     
  1.492000000000000E-002   1.16300000000000     
  1.494000000000000E-002   1.16300000000000     
  1.496000000000000E-002   1.16300000000000     
  1.498000000000000E-002   1.16300000000000     
  1.500000000000000E-002   1.16300000000000     
  1.502000000000000E-002   1.16300000000000     
  1.504000000000000E-002   1.16300000000000     
  1.506000000000000E-002   1.16300000000000     
  1.508000000000000E-002   1.16300000000000     
  1.510000000000000E-002   1.16300000000000     
  1.512000000000000E-002   1.16300000000000     
  1.514000000000000E-002   1.16300000000000     
  1.516000000000000E-002   1.16300000000000     
  1.518000000000000E-002   1.16300000000000     
  1.520000000000000E-002   1.16300000000000     
  1.522000000000000E-002   1.16300000000000     
  1.524000000000000E-002   1.16300000000000     
  1.526000000000000E-002   1.16300000000000     
  1.528000000000000E-002   1.16300000000000     
  1.530000000000000E-002   1.16300000000000     
  1.532000000000000E-002   1.16300000000000     
  1.534000000000000E-002   1.16300000000000     
  1.536000000000000E-002   1.16300000000000     
  1.538000000000000E-002   1.16300000000000     
  1.540000000000000E-002   1.16300000000000     
  1.542000000000000E-002   1.16300000000000     
  1.544000000000000E-002   1.16300000000000     
  1.546000000000000E-002   1.16300000000000     
  1.548000000000000E-002   1.16300000000000     
  1.550000000000000E-002   1.16300000000000     
  1.552000000000000E-002   1.16300000000000     
  1.554000000000000E-002   1.16300000000000     
  1.556000000000000E-002   1.16300000000000     
  1.558000000000000E-002   1.16300000000000     
  1.560000000000000E-002   1.16300000000000     
  1.562000000000000E-002   1.16300000000000     
  1.564000000000000E-002   1.16300000000000     
  1.566000000000000E-002   1.16300000000000     
  1.568000000000000E-002   1.16300000000000     
  1.570000000000000E-002   1.16300000000000     
  1.572000000000000E-002   1.16300000000000     
  1.574000000000000E-002   1.16300000000000     
  1.576000000000000E-002   1.16300000000000     
  1.578000000000000E-002   1.16300000000000     
  1.580000000000000E-002   1.16300000000000     
  1.582000000000000E-002   1.16300000000000     
  1.584000000000000E-002   1.16300000000000     
  1.586000000000000E-002   1.16300000000000     
  1.588000000000000E-002   1.16300000000000     
  1.590000000000000E-002   1.16300000000000     
  1.592000000000000E-002   1.16300000000000     
  1.594000000000000E-002   1.16300000000000     
  1.596000000000000E-002   1.16300000000000     
  1.598000000000000E-002   1.16300000000000     
  1.600000000000000E-002   1.16300000000000     
  1.602000000000000E-002   1.16300000000000     
  1.604000000000000E-002   1.16300000000000     
  1.606000000000000E-002   1.16300000000000     
  1.608000000000000E-002   1.16300000000000     
  1.610000000000000E-002   1.16300000000000     
  1.612000000000000E-002   1.16300000000000     
  1.614000000000000E-002   1.16300000000000     
  1.616000000000000E-002   1.16300000000000     
  1.618000000000000E-002   1.16300000000000     
  1.620000000000000E-002   1.16300000000000     
  1.622000000000000E-002   1.16300000000000     
  1.624000000000000E-002   1.16300000000000     
  1.626000000000000E-002   1.16300000000000     
  1.628000000000000E-002   1.16300000000000     
  1.630000000000000E-002   1.16300000000000     
  1.632000000000000E-002   1.16300000000000     
  1.634000000000000E-002   1.16300000000000     
  1.636000000000000E-002   1.16300000000000     
  1.638000000000000E-002   1.16300000000000     
  1.640000000000000E-002   1.16300000000000     
  1.642000000000000E-002   1.16300000000000     
  1.644000000000000E-002   1.16300000000000     
  1.646000000000000E-002   1.16300000000000     
  1.648000000000000E-002   1.16300000000000     
  1.650000000000000E-002   1.16300000000000     
  1.652000000000000E-002   1.16300000000000     
  1.654000000000000E-002   1.16300000000000     
  1.656000000000000E-002   1.16300000000000     
  1.658000000000000E-002   1.16300000000000     
  1.660000000000000E-002   1.16300000000000     
  1.662000000000000E-002   1.16300000000000     
  1.664000000000000E-002   1.16300000000000     
  1.666000000000000E-002   1.16300000000000     
  1.668000000000000E-002   1.16300000000000     
  1.670000000000000E-002   1.16300000000000     
  1.672000000000000E-002   1.16300000000000     
  1.674000000000000E-002   1.16300000000000     
  1.676000000000000E-002   1.16300000000000     
  1.678000000000000E-002   1.16300000000000     
  1.680000000000000E-002   1.16300000000000     
  1.682000000000000E-002   1.16300000000000     
  1.684000000000000E-002   1.16300000000000     
  1.686000000000000E-002   1.16300000000000     
  1.688000000000000E-002   1.16300000000000     
  1.690000000000000E-002   1.16300000000000     
  1.692000000000000E-002   1.16300000000000     
  1.694000000000000E-002   1.16300000000000     
  1.696000000000000E-002   1.16300000000000     
  1.698000000000000E-002   1.16300000000000     
  1.700000000000000E-002   1.16300000000000     
  1.702000000000000E-002   1.16300000000000     
  1.704000000000000E-002   1.16300000000000     
  1.706000000000000E-002   1.16300000000000     
  1.708000000000000E-002   1.16300000000000     
  1.710000000000000E-002   1.16300000000000     
  1.712000000000000E-002   1.16300000000000     
  1.714000000000000E-002   1.16300000000000     
  1.716000000000000E-002   1.16300000000000     
  1.718000000000000E-002   1.16300000000000     
  1.720000000000000E-002   1.16300000000000     
  1.722000000000000E-002   1.16300000000000     
  1.724000000000000E-002   1.16300000000000     
  1.726000000000000E-002   1.16300000000000     
  1.728000000000000E-002   1.16300000000000     
  1.730000000000000E-002   1.16300000000000     
  1.732000000000000E-002   1.16300000000000     
  1.734000000000000E-002   1.16300000000000     
  1.736000000000000E-002   1.16300000000000     
  1.738000000000000E-002   1.16300000000000     
  1.740000000000000E-002   1.16300000000000     
  1.742000000000000E-002   1.16300000000000     
  1.744000000000000E-002   1.16300000000000     
  1.746000000000000E-002   1.16300000000000     
  1.748000000000000E-002   1.16300000000000     
  1.750000000000000E-002   1.16300000000000     
  1.752000000000000E-002   1.16300000000000     
  1.754000000000000E-002   1.16300000000000     
  1.756000000000000E-002   1.16300000000000     
  1.758000000000000E-002   1.16300000000000     
  1.760000000000000E-002   1.16300000000000     
  1.762000000000000E-002   1.16300000000000     
  1.764000000000000E-002   1.16300000000000     
  1.766000000000000E-002   1.16300000000000     
  1.768000000000000E-002   1.16300000000000     
  1.770000000000000E-002   1.16300000000000     
  1.772000000000000E-002   1.16300000000000     
  1.774000000000000E-002   1.16300000000000     
  1.776000000000000E-002   1.16300000000000     
  1.778000000000000E-002   1.16300000000000     
  1.780000000000000E-002   1.16300000000000     
  1.782000000000000E-002   1.16300000000000     
  1.784000000000000E-002   1.16300000000000     
  1.786000000000000E-002   1.16300000000000     
  1.788000000000000E-002   1.16300000000000     
  1.790000000000000E-002   1.16300000000000     
  1.792000000000000E-002   1.16300000000000     
  1.794000000000000E-002   1.16300000000000     
  1.796000000000000E-002   1.16300000000000     
  1.798000000000000E-002   1.16300000000000     
  1.800000000000000E-002   1.16300000000000     
  1.802000000000000E-002   1.16300000000000     
  1.804000000000000E-002   1.16300000000000     
  1.806000000000000E-002   1.16300000000000     
  1.808000000000000E-002   1.16300000000000     
  1.810000000000000E-002   1.16300000000000     
  1.812000000000000E-002   1.16300000000000     
  1.814000000000000E-002   1.16300000000000     
  1.816000000000000E-002   1.16300000000000     
  1.818000000000000E-002   1.16300000000000     
  1.820000000000000E-002   1.16300000000000     
  1.822000000000000E-002   1.16300000000000     
  1.824000000000000E-002   1.16300000000000     
  1.826000000000000E-002   1.16300000000000     
  1.828000000000000E-002   1.16300000000000     
  1.830000000000000E-002   1.16300000000000     
  1.832000000000000E-002   1.16300000000000     
  1.834000000000000E-002   1.16300000000000     
  1.836000000000000E-002   1.16300000000000     
  1.838000000000000E-002   1.16300000000000     
  1.840000000000000E-002   1.16300000000000     
  1.842000000000000E-002   1.16300000000000     
  1.844000000000000E-002   1.16300000000000     
  1.846000000000000E-002   1.16300000000000     
  1.848000000000000E-002   1.16300000000000     
  1.850000000000000E-002   1.16300000000000     
  1.852000000000000E-002   1.16300000000000     
  1.854000000000000E-002   1.16300000000000     
  1.856000000000000E-002   1.16300000000000     
  1.858000000000000E-002   1.16300000000000     
  1.860000000000000E-002   1.16300000000000     
  1.862000000000000E-002   1.16300000000000     
  1.864000000000000E-002   1.16300000000000     
  1.866000000000000E-002   1.16300000000000     
  1.868000000000000E-002   1.16300000000000     
  1.870000000000000E-002   1.16300000000000     
  1.872000000000000E-002   1.16300000000000     
  1.874000000000000E-002   1.16300000000000     
  1.876000000000000E-002   1.16300000000000     
  1.878000000000000E-002   1.16300000000000     
  1.880000000000000E-002   1.16300000000000     
  1.882000000000000E-002   1.16300000000000     
  1.884000000000000E-002   1.16300000000000     
  1.886000000000000E-002   1.16300000000000     
  1.888000000000000E-002   1.16300000000000     
  1.890000000000000E-002   1.16300000000000     
  1.892000000000000E-002   1.16300000000000     
  1.894000000000000E-002   1.16300000000000     
  1.896000000000000E-002   1.16300000000000     
  1.898000000000000E-002   1.16300000000000     
  1.900000000000000E-002   1.16300000000000     
  1.902000000000000E-002   1.16300000000000     
  1.904000000000000E-002   1.16300000000000     
  1.906000000000000E-002   1.16300000000000     
  1.908000000000000E-002   1.16300000000000     
  1.910000000000000E-002   1.16300000000000     
  1.912000000000000E-002   1.16300000000000     
  1.914000000000000E-002   1.16300000000000     
  1.916000000000000E-002   1.16300000000000     
  1.918000000000000E-002   1.16300000000000     
  1.920000000000000E-002   1.16300000000000     
  1.922000000000000E-002   1.16300000000000     
  1.924000000000000E-002   1.16300000000000     
  1.926000000000000E-002   1.16300000000000     
  1.928000000000000E-002   1.16300000000000     
  1.930000000000000E-002   1.16300000000000     
  1.932000000000000E-002   1.16300000000000     
  1.934000000000000E-002   1.16300000000000     
  1.936000000000000E-002   1.16300000000000     
  1.938000000000000E-002   1.16300000000000     
  1.940000000000000E-002   1.16300000000000     
  1.942000000000000E-002   1.16300000000000     
  1.944000000000000E-002   1.16300000000000     
  1.946000000000000E-002   1.16300000000000     
  1.948000000000000E-002   1.16300000000000     
  1.950000000000000E-002   1.16300000000000     
  1.952000000000000E-002   1.16300000000000     
  1.954000000000000E-002   1.16300000000000     
  1.956000000000000E-002   1.16300000000000     
  1.958000000000000E-002   1.16300000000000     
  1.960000000000000E-002   1.16300000000000     
  1.962000000000000E-002   1.16300000000000     
  1.964000000000000E-002   1.16300000000000     
  1.966000000000000E-002   1.16300000000000     
  1.968000000000000E-002   1.16300000000000     
  1.970000000000000E-002   1.16300000000000     
  1.972000000000000E-002   1.16300000000000     
  1.974000000000000E-002   1.16300000000000     
  1.976000000000000E-002   1.16300000000000     
  1.978000000000000E-002   1.16300000000000     
  1.980000000000000E-002   1.16300000000000     
  1.982000000000000E-002   1.16300000000000     
  1.984000000000000E-002   1.16300000000000     
  1.986000000000000E-002   1.16300000000000     
  1.988000000000000E-002   1.16300000000000     
  1.990000000000000E-002   1.16300000000000     
  1.992000000000000E-002   1.16300000000000     
  1.994000000000000E-002   1.16300000000000     
  1.996000000000000E-002   1.16300000000000     
  1.998000000000000E-002   1.16300000000000     
  2.000000000000000E-002   1.16300000000000     
  2.002000000000000E-002   1.16300000000000     
  2.004000000000000E-002   1.16300000000000     
  2.006000000000000E-002   1.16300000000000     
  2.008000000000000E-002   1.16300000000000     
  2.010000000000000E-002   1.16300000000000     
  2.012000000000000E-002   1.16300000000000     
  2.014000000000000E-002   1.16300000000000     
  2.016000000000000E-002   1.16300000000000     
  2.018000000000000E-002   1.16300000000000     
  2.020000000000000E-002   1.16300000000000     
  2.022000000000000E-002   1.16300000000000     
  2.024000000000000E-002   1.16300000000000     
  2.026000000000000E-002   1.16300000000000     
  2.028000000000000E-002   1.16300000000000     
  2.030000000000000E-002   1.16300000000000     
  2.032000000000000E-002   1.16300000000000     
  2.034000000000000E-002   1.16300000000000     
  2.036000000000000E-002   1.16300000000000     
  2.038000000000000E-002   1.16300000000000     
  2.040000000000000E-002   1.16300000000000     
  2.042000000000000E-002   1.16300000000000     
  2.044000000000000E-002   1.16300000000000     
  2.046000000000000E-002   1.16300000000000     
  2.048000000000000E-002   1.16300000000000     
  2.050000000000000E-002   1.16300000000000     
  2.052000000000000E-002   1.16300000000000     
  2.054000000000000E-002   1.16300000000000     
  2.056000000000000E-002   1.16300000000000     
  2.058000000000000E-002   1.16300000000000     
  2.060000000000000E-002   1.16300000000000     
  2.062000000000000E-002   1.16300000000000     
  2.064000000000000E-002   1.16300000000000     
  2.066000000000000E-002   1.16300000000000     
  2.068000000000000E-002   1.16300000000000     
  2.070000000000000E-002   1.16300000000000     
  2.072000000000000E-002   1.16300000000000     
  2.074000000000000E-002   1.16300000000000     
  2.076000000000000E-002   1.16300000000000     
  2.078000000000000E-002   1.16300000000000     
  2.080000000000000E-002   1.16300000000000     
  2.082000000000000E-002   1.16300000000000     
  2.084000000000000E-002   1.16300000000000     
  2.086000000000000E-002   1.16300000000000     
  2.088000000000000E-002   1.16300000000000     
  2.090000000000000E-002   1.16300000000000     
  2.092000000000000E-002   1.16300000000000     
  2.094000000000000E-002   1.16300000000000     
  2.096000000000000E-002   1.16300000000000     
  2.098000000000000E-002   1.16300000000000     
  2.100000000000000E-002   1.16300000000000     
  2.102000000000000E-002   1.16300000000000     
  2.104000000000000E-002   1.16300000000000     
  2.106000000000000E-002   1.16300000000000     
  2.108000000000000E-002   1.16300000000000     
  2.110000000000000E-002   1.16300000000000     
  2.112000000000000E-002   1.16300000000000     
  2.114000000000000E-002   1.16300000000000     
  2.116000000000000E-002   1.16300000000000     
  2.118000000000000E-002   1.16300000000000     
  2.120000000000000E-002   1.16300000000000     
  2.122000000000000E-002   1.16300000000000     
  2.124000000000000E-002   1.16300000000000     
  2.126000000000000E-002   1.16300000000000     
  2.128000000000000E-002   1.16300000000000     
  2.130000000000000E-002   1.16300000000000     
  2.132000000000000E-002   1.16300000000000     
  2.134000000000000E-002   1.16300000000000     
  2.136000000000000E-002   1.16300000000000     
  2.138000000000000E-002   1.16300000000000     
  2.140000000000000E-002   1.16300000000000     
  2.142000000000000E-002   1.16300000000000     
  2.144000000000000E-002   1.16300000000000     
  2.146000000000000E-002   1.16300000000000     
  2.148000000000000E-002   1.16300000000000     
  2.150000000000000E-002   1.16300000000000     
  2.152000000000000E-002   1.16300000000000     
  2.154000000000000E-002   1.16300000000000     
  2.156000000000000E-002   1.16300000000000     
  2.158000000000000E-002   1.16300000000000     
  2.160000000000000E-002   1.16300000000000     
  2.162000000000000E-002   1.16300000000000     
  2.164000000000000E-002   1.16300000000000     
  2.166000000000000E-002   1.16300000000000     
  2.168000000000000E-002   1.16300000000000     
  2.170000000000000E-002   1.16300000000000     
  2.172000000000000E-002   1.16300000000000     
  2.174000000000000E-002   1.16300000000000     
  2.176000000000000E-002   1.16300000000000     
  2.178000000000000E-002   1.16300000000000     
  2.180000000000000E-002   1.16300000000000     
  2.182000000000000E-002   1.16300000000000     
  2.184000000000000E-002   1.16300000000000     
  2.186000000000000E-002   1.16300000000000     
  2.188000000000000E-002   1.16300000000000     
  2.190000000000000E-002   1.16300000000000     
  2.192000000000000E-002   1.16300000000000     
  2.194000000000000E-002   1.16300000000000     
  2.196000000000000E-002   1.16300000000000     
  2.198000000000000E-002   1.16300000000000     
  2.200000000000000E-002   1.16300000000000     
  2.202000000000000E-002   1.16300000000000     
  2.204000000000000E-002   1.16300000000000     
  2.206000000000000E-002   1.16300000000000     
  2.208000000000000E-002   1.16300000000000     
  2.210000000000000E-002   1.16300000000000     
  2.212000000000000E-002   1.16300000000000     
  2.214000000000000E-002   1.16300000000000     
  2.216000000000000E-002   1.16300000000000     
  2.218000000000000E-002   1.16300000000000     
  2.220000000000000E-002   1.16300000000000     
  2.222000000000000E-002   1.16300000000000     
  2.224000000000000E-002   1.16300000000000     
  2.226000000000000E-002   1.16300000000000     
  2.228000000000000E-002   1.16300000000000     
  2.230000000000000E-002   1.16300000000000     
  2.232000000000000E-002   1.16300000000000     
  2.234000000000000E-002   1.16300000000000     
  2.236000000000000E-002   1.16300000000000     
  2.238000000000000E-002   1.16300000000000     
  2.240000000000000E-002   1.16300000000000     
  2.242000000000000E-002   1.16300000000000     
  2.244000000000000E-002   1.16300000000000     
  2.246000000000000E-002   1.16300000000000     
  2.248000000000000E-002   1.16300000000000     
  2.250000000000000E-002   1.16300000000000     
  2.252000000000000E-002   1.16300000000000     
  2.254000000000000E-002   1.16300000000000     
  2.256000000000000E-002   1.16300000000000     
  2.258000000000000E-002   1.16300000000000     
  2.260000000000000E-002   1.16300000000000     
  2.262000000000000E-002   1.16300000000000     
  2.264000000000000E-002   1.16300000000000     
  2.266000000000000E-002   1.16300000000000     
  2.268000000000000E-002   1.16300000000000     
  2.270000000000000E-002   1.16300000000000     
  2.272000000000000E-002   1.16300000000000     
  2.274000000000000E-002   1.16300000000000     
  2.276000000000000E-002   1.16300000000000     
  2.278000000000000E-002   1.16300000000000     
  2.280000000000000E-002   1.16300000000000     
  2.282000000000000E-002   1.16300000000000     
  2.284000000000000E-002   1.16300000000000     
  2.286000000000000E-002   1.16300000000000     
  2.288000000000000E-002   1.16300000000000     
  2.290000000000000E-002   1.16300000000000     
  2.292000000000000E-002   1.16300000000000     
  2.294000000000000E-002   1.16300000000000     
  2.296000000000000E-002   1.16300000000000     
  2.298000000000000E-002   1.16300000000000     
  2.300000000000000E-002   1.16300000000000     
  2.302000000000000E-002   1.16300000000000     
  2.304000000000000E-002   1.16300000000000     
  2.306000000000000E-002   1.16300000000000     
  2.308000000000000E-002   1.16300000000000     
  2.310000000000000E-002   1.16300000000000     
  2.312000000000000E-002   1.16300000000000     
  2.314000000000000E-002   1.16300000000000     
  2.316000000000000E-002   1.16300000000000     
  2.318000000000000E-002   1.16300000000000     
  2.320000000000000E-002   1.16300000000000     
  2.322000000000000E-002   1.16300000000000     
  2.324000000000000E-002   1.16300000000000     
  2.326000000000000E-002   1.16300000000000     
  2.328000000000000E-002   1.16300000000000     
  2.330000000000000E-002   1.16300000000000     
  2.332000000000000E-002   1.16300000000000     
  2.334000000000000E-002   1.16300000000000     
  2.336000000000000E-002   1.16300000000000     
  2.338000000000000E-002   1.16300000000000     
  2.340000000000000E-002   1.16300000000000     
  2.342000000000000E-002   1.16300000000000     
  2.344000000000000E-002   1.16300000000000     
  2.346000000000000E-002   1.16300000000000     
  2.348000000000000E-002   1.16300000000000     
  2.350000000000000E-002   1.16300000000000     
  2.352000000000000E-002   1.16300000000000     
  2.354000000000000E-002   1.16300000000000     
  2.356000000000000E-002   1.16300000000000     
  2.358000000000000E-002   1.16300000000000     
  2.360000000000000E-002   1.16300000000000     
  2.362000000000000E-002   1.16300000000000     
  2.364000000000000E-002   1.16300000000000     
  2.366000000000000E-002   1.16300000000000     
  2.368000000000000E-002   1.16300000000000     
  2.370000000000000E-002   1.16300000000000     
  2.372000000000000E-002   1.16300000000000     
  2.374000000000000E-002   1.16300000000000     
  2.376000000000000E-002   1.16300000000000     
  2.378000000000000E-002   1.16300000000000     
  2.380000000000000E-002   1.16300000000000     
  2.382000000000000E-002   1.16300000000000     
  2.384000000000000E-002   1.16300000000000     
  2.386000000000000E-002   1.16300000000000     
  2.388000000000000E-002   1.16300000000000     
  2.390000000000000E-002   1.16300000000000     
  2.392000000000000E-002   1.16300000000000     
  2.394000000000000E-002   1.16300000000000     
  2.396000000000000E-002   1.16300000000000     
  2.398000000000000E-002   1.16300000000000     
  2.400000000000000E-002   1.16300000000000     
  2.402000000000000E-002   1.16300000000000     
  2.404000000000000E-002   1.16300000000000     
  2.406000000000000E-002   1.16300000000000     
  2.408000000000000E-002   1.16300000000000     
  2.410000000000000E-002   1.16300000000000     
  2.412000000000000E-002   1.16300000000000     
  2.414000000000000E-002   1.16300000000000     
  2.416000000000000E-002   1.16300000000000     
  2.418000000000000E-002   1.16300000000000     
  2.420000000000000E-002   1.16300000000000     
  2.422000000000000E-002   1.16300000000000     
  2.424000000000000E-002   1.16300000000000     
  2.426000000000000E-002   1.16300000000000     
  2.428000000000000E-002   1.16300000000000     
  2.430000000000000E-002   1.16300000000000     
  2.432000000000000E-002   1.16300000000000     
  2.434000000000000E-002   1.16300000000000     
  2.436000000000000E-002   1.16300000000000     
  2.438000000000000E-002   1.16300000000000     
  2.440000000000000E-002   1.16300000000000     
  2.442000000000000E-002   1.16300000000000     
  2.444000000000000E-002   1.16300000000000     
  2.446000000000000E-002   1.16300000000000     
  2.448000000000000E-002   1.16300000000000     
  2.450000000000000E-002   1.16300000000000     
  2.452000000000000E-002   1.16300000000000     
  2.454000000000000E-002   1.16300000000000     
  2.456000000000000E-002   1.16300000000000     
  2.458000000000000E-002   1.16300000000000     
  2.460000000000000E-002   1.16300000000000     
  2.462000000000000E-002   1.16300000000000     
  2.464000000000000E-002   1.16300000000000     
  2.466000000000000E-002   1.16300000000000     
  2.468000000000000E-002   1.16300000000000     
  2.470000000000000E-002   1.16300000000000     
  2.472000000000000E-002   1.16300000000000     
  2.474000000000000E-002   1.16300000000000     
  2.476000000000000E-002   1.16300000000000     
  2.478000000000000E-002   1.16300000000000     
  2.480000000000000E-002   1.16300000000000     
  2.482000000000000E-002   1.16300000000000     
  2.484000000000000E-002   1.16300000000000     
  2.486000000000000E-002   1.16300000000000     
  2.488000000000000E-002   1.16300000000000     
  2.490000000000000E-002   1.16300000000000     
  2.492000000000000E-002   1.16300000000000     
  2.494000000000000E-002   1.16300000000000     
  2.496000000000000E-002   1.16300000000000     
  2.498000000000000E-002   1.16300000000000     
  2.500000000000000E-002   1.16300000000000     
  2.502000000000000E-002   1.16300000000000     
  2.504000000000000E-002   1.16300000000000     
  2.506000000000000E-002   1.16300000000000     
  2.508000000000000E-002   1.16300000000000     
  2.510000000000000E-002   1.16300000000000     
  2.512000000000000E-002   1.16300000000000     
  2.514000000000000E-002   1.16300000000000     
  2.516000000000000E-002   1.16300000000000     
  2.518000000000000E-002   1.16300000000000     
  2.520000000000000E-002   1.16300000000000     
  2.522000000000000E-002   1.16300000000000     
  2.524000000000000E-002   1.16300000000000     
  2.526000000000000E-002   1.16300000000000     
  2.528000000000000E-002   1.16300000000000     
  2.530000000000000E-002   1.16300000000000     
  2.532000000000000E-002   1.16300000000000     
  2.534000000000000E-002   1.16300000000000     
  2.536000000000000E-002   1.16300000000000     
  2.538000000000000E-002   1.16300000000000     
  2.540000000000000E-002   1.16300000000000     
  2.542000000000000E-002   1.16300000000000     
  2.544000000000000E-002   1.16300000000000     
  2.546000000000000E-002   1.16300000000000     
  2.548000000000000E-002   1.16300000000000     
  2.550000000000000E-002   1.16300000000000     
  2.552000000000000E-002   1.16300000000000     
  2.554000000000000E-002   1.16300000000000     
  2.556000000000000E-002   1.16300000000000     
  2.558000000000000E-002   1.16300000000000     
  2.560000000000000E-002   1.16300000000000     
  2.562000000000000E-002   1.16300000000000     
  2.564000000000000E-002   1.16300000000000     
  2.566000000000000E-002   1.16300000000000     
  2.568000000000000E-002   1.16300000000000     
  2.570000000000000E-002   1.16300000000000     
  2.572000000000000E-002   1.16300000000000     
  2.574000000000000E-002   1.16300000000000     
  2.576000000000000E-002   1.16300000000000     
  2.578000000000000E-002   1.16300000000000     
  2.580000000000000E-002   1.16300000000000     
  2.582000000000000E-002   1.16300000000000     
  2.584000000000000E-002   1.16300000000000     
  2.586000000000000E-002   1.16300000000000     
  2.588000000000000E-002   1.16300000000000     
  2.590000000000000E-002   1.16300000000000     
  2.592000000000000E-002   1.16300000000000     
  2.594000000000000E-002   1.16300000000000     
  2.596000000000000E-002   1.16300000000000     
  2.598000000000000E-002   1.16300000000000     
  2.600000000000000E-002   1.16300000000000     
  2.602000000000000E-002   1.16300000000000     
  2.604000000000000E-002   1.16300000000000     
  2.606000000000000E-002   1.16300000000000     
  2.608000000000000E-002   1.16300000000000     
  2.610000000000000E-002   1.16300000000000     
  2.612000000000000E-002   1.16300000000000     
  2.614000000000000E-002   1.16300000000000     
  2.616000000000000E-002   1.16300000000000     
  2.618000000000000E-002   1.16300000000000     
  2.620000000000000E-002   1.16300000000000     
  2.622000000000000E-002   1.16300000000000     
  2.624000000000000E-002   1.16300000000000     
  2.626000000000000E-002   1.16300000000000     
  2.628000000000000E-002   1.16300000000000     
  2.630000000000000E-002   1.16300000000000     
  2.632000000000000E-002   1.16300000000000     
  2.634000000000000E-002   1.16300000000000     
  2.636000000000000E-002   1.16300000000000     
  2.638000000000000E-002   1.16300000000000     
  2.640000000000000E-002   1.16300000000000     
  2.642000000000000E-002   1.16300000000000     
  2.644000000000000E-002   1.16300000000000     
  2.646000000000000E-002   1.16300000000000     
  2.648000000000000E-002   1.16300000000000     
  2.650000000000000E-002   1.16300000000000     
  2.652000000000000E-002   1.16300000000000     
  2.654000000000000E-002   1.16300000000000     
  2.656000000000000E-002   1.16300000000000     
  2.658000000000000E-002   1.16300000000000     
  2.660000000000000E-002   1.16300000000000     
  2.662000000000000E-002   1.16300000000000     
  2.664000000000000E-002   1.16300000000000     
  2.666000000000000E-002   1.16300000000000     
  2.668000000000000E-002   1.16300000000000     
  2.670000000000000E-002   1.16300000000000     
  2.672000000000000E-002   1.16300000000000     
  2.674000000000000E-002   1.16300000000000     
  2.676000000000000E-002   1.16300000000000     
  2.678000000000000E-002   1.16300000000000     
  2.680000000000000E-002   1.16300000000000     
  2.682000000000000E-002   1.16300000000000     
  2.684000000000000E-002   1.16300000000000     
  2.686000000000000E-002   1.16300000000000     
  2.688000000000000E-002   1.16300000000000     
  2.690000000000000E-002   1.16300000000000     
  2.692000000000000E-002   1.16300000000000     
  2.694000000000000E-002   1.16300000000000     
  2.696000000000000E-002   1.16300000000000     
  2.698000000000000E-002   1.16300000000000     
  2.700000000000000E-002   1.16300000000000     
  2.702000000000000E-002   1.16300000000000     
  2.704000000000000E-002   1.16300000000000     
  2.706000000000000E-002   1.16300000000000     
  2.708000000000000E-002   1.16300000000000     
  2.710000000000000E-002   1.16300000000000     
  2.712000000000000E-002   1.16300000000000     
  2.714000000000000E-002   1.16300000000000     
  2.716000000000000E-002   1.16300000000000     
  2.718000000000000E-002   1.16300000000000     
  2.720000000000000E-002   1.16300000000000     
  2.722000000000000E-002   1.16300000000000     
  2.724000000000000E-002   1.16300000000000     
  2.726000000000000E-002   1.16300000000000     
  2.728000000000000E-002   1.16300000000000     
  2.730000000000000E-002   1.16300000000000     
  2.732000000000000E-002   1.16300000000000     
  2.734000000000000E-002   1.16300000000000     
  2.736000000000000E-002   1.16300000000000     
  2.738000000000000E-002   1.16300000000000     
  2.740000000000000E-002   1.16300000000000     
  2.742000000000000E-002   1.16300000000000     
  2.744000000000000E-002   1.16300000000000     
  2.746000000000000E-002   1.16300000000000     
  2.748000000000000E-002   1.16300000000000     
  2.750000000000000E-002   1.16300000000000     
  2.752000000000000E-002   1.16300000000000     
  2.754000000000000E-002   1.16300000000000     
  2.756000000000000E-002   1.16300000000000     
  2.758000000000000E-002   1.16300000000000     
  2.760000000000000E-002   1.16300000000000     
  2.762000000000000E-002   1.16300000000000     
  2.764000000000000E-002   1.16300000000000     
  2.766000000000000E-002   1.16300000000000     
  2.768000000000000E-002   1.16300000000000     
  2.770000000000000E-002   1.16300000000000     
  2.772000000000000E-002   1.16300000000000     
  2.774000000000000E-002   1.16300000000000     
  2.776000000000000E-002   1.16300000000000     
  2.778000000000000E-002   1.16300000000000     
  2.780000000000000E-002   1.16300000000000     
  2.782000000000000E-002   1.16300000000000     
  2.784000000000000E-002   1.16300000000000     
  2.786000000000000E-002   1.16300000000000     
  2.788000000000000E-002   1.16300000000000     
  2.790000000000000E-002   1.16300000000000     
  2.792000000000000E-002   1.16300000000000     
  2.794000000000000E-002   1.16300000000000     
  2.796000000000000E-002   1.16300000000000     
  2.798000000000000E-002   1.16300000000000     
  2.800000000000000E-002   1.16300000000000     
  2.802000000000000E-002   1.16300000000000     
  2.804000000000000E-002   1.16300000000000     
  2.806000000000000E-002   1.16300000000000     
  2.808000000000000E-002   1.16300000000000     
  2.810000000000000E-002   1.16300000000000     
  2.812000000000000E-002   1.16300000000000     
  2.814000000000000E-002   1.16300000000000     
  2.816000000000000E-002   1.16300000000000     
  2.818000000000000E-002   1.16300000000000     
  2.820000000000000E-002   1.16300000000000     
  2.822000000000000E-002   1.16300000000000     
  2.824000000000000E-002   1.16300000000000     
  2.826000000000000E-002   1.16300000000000     
  2.828000000000000E-002   1.16300000000000     
  2.830000000000000E-002   1.16300000000000     
  2.832000000000000E-002   1.16300000000000     
  2.834000000000000E-002   1.16300000000000     
  2.836000000000000E-002   1.16300000000000     
  2.838000000000000E-002   1.16300000000000     
  2.840000000000000E-002   1.16300000000000     
  2.842000000000000E-002   1.16300000000000     
  2.844000000000000E-002   1.16300000000000     
  2.846000000000000E-002   1.16300000000000     
  2.848000000000000E-002   1.16300000000000     
  2.850000000000000E-002   1.16300000000000     
  2.852000000000000E-002   1.16300000000000     
  2.854000000000000E-002   1.16300000000000     
  2.856000000000000E-002   1.16300000000000     
  2.858000000000000E-002   1.16300000000000     
  2.860000000000000E-002   1.16300000000000     
  2.862000000000000E-002   1.16300000000000     
  2.864000000000000E-002   1.16300000000000     
  2.866000000000000E-002   1.16300000000000     
  2.868000000000000E-002   1.16300000000000     
  2.870000000000000E-002   1.16300000000000     
  2.872000000000000E-002   1.16300000000000     
  2.874000000000000E-002   1.16300000000000     
  2.876000000000000E-002   1.16300000000000     
  2.878000000000000E-002   1.16300000000000     
  2.880000000000000E-002   1.16300000000000     
  2.882000000000000E-002   1.16300000000000     
  2.884000000000000E-002   1.16300000000000     
  2.886000000000000E-002   1.16300000000000     
  2.888000000000000E-002   1.16300000000000     
  2.890000000000000E-002   1.16300000000000     
  2.892000000000000E-002   1.16300000000000     
  2.894000000000000E-002   1.16300000000000     
  2.896000000000000E-002   1.16300000000000     
  2.898000000000000E-002   1.16300000000000     
  2.900000000000000E-002   1.16300000000000     
  2.902000000000000E-002   1.16300000000000     
  2.904000000000000E-002   1.16300000000000     
  2.906000000000000E-002   1.16300000000000     
  2.908000000000000E-002   1.16300000000000     
  2.910000000000000E-002   1.16300000000000     
  2.912000000000000E-002   1.16300000000000     
  2.914000000000000E-002   1.16300000000000     
  2.916000000000000E-002   1.16300000000000     
  2.918000000000000E-002   1.16300000000000     
  2.920000000000000E-002   1.16300000000000     
  2.922000000000000E-002   1.16300000000000     
  2.924000000000000E-002   1.16300000000000     
  2.926000000000000E-002   1.16300000000000     
  2.928000000000000E-002   1.16300000000000     
  2.930000000000000E-002   1.16300000000000     
  2.932000000000000E-002   1.16300000000000     
  2.934000000000000E-002   1.16300000000000     
  2.936000000000000E-002   1.16300000000000     
  2.938000000000000E-002   1.16300000000000     
  2.940000000000000E-002   1.16300000000000     
  2.942000000000000E-002   1.16300000000000     
  2.944000000000000E-002   1.16300000000000     
  2.946000000000000E-002   1.16300000000000     
  2.948000000000000E-002   1.16300000000000     
  2.950000000000000E-002   1.16300000000000     
  2.952000000000000E-002   1.16300000000000     
  2.954000000000000E-002   1.16300000000000     
  2.956000000000000E-002   1.16300000000000     
  2.958000000000000E-002   1.16300000000000     
  2.960000000000000E-002   1.16300000000000     
  2.962000000000000E-002   1.16300000000000     
  2.964000000000000E-002   1.16300000000000     
  2.966000000000000E-002   1.16300000000000     
  2.968000000000000E-002   1.16300000000000     
  2.970000000000000E-002   1.16300000000000     
  2.972000000000000E-002   1.16300000000000     
  2.974000000000000E-002   1.16300000000000     
  2.976000000000000E-002   1.16300000000000     
  2.978000000000000E-002   1.16300000000000     
  2.980000000000000E-002   1.16300000000000     
  2.982000000000000E-002   1.16300000000000     
  2.984000000000000E-002   1.16300000000000     
  2.986000000000000E-002   1.16300000000000     
  2.988000000000000E-002   1.16300000000000     
  2.990000000000000E-002   1.16300000000000     
  2.992000000000000E-002   1.16300000000000     
  2.994000000000000E-002   1.16300000000000     
  2.996000000000000E-002   1.16300000000000     
  2.998000000000000E-002   1.16300000000000     
  3.000000000000000E-002   1.16300000000000     
  3.002000000000000E-002   1.16300000000000     
  3.004000000000000E-002   1.16300000000000     
  3.006000000000000E-002   1.16300000000000     
  3.008000000000000E-002   1.16300000000000     
  3.010000000000000E-002   1.16300000000000     
  3.012000000000000E-002   1.16300000000000     
  3.014000000000000E-002   1.16300000000000     
  3.016000000000000E-002   1.16300000000000     
  3.018000000000000E-002   1.16300000000000     
  3.020000000000000E-002   1.16300000000000     
  3.022000000000000E-002   1.16300000000000     
  3.024000000000000E-002   1.16300000000000     
  3.026000000000000E-002   1.16300000000000     
  3.028000000000000E-002   1.16300000000000     
  3.030000000000000E-002   1.16300000000000     
  3.032000000000000E-002   1.16300000000000     
  3.034000000000000E-002   1.16300000000000     
  3.036000000000000E-002   1.16300000000000     
  3.038000000000000E-002   1.16300000000000     
  3.040000000000000E-002   1.16300000000000     
  3.042000000000000E-002   1.16300000000000     
  3.044000000000000E-002   1.16300000000000     
  3.046000000000000E-002   1.16300000000000     
  3.048000000000000E-002   1.16300000000000     
  3.050000000000000E-002   1.16300000000000     
  3.052000000000000E-002   1.16300000000000     
  3.054000000000000E-002   1.16300000000000     
  3.056000000000000E-002   1.16300000000000     
  3.058000000000000E-002   1.16300000000000     
  3.060000000000000E-002   1.16300000000000     
  3.062000000000000E-002   1.16300000000000     
  3.064000000000000E-002   1.16300000000000     
  3.066000000000000E-002   1.16300000000000     
  3.068000000000000E-002   1.16300000000000     
  3.070000000000000E-002   1.16300000000000     
  3.072000000000000E-002   1.16300000000000     
  3.074000000000000E-002   1.16300000000000     
  3.076000000000000E-002   1.16300000000000     
  3.078000000000000E-002   1.16300000000000     
  3.080000000000000E-002   1.16300000000000     
  3.082000000000000E-002   1.16300000000000     
  3.084000000000000E-002   1.16300000000000     
  3.086000000000000E-002   1.16300000000000     
  3.088000000000000E-002   1.16300000000000     
  3.090000000000000E-002   1.16300000000000     
  3.092000000000000E-002   1.16300000000000     
  3.094000000000000E-002   1.16300000000000     
  3.096000000000000E-002   1.16300000000000     
  3.098000000000000E-002   1.16300000000000     
  3.100000000000000E-002   1.16300000000000     
  3.102000000000000E-002   1.16300000000000     
  3.104000000000000E-002   1.16300000000000     
  3.106000000000000E-002   1.16300000000000     
  3.108000000000000E-002   1.16300000000000     
  3.110000000000000E-002   1.16300000000000     
  3.112000000000000E-002   1.16300000000000     
  3.114000000000000E-002   1.16300000000000     
  3.116000000000000E-002   1.16300000000000     
  3.118000000000000E-002   1.16300000000000     
  3.120000000000000E-002   1.16300000000000     
  3.122000000000000E-002   1.16300000000000     
  3.124000000000000E-002   1.16300000000000     
  3.126000000000000E-002   1.16300000000000     
  3.128000000000000E-002   1.16300000000000     
  3.130000000000000E-002   1.16300000000000     
  3.132000000000000E-002   1.16300000000000     
  3.134000000000000E-002   1.16300000000000     
  3.136000000000001E-002   1.16300000000000     
  3.138000000000001E-002   1.16300000000000     
  3.140000000000000E-002   1.16300000000000     
  3.142000000000000E-002   1.16300000000000     
  3.144000000000000E-002   1.16300000000000     
  3.146000000000000E-002   1.16300000000000     
  3.148000000000000E-002   1.16300000000000     
  3.150000000000000E-002   1.16300000000000     
  3.152000000000000E-002   1.16300000000000     
  3.154000000000001E-002   1.16300000000000     
  3.156000000000000E-002   1.16300000000000     
  3.158000000000000E-002   1.16300000000000     
  3.160000000000000E-002   1.16300000000000     
  3.162000000000000E-002   1.16300000000000     
  3.164000000000000E-002   1.16300000000000     
  3.166000000000000E-002   1.16300000000000     
  3.168000000000000E-002   1.16300000000000     
  3.170000000000001E-002   1.16300000000000     
  3.172000000000001E-002   1.16300000000000     
  3.174000000000000E-002   1.16300000000000     
  3.176000000000000E-002   1.16300000000000     
  3.178000000000000E-002   1.16300000000000     
  3.180000000000000E-002   1.16300000000000     
  3.182000000000000E-002   1.16300000000000     
  3.184000000000000E-002   1.16300000000000     
  3.186000000000000E-002   1.16300000000000     
  3.188000000000001E-002   1.16300000000000     
  3.190000000000000E-002   1.16300000000000     
  3.192000000000000E-002   1.16300000000000     
  3.194000000000000E-002   1.16300000000000     
  3.196000000000000E-002   1.16300000000000     
  3.198000000000000E-002   1.16300000000000     
  3.200000000000000E-002   1.16300000000000     
  3.202000000000000E-002   1.16300000000000     
  3.204000000000001E-002   1.16300000000000     
  3.206000000000001E-002   1.16300000000000     
  3.208000000000000E-002   1.16300000000000     
  3.210000000000000E-002   1.16300000000000     
  3.212000000000000E-002   1.16300000000000     
  3.214000000000000E-002   1.16300000000000     
  3.216000000000000E-002   1.16300000000000     
  3.218000000000000E-002   1.16300000000000     
  3.220000000000000E-002   1.16300000000000     
  3.222000000000001E-002   1.16300000000000     
  3.224000000000000E-002   1.16300000000000     
  3.226000000000000E-002   1.16300000000000     
  3.228000000000000E-002   1.16300000000000     
  3.230000000000000E-002   1.16300000000000     
  3.232000000000000E-002   1.16300000000000     
  3.234000000000000E-002   1.16300000000000     
  3.236000000000000E-002   1.16300000000000     
  3.238000000000001E-002   1.16300000000000     
  3.240000000000001E-002   1.16300000000000     
  3.242000000000000E-002   1.16300000000000     
  3.244000000000000E-002   1.16300000000000     
  3.246000000000000E-002   1.16300000000000     
  3.248000000000000E-002   1.16300000000000     
  3.250000000000000E-002   1.16300000000000     
  3.252000000000000E-002   1.16300000000000     
  3.254000000000000E-002   1.16300000000000     
  3.256000000000001E-002   1.16300000000000     
  3.258000000000000E-002   1.16300000000000     
  3.260000000000000E-002   1.16300000000000     
  3.262000000000000E-002   1.16300000000000     
  3.264000000000000E-002   1.16300000000000     
  3.266000000000000E-002   1.16300000000000     
  3.268000000000000E-002   1.16300000000000     
  3.270000000000000E-002   1.16300000000000     
  3.272000000000001E-002   1.16300000000000     
  3.274000000000001E-002   1.16300000000000     
  3.276000000000000E-002   1.16300000000000     
  3.278000000000000E-002   1.16300000000000     
  3.280000000000000E-002   1.16300000000000     
  3.282000000000000E-002   1.16300000000000     
  3.284000000000000E-002   1.16300000000000     
  3.286000000000000E-002   1.16300000000000     
  3.288000000000000E-002   1.16300000000000     
  3.290000000000001E-002   1.16300000000000     
  3.292000000000000E-002   1.16300000000000     
  3.294000000000000E-002   1.16300000000000     
  3.296000000000000E-002   1.16300000000000     
  3.298000000000000E-002   1.16300000000000     
  3.300000000000000E-002   1.16300000000000     
  3.302000000000000E-002   1.16300000000000     
  3.304000000000000E-002   1.16300000000000     
  3.306000000000001E-002   1.16300000000000     
  3.308000000000001E-002   1.16300000000000     
  3.310000000000000E-002   1.16300000000000     
  3.312000000000000E-002   1.16300000000000     
  3.314000000000000E-002   1.16300000000000     
  3.316000000000000E-002   1.16300000000000     
  3.318000000000000E-002   1.16300000000000     
  3.320000000000000E-002   1.16300000000000     
  3.322000000000000E-002   1.16300000000000     
  3.324000000000001E-002   1.16300000000000     
  3.326000000000000E-002   1.16300000000000     
  3.328000000000000E-002   1.16300000000000     
  3.330000000000000E-002   1.16300000000000     
  3.332000000000000E-002   1.16300000000000     
  3.334000000000000E-002   1.16300000000000     
  3.336000000000000E-002   1.16300000000000     
  3.338000000000000E-002   1.16300000000000     
  3.340000000000001E-002   1.16300000000000     
  3.342000000000001E-002   1.16300000000000     
  3.344000000000000E-002   1.16300000000000     
  3.346000000000000E-002   1.16300000000000     
  3.348000000000000E-002   1.16300000000000     
  3.350000000000000E-002   1.16300000000000     
  3.352000000000000E-002   1.16300000000000     
  3.354000000000000E-002   1.16300000000000     
  3.356000000000000E-002   1.16300000000000     
  3.358000000000001E-002   1.16300000000000     
  3.360000000000000E-002   1.16300000000000     
  3.362000000000000E-002   1.16300000000000     
  3.364000000000000E-002   1.16300000000000     
  3.366000000000000E-002   1.16300000000000     
  3.368000000000000E-002   1.16300000000000     
  3.370000000000000E-002   1.16300000000000     
  3.372000000000000E-002   1.16300000000000     
  3.374000000000001E-002   1.16300000000000     
  3.376000000000001E-002   1.16300000000000     
  3.378000000000000E-002   1.16300000000000     
  3.380000000000000E-002   1.16300000000000     
  3.382000000000000E-002   1.16300000000000     
  3.384000000000000E-002   1.16300000000000     
  3.386000000000000E-002   1.16300000000000     
  3.388000000000000E-002   1.16300000000000     
  3.390000000000000E-002   1.16300000000000     
  3.392000000000001E-002   1.16300000000000     
  3.394000000000000E-002   1.16300000000000     
  3.396000000000000E-002   1.16300000000000     
  3.398000000000000E-002   1.16300000000000     
  3.400000000000000E-002   1.16300000000000     
  3.402000000000000E-002   1.16300000000000     
  3.404000000000000E-002   1.16300000000000     
  3.406000000000000E-002   1.16300000000000     
  3.408000000000001E-002   1.16300000000000     
  3.410000000000001E-002   1.16300000000000     
  3.412000000000000E-002   1.16300000000000     
  3.414000000000000E-002   1.16300000000000     
  3.416000000000000E-002   1.16300000000000     
  3.418000000000000E-002   1.16300000000000     
  3.420000000000000E-002   1.16300000000000     
  3.422000000000000E-002   1.16300000000000     
  3.424000000000000E-002   1.16300000000000     
  3.426000000000001E-002   1.16300000000000     
  3.428000000000000E-002   1.16300000000000     
  3.430000000000000E-002   1.16300000000000     
  3.432000000000000E-002   1.16300000000000     
  3.434000000000000E-002   1.16300000000000     
  3.436000000000000E-002   1.16300000000000     
  3.438000000000000E-002   1.16300000000000     
  3.440000000000000E-002   1.16300000000000     
  3.442000000000001E-002   1.16300000000000     
  3.444000000000001E-002   1.16300000000000     
  3.446000000000000E-002   1.16300000000000     
  3.448000000000000E-002   1.16300000000000     
  3.450000000000000E-002   1.16300000000000     
  3.452000000000000E-002   1.16300000000000     
  3.454000000000000E-002   1.16300000000000     
  3.456000000000000E-002   1.16300000000000     
  3.458000000000000E-002   1.16300000000000     
  3.460000000000001E-002   1.16300000000000     
  3.462000000000000E-002   1.16300000000000     
  3.464000000000000E-002   1.16300000000000     
  3.466000000000000E-002   1.16300000000000     
  3.468000000000000E-002   1.16300000000000     
  3.470000000000000E-002   1.16300000000000     
  3.472000000000000E-002   1.16300000000000     
  3.474000000000000E-002   1.16300000000000     
  3.476000000000001E-002   1.16300000000000     
  3.478000000000001E-002   1.16300000000000     
  3.480000000000000E-002   1.16300000000000     
  3.482000000000000E-002   1.16300000000000     
  3.484000000000000E-002   1.16300000000000     
  3.486000000000000E-002   1.16300000000000     
  3.488000000000000E-002   1.16300000000000     
  3.490000000000000E-002   1.16300000000000     
  3.492000000000000E-002   1.16300000000000     
  3.494000000000001E-002   1.16300000000000     
  3.496000000000000E-002   1.16300000000000     
  3.498000000000000E-002   1.16300000000000     
  3.500000000000000E-002   1.16300000000000     
  3.502000000000000E-002   1.16300000000000     
  3.504000000000000E-002   1.16300000000000     
  3.506000000000000E-002   1.16300000000000     
  3.508000000000000E-002   1.16300000000000     
  3.510000000000001E-002   1.16300000000000     
  3.512000000000001E-002   1.16300000000000     
  3.514000000000000E-002   1.16300000000000     
  3.516000000000000E-002   1.16300000000000     
  3.518000000000000E-002   1.16300000000000     
  3.520000000000000E-002   1.16300000000000     
  3.522000000000000E-002   1.16300000000000     
  3.524000000000000E-002   1.16300000000000     
  3.526000000000000E-002   1.16300000000000     
  3.528000000000001E-002   1.16300000000000     
  3.530000000000000E-002   1.16300000000000     
  3.532000000000000E-002   1.16300000000000     
  3.534000000000000E-002   1.16300000000000     
  3.536000000000000E-002   1.16300000000000     
  3.538000000000000E-002   1.16300000000000     
  3.540000000000000E-002   1.16300000000000     
  3.542000000000000E-002   1.16300000000000     
  3.544000000000001E-002   1.16300000000000     
  3.546000000000001E-002   1.16300000000000     
  3.548000000000000E-002   1.16300000000000     
  3.550000000000000E-002   1.16300000000000     
  3.552000000000000E-002   1.16300000000000     
  3.554000000000000E-002   1.16300000000000     
  3.556000000000000E-002   1.16300000000000     
  3.558000000000000E-002   1.16300000000000     
  3.560000000000000E-002   1.16300000000000     
  3.562000000000001E-002   1.16300000000000     
  3.564000000000001E-002   1.16300000000000     
  3.566000000000000E-002   1.16300000000000     
  3.568000000000000E-002   1.16300000000000     
  3.570000000000000E-002   1.16300000000000     
  3.572000000000000E-002   1.16300000000000     
  3.574000000000000E-002   1.16300000000000     
  3.576000000000000E-002   1.16300000000000     
  3.578000000000001E-002   1.16300000000000     
  3.580000000000001E-002   1.16300000000000     
  3.582000000000000E-002   1.16300000000000     
  3.584000000000000E-002   1.16300000000000     
  3.586000000000000E-002   1.16300000000000     
  3.588000000000000E-002   1.16300000000000     
  3.590000000000000E-002   1.16300000000000     
  3.592000000000000E-002   1.16300000000000     
  3.594000000000000E-002   1.16300000000000     
  3.596000000000001E-002   1.16300000000000     
  3.598000000000001E-002   1.16300000000000     
  3.600000000000000E-002   1.16300000000000     
  3.602000000000000E-002   1.16300000000000     
  3.604000000000000E-002   1.16300000000000     
  3.606000000000000E-002   1.16300000000000     
  3.608000000000000E-002   1.16300000000000     
  3.610000000000000E-002   1.16300000000000     
  3.612000000000001E-002   1.16300000000000     
  3.614000000000001E-002   1.16300000000000     
  3.616000000000000E-002   1.16300000000000     
  3.618000000000000E-002   1.16300000000000     
  3.620000000000000E-002   1.16300000000000     
  3.622000000000000E-002   1.16300000000000     
  3.624000000000000E-002   1.16300000000000     
  3.626000000000000E-002   1.16300000000000     
  3.628000000000000E-002   1.16300000000000     
  3.630000000000001E-002   1.16300000000000     
  3.632000000000001E-002   1.16300000000000     
  3.634000000000000E-002   1.16300000000000     
  3.636000000000000E-002   1.16300000000000     
  3.638000000000000E-002   1.16300000000000     
  3.640000000000000E-002   1.16300000000000     
  3.642000000000000E-002   1.16300000000000     
  3.644000000000000E-002   1.16300000000000     
  3.646000000000001E-002   1.16300000000000     
  3.648000000000001E-002   1.16300000000000     
  3.650000000000000E-002   1.16300000000000     
  3.652000000000000E-002   1.16300000000000     
  3.654000000000000E-002   1.16300000000000     
  3.656000000000000E-002   1.16300000000000     
  3.658000000000000E-002   1.16300000000000     
  3.660000000000000E-002   1.16300000000000     
  3.662000000000000E-002   1.16300000000000     
  3.664000000000001E-002   1.16300000000000     
  3.666000000000001E-002   1.16300000000000     
  3.668000000000000E-002   1.16300000000000     
  3.670000000000000E-002   1.16300000000000     
  3.672000000000000E-002   1.16300000000000     
  3.674000000000000E-002   1.16300000000000     
  3.676000000000000E-002   1.16300000000000     
  3.678000000000000E-002   1.16300000000000     
  3.680000000000001E-002   1.16300000000000     
  3.682000000000001E-002   1.16300000000000     
  3.684000000000000E-002   1.16300000000000     
  3.686000000000000E-002   1.16300000000000     
  3.688000000000000E-002   1.16300000000000     
  3.690000000000000E-002   1.16300000000000     
  3.692000000000000E-002   1.16300000000000     
  3.694000000000000E-002   1.16300000000000     
  3.696000000000000E-002   1.16300000000000     
  3.698000000000001E-002   1.16300000000000     
  3.700000000000001E-002   1.16300000000000     
  3.702000000000000E-002   1.16300000000000     
  3.704000000000000E-002   1.16300000000000     
  3.706000000000000E-002   1.16300000000000     
  3.708000000000000E-002   1.16300000000000     
  3.710000000000000E-002   1.16300000000000     
  3.712000000000000E-002   1.16300000000000     
  3.714000000000001E-002   1.16300000000000     
  3.716000000000001E-002   1.16300000000000     
  3.718000000000000E-002   1.16300000000000     
  3.720000000000000E-002   1.16300000000000     
  3.722000000000000E-002   1.16300000000000     
  3.724000000000000E-002   1.16300000000000     
  3.726000000000000E-002   1.16300000000000     
  3.728000000000000E-002   1.16300000000000     
  3.730000000000000E-002   1.16300000000000     
  3.732000000000001E-002   1.16300000000000     
  3.734000000000001E-002   1.16300000000000     
  3.736000000000000E-002   1.16300000000000     
  3.738000000000000E-002   1.16300000000000     
  3.740000000000000E-002   1.16300000000000     
  3.742000000000000E-002   1.16300000000000     
  3.744000000000000E-002   1.16300000000000     
  3.746000000000000E-002   1.16300000000000     
  3.748000000000001E-002   1.16300000000000     
  3.750000000000001E-002   1.16300000000000     
  3.752000000000000E-002   1.16300000000000     
  3.754000000000000E-002   1.16300000000000     
  3.756000000000000E-002   1.16300000000000     
  3.758000000000000E-002   1.16300000000000     
  3.760000000000000E-002   1.16300000000000     
  3.762000000000000E-002   1.16300000000000     
  3.764000000000000E-002   1.16300000000000     
  3.766000000000001E-002   1.16300000000000     
  3.768000000000001E-002   1.16300000000000     
  3.770000000000000E-002   1.16300000000000     
  3.772000000000000E-002   1.16300000000000     
  3.774000000000000E-002   1.16300000000000     
  3.776000000000000E-002   1.16300000000000     
  3.778000000000000E-002   1.16300000000000     
  3.780000000000000E-002   1.16300000000000     
  3.782000000000001E-002   1.16300000000000     
  3.784000000000001E-002   1.16300000000000     
  3.786000000000000E-002   1.16300000000000     
  3.788000000000000E-002   1.16300000000000     
  3.790000000000000E-002   1.16300000000000     
  3.792000000000000E-002   1.16300000000000     
  3.794000000000000E-002   1.16300000000000     
  3.796000000000000E-002   1.16300000000000     
  3.798000000000000E-002   1.16300000000000     
  3.800000000000001E-002   1.16300000000000     
  3.802000000000001E-002   1.16300000000000     
  3.804000000000000E-002   1.16300000000000     
  3.806000000000000E-002   1.16300000000000     
  3.808000000000000E-002   1.16300000000000     
  3.810000000000000E-002   1.16300000000000     
  3.812000000000000E-002   1.16300000000000     
  3.814000000000000E-002   1.16300000000000     
  3.816000000000001E-002   1.16300000000000     
  3.818000000000001E-002   1.16300000000000     
  3.820000000000000E-002   1.16300000000000     
  3.822000000000000E-002   1.16300000000000     
  3.824000000000000E-002   1.16300000000000     
  3.826000000000000E-002   1.16300000000000     
  3.828000000000000E-002   1.16300000000000     
  3.830000000000000E-002   1.16300000000000     
  3.832000000000000E-002   1.16300000000000     
  3.834000000000001E-002   1.16300000000000     
  3.836000000000001E-002   1.16300000000000     
  3.838000000000000E-002   1.16300000000000     
  3.840000000000000E-002   1.16300000000000     
  3.842000000000000E-002   1.16300000000000     
  3.844000000000000E-002   1.16300000000000     
  3.846000000000000E-002   1.16300000000000     
  3.848000000000000E-002   1.16300000000000     
  3.850000000000001E-002   1.16300000000000     
  3.852000000000001E-002   1.16300000000000     
  3.854000000000000E-002   1.16300000000000     
  3.856000000000000E-002   1.16300000000000     
  3.858000000000000E-002   1.16300000000000     
  3.860000000000000E-002   1.16300000000000     
  3.862000000000000E-002   1.16300000000000     
  3.864000000000000E-002   1.16300000000000     
  3.866000000000000E-002   1.16300000000000     
  3.868000000000001E-002   1.16300000000000     
  3.870000000000001E-002   1.16300000000000     
  3.872000000000000E-002   1.16300000000000     
  3.874000000000000E-002   1.16300000000000     
  3.876000000000000E-002   1.16300000000000     
  3.878000000000000E-002   1.16300000000000     
  3.880000000000000E-002   1.16300000000000     
  3.882000000000000E-002   1.16300000000000     
  3.884000000000001E-002   1.16300000000000     
  3.886000000000001E-002   1.16300000000000     
  3.888000000000000E-002   1.16300000000000     
  3.890000000000000E-002   1.16300000000000     
  3.892000000000000E-002   1.16300000000000     
  3.894000000000000E-002   1.16300000000000     
  3.896000000000000E-002   1.16300000000000     
  3.898000000000000E-002   1.16300000000000     
  3.900000000000000E-002   1.16300000000000     
  3.902000000000001E-002   1.16300000000000     
  3.904000000000001E-002   1.16300000000000     
  3.906000000000000E-002   1.16300000000000     
  3.908000000000000E-002   1.16300000000000     
  3.910000000000000E-002   1.16300000000000     
  3.912000000000000E-002   1.16300000000000     
  3.914000000000000E-002   1.16300000000000     
  3.916000000000000E-002   1.16300000000000     
  3.918000000000001E-002   1.16300000000000     
  3.920000000000001E-002   1.16300000000000     
  3.922000000000000E-002   1.16300000000000     
  3.924000000000000E-002   1.16300000000000     
  3.926000000000000E-002   1.16300000000000     
  3.928000000000000E-002   1.16300000000000     
  3.930000000000000E-002   1.16300000000000     
  3.932000000000000E-002   1.16300000000000     
  3.934000000000000E-002   1.16300000000000     
  3.936000000000001E-002   1.16300000000000     
  3.938000000000001E-002   1.16300000000000     
  3.940000000000000E-002   1.16300000000000     
  3.942000000000000E-002   1.16300000000000     
  3.944000000000000E-002   1.16300000000000     
  3.946000000000000E-002   1.16300000000000     
  3.948000000000000E-002   1.16300000000000     
  3.950000000000000E-002   1.16300000000000     
  3.952000000000001E-002   1.16300000000000     
  3.954000000000001E-002   1.16300000000000     
  3.956000000000000E-002   1.16300000000000     
  3.958000000000000E-002   1.16300000000000     
  3.960000000000000E-002   1.16300000000000     
  3.962000000000000E-002   1.16300000000000     
  3.964000000000000E-002   1.16300000000000     
  3.966000000000000E-002   1.16300000000000     
  3.968000000000000E-002   1.16300000000000     
  3.970000000000001E-002   1.16300000000000     
  3.972000000000001E-002   1.16300000000000     
  3.974000000000000E-002   1.16300000000000     
  3.976000000000000E-002   1.16300000000000     
  3.978000000000000E-002   1.16300000000000     
  3.980000000000000E-002   1.16300000000000     
  3.982000000000000E-002   1.16300000000000     
  3.984000000000000E-002   1.16300000000000     
  3.986000000000001E-002   1.16300000000000     
  3.988000000000001E-002   1.16300000000000     
  3.990000000000000E-002   1.16300000000000     
  3.992000000000000E-002   1.16300000000000     
  3.994000000000000E-002   1.16300000000000     
  3.996000000000000E-002   1.16300000000000     
  3.998000000000000E-002   1.16300000000000     
  4.000000000000000E-002   1.16299860394384     
