  0.000000000000000E+000  6.118102317530011E-012
  2.000000000000000E-005  6.119660288632134E-012
  4.000000000000000E-005  6.119566949397049E-012
  6.000000000000001E-005  6.119515928811073E-012
  8.000000000000001E-005  6.119467542570897E-012
  1.000000000000000E-004  6.119419525437435E-012
  1.200000000000000E-004  6.119370710510915E-012
  1.400000000000000E-004  6.119318539250356E-012
  1.600000000000000E-004  6.119261676346430E-012
  1.800000000000000E-004  6.119210400024152E-012
  2.000000000000000E-004  6.119171021642985E-012
  2.200000000000000E-004  6.119146840660229E-012
  2.400000000000000E-004  6.119138107904745E-012
  2.600000000000000E-004  6.119141185358869E-012
  2.800000000000000E-004  6.119150883607085E-012
  3.000000000000000E-004  6.119168442592205E-012
  3.200000000000000E-004  6.119196123496704E-012
  3.400000000000000E-004  6.119235746392828E-012
  3.600000000000000E-004  6.119290129533192E-012
  3.800000000000000E-004  6.119364879189006E-012
  4.000000000000000E-004  6.119466275610590E-012
  4.200000000000000E-004  6.119601129299513E-012
  4.400000000000000E-004  6.119775663995543E-012
  4.600000000000000E-004  6.119996561616053E-012
  4.800000000000001E-004  6.120270696219350E-012
  5.000000000000000E-004  6.120605096926062E-012
  5.200000000000001E-004  6.121040036521449E-012
  5.400000000000000E-004  6.121586858177692E-012
  5.600000000000001E-004  6.122225431063092E-012
  5.800000000000000E-004  6.122965705072153E-012
  6.000000000000001E-004  6.123822174612179E-012
  6.200000000000000E-004  6.124814874606403E-012
  6.400000000000001E-004  6.125969610677182E-012
  6.600000000000001E-004  6.127314042749434E-012
  6.800000000000000E-004  6.128872636146492E-012
  7.000000000000001E-004  6.130663051294570E-012
  7.200000000000000E-004  6.132694275330445E-012
  7.400000000000001E-004  6.134966408402548E-012
  7.600000000000000E-004  6.137471803396638E-012
  7.800000000000001E-004  6.140196836730629E-012
  8.000000000000000E-004  6.143123723388205E-012
  8.200000000000001E-004  6.146232670032825E-012
  8.400000000000000E-004  6.149503216674414E-012
  8.600000000000001E-004  6.152915153828083E-012
  8.800000000000000E-004  6.156448903200012E-012
  9.000000000000001E-004  6.160085501608504E-012
  9.200000000000000E-004  6.163806800284850E-012
  9.400000000000001E-004  6.167595861065653E-012
  9.600000000000001E-004  6.171437500630551E-012
  9.800000000000002E-004  6.175318726908954E-012
  1.000000000000000E-003  6.179228812555521E-012
  1.020000000000000E-003  6.183159140128341E-012
  1.040000000000000E-003  6.187103146383718E-012
  1.060000000000000E-003  6.191054974975323E-012
  1.080000000000000E-003  6.195010560632274E-012
  1.100000000000000E-003  6.198967919489810E-012
  1.120000000000000E-003  6.202924943223668E-012
  1.140000000000000E-003  6.206880346668333E-012
  1.160000000000000E-003  6.210832825993564E-012
  1.180000000000000E-003  6.214781739783675E-012
  1.200000000000000E-003  6.218727066529667E-012
  1.220000000000000E-003  6.222669404316769E-012
  1.240000000000000E-003  6.226609530243692E-012
  1.260000000000000E-003  6.230548901970573E-012
  1.280000000000000E-003  6.234488610223915E-012
  1.300000000000000E-003  6.238431033569304E-012
  1.320000000000000E-003  6.242378909394062E-012
  1.340000000000000E-003  6.246332796291245E-012
  1.360000000000000E-003  6.250294162734054E-012
  1.380000000000000E-003  6.254265697954612E-012
  1.400000000000000E-003  6.258250652268516E-012
  1.420000000000000E-003  6.262250830813242E-012
  1.440000000000000E-003  6.266256497433733E-012
  1.460000000000000E-003  6.270262032224503E-012
  1.480000000000000E-003  6.274269635229176E-012
  1.500000000000000E-003  6.278283027631087E-012
  1.520000000000000E-003  6.282304442186967E-012
  1.540000000000000E-003  6.286337537243636E-012
  1.560000000000000E-003  6.290386799783404E-012
  1.580000000000000E-003  6.294457634849010E-012
  1.600000000000000E-003  6.298556015702147E-012
  1.620000000000000E-003  6.302689700180796E-012
  1.640000000000000E-003  6.306865406158955E-012
  1.660000000000000E-003  6.311093817585241E-012
  1.680000000000000E-003  6.315378347497892E-012
  1.700000000000000E-003  6.319731166709091E-012
  1.720000000000000E-003  6.324177438997972E-012
  1.740000000000000E-003  6.328699841967431E-012
  1.760000000000000E-003  6.333317645153675E-012
  1.780000000000000E-003  6.337998777932686E-012
  1.800000000000000E-003  6.342746943520713E-012
  1.820000000000000E-003  6.347567773096544E-012
  1.840000000000000E-003  6.352463968409166E-012
  1.860000000000000E-003  6.357436032977828E-012
  1.880000000000000E-003  6.362483189072043E-012
  1.900000000000000E-003  6.367603831939283E-012
  1.920000000000000E-003  6.372795420778036E-012
  1.940000000000000E-003  6.378053971147558E-012
  1.960000000000000E-003  6.383373468547433E-012
  1.980000000000000E-003  6.388745230056687E-012
  2.000000000000000E-003  6.394154076328525E-012
  2.020000000000000E-003  6.399565152936137E-012
  2.040000000000000E-003  6.404970797960169E-012
  2.060000000000000E-003  6.410370796527617E-012
  2.080000000000000E-003  6.415771471247764E-012
  2.100000000000000E-003  6.421176067093998E-012
  2.120000000000000E-003  6.426590493027014E-012
  2.140000000000000E-003  6.432017644052263E-012
  2.160000000000000E-003  6.437464786342016E-012
  2.180000000000000E-003  6.442941410828690E-012
  2.200000000000000E-003  6.448458257803863E-012
  2.220000000000000E-003  6.454022878240570E-012
  2.240000000000000E-003  6.459594224872308E-012
  2.260000000000000E-003  6.465145256837943E-012
  2.280000000000000E-003  6.470673904495779E-012
  2.300000000000000E-003  6.476179885640331E-012
  2.320000000000000E-003  6.481664016255439E-012
  2.340000000000000E-003  6.487128685867850E-012
  2.360000000000000E-003  6.492578461637439E-012
  2.380000000000000E-003  6.498019211508114E-012
  2.400000000000000E-003  6.503456883526489E-012
  2.420000000000000E-003  6.508896180371096E-012
  2.440000000000000E-003  6.514340523735521E-012
  2.460000000000000E-003  6.519794621232498E-012
  2.480000000000000E-003  6.525260592497113E-012
  2.500000000000000E-003  6.530743941458051E-012
  2.520000000000000E-003  6.536251780220317E-012
  2.540000000000000E-003  6.541791634135868E-012
  2.560000000000000E-003  6.547370366133553E-012
  2.580000000000000E-003  6.552993212360012E-012
  2.600000000000000E-003  6.558663357533295E-012
  2.620000000000000E-003  6.564382240255558E-012
  2.640000000000000E-003  6.570149969366591E-012
  2.660000000000000E-003  6.575965679830448E-012
  2.680000000000000E-003  6.581829702302169E-012
  2.700000000000000E-003  6.587709880618746E-012
  2.720000000000000E-003  6.593567911598085E-012
  2.740000000000000E-003  6.599391762645665E-012
  2.760000000000000E-003  6.605174761323267E-012
  2.780000000000000E-003  6.610914151011994E-012
  2.800000000000000E-003  6.616609433750827E-012
  2.820000000000000E-003  6.622260462001872E-012
  2.840000000000000E-003  6.627866743563608E-012
  2.860000000000000E-003  6.633428105946444E-012
  2.880000000000000E-003  6.638944931191071E-012
  2.900000000000000E-003  6.644418500538642E-012
  2.920000000000000E-003  6.649850174814747E-012
  2.940000000000000E-003  6.655241434611504E-012
  2.960000000000000E-003  6.660594371389043E-012
  2.980000000000000E-003  6.665911533970709E-012
  3.000000000000000E-003  6.671195376106752E-012
  3.020000000000000E-003  6.676448025689742E-012
  3.040000000000000E-003  6.681671617599489E-012
  3.060000000000000E-003  6.686868313740754E-012
  3.080000000000000E-003  6.692040524036448E-012
  3.100000000000000E-003  6.697190407799973E-012
  3.120000000000000E-003  6.702320186001293E-012
  3.140000000000000E-003  6.707433161627429E-012
  3.160000000000000E-003  6.712532477133613E-012
  3.180000000000000E-003  6.717623138349868E-012
  3.200000000000000E-003  6.722708371939763E-012
  3.220000000000000E-003  6.727791296436494E-012
  3.240000000000000E-003  6.732873986103367E-012
  3.260000000000000E-003  6.737958227951612E-012
  3.280000000000000E-003  6.743048479802829E-012
  3.300000000000000E-003  6.748146386202877E-012
  3.320000000000000E-003  6.753252043991398E-012
  3.340000000000000E-003  6.758370947751505E-012
  3.360000000000000E-003  6.763522417048354E-012
  3.380000000000000E-003  6.768705842117696E-012
  3.400000000000000E-003  6.773894708294065E-012
  3.420000000000000E-003  6.779074720734203E-012
  3.440000000000000E-003  6.784236054169437E-012
  3.460000000000000E-003  6.789370731988171E-012
  3.480000000000000E-003  6.794469817734214E-012
  3.500000000000000E-003  6.799524468365168E-012
  3.520000000000000E-003  6.804526542246367E-012
  3.540000000000000E-003  6.809468962192486E-012
  3.560000000000000E-003  6.814345841591866E-012
  3.580000000000000E-003  6.819152087245498E-012
  3.600000000000000E-003  6.823882739741702E-012
  3.620000000000000E-003  6.828532687140234E-012
  3.640000000000000E-003  6.833096541313551E-012
  3.660000000000000E-003  6.837568415843032E-012
  3.680000000000000E-003  6.841941703095933E-012
  3.700000000000000E-003  6.846209282206339E-012
  3.720000000000000E-003  6.850364102648867E-012
  3.740000000000000E-003  6.854399897608204E-012
  3.760000000000000E-003  6.858312010198121E-012
  3.780000000000000E-003  6.862098506471909E-012
  3.800000000000000E-003  6.865761417831803E-012
  3.820000000000000E-003  6.869307461347891E-012
  3.840000000000001E-003  6.872747500296959E-012
  3.860000000000000E-003  6.876094529532151E-012
  3.880000000000000E-003  6.879360418178023E-012
  3.900000000000000E-003  6.882552153408033E-012
  3.920000000000001E-003  6.885668346978789E-012
  3.940000000000000E-003  6.888697261061902E-012
  3.960000000000000E-003  6.891617093624414E-012
  3.980000000000000E-003  6.894399051862570E-012
  4.000000000000000E-003  6.897012550871280E-012
  4.020000000000000E-003  6.899431399131931E-012
  4.040000000000000E-003  6.901639415971410E-012
  4.060000000000000E-003  6.903634136627189E-012
  4.080000000000000E-003  6.905427892940693E-012
  4.100000000000000E-003  6.907046651133227E-012
  4.120000000000000E-003  6.908527725450553E-012
  4.140000000000000E-003  6.909917576579868E-012
  4.160000000000001E-003  6.911261875669158E-012
  4.180000000000001E-003  6.912595820299501E-012
  4.200000000000001E-003  6.913940286462498E-012
  4.220000000000001E-003  6.915325961788326E-012
  4.240000000000001E-003  6.916893348634846E-012
  4.260000000000001E-003  6.918657633958015E-012
  4.280000000000000E-003  6.920341761328865E-012
  4.300000000000000E-003  6.921672799911749E-012
  4.320000000000000E-003  6.922235506298744E-012
  4.340000000000000E-003  6.921966381374786E-012
  4.360000000000000E-003  6.918131322633301E-012
  4.380000000000000E-003  6.897291951612312E-012
  4.400000000000000E-003  6.809327556659019E-012
  4.420000000000000E-003  6.630335277070676E-012
  4.440000000000000E-003  6.526388075948905E-012
  4.460000000000000E-003  6.494881426053136E-012
  4.480000000000000E-003  6.489682478525483E-012
  4.500000000000001E-003  6.491334130675329E-012
  4.520000000000001E-003  6.500861511675192E-012
  4.540000000000001E-003  6.510184483570599E-012
  4.560000000000001E-003  6.516242946263257E-012
  4.580000000000001E-003  6.520127724724756E-012
  4.600000000000001E-003  6.522293249900047E-012
  4.620000000000000E-003  6.523226750919999E-012
  4.640000000000000E-003  6.522299023454985E-012
  4.660000000000000E-003  6.517418750277311E-012
  4.680000000000000E-003  6.504212378803465E-012
  4.700000000000000E-003  6.476421582490430E-012
  4.720000000000000E-003  6.435791620907171E-012
  4.740000000000000E-003  6.403896501024988E-012
  4.760000000000000E-003  6.383843234118541E-012
  4.780000000000000E-003  6.371674906509392E-012
  4.800000000000000E-003  6.364320508152615E-012
  4.820000000000000E-003  6.359857891875912E-012
  4.840000000000001E-003  6.357187602095881E-012
  4.860000000000001E-003  6.355866877602050E-012
  4.880000000000001E-003  6.355250425446744E-012
  4.900000000000001E-003  6.355432627043044E-012
  4.920000000000001E-003  6.355955108493179E-012
  4.940000000000001E-003  6.356982505464350E-012
  4.960000000000000E-003  6.358046919759629E-012
  4.980000000000000E-003  6.358964864885594E-012
  5.000000000000000E-003  6.360076115908997E-012
  5.020000000000000E-003  6.362183475056148E-012
  5.040000000000000E-003  6.364898440978565E-012
  5.060000000000000E-003  6.367335950669582E-012
  5.080000000000000E-003  6.369050914876721E-012
  5.100000000000000E-003  6.369886299543147E-012
  5.120000000000000E-003  6.369600651582754E-012
  5.140000000000000E-003  6.368019938881941E-012
  5.160000000000001E-003  6.364310902089088E-012
  5.180000000000001E-003  6.357140277910119E-012
  5.200000000000001E-003  6.344591618683742E-012
  5.220000000000001E-003  6.324044558782479E-012
  5.240000000000001E-003  6.292920005393109E-012
  5.260000000000001E-003  6.259606910162595E-012
  5.280000000000001E-003  6.235694991206448E-012
  5.300000000000000E-003  6.220438966553605E-012
  5.320000000000000E-003  6.211481576523080E-012
  5.340000000000000E-003  6.206704777524335E-012
  5.360000000000000E-003  6.204462163347911E-012
  5.380000000000000E-003  6.203920514190243E-012
  5.400000000000000E-003  6.204120706297011E-012
  5.420000000000000E-003  6.204437830365173E-012
  5.440000000000000E-003  6.204484679864699E-012
  5.460000000000000E-003  6.204336922313617E-012
  5.480000000000000E-003  6.203860645359474E-012
  5.500000000000001E-003  6.203032596257888E-012
  5.520000000000001E-003  6.201890064069265E-012
  5.540000000000001E-003  6.200588093344357E-012
  5.560000000000001E-003  6.199367144580734E-012
  5.580000000000001E-003  6.198320730179272E-012
  5.600000000000001E-003  6.197396348131354E-012
  5.620000000000001E-003  6.196531078396698E-012
  5.640000000000000E-003  6.195676122219256E-012
  5.660000000000000E-003  6.194768365245949E-012
  5.680000000000000E-003  6.193624935146734E-012
  5.700000000000000E-003  6.191954628739602E-012
  5.720000000000000E-003  6.189420806709951E-012
  5.740000000000000E-003  6.185711172874035E-012
  5.760000000000000E-003  6.180471669457588E-012
  5.780000000000000E-003  6.173208005387178E-012
  5.800000000000000E-003  6.164150102154395E-012
  5.820000000000001E-003  6.155673507025489E-012
  5.840000000000001E-003  6.148102832137530E-012
  5.860000000000001E-003  6.141051234322302E-012
  5.880000000000001E-003  6.133988234387837E-012
  5.900000000000001E-003  6.126605307710819E-012
  5.920000000000001E-003  6.118668238227524E-012
  5.940000000000001E-003  6.111719969799077E-012
  5.960000000000001E-003  6.107060799254538E-012
  5.980000000000000E-003  6.104598830397991E-012
  6.000000000000000E-003  6.103627401394047E-012
  6.020000000000000E-003  6.103894300596244E-012
  6.040000000000000E-003  6.105068822857425E-012
  6.060000000000000E-003  6.107185166229025E-012
  6.080000000000000E-003  6.109951340743365E-012
  6.100000000000000E-003  6.113345548626281E-012
  6.120000000000000E-003  6.117439903885503E-012
  6.140000000000000E-003  6.121908729872542E-012
  6.160000000000001E-003  6.126363805864529E-012
  6.180000000000001E-003  6.130646461681812E-012
  6.200000000000001E-003  6.134596618492389E-012
  6.220000000000001E-003  6.137916745655355E-012
  6.240000000000001E-003  6.140252108348891E-012
  6.260000000000001E-003  6.141476185615370E-012
  6.280000000000001E-003  6.141268860727266E-012
  6.300000000000001E-003  6.138817549853458E-012
  6.320000000000000E-003  6.132973726917032E-012
  6.340000000000000E-003  6.122133850578577E-012
  6.360000000000000E-003  6.105307021446694E-012
  6.380000000000000E-003  6.087222502823503E-012
  6.400000000000000E-003  6.073975311286765E-012
  6.420000000000000E-003  6.065493962946339E-012
  6.440000000000000E-003  6.060652960461609E-012
  6.460000000000000E-003  6.058489888529967E-012
  6.480000000000001E-003  6.057912527953812E-012
  6.500000000000001E-003  6.058235619212920E-012
  6.520000000000001E-003  6.059878977170793E-012
  6.540000000000001E-003  6.062555675021528E-012
  6.560000000000001E-003  6.065808389982224E-012
  6.580000000000001E-003  6.069440238060251E-012
  6.600000000000001E-003  6.073290162361066E-012
  6.620000000000001E-003  6.077233979644943E-012
  6.640000000000001E-003  6.081169441805586E-012
  6.660000000000000E-003  6.085061235080156E-012
  6.680000000000000E-003  6.088901486842444E-012
  6.700000000000000E-003  6.092691734469030E-012
  6.720000000000000E-003  6.096433972936013E-012
  6.740000000000000E-003  6.100130832440155E-012
  6.760000000000000E-003  6.103784860623288E-012
  6.780000000000000E-003  6.107397795737139E-012
  6.800000000000000E-003  6.110972607059560E-012
  6.820000000000001E-003  6.114511993524077E-012
  6.840000000000001E-003  6.118017756346187E-012
  6.860000000000001E-003  6.121490211314511E-012
  6.880000000000001E-003  6.124927484929079E-012
  6.900000000000001E-003  6.128324072970616E-012
  6.920000000000001E-003  6.131669456350753E-012
  6.940000000000001E-003  6.134947837328174E-012
  6.960000000000001E-003  6.138139489535436E-012
  6.980000000000001E-003  6.141223818261165E-012
  7.000000000000000E-003  6.144183291159963E-012
  7.020000000000000E-003  6.147007346807231E-012
  7.040000000000000E-003  6.149694660715363E-012
  7.060000000000000E-003  6.152253004590892E-012
  7.080000000000000E-003  6.154696723980066E-012
  7.100000000000000E-003  6.157044764008708E-012
  7.120000000000000E-003  6.159320158917043E-012
  7.140000000000001E-003  6.161551811644492E-012
  7.160000000000001E-003  6.163768904636401E-012
  7.180000000000001E-003  6.166003581190796E-012
  7.200000000000001E-003  6.168306072742217E-012
  7.220000000000001E-003  6.170759713790350E-012
  7.240000000000001E-003  6.173415371849723E-012
  7.260000000000001E-003  6.176292432718953E-012
  7.280000000000001E-003  6.179404164070502E-012
  7.300000000000001E-003  6.182752868153618E-012
  7.320000000000001E-003  6.186327780919541E-012
  7.340000000000000E-003  6.190105682186688E-012
  7.360000000000000E-003  6.194076333685402E-012
  7.380000000000000E-003  6.198166663196001E-012
  7.400000000000000E-003  6.202267779264797E-012
  7.420000000000000E-003  6.206359864587371E-012
  7.440000000000000E-003  6.210444592284079E-012
  7.460000000000000E-003  6.214531807034734E-012
  7.480000000000001E-003  6.218636439340507E-012
  7.500000000000001E-003  6.222772860715188E-012
  7.520000000000001E-003  6.226962727054622E-012
  7.540000000000001E-003  6.231236391160823E-012
  7.560000000000001E-003  6.235625179485544E-012
  7.580000000000001E-003  6.240156629648122E-012
  7.600000000000001E-003  6.244852279488543E-012
  7.620000000000001E-003  6.249724259548631E-012
  7.640000000000001E-003  6.254773268643623E-012
  7.660000000000001E-003  6.259989766002643E-012
  7.680000000000001E-003  6.265363015165772E-012
  7.700000000000000E-003  6.270891416468506E-012
  7.720000000000000E-003  6.276417741448970E-012
  7.740000000000000E-003  6.281801938133168E-012
  7.760000000000000E-003  6.287000554482439E-012
  7.780000000000000E-003  6.292003405066975E-012
  7.800000000000001E-003  6.296814282302522E-012
  7.820000000000001E-003  6.301440067893234E-012
  7.840000000000001E-003  6.305888411312733E-012
  7.860000000000001E-003  6.310168553515776E-012
  7.880000000000000E-003  6.314292821575384E-012
  7.900000000000001E-003  6.318277490527362E-012
  7.920000000000000E-003  6.322142632747588E-012
  7.940000000000001E-003  6.325908328192203E-012
  7.960000000000000E-003  6.329587005752512E-012
  7.980000000000001E-003  6.333176093978510E-012
  8.000000000000000E-003  6.336656358681033E-012
  8.020000000000001E-003  6.339995422330577E-012
  8.040000000000000E-003  6.343153713137975E-012
  8.060000000000001E-003  6.346089561939660E-012
  8.080000000000000E-003  6.348762016181675E-012
  8.100000000000001E-003  6.351133122910354E-012
  8.120000000000000E-003  6.353170790378365E-012
  8.140000000000001E-003  6.354850443378731E-012
  8.160000000000001E-003  6.356149805344546E-012
  8.180000000000002E-003  6.357048908914666E-012
  8.200000000000001E-003  6.357565898999001E-012
  8.220000000000000E-003  6.357715850892879E-012
  8.240000000000001E-003  6.357549452117364E-012
  8.260000000000000E-003  6.357098833139452E-012
  8.280000000000001E-003  6.356447959711239E-012
  8.300000000000000E-003  6.355578500672305E-012
  8.320000000000001E-003  6.354512802474283E-012
  8.340000000000000E-003  6.353249125178625E-012
  8.360000000000001E-003  6.351753684485615E-012
  8.380000000000000E-003  6.349964443944268E-012
  8.400000000000001E-003  6.347783488855950E-012
  8.420000000000000E-003  6.345085415833841E-012
  8.440000000000001E-003  6.341729308597319E-012
  8.460000000000001E-003  6.337555634701563E-012
  8.480000000000001E-003  6.332385921104116E-012
  8.500000000000001E-003  6.326037898541159E-012
  8.520000000000002E-003  6.318334022942665E-012
  8.540000000000001E-003  6.309099735089724E-012
  8.560000000000000E-003  6.298885539497462E-012
  8.580000000000001E-003  6.289557431502628E-012
  8.600000000000000E-003  6.281684476979109E-012
  8.620000000000001E-003  6.275167306712224E-012
  8.640000000000000E-003  6.269883394536159E-012
  8.660000000000001E-003  6.265716495043376E-012
  8.680000000000000E-003  6.262561637597157E-012
  8.700000000000001E-003  6.260294087806336E-012
  8.720000000000000E-003  6.258777629233342E-012
  8.740000000000001E-003  6.257764476089450E-012
  8.760000000000000E-003  6.257050444237316E-012
  8.780000000000001E-003  6.256462519162036E-012
  8.800000000000001E-003  6.255876466803520E-012
  8.820000000000001E-003  6.255230998915809E-012
  8.840000000000001E-003  6.254502073142217E-012
  8.860000000000002E-003  6.253715429640421E-012
  8.880000000000001E-003  6.252744211576637E-012
  8.900000000000000E-003  6.251574688369844E-012
  8.920000000000001E-003  6.250397094093021E-012
  8.940000000000000E-003  6.249391843968385E-012
  8.960000000000001E-003  6.248618374643421E-012
  8.980000000000000E-003  6.248124834156664E-012
  9.000000000000001E-003  6.247924400641564E-012
  9.020000000000000E-003  6.248017753167118E-012
  9.040000000000001E-003  6.248456280513540E-012
  9.060000000000000E-003  6.249279408407364E-012
  9.080000000000001E-003  6.250392115987155E-012
  9.100000000000000E-003  6.251753790957331E-012
  9.120000000000001E-003  6.253222221858479E-012
  9.140000000000001E-003  6.254709528632736E-012
  9.160000000000001E-003  6.256185229798726E-012
  9.180000000000001E-003  6.257650354556152E-012
  9.200000000000002E-003  6.259114247202246E-012
  9.220000000000001E-003  6.260572570998047E-012
  9.240000000000000E-003  6.262023135465938E-012
  9.260000000000001E-003  6.263474644124685E-012
  9.280000000000000E-003  6.264932185957841E-012
  9.300000000000001E-003  6.266408698700492E-012
  9.320000000000000E-003  6.267931138311373E-012
  9.340000000000001E-003  6.269507974605178E-012
  9.360000000000000E-003  6.271149521099544E-012
  9.380000000000001E-003  6.272858495944154E-012
  9.400000000000000E-003  6.274638044684772E-012
  9.420000000000001E-003  6.276474090936816E-012
  9.440000000000000E-003  6.278345777286917E-012
  9.460000000000001E-003  6.280242532592819E-012
  9.480000000000001E-003  6.282141617285770E-012
  9.500000000000001E-003  6.284015013077737E-012
  9.520000000000001E-003  6.285826327772438E-012
  9.540000000000002E-003  6.287527300632821E-012
  9.560000000000001E-003  6.289069534841130E-012
  9.580000000000000E-003  6.290400927112163E-012
  9.600000000000001E-003  6.291440185518971E-012
  9.620000000000000E-003  6.292108569814964E-012
  9.640000000000001E-003  6.292312998099651E-012
  9.660000000000000E-003  6.292122381056280E-012
  9.680000000000001E-003  6.291622423309840E-012
  9.700000000000000E-003  6.290772374546553E-012
  9.720000000000001E-003  6.289546446374712E-012
  9.740000000000000E-003  6.287932098578919E-012
  9.760000000000001E-003  6.285890112744991E-012
  9.780000000000000E-003  6.283419293541570E-012
  9.800000000000001E-003  6.280475752331589E-012
  9.820000000000001E-003  6.276982497019064E-012
  9.840000000000002E-003  6.272914913426603E-012
  9.860000000000001E-003  6.268404907740864E-012
  9.880000000000002E-003  6.263698978166519E-012
  9.900000000000001E-003  6.258829144983191E-012
  9.920000000000000E-003  6.253775188434652E-012
  9.940000000000001E-003  6.248528719514625E-012
  9.960000000000000E-003  6.243438102954271E-012
  9.980000000000001E-003  6.239029206237458E-012
  1.000000000000000E-002  6.235381946381772E-012
  1.002000000000000E-002  6.232464570732810E-012
  1.004000000000000E-002  6.230228752491123E-012
  1.006000000000000E-002  6.228495235995945E-012
  1.008000000000000E-002  6.227305473320058E-012
  1.010000000000000E-002  6.226660060152321E-012
  1.012000000000000E-002  6.226441120672036E-012
  1.014000000000000E-002  6.226463293728870E-012
  1.016000000000000E-002  6.226606626531596E-012
  1.018000000000000E-002  6.226824501388185E-012
  1.020000000000000E-002  6.227093451529060E-012
  1.022000000000000E-002  6.227396268387505E-012
  1.024000000000000E-002  6.227716059426081E-012
  1.026000000000000E-002  6.228034361381770E-012
  1.028000000000000E-002  6.228342969772872E-012
  1.030000000000000E-002  6.228651132825615E-012
  1.032000000000000E-002  6.228985810017183E-012
  1.034000000000000E-002  6.229377595477829E-012
  1.036000000000000E-002  6.229823418346486E-012
  1.038000000000000E-002  6.230347441434456E-012
  1.040000000000000E-002  6.230960018276856E-012
  1.042000000000000E-002  6.231691362959494E-012
  1.044000000000000E-002  6.232551785610538E-012
  1.046000000000000E-002  6.233550709764346E-012
  1.048000000000000E-002  6.234688719715327E-012
  1.050000000000000E-002  6.235960227951314E-012
  1.052000000000000E-002  6.237342285683183E-012
  1.054000000000000E-002  6.238790095391255E-012
  1.056000000000000E-002  6.240251900986041E-012
  1.058000000000000E-002  6.241698266989436E-012
  1.060000000000000E-002  6.243131334346052E-012
  1.062000000000000E-002  6.244546465989724E-012
  1.064000000000000E-002  6.245945575355714E-012
  1.066000000000000E-002  6.247334648831483E-012
  1.068000000000000E-002  6.248712751121631E-012
  1.070000000000000E-002  6.250084364254638E-012
  1.072000000000000E-002  6.251446033421081E-012
  1.074000000000000E-002  6.252791798589812E-012
  1.076000000000000E-002  6.254108282266300E-012
  1.078000000000000E-002  6.255374282516721E-012
  1.080000000000000E-002  6.256563183796400E-012
  1.082000000000000E-002  6.257646469342181E-012
  1.084000000000000E-002  6.258594693649655E-012
  1.086000000000000E-002  6.259381474418405E-012
  1.088000000000000E-002  6.259993114484367E-012
  1.090000000000000E-002  6.260398677126872E-012
  1.092000000000000E-002  6.260653978016744E-012
  1.094000000000000E-002  6.260646511014505E-012
  1.096000000000000E-002  6.260446865965560E-012
  1.098000000000000E-002  6.260067999364725E-012
  1.100000000000000E-002  6.259485340364280E-012
  1.102000000000000E-002  6.258702437033089E-012
  1.104000000000000E-002  6.257728348458977E-012
  1.106000000000000E-002  6.256583753844132E-012
  1.108000000000000E-002  6.255299031015766E-012
  1.110000000000000E-002  6.253886531674706E-012
  1.112000000000000E-002  6.252377974394344E-012
  1.114000000000000E-002  6.250806233656848E-012
  1.116000000000000E-002  6.249230728100112E-012
  1.118000000000000E-002  6.247694450702120E-012
  1.120000000000000E-002  6.246214046267121E-012
  1.122000000000000E-002  6.244780849454631E-012
  1.124000000000000E-002  6.243382217272523E-012
  1.126000000000000E-002  6.242006909576725E-012
  1.128000000000000E-002  6.240629739691351E-012
  1.130000000000000E-002  6.239237421200717E-012
  1.132000000000000E-002  6.237801171201590E-012
  1.134000000000000E-002  6.236313658747114E-012
  1.136000000000000E-002  6.234779102796245E-012
  1.138000000000000E-002  6.233185840287740E-012
  1.140000000000000E-002  6.231507238663933E-012
  1.142000000000000E-002  6.229726963925526E-012
  1.144000000000000E-002  6.227833690814192E-012
  1.146000000000000E-002  6.225844291576838E-012
  1.148000000000000E-002  6.223851066679203E-012
  1.150000000000000E-002  6.221901386705575E-012
  1.152000000000000E-002  6.220048256059534E-012
  1.154000000000000E-002  6.218334840998183E-012
  1.156000000000000E-002  6.216740758680324E-012
  1.158000000000000E-002  6.215297324404345E-012
  1.160000000000000E-002  6.213989388248048E-012
  1.162000000000000E-002  6.212798333087086E-012
  1.164000000000000E-002  6.211717518026447E-012
  1.166000000000000E-002  6.210746679409161E-012
  1.168000000000000E-002  6.209882901406836E-012
  1.170000000000000E-002  6.209129413794314E-012
  1.172000000000000E-002  6.208492215812221E-012
  1.174000000000000E-002  6.207981611200908E-012
  1.176000000000000E-002  6.207616036736518E-012
  1.178000000000000E-002  6.207412875686035E-012
  1.180000000000000E-002  6.207355312788321E-012
  1.182000000000000E-002  6.207472348254934E-012
  1.184000000000000E-002  6.207758949921747E-012
  1.186000000000000E-002  6.208262976987789E-012
  1.188000000000000E-002  6.209007071858365E-012
  1.190000000000000E-002  6.209996741719182E-012
  1.192000000000000E-002  6.211232447387116E-012
  1.194000000000000E-002  6.212690128331859E-012
  1.196000000000000E-002  6.214354082784742E-012
  1.198000000000000E-002  6.216215733594920E-012
  1.200000000000000E-002  6.218253958554838E-012
  1.202000000000000E-002  6.220424517192251E-012
  1.204000000000000E-002  6.222664557208364E-012
  1.206000000000000E-002  6.224902161721945E-012
  1.208000000000000E-002  6.227128002176363E-012
  1.210000000000000E-002  6.229302354508284E-012
  1.212000000000000E-002  6.231420537386539E-012
  1.214000000000000E-002  6.233469587049580E-012
  1.216000000000000E-002  6.235446487259097E-012
  1.218000000000000E-002  6.237344431415565E-012
  1.220000000000000E-002  6.239164343290633E-012
  1.222000000000000E-002  6.240915993076198E-012
  1.224000000000000E-002  6.242610291367805E-012
  1.226000000000000E-002  6.244258012954227E-012
  1.228000000000000E-002  6.245864992887022E-012
  1.230000000000000E-002  6.247439168481450E-012
  1.232000000000000E-002  6.248990414012581E-012
  1.234000000000000E-002  6.250523304186276E-012
  1.236000000000000E-002  6.252043946256772E-012
  1.238000000000000E-002  6.253557215340221E-012
  1.240000000000000E-002  6.255071347713515E-012
  1.242000000000000E-002  6.256598915630177E-012
  1.244000000000000E-002  6.258115093617586E-012
  1.246000000000000E-002  6.259565839661205E-012
  1.248000000000000E-002  6.260897590415747E-012
  1.250000000000000E-002  6.262087965711583E-012
  1.252000000000000E-002  6.263119392992694E-012
  1.254000000000000E-002  6.263971311097746E-012
  1.256000000000000E-002  6.264631536836283E-012
  1.258000000000000E-002  6.265092284794036E-012
  1.260000000000000E-002  6.265355631553808E-012
  1.262000000000000E-002  6.265416901904173E-012
  1.264000000000000E-002  6.265309536666479E-012
  1.266000000000000E-002  6.265005327478228E-012
  1.268000000000000E-002  6.264504071673871E-012
  1.270000000000000E-002  6.263809555957909E-012
  1.272000000000000E-002  6.262896056890969E-012
  1.274000000000000E-002  6.261763581688784E-012
  1.276000000000000E-002  6.260402001415771E-012
  1.278000000000000E-002  6.258806651969706E-012
  1.280000000000000E-002  6.256974745857602E-012
  1.282000000000000E-002  6.254898001571086E-012
  1.284000000000000E-002  6.252575158528795E-012
  1.286000000000000E-002  6.250019426827847E-012
  1.288000000000000E-002  6.247179309769432E-012
  1.290000000000000E-002  6.244092847285410E-012
  1.292000000000000E-002  6.240847800562914E-012
  1.294000000000000E-002  6.237529576137428E-012
  1.296000000000000E-002  6.234277671401435E-012
  1.298000000000000E-002  6.231155209014934E-012
  1.300000000000000E-002  6.228171165388757E-012
  1.302000000000000E-002  6.225336553281317E-012
  1.304000000000000E-002  6.222658420382630E-012
  1.306000000000000E-002  6.220141630864300E-012
  1.308000000000000E-002  6.217790282424655E-012
  1.310000000000000E-002  6.215604794496854E-012
  1.312000000000000E-002  6.213584304232378E-012
  1.314000000000000E-002  6.211730961244324E-012
  1.316000000000000E-002  6.210049441398264E-012
  1.318000000000000E-002  6.208543758576852E-012
  1.320000000000000E-002  6.207222938941610E-012
  1.322000000000000E-002  6.206102822767643E-012
  1.324000000000000E-002  6.205211246090551E-012
  1.326000000000000E-002  6.204551928123379E-012
  1.328000000000000E-002  6.204122290707836E-012
  1.330000000000000E-002  6.203924364278322E-012
  1.332000000000000E-002  6.203951473407693E-012
  1.334000000000000E-002  6.204197322054233E-012
  1.336000000000000E-002  6.204612679942297E-012
  1.338000000000000E-002  6.205220446702490E-012
  1.340000000000000E-002  6.206020796697072E-012
  1.342000000000000E-002  6.206994441025219E-012
  1.344000000000000E-002  6.208101807284012E-012
  1.346000000000000E-002  6.209215600202170E-012
  1.348000000000000E-002  6.210253134745657E-012
  1.350000000000000E-002  6.211182469773113E-012
  1.352000000000000E-002  6.211991499101503E-012
  1.354000000000000E-002  6.212652673476566E-012
  1.356000000000000E-002  6.213156690271078E-012
  1.358000000000000E-002  6.213518785278087E-012
  1.360000000000000E-002  6.213734207746522E-012
  1.362000000000000E-002  6.213738884986072E-012
  1.364000000000000E-002  6.213559381056036E-012
  1.366000000000000E-002  6.213214519328194E-012
  1.368000000000000E-002  6.212722362037556E-012
  1.370000000000000E-002  6.212083797934291E-012
  1.372000000000000E-002  6.211301153251223E-012
  1.374000000000000E-002  6.210384938412931E-012
  1.376000000000000E-002  6.209370972358584E-012
  1.378000000000000E-002  6.208290634939875E-012
  1.380000000000000E-002  6.207173432376295E-012
  1.382000000000000E-002  6.206034187466321E-012
  1.384000000000000E-002  6.204878270691852E-012
  1.386000000000000E-002  6.203715614675462E-012
  1.388000000000000E-002  6.202552638741083E-012
  1.390000000000000E-002  6.201398237065278E-012
  1.392000000000000E-002  6.200259638927749E-012
  1.394000000000000E-002  6.199144865238140E-012
  1.396000000000000E-002  6.198061928968274E-012
  1.398000000000000E-002  6.197020046546118E-012
  1.400000000000000E-002  6.196030132648889E-012
  1.402000000000000E-002  6.195104098091315E-012
  1.404000000000000E-002  6.194254969988999E-012
  1.406000000000000E-002  6.193495502639936E-012
  1.408000000000000E-002  6.192836596325485E-012
  1.410000000000000E-002  6.192290086405041E-012
  1.412000000000000E-002  6.191868704018770E-012
  1.414000000000000E-002  6.191583119397038E-012
  1.416000000000000E-002  6.191442558176208E-012
  1.418000000000000E-002  6.191433707302209E-012
  1.420000000000000E-002  6.191533858563358E-012
  1.422000000000000E-002  6.191737632701200E-012
  1.424000000000000E-002  6.192058098669986E-012
  1.426000000000000E-002  6.192492173972418E-012
  1.428000000000000E-002  6.193022653004728E-012
  1.430000000000000E-002  6.193636126753806E-012
  1.432000000000000E-002  6.194322640377868E-012
  1.434000000000000E-002  6.195073532509389E-012
  1.436000000000000E-002  6.195880732657445E-012
  1.438000000000000E-002  6.196738424764807E-012
  1.440000000000000E-002  6.197640722831017E-012
  1.442000000000000E-002  6.198580902802193E-012
  1.444000000000000E-002  6.199552616210151E-012
  1.446000000000000E-002  6.200549232622339E-012
  1.448000000000000E-002  6.201562042810920E-012
  1.450000000000000E-002  6.202581854062145E-012
  1.452000000000000E-002  6.203598478936655E-012
  1.454000000000000E-002  6.204601038054911E-012
  1.456000000000000E-002  6.205562463622611E-012
  1.458000000000000E-002  6.206443894577714E-012
  1.460000000000000E-002  6.207213324733266E-012
  1.462000000000000E-002  6.207797041359057E-012
  1.464000000000000E-002  6.208268860064168E-012
  1.466000000000000E-002  6.208459145663535E-012
  1.468000000000000E-002  6.208395967149118E-012
  1.470000000000000E-002  6.208156732817502E-012
  1.472000000000000E-002  6.207723203805219E-012
  1.474000000000000E-002  6.207084769779792E-012
  1.476000000000000E-002  6.206276828356243E-012
  1.478000000000000E-002  6.205319270338183E-012
  1.480000000000000E-002  6.204231139505895E-012
  1.482000000000000E-002  6.203033754403561E-012
  1.484000000000000E-002  6.201742329445111E-012
  1.486000000000000E-002  6.200376680982049E-012
  1.488000000000000E-002  6.198960606666377E-012
  1.490000000000000E-002  6.197518652478505E-012
  1.492000000000000E-002  6.196097097056387E-012
  1.494000000000000E-002  6.194729552602057E-012
  1.496000000000000E-002  6.193448469688969E-012
  1.498000000000000E-002  6.192275151741665E-012
  1.500000000000000E-002  6.191218651138583E-012
  1.502000000000000E-002  6.190283141968803E-012
  1.504000000000000E-002  6.189467811499255E-012
  1.506000000000000E-002  6.188750250565275E-012
  1.508000000000000E-002  6.188119512956429E-012
  1.510000000000000E-002  6.187554603769902E-012
  1.512000000000000E-002  6.187028687457853E-012
  1.514000000000000E-002  6.186501106313074E-012
  1.516000000000000E-002  6.185946163229244E-012
  1.518000000000000E-002  6.185337916296466E-012
  1.520000000000000E-002  6.184639802932382E-012
  1.522000000000000E-002  6.183820644004925E-012
  1.524000000000000E-002  6.182851297674966E-012
  1.526000000000000E-002  6.181706726066105E-012
  1.528000000000000E-002  6.180593882233799E-012
  1.530000000000000E-002  6.179691704185789E-012
  1.532000000000000E-002  6.178980673725620E-012
  1.534000000000000E-002  6.178438384099771E-012
  1.536000000000000E-002  6.177978532288977E-012
  1.538000000000000E-002  6.177614587322154E-012
  1.540000000000000E-002  6.177647288972395E-012
  1.542000000000000E-002  6.178162156519844E-012
  1.544000000000000E-002  6.179213193123705E-012
  1.546000000000000E-002  6.180989609066421E-012
  1.548000000000000E-002  6.183725484040148E-012
  1.550000000000000E-002  6.187755590767317E-012
  1.552000000000000E-002  6.193467126849989E-012
  1.554000000000000E-002  6.201353499032183E-012
  1.556000000000000E-002  6.212067034516148E-012
  1.558000000000000E-002  6.226509204613313E-012
  1.560000000000000E-002  6.245994444608078E-012
  1.562000000000000E-002  6.272564348503386E-012
  1.564000000000000E-002  6.309576448694570E-012
  1.566000000000000E-002  6.362613977943687E-012
  1.568000000000000E-002  6.442530950078407E-012
  1.570000000000000E-002  6.569701655596175E-012
  1.572000000000000E-002  6.782663266800805E-012
  1.574000000000000E-002  7.152494780035061E-012
  1.576000000000000E-002  7.811840784874786E-012
  1.578000000000000E-002  9.005371301609934E-012
  1.580000000000000E-002  1.118143793452648E-011
  1.582000000000000E-002  1.515300322329104E-011
  1.584000000000000E-002  2.238160883377886E-011
  1.586000000000000E-002  3.547191662666161E-011
  1.588000000000000E-002  5.901963492775594E-011
  1.590000000000000E-002  1.010502745364432E-010
  1.592000000000000E-002  1.754374563810786E-010
  1.594000000000000E-002  3.059212819927294E-010
  1.596000000000000E-002  5.327142701881761E-010
  1.598000000000000E-002  9.232474571754363E-010
  1.600000000000000E-002  1.589473584283730E-009
  1.602000000000000E-002  2.715471923285038E-009
  1.604000000000000E-002  4.601141935251095E-009
  1.606000000000000E-002  7.730907252361188E-009
  1.608000000000000E-002  1.288263582474585E-008
  1.610000000000000E-002  2.129870457018046E-008
  1.612000000000000E-002  3.495696123724792E-008
  1.614000000000000E-002  5.700414240354405E-008
  1.616000000000000E-002  9.245547875724202E-008
  1.618000000000000E-002  1.493304669283139E-007
  1.620000000000000E-002  2.407603635795993E-007
  1.622000000000000E-002  3.881800610013273E-007
  1.624000000000000E-002  6.263738982666242E-007
  1.626000000000000E-002  1.012325563548035E-006
  1.628000000000000E-002  1.637749135107323E-006
  1.630000000000000E-002  2.650146097912441E-006
  1.632000000000000E-002  4.288537914418712E-006
  1.634000000000000E-002  6.938351186919491E-006
  1.636000000000000E-002  1.122021220802721E-005
  1.638000000000000E-002  1.813092412784026E-005
  1.640000000000000E-002  2.926380854409686E-005
  1.642000000000000E-002  4.714917013108529E-005
  1.644000000000000E-002  7.577501280603397E-005
  1.646000000000000E-002  1.213644388580548E-004
  1.648000000000000E-002  1.935122825418495E-004
  1.650000000000000E-002  3.068204399524724E-004
  1.652000000000000E-002  4.832185096986301E-004
  1.654000000000000E-002  7.552124894583602E-004
  1.656000000000000E-002  1.170412121894733E-003
  1.658000000000000E-002  1.797821446740296E-003
  1.660000000000000E-002  2.736369264806848E-003
  1.662000000000000E-002  4.127096846518371E-003
  1.664000000000000E-002  6.172166499289115E-003
  1.666000000000000E-002  9.168738275285271E-003
  1.668000000000000E-002  1.357100056982856E-002
  1.670000000000000E-002  2.011065699230748E-002
  1.672000000000000E-002  3.004547315601583E-002
  1.674000000000000E-002  4.572468119897514E-002
  1.676000000000000E-002  7.181403354843920E-002
  1.678000000000000E-002  0.108909356406606     
  1.680000000000000E-002  0.152787116124080     
  1.682000000000000E-002  0.201596004349807     
  1.684000000000000E-002  0.252398473240737     
  1.686000000000000E-002  0.301855378127155     
  1.688000000000000E-002  0.347069657434434     
  1.690000000000000E-002  0.386069771989384     
  1.692000000000000E-002  0.417930353584145     
  1.694000000000000E-002  0.442679314274751     
  1.696000000000000E-002  0.461042209852284     
  1.698000000000000E-002  0.474124154331883     
  1.700000000000000E-002  0.483107762353760     
  1.702000000000000E-002  0.489038432917431     
  1.704000000000000E-002  0.492731212388654     
  1.706000000000000E-002  0.494799798306311     
  1.708000000000000E-002  0.495721740767717     
  1.710000000000000E-002  0.495941926618586     
  1.712000000000000E-002  0.495857970957426     
  1.714000000000000E-002  0.495363508607135     
  1.716000000000000E-002  0.494042237997820     
  1.718000000000000E-002  0.491317363577952     
  1.720000000000000E-002  0.486350826756731     
  1.722000000000000E-002  0.477935242231713     
  1.724000000000000E-002  0.464439975158604     
  1.726000000000000E-002  0.443908171384868     
  1.728000000000000E-002  0.414453959265988     
  1.730000000000000E-002  0.375034633779174     
  1.732000000000000E-002  0.326393355470017     
  1.734000000000000E-002  0.271562407106690     
  1.736000000000000E-002  0.215280084088109     
  1.738000000000000E-002  0.162421749991354     
  1.740000000000000E-002  0.116431145969783     
  1.742000000000000E-002  7.874228641350003E-002
  1.744000000000000E-002  4.922263688952533E-002
  1.746000000000000E-002  2.837541235047177E-002
  1.748000000000000E-002  1.670198334379741E-002
  1.750000000000000E-002  9.963256207388098E-003
  1.752000000000000E-002  5.935859498492081E-003
  1.754000000000000E-002  3.499749649997513E-003
  1.756000000000000E-002  2.030162017044536E-003
  1.758000000000000E-002  1.156674132020926E-003
  1.760000000000000E-002  6.517839877395622E-004
  1.762000000000000E-002  3.741008788638884E-004
  1.764000000000000E-002  2.355296418589990E-004
  1.766000000000000E-002  1.799541166658056E-004
  1.768000000000000E-002  1.684565925548562E-004
  1.770000000000000E-002  1.745740500364058E-004
  1.772000000000000E-002  2.045602956182346E-004
  1.774000000000000E-002  2.769481095622330E-004
  1.776000000000000E-002  4.124411469521769E-004
  1.778000000000000E-002  6.367140069730612E-004
  1.780000000000000E-002  9.834390811595387E-004
  1.782000000000000E-002  1.497547145211358E-003
  1.784000000000000E-002  2.237857065555352E-003
  1.786000000000000E-002  3.277605239759493E-003
  1.788000000000000E-002  4.700360159683211E-003
  1.790000000000000E-002  6.588739220203477E-003
  1.792000000000000E-002  8.696427546814439E-003
  1.794000000000000E-002  1.027436142961720E-002
  1.796000000000000E-002  1.136308151899770E-002
  1.798000000000000E-002  1.215177157181022E-002
  1.800000000000000E-002  1.282484777764387E-002
  1.802000000000000E-002  1.349368042296860E-002
  1.804000000000000E-002  1.420705893100294E-002
  1.806000000000000E-002  1.504372719236379E-002
  1.808000000000000E-002  1.611009502000930E-002
  1.810000000000000E-002  1.751095497257990E-002
  1.812000000000000E-002  1.932355342071892E-002
  1.814000000000000E-002  2.158802182078970E-002
  1.816000000000000E-002  2.431070585198997E-002
  1.818000000000000E-002  2.748193193465260E-002
  1.820000000000000E-002  3.111276128570246E-002
  1.822000000000000E-002  3.528601795666888E-002
  1.824000000000000E-002  4.020813213685653E-002
  1.826000000000000E-002  4.624567109449479E-002
  1.828000000000000E-002  5.393896953266385E-002
  1.830000000000000E-002  6.399942270767890E-002
  1.832000000000000E-002  7.730353103143597E-002
  1.834000000000000E-002  9.379679598383381E-002
  1.836000000000000E-002  0.111317502239714     
  1.838000000000000E-002  0.129669685418829     
  1.840000000000000E-002  0.148833954380772     
  1.842000000000000E-002  0.168888576286091     
  1.844000000000000E-002  0.190106060283040     
  1.846000000000000E-002  0.212999453847382     
  1.848000000000000E-002  0.238183929055828     
  1.850000000000000E-002  0.266007560207612     
  1.852000000000000E-002  0.296065732125907     
  1.854000000000000E-002  0.326781616259856     
  1.856000000000000E-002  0.355352449976036     
  1.858000000000000E-002  0.378406057429689     
  1.860000000000000E-002  0.393528873141550     
  1.862000000000000E-002  0.400633506249652     
  1.864000000000000E-002  0.401980651927688     
  1.866000000000000E-002  0.400011513338300     
  1.868000000000000E-002  0.394796441313914     
  1.870000000000000E-002  0.385549020102702     
  1.872000000000000E-002  0.371466244774997     
  1.874000000000000E-002  0.352808157187741     
  1.876000000000000E-002  0.330886956237657     
  1.878000000000000E-002  0.308885418217915     
  1.880000000000000E-002  0.292799016912260     
  1.882000000000000E-002  0.281811037365271     
  1.884000000000000E-002  0.274142328846630     
  1.886000000000000E-002  0.268679993785326     
  1.888000000000000E-002  0.264651214112805     
  1.890000000000000E-002  0.261473742891077     
  1.892000000000000E-002  0.258753872620503     
  1.894000000000000E-002  0.256291070681044     
  1.896000000000000E-002  0.254033439503876     
  1.898000000000000E-002  0.252015322607109     
  1.900000000000000E-002  0.250248034278648     
  1.902000000000000E-002  0.248736706106250     
  1.904000000000000E-002  0.247486618069664     
  1.906000000000000E-002  0.246494918275333     
  1.908000000000000E-002  0.245705528680726     
  1.910000000000000E-002  0.245041661046488     
  1.912000000000000E-002  0.244368555183837     
  1.914000000000000E-002  0.243593811252006     
  1.916000000000000E-002  0.242628539321452     
  1.918000000000000E-002  0.241349723573273     
  1.920000000000000E-002  0.239737011711674     
  1.922000000000000E-002  0.237757653441675     
  1.924000000000000E-002  0.235403372538971     
  1.926000000000000E-002  0.232698543900637     
  1.928000000000000E-002  0.229670404237223     
  1.930000000000000E-002  0.226385385639056     
  1.932000000000000E-002  0.222938279330778     
  1.934000000000000E-002  0.219446158707563     
  1.936000000000000E-002  0.216050006535978     
  1.938000000000000E-002  0.212833129342011     
  1.940000000000000E-002  0.209855599880923     
  1.942000000000000E-002  0.207161632105261     
  1.944000000000000E-002  0.204714112600695     
  1.946000000000000E-002  0.202484537564992     
  1.948000000000000E-002  0.200503804074122     
  1.950000000000000E-002  0.198990939285011     
  1.952000000000000E-002  0.198143666891140     
  1.954000000000000E-002  0.197979023420321     
  1.956000000000000E-002  0.198394503860068     
  1.958000000000000E-002  0.199408624169464     
  1.960000000000000E-002  0.200977691907710     
  1.962000000000000E-002  0.202868204013054     
  1.964000000000000E-002  0.204380390932483     
  1.966000000000000E-002  0.205332914124304     
  1.968000000000000E-002  0.205821875823967     
  1.970000000000000E-002  0.205883914259024     
  1.972000000000000E-002  0.205287363354092     
  1.974000000000000E-002  0.203554980312297     
  1.976000000000000E-002  0.200711635100343     
  1.978000000000000E-002  0.196778062402201     
  1.980000000000000E-002  0.191352681913302     
  1.982000000000000E-002  0.184118378354582     
  1.984000000000000E-002  0.174941261379745     
  1.986000000000000E-002  0.163859833326194     
  1.988000000000000E-002  0.151093215459343     
  1.990000000000000E-002  0.137005073876885     
  1.992000000000000E-002  0.122057878036861     
  1.994000000000000E-002  0.106754278804246     
  1.996000000000000E-002  9.157440182447496E-002
  1.998000000000000E-002  7.693245937365469E-002
  2.000000000000000E-002  6.315361409092707E-002
  2.002000000000000E-002  5.046379822777800E-002
  2.004000000000000E-002  3.899749403090594E-002
  2.006000000000000E-002  2.889536932298557E-002
  2.008000000000000E-002  2.107548105191458E-002
  2.010000000000000E-002  1.551704674395515E-002
  2.012000000000000E-002  1.146682337173860E-002
  2.014000000000000E-002  8.455990740675696E-003
  2.016000000000000E-002  6.189867775624585E-003
  2.018000000000000E-002  4.476494013213763E-003
  2.020000000000000E-002  3.187973660919544E-003
  2.022000000000000E-002  2.236139877733244E-003
  2.024000000000000E-002  1.556310332301352E-003
  2.026000000000000E-002  1.096458783667785E-003
  2.028000000000000E-002  8.104124181800319E-004
  2.030000000000000E-002  6.543054269066278E-004
  2.032000000000000E-002  5.851385308625034E-004
  2.034000000000000E-002  5.662794693837606E-004
  2.036000000000000E-002  5.758003659900061E-004
  2.038000000000000E-002  6.180225267968809E-004
  2.040000000000000E-002  7.137122622314423E-004
  2.042000000000000E-002  8.831351984536941E-004
  2.044000000000000E-002  1.146079613647178E-003
  2.046000000000000E-002  1.520893675436175E-003
  2.048000000000000E-002  2.022239140122917E-003
  2.050000000000000E-002  2.620124779023085E-003
  2.052000000000000E-002  3.072826399798256E-003
  2.054000000000000E-002  3.327148537277631E-003
  2.056000000000000E-002  3.434093995125028E-003
  2.058000000000000E-002  3.453789830607800E-003
  2.060000000000000E-002  3.434592987570790E-003
  2.062000000000000E-002  3.359862063339676E-003
  2.064000000000000E-002  3.196903881827371E-003
  2.066000000000000E-002  2.922343912795025E-003
  2.068000000000000E-002  2.525972297001721E-003
  2.070000000000000E-002  2.014140530309611E-003
  2.072000000000000E-002  1.436120652859871E-003
  2.074000000000000E-002  9.754981440003930E-004
  2.076000000000000E-002  6.528813862873030E-004
  2.078000000000000E-002  4.304115720883189E-004
  2.080000000000000E-002  2.796195963726816E-004
  2.082000000000000E-002  1.790960448556018E-004
  2.084000000000000E-002  1.131507166636424E-004
  2.086000000000000E-002  7.055263901391352E-005
  2.088000000000000E-002  4.343940995942719E-005
  2.090000000000000E-002  2.642363660402554E-005
  2.092000000000000E-002  1.588749014055956E-005
  2.094000000000000E-002  9.446674153311640E-006
  2.096000000000000E-002  5.557509590707556E-006
  2.098000000000000E-002  3.236373629108714E-006
  2.100000000000000E-002  1.866303787853773E-006
  2.102000000000000E-002  1.066090264668311E-006
  2.104000000000000E-002  6.034533616763349E-007
  2.106000000000000E-002  3.385865848295575E-007
  2.108000000000000E-002  1.883639525966616E-007
  2.110000000000000E-002  1.039300814631111E-007
  2.112000000000000E-002  5.688519329041409E-008
  2.114000000000000E-002  3.089446411988944E-008
  2.116000000000000E-002  1.665330404542063E-008
  2.118000000000000E-002  8.911634894179792E-009
  2.120000000000000E-002  4.735526219533584E-009
  2.122000000000000E-002  2.499834467211785E-009
  2.124000000000000E-002  1.311830354901160E-009
  2.126000000000000E-002  6.851560723016155E-010
  2.128000000000000E-002  3.569615896709492E-010
  2.130000000000000E-002  1.863057134015772E-010
  2.132000000000000E-002  9.819183624507809E-011
  2.134000000000000E-002  5.301315660955296E-011
  2.136000000000000E-002  3.000840504748903E-011
  2.138000000000000E-002  1.837465556070903E-011
  2.140000000000000E-002  1.253111849951295E-011
  2.142000000000000E-002  9.615409176409501E-012
  2.144000000000000E-002  8.169833576061550E-012
  2.146000000000000E-002  7.457285313016599E-012
  2.148000000000000E-002  7.107640306280719E-012
  2.150000000000000E-002  6.936352032704828E-012
  2.152000000000000E-002  6.852310106839247E-012
  2.154000000000000E-002  6.810874162097731E-012
  2.156000000000000E-002  6.790092839860482E-012
  2.158000000000000E-002  6.779346547693197E-012
  2.160000000000000E-002  6.773572449181387E-012
  2.162000000000000E-002  6.770384672423811E-012
  2.164000000000000E-002  6.768683425887283E-012
  2.166000000000000E-002  6.767929852203806E-012
  2.168000000000000E-002  6.767744986003325E-012
  2.170000000000000E-002  6.768171219606696E-012
  2.172000000000000E-002  6.769353795046690E-012
  2.174000000000000E-002  6.771140052660047E-012
  2.176000000000000E-002  6.773448220103875E-012
  2.178000000000000E-002  6.776349260485286E-012
  2.180000000000000E-002  6.779927225581963E-012
  2.182000000000000E-002  6.784297092345717E-012
  2.184000000000000E-002  6.789639606230615E-012
  2.186000000000000E-002  6.796201656420635E-012
  2.188000000000000E-002  6.804198421984733E-012
  2.190000000000000E-002  6.813834546676289E-012
  2.192000000000000E-002  6.825310238826342E-012
  2.194000000000000E-002  6.838804724069008E-012
  2.196000000000000E-002  6.854453621391821E-012
  2.198000000000000E-002  6.872329598846728E-012
  2.200000000000000E-002  6.892427009959012E-012
  2.202000000000000E-002  6.912498126344186E-012
  2.204000000000000E-002  6.929158971020497E-012
  2.206000000000000E-002  6.942208905168537E-012
  2.208000000000000E-002  6.951720960320402E-012
  2.210000000000000E-002  6.958167018801427E-012
  2.212000000000000E-002  6.962251909850084E-012
  2.214000000000000E-002  6.964684602889166E-012
  2.216000000000000E-002  6.966010012248320E-012
  2.218000000000000E-002  6.966585549004901E-012
  2.220000000000000E-002  6.966689235043799E-012
  2.222000000000000E-002  6.966479761820413E-012
  2.224000000000000E-002  6.965574047490230E-012
  2.226000000000000E-002  6.963925507298887E-012
  2.228000000000000E-002  6.961530525266426E-012
  2.230000000000000E-002  6.958572523690483E-012
  2.232000000000000E-002  6.955248771405273E-012
  2.234000000000000E-002  6.951953724799378E-012
  2.236000000000000E-002  6.948741314435008E-012
  2.238000000000000E-002  6.945680760634296E-012
  2.240000000000000E-002  6.942730069508489E-012
  2.242000000000000E-002  6.939869560974268E-012
  2.244000000000000E-002  6.937173606378009E-012
  2.246000000000000E-002  6.934674393111187E-012
  2.248000000000000E-002  6.932373150153789E-012
  2.250000000000000E-002  6.930274240647307E-012
  2.252000000000000E-002  6.928373058981557E-012
  2.254000000000000E-002  6.926658130023959E-012
  2.256000000000000E-002  6.925107265519766E-012
  2.258000000000000E-002  6.923692262444567E-012
  2.260000000000000E-002  6.922385201806776E-012
  2.262000000000000E-002  6.921160981399511E-012
  2.264000000000000E-002  6.919997473991104E-012
  2.266000000000000E-002  6.918875396879863E-012
  2.268000000000000E-002  6.917783822366619E-012
  2.270000000000000E-002  6.916714271007421E-012
  2.272000000000000E-002  6.915659705079332E-012
  2.274000000000000E-002  6.914613547340194E-012
  2.276000000000000E-002  6.913567681354686E-012
  2.278000000000000E-002  6.912507497234425E-012
  2.280000000000000E-002  6.911413589867921E-012
  2.282000000000000E-002  6.910265338510897E-012
  2.284000000000000E-002  6.909051651734463E-012
  2.286000000000000E-002  6.907757271045543E-012
  2.288000000000000E-002  6.906364341053051E-012
  2.290000000000000E-002  6.904858483173072E-012
  2.292000000000000E-002  6.903230993487467E-012
  2.294000000000000E-002  6.901479898885880E-012
  2.296000000000000E-002  6.899611031158970E-012
  2.298000000000000E-002  6.897635584184747E-012
  2.300000000000000E-002  6.895567514273453E-012
  2.302000000000000E-002  6.893421665708508E-012
  2.304000000000000E-002  6.891212614476967E-012
  2.306000000000000E-002  6.888954793281519E-012
  2.308000000000000E-002  6.886663400593332E-012
  2.310000000000000E-002  6.884353267813807E-012
  2.312000000000000E-002  6.882036003442291E-012
  2.314000000000000E-002  6.879717817220897E-012
  2.316000000000000E-002  6.877406155009193E-012
  2.318000000000000E-002  6.875107243700460E-012
  2.320000000000000E-002  6.872824875721672E-012
  2.322000000000000E-002  6.870558080482994E-012
  2.324000000000000E-002  6.868302167279734E-012
  2.326000000000000E-002  6.866053969048304E-012
  2.328000000000000E-002  6.863813324221482E-012
  2.330000000000000E-002  6.861611855390466E-012
  2.332000000000000E-002  6.859503533436888E-012
  2.334000000000000E-002  6.857520948194593E-012
  2.336000000000000E-002  6.855657367232907E-012
  2.338000000000000E-002  6.853898225541548E-012
  2.340000000000000E-002  6.852234937831149E-012
  2.342000000000000E-002  6.850669655742169E-012
  2.344000000000000E-002  6.849205069992682E-012
  2.346000000000000E-002  6.847837917424948E-012
  2.348000000000000E-002  6.846555332315558E-012
  2.350000000000000E-002  6.845352146109916E-012
  2.352000000000000E-002  6.844228225808398E-012
  2.354000000000000E-002  6.843174718348472E-012
  2.356000000000000E-002  6.842179656506185E-012
  2.358000000000000E-002  6.841248398912396E-012
  2.360000000000000E-002  6.840400195984739E-012
  2.362000000000000E-002  6.839639495335122E-012
  2.364000000000000E-002  6.838959725497568E-012
  2.366000000000000E-002  6.838391158678777E-012
  2.368000000000000E-002  6.837958582417626E-012
  2.370000000000000E-002  6.837671540749999E-012
  2.372000000000000E-002  6.837531074154695E-012
  2.374000000000000E-002  6.837531919694549E-012
  2.376000000000000E-002  6.837698008721724E-012
  2.378000000000000E-002  6.838061104078860E-012
  2.380000000000000E-002  6.838634754086764E-012
  2.382000000000000E-002  6.839457763825150E-012
  2.384000000000000E-002  6.840533072149090E-012
  2.386000000000000E-002  6.841841834732125E-012
  2.388000000000000E-002  6.843374467054978E-012
  2.390000000000000E-002  6.845126012498631E-012
  2.392000000000000E-002  6.847125075255765E-012
  2.394000000000000E-002  6.849404173937167E-012
  2.396000000000000E-002  6.851945092646617E-012
  2.398000000000000E-002  6.854678650147400E-012
  2.400000000000000E-002  6.857548756666043E-012
  2.402000000000000E-002  6.860515866251138E-012
  2.404000000000000E-002  6.863355239884597E-012
  2.406000000000000E-002  6.865932215099945E-012
  2.408000000000000E-002  6.868212766782916E-012
  2.410000000000000E-002  6.870198032737095E-012
  2.412000000000000E-002  6.871899781851953E-012
  2.414000000000000E-002  6.873333475586930E-012
  2.416000000000000E-002  6.874524336935740E-012
  2.418000000000000E-002  6.875507354146526E-012
  2.420000000000000E-002  6.876301646148754E-012
  2.422000000000000E-002  6.876878320789652E-012
  2.424000000000000E-002  6.877179142590070E-012
  2.426000000000000E-002  6.877201618876826E-012
  2.428000000000000E-002  6.876970406006663E-012
  2.430000000000000E-002  6.876624225586075E-012
  2.432000000000000E-002  6.876274125476368E-012
  2.434000000000000E-002  6.875820888354474E-012
  2.436000000000000E-002  6.875149193273963E-012
  2.438000000000000E-002  6.874184294672226E-012
  2.440000000000000E-002  6.872872587661323E-012
  2.442000000000000E-002  6.871176733847930E-012
  2.444000000000000E-002  6.869084956419626E-012
  2.446000000000000E-002  6.866621956405828E-012
  2.448000000000000E-002  6.863840881938237E-012
  2.450000000000000E-002  6.860798230901932E-012
  2.452000000000000E-002  6.857525543633864E-012
  2.454000000000000E-002  6.854294029913560E-012
  2.456000000000000E-002  6.851347395992837E-012
  2.458000000000000E-002  6.848642427561829E-012
  2.460000000000000E-002  6.846144824057607E-012
  2.462000000000000E-002  6.843826588844629E-012
  2.464000000000000E-002  6.841594653492195E-012
  2.466000000000000E-002  6.839372010115456E-012
  2.468000000000000E-002  6.837109993961066E-012
  2.470000000000000E-002  6.834974015002591E-012
  2.472000000000000E-002  6.833284120622161E-012
  2.474000000000000E-002  6.832246262371087E-012
  2.476000000000000E-002  6.831935809961503E-012
  2.478000000000000E-002  6.831954819227042E-012
  2.480000000000000E-002  6.832199846323200E-012
  2.482000000000000E-002  6.832900326499545E-012
  2.484000000000000E-002  6.834334315285329E-012
  2.486000000000000E-002  6.836767676870254E-012
  2.488000000000000E-002  6.840380360030643E-012
  2.490000000000000E-002  6.845240486519719E-012
  2.492000000000000E-002  6.851334926337990E-012
  2.494000000000000E-002  6.858628849800574E-012
  2.496000000000000E-002  6.867096838514272E-012
  2.498000000000000E-002  6.876682172625975E-012
  2.500000000000000E-002  6.886263089792026E-012
  2.502000000000000E-002  6.894208198365319E-012
  2.504000000000000E-002  6.900564780602075E-012
  2.506000000000000E-002  6.905478061447152E-012
  2.508000000000000E-002  6.909314237908140E-012
  2.510000000000000E-002  6.912261783108590E-012
  2.512000000000000E-002  6.914319581170622E-012
  2.514000000000000E-002  6.915678138740339E-012
  2.516000000000000E-002  6.916384488849766E-012
  2.518000000000000E-002  6.916436936307634E-012
  2.520000000000000E-002  6.916144367272857E-012
  2.522000000000000E-002  6.915438860126868E-012
  2.524000000000000E-002  6.914392895166123E-012
  2.526000000000000E-002  6.913151973191567E-012
  2.528000000000000E-002  6.912081619148579E-012
  2.530000000000000E-002  6.911377822158446E-012
  2.532000000000000E-002  6.911106489538677E-012
  2.534000000000000E-002  6.911217107502278E-012
  2.536000000000000E-002  6.911981623372870E-012
  2.538000000000000E-002  6.913449332372668E-012
  2.540000000000000E-002  6.915226619850105E-012
  2.542000000000000E-002  6.916932610634129E-012
  2.544000000000000E-002  6.918581831733281E-012
  2.546000000000000E-002  6.920145207548687E-012
  2.548000000000000E-002  6.921656655635485E-012
  2.550000000000000E-002  6.923141916006000E-012
  2.552000000000000E-002  6.924585287302527E-012
  2.554000000000000E-002  6.925935891629266E-012
  2.556000000000000E-002  6.927119184371776E-012
  2.558000000000000E-002  6.928073670260534E-012
  2.560000000000000E-002  6.928747187407500E-012
  2.562000000000000E-002  6.929103993603175E-012
  2.564000000000000E-002  6.929159103379323E-012
  2.566000000000000E-002  6.928887067492614E-012
  2.568000000000000E-002  6.928208975325191E-012
  2.570000000000000E-002  6.927215975903088E-012
  2.572000000000000E-002  6.925981097473226E-012
  2.574000000000000E-002  6.924456325522795E-012
  2.576000000000000E-002  6.922510184069330E-012
  2.578000000000000E-002  6.920127881441999E-012
  2.580000000000000E-002  6.917510579688329E-012
  2.582000000000000E-002  6.914816795347480E-012
  2.584000000000000E-002  6.912120316082492E-012
  2.586000000000000E-002  6.909503984573668E-012
  2.588000000000000E-002  6.906952022830561E-012
  2.590000000000000E-002  6.904439864799297E-012
  2.592000000000000E-002  6.901950831424685E-012
  2.594000000000000E-002  6.899474511351494E-012
  2.596000000000000E-002  6.897003508200260E-012
  2.598000000000000E-002  6.894530909819794E-012
  2.600000000000000E-002  6.892049094516424E-012
  2.602000000000000E-002  6.889553459565694E-012
  2.604000000000000E-002  6.887043264672088E-012
  2.606000000000000E-002  6.884520255466789E-012
  2.608000000000000E-002  6.881986793814837E-012
  2.610000000000000E-002  6.879443404838059E-012
  2.612000000000000E-002  6.876889130443318E-012
  2.614000000000000E-002  6.874323168833899E-012
  2.616000000000000E-002  6.871780768219399E-012
  2.618000000000000E-002  6.869313150848074E-012
  2.620000000000000E-002  6.866953032670685E-012
  2.622000000000000E-002  6.864727176970252E-012
  2.624000000000000E-002  6.862638531713379E-012
  2.626000000000000E-002  6.860672095812827E-012
  2.628000000000000E-002  6.858804048191772E-012
  2.630000000000000E-002  6.857020613915978E-012
  2.632000000000000E-002  6.855379061143586E-012
  2.634000000000000E-002  6.853974753534329E-012
  2.636000000000000E-002  6.852927529534788E-012
  2.638000000000000E-002  6.852307209603997E-012
  2.640000000000000E-002  6.852008917221802E-012
  2.642000000000000E-002  6.851914970487031E-012
  2.644000000000000E-002  6.852055877707492E-012
  2.646000000000000E-002  6.852578108992433E-012
  2.648000000000000E-002  6.853506920142289E-012
  2.650000000000000E-002  6.854830123223919E-012
  2.652000000000000E-002  6.856575774595855E-012
  2.654000000000000E-002  6.858789594776448E-012
  2.656000000000000E-002  6.861519006533689E-012
  2.658000000000000E-002  6.864801445055630E-012
  2.660000000000000E-002  6.868071525641821E-012
  2.662000000000000E-002  6.870543694552182E-012
  2.664000000000000E-002  6.872243586089619E-012
  2.666000000000000E-002  6.873264717525200E-012
  2.668000000000000E-002  6.873718980956969E-012
  2.670000000000000E-002  6.873765193872069E-012
  2.672000000000000E-002  6.873405660031732E-012
  2.674000000000000E-002  6.872461939356887E-012
  2.676000000000000E-002  6.871094760667600E-012
  2.678000000000000E-002  6.869365588003494E-012
  2.680000000000000E-002  6.867172112831249E-012
  2.682000000000000E-002  6.864469199550979E-012
  2.684000000000000E-002  6.861278139663825E-012
  2.686000000000000E-002  6.857655949218688E-012
  2.688000000000000E-002  6.853679687689184E-012
  2.690000000000000E-002  6.849583560411910E-012
  2.692000000000000E-002  6.845939336562497E-012
  2.694000000000000E-002  6.842891810876349E-012
  2.696000000000000E-002  6.840369796426536E-012
  2.698000000000000E-002  6.838381542409898E-012
  2.700000000000000E-002  6.836839848060628E-012
  2.702000000000000E-002  6.835832344674966E-012
  2.704000000000000E-002  6.835430022536302E-012
  2.706000000000000E-002  6.835702437654172E-012
  2.708000000000000E-002  6.836817085070543E-012
  2.710000000000000E-002  6.838658216838528E-012
  2.712000000000000E-002  6.841241048457961E-012
  2.714000000000000E-002  6.844994123662479E-012
  2.716000000000000E-002  6.850328089877912E-012
  2.718000000000000E-002  6.857587316465659E-012
  2.720000000000000E-002  6.867259325003419E-012
  2.722000000000000E-002  6.879880015193625E-012
  2.724000000000000E-002  6.895862074350137E-012
  2.726000000000000E-002  6.915651789051428E-012
  2.728000000000000E-002  6.939643237974087E-012
  2.730000000000000E-002  6.967104191801084E-012
  2.732000000000000E-002  6.991669442873253E-012
  2.734000000000000E-002  7.010503655257533E-012
  2.736000000000000E-002  7.024573848556829E-012
  2.738000000000000E-002  7.034621851440317E-012
  2.740000000000000E-002  7.041275881694721E-012
  2.742000000000000E-002  7.045433739492781E-012
  2.744000000000000E-002  7.047977493335103E-012
  2.746000000000000E-002  7.049119325439858E-012
  2.748000000000000E-002  7.049210798117545E-012
  2.750000000000000E-002  7.048545530708880E-012
  2.752000000000000E-002  7.047526964393554E-012
  2.754000000000000E-002  7.045926864874921E-012
  2.756000000000000E-002  7.043341522967680E-012
  2.758000000000000E-002  7.039937566700531E-012
  2.760000000000000E-002  7.036287411165367E-012
  2.762000000000000E-002  7.032286380181351E-012
  2.764000000000000E-002  7.027682282566565E-012
  2.766000000000000E-002  7.022652631489139E-012
  2.768000000000000E-002  7.017241388327072E-012
  2.770000000000000E-002  7.011311263765075E-012
  2.772000000000000E-002  7.007988735419928E-012
  2.774000000000000E-002  7.007754671769791E-012
  2.776000000000000E-002  7.018161324081874E-012
  2.778000000000000E-002  7.068951438821552E-012
  2.780000000000000E-002  7.268137882140212E-012
  2.782000000000000E-002  7.996463483991858E-012
  2.784000000000000E-002  1.033027258326383E-011
  2.786000000000000E-002  1.292355333763044E-011
  2.788000000000000E-002  1.363323961768145E-011
  2.790000000000000E-002  1.374141836167874E-011
  2.792000000000000E-002  1.375548326536124E-011
  2.794000000000000E-002  1.375726613258993E-011
  2.796000000000000E-002  1.375749117953788E-011
  2.798000000000000E-002  1.375751955530411E-011
  2.800000000000000E-002  1.375752313071422E-011
  2.802000000000000E-002  1.375752358093685E-011
  2.804000000000000E-002  1.375752363759413E-011
  2.806000000000000E-002  1.375752364471958E-011
  2.808000000000000E-002  1.375752364561513E-011
  2.810000000000000E-002  1.375752364572762E-011
  2.812000000000000E-002  1.375752364574174E-011
  2.814000000000000E-002  1.375752364574351E-011
  2.816000000000000E-002  1.375752364574374E-011
  2.818000000000000E-002  1.375752364574377E-011
  2.820000000000000E-002  1.375752364574377E-011
  2.822000000000000E-002  1.375752364574377E-011
  2.824000000000000E-002  1.375752364574377E-011
  2.826000000000000E-002  1.375752364574377E-011
  2.828000000000000E-002  1.375752364574377E-011
  2.830000000000000E-002  1.375752364574377E-011
  2.832000000000000E-002  1.375752364574377E-011
  2.834000000000000E-002  1.375752364574377E-011
  2.836000000000000E-002  1.375752364574377E-011
  2.838000000000000E-002  1.375752364574377E-011
  2.840000000000000E-002  1.375752364574377E-011
  2.842000000000000E-002  1.375752364574377E-011
  2.844000000000000E-002  1.375752364574377E-011
  2.846000000000000E-002  1.375752364574377E-011
  2.848000000000000E-002  1.375752364574377E-011
  2.850000000000000E-002  1.375752364574377E-011
  2.852000000000000E-002  1.375752364574377E-011
  2.854000000000000E-002  1.375752364574377E-011
  2.856000000000000E-002  1.375752364574377E-011
  2.858000000000000E-002  1.375752364574377E-011
  2.860000000000000E-002  1.375752364574377E-011
  2.862000000000000E-002  1.375752364574377E-011
  2.864000000000000E-002  1.375752364574377E-011
  2.866000000000000E-002  1.375752364574377E-011
  2.868000000000000E-002  1.375752364574377E-011
  2.870000000000000E-002  1.375752364574377E-011
  2.872000000000000E-002  1.375752364574377E-011
  2.874000000000000E-002  1.375752364574377E-011
  2.876000000000000E-002  1.375752364574377E-011
  2.878000000000000E-002  1.375752364574377E-011
  2.880000000000000E-002  1.375752364574377E-011
  2.882000000000000E-002  1.375752364574377E-011
  2.884000000000000E-002  1.375752364574377E-011
  2.886000000000000E-002  1.375752364574377E-011
  2.888000000000000E-002  1.375752364574377E-011
  2.890000000000000E-002  1.375752364574377E-011
  2.892000000000000E-002  1.375752364574377E-011
  2.894000000000000E-002  1.375752364574377E-011
  2.896000000000000E-002  1.375752364574377E-011
  2.898000000000000E-002  1.375752364574377E-011
  2.900000000000000E-002  1.375752364574377E-011
  2.902000000000000E-002  1.375752364574377E-011
  2.904000000000000E-002  1.375752364574377E-011
  2.906000000000000E-002  1.375752364574377E-011
  2.908000000000000E-002  1.375752364574377E-011
  2.910000000000000E-002  1.375752364574377E-011
  2.912000000000000E-002  1.375752364574377E-011
  2.914000000000000E-002  1.375752364574377E-011
  2.916000000000000E-002  1.375752364574377E-011
  2.918000000000000E-002  1.375752364574377E-011
  2.920000000000000E-002  1.375752364574377E-011
  2.922000000000000E-002  1.375752364574377E-011
  2.924000000000000E-002  1.375752364574377E-011
  2.926000000000000E-002  1.375752364574377E-011
  2.928000000000000E-002  1.375752364574377E-011
  2.930000000000000E-002  1.375752364574377E-011
  2.932000000000000E-002  1.375752364574377E-011
  2.934000000000000E-002  1.375752364574377E-011
  2.936000000000000E-002  1.375752364574377E-011
  2.938000000000000E-002  1.375752364574377E-011
  2.940000000000000E-002  1.375752364574377E-011
  2.942000000000000E-002  1.375752364574377E-011
  2.944000000000000E-002  1.375752364574377E-011
  2.946000000000000E-002  1.375752364574377E-011
  2.948000000000000E-002  1.375752364574377E-011
  2.950000000000000E-002  1.375752364574377E-011
  2.952000000000000E-002  1.375752364574377E-011
  2.954000000000000E-002  1.375752364574377E-011
  2.956000000000000E-002  1.375752364574377E-011
  2.958000000000000E-002  1.375752364574377E-011
  2.960000000000000E-002  1.375752364574377E-011
  2.962000000000000E-002  1.375752364574377E-011
  2.964000000000000E-002  1.375752364574377E-011
  2.966000000000000E-002  1.375752364574377E-011
  2.968000000000000E-002  1.375752364574377E-011
  2.970000000000000E-002  1.375752364574377E-011
  2.972000000000000E-002  1.375752364574377E-011
  2.974000000000000E-002  1.375752364574377E-011
  2.976000000000000E-002  1.375752364574377E-011
  2.978000000000000E-002  1.375752364574377E-011
  2.980000000000000E-002  1.375752364574377E-011
  2.982000000000000E-002  1.375752364574377E-011
  2.984000000000000E-002  1.375752364574377E-011
  2.986000000000000E-002  1.375752364574377E-011
  2.988000000000000E-002  1.375752364574377E-011
  2.990000000000000E-002  1.375752364574377E-011
  2.992000000000000E-002  1.375752364574377E-011
  2.994000000000000E-002  1.375752364574377E-011
  2.996000000000000E-002  1.375752364574377E-011
  2.998000000000000E-002  1.375752364574377E-011
  3.000000000000000E-002  1.375752364574377E-011
  3.002000000000000E-002  1.375752364574377E-011
  3.004000000000000E-002  1.375752364574377E-011
  3.006000000000000E-002  1.375752364574377E-011
  3.008000000000000E-002  1.375752364574377E-011
  3.010000000000000E-002  1.375752364574377E-011
  3.012000000000000E-002  1.375752364574377E-011
  3.014000000000000E-002  1.375752364574377E-011
  3.016000000000000E-002  1.375752364574377E-011
  3.018000000000000E-002  1.375752364574377E-011
  3.020000000000000E-002  1.375752364574377E-011
  3.022000000000000E-002  1.375752364574377E-011
  3.024000000000000E-002  1.375752364574377E-011
  3.026000000000000E-002  1.375752364574377E-011
  3.028000000000000E-002  1.375752364574377E-011
  3.030000000000000E-002  1.375752364574377E-011
  3.032000000000000E-002  1.375752364574377E-011
  3.034000000000000E-002  1.375752364574377E-011
  3.036000000000000E-002  1.375752364574377E-011
  3.038000000000000E-002  1.375752364574377E-011
  3.040000000000000E-002  1.375752364574377E-011
  3.042000000000000E-002  1.375752364574377E-011
  3.044000000000000E-002  1.375752364574377E-011
  3.046000000000000E-002  1.375752364574377E-011
  3.048000000000000E-002  1.375752364574377E-011
  3.050000000000000E-002  1.375752364574377E-011
  3.052000000000000E-002  1.375752364574377E-011
  3.054000000000000E-002  1.375752364574377E-011
  3.056000000000000E-002  1.375752364574377E-011
  3.058000000000000E-002  1.375752364574377E-011
  3.060000000000000E-002  1.375752364574377E-011
  3.062000000000000E-002  1.375752364574377E-011
  3.064000000000000E-002  1.375752364574377E-011
  3.066000000000000E-002  1.375752364574377E-011
  3.068000000000000E-002  1.375752364574377E-011
  3.070000000000000E-002  1.375752364574377E-011
  3.072000000000000E-002  1.375752364574377E-011
  3.074000000000000E-002  1.375752364574377E-011
  3.076000000000000E-002  1.375752364574377E-011
  3.078000000000000E-002  1.375752364574377E-011
  3.080000000000000E-002  1.375752364574377E-011
  3.082000000000000E-002  1.375752364574377E-011
  3.084000000000000E-002  1.375752364574377E-011
  3.086000000000000E-002  1.375752364574377E-011
  3.088000000000000E-002  1.375752364574377E-011
  3.090000000000000E-002  1.375752364574377E-011
  3.092000000000000E-002  1.375752364574377E-011
  3.094000000000000E-002  1.375752364574377E-011
  3.096000000000000E-002  1.375752364574377E-011
  3.098000000000000E-002  1.375752364574377E-011
  3.100000000000000E-002  1.375752364574377E-011
  3.102000000000000E-002  1.375752364574377E-011
  3.104000000000000E-002  1.375752364574377E-011
  3.106000000000000E-002  1.375752364574377E-011
  3.108000000000000E-002  1.375752364574377E-011
  3.110000000000000E-002  1.375752364574377E-011
  3.112000000000000E-002  1.375752364574377E-011
  3.114000000000000E-002  1.375752364574377E-011
  3.116000000000000E-002  1.375752364574377E-011
  3.118000000000000E-002  1.375752364574377E-011
  3.120000000000000E-002  1.375752364574377E-011
  3.122000000000000E-002  1.375752364574377E-011
  3.124000000000000E-002  1.375752364574377E-011
  3.126000000000000E-002  1.375752364574377E-011
  3.128000000000000E-002  1.375752364574377E-011
  3.130000000000000E-002  1.375752364574377E-011
  3.132000000000000E-002  1.375752364574377E-011
  3.134000000000000E-002  1.375752364574377E-011
  3.136000000000001E-002  1.375752364574377E-011
  3.138000000000001E-002  1.375752364574377E-011
  3.140000000000000E-002  1.375752364574377E-011
  3.142000000000000E-002  1.375752364574377E-011
  3.144000000000000E-002  1.375752364574377E-011
  3.146000000000000E-002  1.375752364574377E-011
  3.148000000000000E-002  1.375752364574377E-011
  3.150000000000000E-002  1.375752364574377E-011
  3.152000000000000E-002  1.375752364574377E-011
  3.154000000000001E-002  1.375752364574377E-011
  3.156000000000000E-002  1.375752364574377E-011
  3.158000000000000E-002  1.375752364574377E-011
  3.160000000000000E-002  1.375752364574377E-011
  3.162000000000000E-002  1.375752364574377E-011
  3.164000000000000E-002  1.375752364574377E-011
  3.166000000000000E-002  1.375752364574377E-011
  3.168000000000000E-002  1.375752364574377E-011
  3.170000000000001E-002  1.375752364574377E-011
  3.172000000000001E-002  1.375752364574377E-011
  3.174000000000000E-002  1.375752364574377E-011
  3.176000000000000E-002  1.375752364574377E-011
  3.178000000000000E-002  1.375752364574377E-011
  3.180000000000000E-002  1.375752364574377E-011
  3.182000000000000E-002  1.375752364574377E-011
  3.184000000000000E-002  1.375752364574377E-011
  3.186000000000000E-002  1.375752364574377E-011
  3.188000000000001E-002  1.375752364574377E-011
  3.190000000000000E-002  1.375752364574377E-011
  3.192000000000000E-002  1.375752364574377E-011
  3.194000000000000E-002  1.375752364574377E-011
  3.196000000000000E-002  1.375752364574377E-011
  3.198000000000000E-002  1.375752364574377E-011
  3.200000000000000E-002  1.375752364574377E-011
  3.202000000000000E-002  1.375752364574377E-011
  3.204000000000001E-002  1.375752364574377E-011
  3.206000000000001E-002  1.375752364574377E-011
  3.208000000000000E-002  1.375752364574377E-011
  3.210000000000000E-002  1.375752364574377E-011
  3.212000000000000E-002  1.375752364574377E-011
  3.214000000000000E-002  1.375752364574377E-011
  3.216000000000000E-002  1.375752364574377E-011
  3.218000000000000E-002  1.375752364574377E-011
  3.220000000000000E-002  1.375752364574377E-011
  3.222000000000001E-002  1.375752364574377E-011
  3.224000000000000E-002  1.375752364574377E-011
  3.226000000000000E-002  1.375752364574377E-011
  3.228000000000000E-002  1.375752364574377E-011
  3.230000000000000E-002  1.375752364574377E-011
  3.232000000000000E-002  1.375752364574377E-011
  3.234000000000000E-002  1.375752364574377E-011
  3.236000000000000E-002  1.375752364574377E-011
  3.238000000000001E-002  1.375752364574377E-011
  3.240000000000001E-002  1.375752364574377E-011
  3.242000000000000E-002  1.375752364574377E-011
  3.244000000000000E-002  1.375752364574377E-011
  3.246000000000000E-002  1.375752364574377E-011
  3.248000000000000E-002  1.375752364574377E-011
  3.250000000000000E-002  1.375752364574377E-011
  3.252000000000000E-002  1.375752364574377E-011
  3.254000000000000E-002  1.375752364574377E-011
  3.256000000000001E-002  1.375752364574377E-011
  3.258000000000000E-002  1.375752364574377E-011
  3.260000000000000E-002  1.375752364574377E-011
  3.262000000000000E-002  1.375752364574377E-011
  3.264000000000000E-002  1.375752364574377E-011
  3.266000000000000E-002  1.375752364574377E-011
  3.268000000000000E-002  1.375752364574377E-011
  3.270000000000000E-002  1.375752364574377E-011
  3.272000000000001E-002  1.375752364574377E-011
  3.274000000000001E-002  1.375752364574377E-011
  3.276000000000000E-002  1.375752364574377E-011
  3.278000000000000E-002  1.375752364574377E-011
  3.280000000000000E-002  1.375752364574377E-011
  3.282000000000000E-002  1.375752364574377E-011
  3.284000000000000E-002  1.375752364574377E-011
  3.286000000000000E-002  1.375752364574377E-011
  3.288000000000000E-002  1.375752364574377E-011
  3.290000000000001E-002  1.375752364574377E-011
  3.292000000000000E-002  1.375752364574377E-011
  3.294000000000000E-002  1.375752364574377E-011
  3.296000000000000E-002  1.375752364574377E-011
  3.298000000000000E-002  1.375752364574377E-011
  3.300000000000000E-002  1.375752364574377E-011
  3.302000000000000E-002  1.375752364574377E-011
  3.304000000000000E-002  1.375752364574377E-011
  3.306000000000001E-002  1.375752364574377E-011
  3.308000000000001E-002  1.375752364574377E-011
  3.310000000000000E-002  1.375752364574377E-011
  3.312000000000000E-002  1.375752364574377E-011
  3.314000000000000E-002  1.375752364574377E-011
  3.316000000000000E-002  1.375752364574377E-011
  3.318000000000000E-002  1.375752364574377E-011
  3.320000000000000E-002  1.375752364574377E-011
  3.322000000000000E-002  1.375752364574377E-011
  3.324000000000001E-002  1.375752364574377E-011
  3.326000000000000E-002  1.375752364574377E-011
  3.328000000000000E-002  1.375752364574377E-011
  3.330000000000000E-002  1.375752364574377E-011
  3.332000000000000E-002  1.375752364574377E-011
  3.334000000000000E-002  1.375752364574377E-011
  3.336000000000000E-002  1.375752364574377E-011
  3.338000000000000E-002  1.375752364574377E-011
  3.340000000000001E-002  1.375752364574377E-011
  3.342000000000001E-002  1.375752364574377E-011
  3.344000000000000E-002  1.375752364574377E-011
  3.346000000000000E-002  1.375752364574377E-011
  3.348000000000000E-002  1.375752364574377E-011
  3.350000000000000E-002  1.375752364574377E-011
  3.352000000000000E-002  1.375752364574377E-011
  3.354000000000000E-002  1.375752364574377E-011
  3.356000000000000E-002  1.375752364574377E-011
  3.358000000000001E-002  1.375752364574377E-011
  3.360000000000000E-002  1.375752364574377E-011
  3.362000000000000E-002  1.375752364574377E-011
  3.364000000000000E-002  1.375752364574377E-011
  3.366000000000000E-002  1.375752364574377E-011
  3.368000000000000E-002  1.375752364574377E-011
  3.370000000000000E-002  1.375752364574377E-011
  3.372000000000000E-002  1.375752364574377E-011
  3.374000000000001E-002  1.375752364574377E-011
  3.376000000000001E-002  1.375752364574377E-011
  3.378000000000000E-002  1.375752364574377E-011
  3.380000000000000E-002  1.375752364574377E-011
  3.382000000000000E-002  1.375752364574377E-011
  3.384000000000000E-002  1.375752364574377E-011
  3.386000000000000E-002  1.375752364574377E-011
  3.388000000000000E-002  1.375752364574377E-011
  3.390000000000000E-002  1.375752364574377E-011
  3.392000000000001E-002  1.375752364574377E-011
  3.394000000000000E-002  1.375752364574377E-011
  3.396000000000000E-002  1.375752364574377E-011
  3.398000000000000E-002  1.375752364574377E-011
  3.400000000000000E-002  1.375752364574377E-011
  3.402000000000000E-002  1.375752364574377E-011
  3.404000000000000E-002  1.375752364574377E-011
  3.406000000000000E-002  1.375752364574377E-011
  3.408000000000001E-002  1.375752364574377E-011
  3.410000000000001E-002  1.375752364574377E-011
  3.412000000000000E-002  1.375752364574377E-011
  3.414000000000000E-002  1.375752364574377E-011
  3.416000000000000E-002  1.375752364574377E-011
  3.418000000000000E-002  1.375752364574377E-011
  3.420000000000000E-002  1.375752364574377E-011
  3.422000000000000E-002  1.375752364574377E-011
  3.424000000000000E-002  1.375752364574377E-011
  3.426000000000001E-002  1.375752364574377E-011
  3.428000000000000E-002  1.375752364574377E-011
  3.430000000000000E-002  1.375752364574377E-011
  3.432000000000000E-002  1.375752364574377E-011
  3.434000000000000E-002  1.375752364574377E-011
  3.436000000000000E-002  1.375752364574377E-011
  3.438000000000000E-002  1.375752364574377E-011
  3.440000000000000E-002  1.375752364574377E-011
  3.442000000000001E-002  1.375752364574377E-011
  3.444000000000001E-002  1.375752364574377E-011
  3.446000000000000E-002  1.375752364574377E-011
  3.448000000000000E-002  1.375752364574377E-011
  3.450000000000000E-002  1.375752364574377E-011
  3.452000000000000E-002  1.375752364574377E-011
  3.454000000000000E-002  1.375752364574377E-011
  3.456000000000000E-002  1.375752364574377E-011
  3.458000000000000E-002  1.375752364574377E-011
  3.460000000000001E-002  1.375752364574377E-011
  3.462000000000000E-002  1.375752364574377E-011
  3.464000000000000E-002  1.375752364574377E-011
  3.466000000000000E-002  1.375752364574377E-011
  3.468000000000000E-002  1.375752364574377E-011
  3.470000000000000E-002  1.375752364574377E-011
  3.472000000000000E-002  1.375752364574377E-011
  3.474000000000000E-002  1.375752364574377E-011
  3.476000000000001E-002  1.375752364574377E-011
  3.478000000000001E-002  1.375752364574377E-011
  3.480000000000000E-002  1.375752364574377E-011
  3.482000000000000E-002  1.375752364574377E-011
  3.484000000000000E-002  1.375752364574377E-011
  3.486000000000000E-002  1.375752364574377E-011
  3.488000000000000E-002  1.375752364574377E-011
  3.490000000000000E-002  1.375752364574377E-011
  3.492000000000000E-002  1.375752364574377E-011
  3.494000000000001E-002  1.375752364574377E-011
  3.496000000000000E-002  1.375752364574377E-011
  3.498000000000000E-002  1.375752364574377E-011
  3.500000000000000E-002  1.375752364574377E-011
  3.502000000000000E-002  1.375752364574377E-011
  3.504000000000000E-002  1.375752364574377E-011
  3.506000000000000E-002  1.375752364574377E-011
  3.508000000000000E-002  1.375752364574377E-011
  3.510000000000001E-002  1.375752364574377E-011
  3.512000000000001E-002  1.375752364574377E-011
  3.514000000000000E-002  1.375752364574377E-011
  3.516000000000000E-002  1.375752364574377E-011
  3.518000000000000E-002  1.375752364574377E-011
  3.520000000000000E-002  1.375752364574377E-011
  3.522000000000000E-002  1.375752364574377E-011
  3.524000000000000E-002  1.375752364574377E-011
  3.526000000000000E-002  1.375752364574377E-011
  3.528000000000001E-002  1.375752364574377E-011
  3.530000000000000E-002  1.375752364574377E-011
  3.532000000000000E-002  1.375752364574377E-011
  3.534000000000000E-002  1.375752364574377E-011
  3.536000000000000E-002  1.375752364574377E-011
  3.538000000000000E-002  1.375752364574377E-011
  3.540000000000000E-002  1.375752364574377E-011
  3.542000000000000E-002  1.375752364574377E-011
  3.544000000000001E-002  1.375752364574377E-011
  3.546000000000001E-002  1.375752364574377E-011
  3.548000000000000E-002  1.375752364574377E-011
  3.550000000000000E-002  1.375752364574377E-011
  3.552000000000000E-002  1.375752364574377E-011
  3.554000000000000E-002  1.375752364574377E-011
  3.556000000000000E-002  1.375752364574377E-011
  3.558000000000000E-002  1.375752364574377E-011
  3.560000000000000E-002  1.375752364574377E-011
  3.562000000000001E-002  1.375752364574377E-011
  3.564000000000001E-002  1.375752364574377E-011
  3.566000000000000E-002  1.375752364574377E-011
  3.568000000000000E-002  1.375752364574377E-011
  3.570000000000000E-002  1.375752364574377E-011
  3.572000000000000E-002  1.375752364574377E-011
  3.574000000000000E-002  1.375752364574377E-011
  3.576000000000000E-002  1.375752364574377E-011
  3.578000000000001E-002  1.375752364574377E-011
  3.580000000000001E-002  1.375752364574377E-011
  3.582000000000000E-002  1.375752364574377E-011
  3.584000000000000E-002  1.375752364574377E-011
  3.586000000000000E-002  1.375752364574377E-011
  3.588000000000000E-002  1.375752364574377E-011
  3.590000000000000E-002  1.375752364574377E-011
  3.592000000000000E-002  1.375752364574377E-011
  3.594000000000000E-002  1.375752364574377E-011
  3.596000000000001E-002  1.375752364574377E-011
  3.598000000000001E-002  1.375752364574377E-011
  3.600000000000000E-002  1.375752364574377E-011
  3.602000000000000E-002  1.375752364574377E-011
  3.604000000000000E-002  1.375752364574377E-011
  3.606000000000000E-002  1.375752364574377E-011
  3.608000000000000E-002  1.375752364574377E-011
  3.610000000000000E-002  1.375752364574377E-011
  3.612000000000001E-002  1.375752364574377E-011
  3.614000000000001E-002  1.375752364574377E-011
  3.616000000000000E-002  1.375752364574377E-011
  3.618000000000000E-002  1.375752364574377E-011
  3.620000000000000E-002  1.375752364574377E-011
  3.622000000000000E-002  1.375752364574377E-011
  3.624000000000000E-002  1.375752364574377E-011
  3.626000000000000E-002  1.375752364574377E-011
  3.628000000000000E-002  1.375752364574377E-011
  3.630000000000001E-002  1.375752364574377E-011
  3.632000000000001E-002  1.375752364574377E-011
  3.634000000000000E-002  1.375752364574377E-011
  3.636000000000000E-002  1.375752364574377E-011
  3.638000000000000E-002  1.375752364574377E-011
  3.640000000000000E-002  1.375752364574377E-011
  3.642000000000000E-002  1.375752364574377E-011
  3.644000000000000E-002  1.375752364574377E-011
  3.646000000000001E-002  1.375752364574377E-011
  3.648000000000001E-002  1.375752364574377E-011
  3.650000000000000E-002  1.375752364574377E-011
  3.652000000000000E-002  1.375752364574377E-011
  3.654000000000000E-002  1.375752364574377E-011
  3.656000000000000E-002  1.375752364574377E-011
  3.658000000000000E-002  1.375752364574377E-011
  3.660000000000000E-002  1.375752364574377E-011
  3.662000000000000E-002  1.375752364574377E-011
  3.664000000000001E-002  1.375752364574377E-011
  3.666000000000001E-002  1.375752364574377E-011
  3.668000000000000E-002  1.375752364574377E-011
  3.670000000000000E-002  1.375752364574377E-011
  3.672000000000000E-002  1.375752364574377E-011
  3.674000000000000E-002  1.375752364574377E-011
  3.676000000000000E-002  1.375752364574377E-011
  3.678000000000000E-002  1.375752364574377E-011
  3.680000000000001E-002  1.375752364574377E-011
  3.682000000000001E-002  1.375752364574377E-011
  3.684000000000000E-002  1.375752364574377E-011
  3.686000000000000E-002  1.375752364574377E-011
  3.688000000000000E-002  1.375752364574377E-011
  3.690000000000000E-002  1.375752364574377E-011
  3.692000000000000E-002  1.375752364574377E-011
  3.694000000000000E-002  1.375752364574377E-011
  3.696000000000000E-002  1.375752364574377E-011
  3.698000000000001E-002  1.375752364574377E-011
  3.700000000000001E-002  1.375752364574377E-011
  3.702000000000000E-002  1.375752364574377E-011
  3.704000000000000E-002  1.375752364574377E-011
  3.706000000000000E-002  1.375752364574377E-011
  3.708000000000000E-002  1.375752364574377E-011
  3.710000000000000E-002  1.375752364574377E-011
  3.712000000000000E-002  1.375752364574377E-011
  3.714000000000001E-002  1.375752364574377E-011
  3.716000000000001E-002  1.375752364574377E-011
  3.718000000000000E-002  1.375752364574377E-011
  3.720000000000000E-002  1.375752364574377E-011
  3.722000000000000E-002  1.375752364574377E-011
  3.724000000000000E-002  1.375752364574377E-011
  3.726000000000000E-002  1.375752364574377E-011
  3.728000000000000E-002  1.375752364574377E-011
  3.730000000000000E-002  1.375752364574377E-011
  3.732000000000001E-002  1.375752364574377E-011
  3.734000000000001E-002  1.375752364574377E-011
  3.736000000000000E-002  1.375752364574377E-011
  3.738000000000000E-002  1.375752364574377E-011
  3.740000000000000E-002  1.375752364574377E-011
  3.742000000000000E-002  1.375752364574377E-011
  3.744000000000000E-002  1.375752364574377E-011
  3.746000000000000E-002  1.375752364574377E-011
  3.748000000000001E-002  1.375752364574377E-011
  3.750000000000001E-002  1.375752364574377E-011
  3.752000000000000E-002  1.375752364574377E-011
  3.754000000000000E-002  1.375752364574377E-011
  3.756000000000000E-002  1.375752364574377E-011
  3.758000000000000E-002  1.375752364574377E-011
  3.760000000000000E-002  1.375752364574377E-011
  3.762000000000000E-002  1.375752364574377E-011
  3.764000000000000E-002  1.375752364574377E-011
  3.766000000000001E-002  1.375752364574377E-011
  3.768000000000001E-002  1.375752364574377E-011
  3.770000000000000E-002  1.375752364574377E-011
  3.772000000000000E-002  1.375752364574377E-011
  3.774000000000000E-002  1.375752364574377E-011
  3.776000000000000E-002  1.375752364574377E-011
  3.778000000000000E-002  1.375752364574377E-011
  3.780000000000000E-002  1.375752364574377E-011
  3.782000000000001E-002  1.375752364574377E-011
  3.784000000000001E-002  1.375752364574377E-011
  3.786000000000000E-002  1.375752364574377E-011
  3.788000000000000E-002  1.375752364574377E-011
  3.790000000000000E-002  1.375752364574377E-011
  3.792000000000000E-002  1.375752364574377E-011
  3.794000000000000E-002  1.375752364574377E-011
  3.796000000000000E-002  1.375752364574377E-011
  3.798000000000000E-002  1.375752364574377E-011
  3.800000000000001E-002  1.375752364574377E-011
  3.802000000000001E-002  1.375752364574377E-011
  3.804000000000000E-002  1.375752364574377E-011
  3.806000000000000E-002  1.375752364574377E-011
  3.808000000000000E-002  1.375752364574377E-011
  3.810000000000000E-002  1.375752364574377E-011
  3.812000000000000E-002  1.375752364574377E-011
  3.814000000000000E-002  1.375752364574377E-011
  3.816000000000001E-002  1.375752364574377E-011
  3.818000000000001E-002  1.375752364574377E-011
  3.820000000000000E-002  1.375752364574377E-011
  3.822000000000000E-002  1.375752364574377E-011
  3.824000000000000E-002  1.375752364574377E-011
  3.826000000000000E-002  1.375752364574377E-011
  3.828000000000000E-002  1.375752364574377E-011
  3.830000000000000E-002  1.375752364574377E-011
  3.832000000000000E-002  1.375752364574377E-011
  3.834000000000001E-002  1.375752364574377E-011
  3.836000000000001E-002  1.375752364574377E-011
  3.838000000000000E-002  1.375752364574377E-011
  3.840000000000000E-002  1.375752364574377E-011
  3.842000000000000E-002  1.375752364574377E-011
  3.844000000000000E-002  1.375752364574377E-011
  3.846000000000000E-002  1.375752364574377E-011
  3.848000000000000E-002  1.375752364574377E-011
  3.850000000000001E-002  1.375752364574377E-011
  3.852000000000001E-002  1.375752364574377E-011
  3.854000000000000E-002  1.375752364574377E-011
  3.856000000000000E-002  1.375752364574377E-011
  3.858000000000000E-002  1.375752364574377E-011
  3.860000000000000E-002  1.375752364574377E-011
  3.862000000000000E-002  1.375752364574377E-011
  3.864000000000000E-002  1.375752364574377E-011
  3.866000000000000E-002  1.375752364574377E-011
  3.868000000000001E-002  1.375752364574377E-011
  3.870000000000001E-002  1.375752364574377E-011
  3.872000000000000E-002  1.375752364574377E-011
  3.874000000000000E-002  1.375752364574377E-011
  3.876000000000000E-002  1.375752364574377E-011
  3.878000000000000E-002  1.375752364574377E-011
  3.880000000000000E-002  1.375752364574377E-011
  3.882000000000000E-002  1.375752364574377E-011
  3.884000000000001E-002  1.375752364574377E-011
  3.886000000000001E-002  1.375752364574377E-011
  3.888000000000000E-002  1.375752364574377E-011
  3.890000000000000E-002  1.375752364574377E-011
  3.892000000000000E-002  1.375752364574377E-011
  3.894000000000000E-002  1.375752364574377E-011
  3.896000000000000E-002  1.375752364574377E-011
  3.898000000000000E-002  1.375752364574377E-011
  3.900000000000000E-002  1.375752364574377E-011
  3.902000000000001E-002  1.375752364574377E-011
  3.904000000000001E-002  1.375752364574377E-011
  3.906000000000000E-002  1.375752364574377E-011
  3.908000000000000E-002  1.375752364574377E-011
  3.910000000000000E-002  1.375752364574377E-011
  3.912000000000000E-002  1.375752364574377E-011
  3.914000000000000E-002  1.375752364574377E-011
  3.916000000000000E-002  1.375752364574377E-011
  3.918000000000001E-002  1.375752364574377E-011
  3.920000000000001E-002  1.375752364574377E-011
  3.922000000000000E-002  1.375752364574377E-011
  3.924000000000000E-002  1.375752364574377E-011
  3.926000000000000E-002  1.375752364574377E-011
  3.928000000000000E-002  1.375752364574377E-011
  3.930000000000000E-002  1.375752364574377E-011
  3.932000000000000E-002  1.375752364574377E-011
  3.934000000000000E-002  1.375752364574377E-011
  3.936000000000001E-002  1.375752364574377E-011
  3.938000000000001E-002  1.375752364574377E-011
  3.940000000000000E-002  1.375752364574377E-011
  3.942000000000000E-002  1.375752364574377E-011
  3.944000000000000E-002  1.375752364574377E-011
  3.946000000000000E-002  1.375752364574377E-011
  3.948000000000000E-002  1.375752364574377E-011
  3.950000000000000E-002  1.375752364574377E-011
  3.952000000000001E-002  1.375752364574377E-011
  3.954000000000001E-002  1.375752364574377E-011
  3.956000000000000E-002  1.375752364574377E-011
  3.958000000000000E-002  1.375752364574377E-011
  3.960000000000000E-002  1.375752364574377E-011
  3.962000000000000E-002  1.375752364574377E-011
  3.964000000000000E-002  1.375752364574377E-011
  3.966000000000000E-002  1.375752364574377E-011
  3.968000000000000E-002  1.375752364574377E-011
  3.970000000000001E-002  1.375752364574377E-011
  3.972000000000001E-002  1.375752364574377E-011
  3.974000000000000E-002  1.375752364574377E-011
  3.976000000000000E-002  1.375752364574377E-011
  3.978000000000000E-002  1.375752364574377E-011
  3.980000000000000E-002  1.375752364574377E-011
  3.982000000000000E-002  1.375752364574377E-011
  3.984000000000000E-002  1.375752364574377E-011
  3.986000000000001E-002  1.375752364574377E-011
  3.988000000000001E-002  1.375752364574377E-011
  3.990000000000000E-002  1.375752364574377E-011
  3.992000000000000E-002  1.375752364574377E-011
  3.994000000000000E-002  1.375752364574377E-011
  3.996000000000000E-002  1.375752364574377E-011
  3.998000000000000E-002  1.375752364574377E-011
  4.000000000000000E-002  1.375754016018804E-011
