  0.000000000000000E+000  6.118102317530011E-012
  2.000000000000000E-005  6.279561856050746E-012
  4.000000000000000E-005  6.292498646461046E-012
  6.000000000000001E-005  6.296190167878172E-012
  8.000000000000001E-005  6.299853235772071E-012
  1.000000000000000E-004  6.303497520848661E-012
  1.200000000000000E-004  6.307123872198893E-012
  1.400000000000000E-004  6.310733034279550E-012
  1.600000000000000E-004  6.314325621892882E-012
  1.800000000000000E-004  6.317902066582230E-012
  2.000000000000000E-004  6.321462666444340E-012
  2.200000000000000E-004  6.325007677649376E-012
  2.400000000000000E-004  6.328537301021392E-012
  2.600000000000000E-004  6.332051583844011E-012
  2.800000000000000E-004  6.335550409238150E-012
  3.000000000000000E-004  6.339033576855908E-012
  3.200000000000000E-004  6.342500916744709E-012
  3.400000000000000E-004  6.345952241672392E-012
  3.600000000000000E-004  6.349387289782477E-012
  3.800000000000000E-004  6.352805669290901E-012
  4.000000000000000E-004  6.356207094334384E-012
  4.200000000000000E-004  6.359591480875635E-012
  4.400000000000000E-004  6.362958971929957E-012
  4.600000000000000E-004  6.366309950575104E-012
  4.800000000000001E-004  6.369645013008415E-012
  5.000000000000000E-004  6.372964955935556E-012
  5.200000000000001E-004  6.376270771126425E-012
  5.400000000000000E-004  6.379563611167621E-012
  5.600000000000001E-004  6.382844760356694E-012
  5.800000000000000E-004  6.386115534975806E-012
  6.000000000000001E-004  6.389377264194968E-012
  6.200000000000000E-004  6.392631190946996E-012
  6.400000000000001E-004  6.395878572003360E-012
  6.600000000000001E-004  6.399120460150739E-012
  6.800000000000000E-004  6.402357694998577E-012
  7.000000000000001E-004  6.405590866585113E-012
  7.200000000000000E-004  6.408820412374908E-012
  7.400000000000001E-004  6.412046691270766E-012
  7.600000000000000E-004  6.415269995813265E-012
  7.800000000000001E-004  6.418490670754626E-012
  8.000000000000000E-004  6.421708929449813E-012
  8.200000000000001E-004  6.424925102013088E-012
  8.400000000000000E-004  6.428139378305769E-012
  8.600000000000001E-004  6.431352133031276E-012
  8.800000000000000E-004  6.434563809357074E-012
  9.000000000000001E-004  6.437775051714619E-012
  9.200000000000000E-004  6.440986559565842E-012
  9.400000000000001E-004  6.444199403882241E-012
  9.600000000000001E-004  6.447414514503754E-012
  9.800000000000002E-004  6.450631679660295E-012
  1.000000000000000E-003  6.453848701655164E-012
  1.020000000000000E-003  6.457064569440903E-012
  1.040000000000000E-003  6.460278964942334E-012
  1.060000000000000E-003  6.463492398849025E-012
  1.080000000000000E-003  6.466706078906881E-012
  1.100000000000000E-003  6.469923153397430E-012
  1.120000000000000E-003  6.473145970239936E-012
  1.140000000000000E-003  6.476378744152180E-012
  1.160000000000000E-003  6.479625477324149E-012
  1.180000000000000E-003  6.482890136435127E-012
  1.200000000000000E-003  6.486177105365665E-012
  1.220000000000000E-003  6.489490526383868E-012
  1.240000000000000E-003  6.492833633671772E-012
  1.260000000000000E-003  6.496208203539123E-012
  1.280000000000000E-003  6.499614193068240E-012
  1.300000000000000E-003  6.503050488458835E-012
  1.320000000000000E-003  6.506516633984848E-012
  1.340000000000000E-003  6.510013692196843E-012
  1.360000000000000E-003  6.513542973852336E-012
  1.380000000000000E-003  6.517105089772147E-012
  1.400000000000000E-003  6.520700398062063E-012
  1.420000000000000E-003  6.524330613830946E-012
  1.440000000000000E-003  6.528005073753054E-012
  1.460000000000000E-003  6.531739168837195E-012
  1.480000000000000E-003  6.535504405251819E-012
  1.500000000000000E-003  6.539298019483046E-012
  1.520000000000000E-003  6.543134250807166E-012
  1.540000000000000E-003  6.547011675978225E-012
  1.560000000000000E-003  6.550915838812709E-012
  1.580000000000000E-003  6.554851467518265E-012
  1.600000000000000E-003  6.558822679178836E-012
  1.620000000000000E-003  6.562831278577440E-012
  1.640000000000000E-003  6.566877315445566E-012
  1.660000000000000E-003  6.570960119345193E-012
  1.680000000000000E-003  6.575078982148048E-012
  1.700000000000000E-003  6.579233304261147E-012
  1.720000000000000E-003  6.583422407036662E-012
  1.740000000000000E-003  6.587645228277751E-012
  1.760000000000000E-003  6.591900165873533E-012
  1.780000000000000E-003  6.596185349496275E-012
  1.800000000000000E-003  6.600499283444730E-012
  1.820000000000000E-003  6.604840825154187E-012
  1.840000000000000E-003  6.609189286116086E-012
  1.860000000000000E-003  6.613517848116423E-012
  1.880000000000000E-003  6.617818473417349E-012
  1.900000000000000E-003  6.622090590397396E-012
  1.920000000000000E-003  6.626334659669106E-012
  1.940000000000000E-003  6.630551820767533E-012
  1.960000000000000E-003  6.634743665091187E-012
  1.980000000000000E-003  6.638911963162323E-012
  2.000000000000000E-003  6.643058395397744E-012
  2.020000000000000E-003  6.647184409211593E-012
  2.040000000000000E-003  6.651291194586298E-012
  2.060000000000000E-003  6.655379726894920E-012
  2.080000000000000E-003  6.659450839580862E-012
  2.100000000000000E-003  6.663505308359464E-012
  2.120000000000000E-003  6.667543935385684E-012
  2.140000000000000E-003  6.671567597720860E-012
  2.160000000000000E-003  6.675577240227828E-012
  2.180000000000000E-003  6.679573832921461E-012
  2.200000000000000E-003  6.683558319772696E-012
  2.220000000000000E-003  6.687531578489748E-012
  2.240000000000000E-003  6.691494337144855E-012
  2.260000000000000E-003  6.695447180954391E-012
  2.280000000000000E-003  6.699390565184802E-012
  2.300000000000000E-003  6.703325117830623E-012
  2.320000000000000E-003  6.707251680317134E-012
  2.340000000000000E-003  6.711171202243874E-012
  2.360000000000000E-003  6.715084724102425E-012
  2.380000000000000E-003  6.718993419135077E-012
  2.400000000000000E-003  6.722898622310834E-012
  2.420000000000000E-003  6.726801744241970E-012
  2.440000000000000E-003  6.730704135947090E-012
  2.460000000000000E-003  6.734606735218111E-012
  2.480000000000000E-003  6.738510443886858E-012
  2.500000000000000E-003  6.742416138527572E-012
  2.520000000000000E-003  6.746324569625249E-012
  2.540000000000000E-003  6.750236438491793E-012
  2.560000000000000E-003  6.754152304651054E-012
  2.580000000000000E-003  6.758072519702212E-012
  2.600000000000000E-003  6.761997214157302E-012
  2.620000000000000E-003  6.765926356255573E-012
  2.640000000000000E-003  6.769859683946729E-012
  2.660000000000000E-003  6.773796510797960E-012
  2.680000000000000E-003  6.777735948088295E-012
  2.700000000000000E-003  6.781676435798957E-012
  2.720000000000000E-003  6.785615563560480E-012
  2.740000000000000E-003  6.789549876202705E-012
  2.760000000000000E-003  6.793474992169564E-012
  2.780000000000000E-003  6.797385876404196E-012
  2.800000000000000E-003  6.801277228570544E-012
  2.820000000000000E-003  6.805143290801357E-012
  2.840000000000000E-003  6.808979584836161E-012
  2.860000000000000E-003  6.812782948583935E-012
  2.880000000000000E-003  6.816551477631973E-012
  2.900000000000000E-003  6.820284015047350E-012
  2.920000000000000E-003  6.823979702692796E-012
  2.940000000000000E-003  6.827637974504057E-012
  2.960000000000000E-003  6.831258428021169E-012
  2.980000000000000E-003  6.834840591097496E-012
  3.000000000000000E-003  6.838383970205171E-012
  3.020000000000000E-003  6.841887909138418E-012
  3.040000000000000E-003  6.845351462669031E-012
  3.060000000000000E-003  6.848775533666096E-012
  3.080000000000000E-003  6.852163250815424E-012
  3.100000000000000E-003  6.855521739293999E-012
  3.120000000000000E-003  6.858859481228505E-012
  3.140000000000000E-003  6.862178707932658E-012
  3.160000000000000E-003  6.865480880643182E-012
  3.180000000000000E-003  6.868771398972691E-012
  3.200000000000000E-003  6.872131900992030E-012
  3.220000000000000E-003  6.875802547986840E-012
  3.240000000000000E-003  6.878895751849433E-012
  3.260000000000000E-003  6.879566347872796E-012
  3.280000000000000E-003  6.868775308875243E-012
  3.300000000000000E-003  6.773127422028861E-012
  3.320000000000000E-003  6.469002077919902E-012
  3.340000000000000E-003  6.275711258402815E-012
  3.360000000000000E-003  6.225009395560747E-012
  3.380000000000000E-003  6.217512505658447E-012
  3.400000000000000E-003  6.220316017502659E-012
  3.420000000000000E-003  6.228806468069572E-012
  3.440000000000000E-003  6.235605558075830E-012
  3.460000000000000E-003  6.241297315880815E-012
  3.480000000000000E-003  6.246683089221344E-012
  3.500000000000000E-003  6.252098430060486E-012
  3.520000000000000E-003  6.257420807107244E-012
  3.540000000000000E-003  6.262588144611274E-012
  3.560000000000000E-003  6.267629646102000E-012
  3.580000000000000E-003  6.272533019036351E-012
  3.600000000000000E-003  6.277431459600024E-012
  3.620000000000000E-003  6.282367641112946E-012
  3.640000000000000E-003  6.287202039638116E-012
  3.660000000000000E-003  6.292041307185465E-012
  3.680000000000000E-003  6.296858011621651E-012
  3.700000000000000E-003  6.301640637195540E-012
  3.720000000000000E-003  6.306403914428209E-012
  3.740000000000000E-003  6.311057616383996E-012
  3.760000000000000E-003  6.315523331288719E-012
  3.780000000000000E-003  6.319746051309997E-012
  3.800000000000000E-003  6.323711608860441E-012
  3.820000000000000E-003  6.327327202949665E-012
  3.840000000000001E-003  6.330446074657001E-012
  3.860000000000000E-003  6.332871139028706E-012
  3.880000000000000E-003  6.334516734950328E-012
  3.900000000000000E-003  6.335410834457068E-012
  3.920000000000001E-003  6.335787158306742E-012
  3.940000000000000E-003  6.335110666937156E-012
  3.960000000000000E-003  6.331966197727421E-012
  3.980000000000000E-003  6.323763896585745E-012
  4.000000000000000E-003  6.306771132746057E-012
  4.020000000000000E-003  6.278620914560630E-012
  4.040000000000000E-003  6.252949715893221E-012
  4.060000000000000E-003  6.236592279439197E-012
  4.080000000000000E-003  6.227369156398189E-012
  4.100000000000000E-003  6.222653520193427E-012
  4.120000000000000E-003  6.220324334754700E-012
  4.140000000000000E-003  6.219025138975221E-012
  4.160000000000001E-003  6.217998854906713E-012
  4.180000000000001E-003  6.216837105550360E-012
  4.200000000000001E-003  6.214679706056353E-012
  4.220000000000001E-003  6.210108957773441E-012
  4.240000000000001E-003  6.200960701385473E-012
  4.260000000000001E-003  6.184411885964078E-012
  4.280000000000000E-003  6.157744382521808E-012
  4.300000000000000E-003  6.124632123364636E-012
  4.320000000000000E-003  6.098305762943037E-012
  4.340000000000000E-003  6.080208397762189E-012
  4.360000000000000E-003  6.068021593178731E-012
  4.380000000000000E-003  6.059836119138204E-012
  4.400000000000000E-003  6.054312843615580E-012
  4.420000000000000E-003  6.050594216068393E-012
  4.440000000000000E-003  6.048167933348905E-012
  4.460000000000000E-003  6.046714006551704E-012
  4.480000000000000E-003  6.046030404828116E-012
  4.500000000000001E-003  6.046007408485003E-012
  4.520000000000001E-003  6.046747148603470E-012
  4.540000000000001E-003  6.048531467989025E-012
  4.560000000000001E-003  6.051019699608114E-012
  4.580000000000001E-003  6.053899484191707E-012
  4.600000000000001E-003  6.057018790382344E-012
  4.620000000000000E-003  6.060333475331648E-012
  4.640000000000000E-003  6.063845176542255E-012
  4.660000000000000E-003  6.067527378727818E-012
  4.680000000000000E-003  6.071331554285646E-012
  4.700000000000000E-003  6.075216701043568E-012
  4.720000000000000E-003  6.079161030575055E-012
  4.740000000000000E-003  6.083158937910417E-012
  4.760000000000000E-003  6.087210192154109E-012
  4.780000000000000E-003  6.091314300240707E-012
  4.800000000000000E-003  6.095469497034395E-012
  4.820000000000000E-003  6.099674325741522E-012
  4.840000000000001E-003  6.103926312405242E-012
  4.860000000000001E-003  6.108222971868548E-012
  4.880000000000001E-003  6.112563114659514E-012
  4.900000000000001E-003  6.116942641007561E-012
  4.920000000000001E-003  6.121344494614614E-012
  4.940000000000001E-003  6.125762524811396E-012
  4.960000000000000E-003  6.130192105809172E-012
  4.980000000000000E-003  6.134622653560834E-012
  5.000000000000000E-003  6.139048072374799E-012
  5.020000000000000E-003  6.143465684583998E-012
  5.040000000000000E-003  6.147871308523995E-012
  5.060000000000000E-003  6.152260032185893E-012
  5.080000000000000E-003  6.156626122160703E-012
  5.100000000000000E-003  6.160965012667482E-012
  5.120000000000000E-003  6.165273801608565E-012
  5.140000000000000E-003  6.169555213957243E-012
  5.160000000000001E-003  6.173823756896515E-012
  5.180000000000001E-003  6.178098201217229E-012
  5.200000000000001E-003  6.182382608411412E-012
  5.220000000000001E-003  6.186675807140804E-012
  5.240000000000001E-003  6.190967879533319E-012
  5.260000000000001E-003  6.195237878581309E-012
  5.280000000000001E-003  6.199469920660379E-012
  5.300000000000000E-003  6.203651253892167E-012
  5.320000000000000E-003  6.207772303775481E-012
  5.340000000000000E-003  6.211830986965562E-012
  5.360000000000000E-003  6.215833404804436E-012
  5.380000000000000E-003  6.219785041934481E-012
  5.400000000000000E-003  6.223705537760894E-012
  5.420000000000000E-003  6.227625177246117E-012
  5.440000000000000E-003  6.231508427921394E-012
  5.460000000000000E-003  6.235301744859517E-012
  5.480000000000000E-003  6.238891997915411E-012
  5.500000000000001E-003  6.242177703128242E-012
  5.520000000000001E-003  6.245039192471327E-012
  5.540000000000001E-003  6.247409157770354E-012
  5.560000000000001E-003  6.249081821547610E-012
  5.580000000000001E-003  6.249974809296996E-012
  5.600000000000001E-003  6.250247414031114E-012
  5.620000000000001E-003  6.249747938818034E-012
  5.640000000000000E-003  6.248125513682805E-012
  5.660000000000000E-003  6.244694011249065E-012
  5.680000000000000E-003  6.238688366150334E-012
  5.700000000000000E-003  6.229341184450662E-012
  5.720000000000000E-003  6.217271832158188E-012
  5.740000000000000E-003  6.206948194823379E-012
  5.760000000000000E-003  6.199737515245183E-012
  5.780000000000000E-003  6.195074154149081E-012
  5.800000000000000E-003  6.192286673728141E-012
  5.820000000000001E-003  6.190766205945756E-012
  5.840000000000001E-003  6.190057575730593E-012
  5.860000000000001E-003  6.189913826001290E-012
  5.880000000000001E-003  6.190513165488782E-012
  5.900000000000001E-003  6.192145146304245E-012
  5.920000000000001E-003  6.194397182228210E-012
  5.940000000000001E-003  6.196807088318162E-012
  5.960000000000001E-003  6.199161429393954E-012
  5.980000000000000E-003  6.201425065122259E-012
  6.000000000000000E-003  6.203591415592504E-012
  6.020000000000000E-003  6.205656828355626E-012
  6.040000000000000E-003  6.207622963174715E-012
  6.060000000000000E-003  6.209493829697642E-012
  6.080000000000000E-003  6.211269063931645E-012
  6.100000000000000E-003  6.212941639548649E-012
  6.120000000000000E-003  6.214489813004843E-012
  6.140000000000000E-003  6.215880243079691E-012
  6.160000000000001E-003  6.217072815103340E-012
  6.180000000000001E-003  6.218020326356236E-012
  6.200000000000001E-003  6.218714927089453E-012
  6.220000000000001E-003  6.219149382160637E-012
  6.240000000000001E-003  6.219396123854734E-012
  6.260000000000001E-003  6.219424993044627E-012
  6.280000000000001E-003  6.219315811709497E-012
  6.300000000000001E-003  6.219047460858624E-012
  6.320000000000000E-003  6.218569907592679E-012
  6.340000000000000E-003  6.217861497455294E-012
  6.360000000000000E-003  6.216858454628773E-012
  6.380000000000000E-003  6.215867101568790E-012
  6.400000000000000E-003  6.215268416083497E-012
  6.420000000000000E-003  6.215122897349670E-012
  6.440000000000000E-003  6.215263040440605E-012
  6.460000000000000E-003  6.215575946909856E-012
  6.480000000000001E-003  6.216169539442642E-012
  6.500000000000001E-003  6.217039512169254E-012
  6.520000000000001E-003  6.218277757701244E-012
  6.540000000000001E-003  6.220017061693783E-012
  6.560000000000001E-003  6.222353438727395E-012
  6.580000000000001E-003  6.225284576781146E-012
  6.600000000000001E-003  6.228728889577244E-012
  6.620000000000001E-003  6.232630345290012E-012
  6.640000000000001E-003  6.236914930163977E-012
  6.660000000000000E-003  6.241528810500197E-012
  6.680000000000000E-003  6.246388801284803E-012
  6.700000000000000E-003  6.251423695523625E-012
  6.720000000000000E-003  6.256579392783812E-012
  6.740000000000000E-003  6.261814022464392E-012
  6.760000000000000E-003  6.267116156511467E-012
  6.780000000000000E-003  6.272462490749778E-012
  6.800000000000000E-003  6.277851559413721E-012
  6.820000000000001E-003  6.283275355977443E-012
  6.840000000000001E-003  6.288682258585624E-012
  6.860000000000001E-003  6.294068383235583E-012
  6.880000000000001E-003  6.299423990126421E-012
  6.900000000000001E-003  6.304738875059961E-012
  6.920000000000001E-003  6.309994208656396E-012
  6.940000000000001E-003  6.315148956414824E-012
  6.960000000000001E-003  6.320125407991155E-012
  6.980000000000001E-003  6.324802656943481E-012
  7.000000000000000E-003  6.329019978354802E-012
  7.020000000000000E-003  6.332618580849164E-012
  7.040000000000000E-003  6.335545898389877E-012
  7.060000000000000E-003  6.337666999407641E-012
  7.080000000000000E-003  6.338634150622205E-012
  7.100000000000000E-003  6.338306954698422E-012
  7.120000000000000E-003  6.336742441685656E-012
  7.140000000000001E-003  6.333166053884972E-012
  7.160000000000001E-003  6.326857086404322E-012
  7.180000000000001E-003  6.317027739248452E-012
  7.200000000000001E-003  6.302873993630639E-012
  7.220000000000001E-003  6.284381642486001E-012
  7.240000000000001E-003  6.266863976355761E-012
  7.260000000000001E-003  6.253120275139339E-012
  7.280000000000001E-003  6.242860665149668E-012
  7.300000000000001E-003  6.235520258547148E-012
  7.320000000000001E-003  6.230530128524708E-012
  7.340000000000000E-003  6.227363098332358E-012
  7.360000000000000E-003  6.225572620209170E-012
  7.380000000000000E-003  6.224819788852439E-012
  7.400000000000000E-003  6.224925950778786E-012
  7.420000000000000E-003  6.225633789330859E-012
  7.440000000000000E-003  6.226926299305121E-012
  7.460000000000000E-003  6.228806168301171E-012
  7.480000000000001E-003  6.230983096608746E-012
  7.500000000000001E-003  6.233217541774795E-012
  7.520000000000001E-003  6.235379808562615E-012
  7.540000000000001E-003  6.237427993427132E-012
  7.560000000000001E-003  6.239351451733639E-012
  7.580000000000001E-003  6.241136564501405E-012
  7.600000000000001E-003  6.242779746068164E-012
  7.620000000000001E-003  6.244310284070007E-012
  7.640000000000001E-003  6.245775028251508E-012
  7.660000000000001E-003  6.247182998591404E-012
  7.680000000000001E-003  6.248512836434814E-012
  7.700000000000000E-003  6.249709275475512E-012
  7.720000000000000E-003  6.250724520239851E-012
  7.740000000000000E-003  6.251506741921845E-012
  7.760000000000000E-003  6.252045944890957E-012
  7.780000000000000E-003  6.252413070117055E-012
  7.800000000000001E-003  6.252552538443741E-012
  7.820000000000001E-003  6.252517467064246E-012
  7.840000000000001E-003  6.252360480524870E-012
  7.860000000000001E-003  6.251980719811358E-012
  7.880000000000000E-003  6.251384472431070E-012
  7.900000000000001E-003  6.250595152219054E-012
  7.920000000000000E-003  6.249604480812194E-012
  7.940000000000001E-003  6.248400517251324E-012
  7.960000000000000E-003  6.246955299873212E-012
  7.980000000000001E-003  6.245251268604427E-012
  8.000000000000000E-003  6.243571167157513E-012
  8.020000000000001E-003  6.242101728603646E-012
  8.040000000000000E-003  6.240889329929908E-012
  8.060000000000001E-003  6.239931620621841E-012
  8.080000000000000E-003  6.239203242583897E-012
  8.100000000000001E-003  6.238657012827214E-012
  8.120000000000000E-003  6.238257886114342E-012
  8.140000000000001E-003  6.237959734481698E-012
  8.160000000000001E-003  6.237768711025637E-012
  8.180000000000002E-003  6.237728377364817E-012
  8.200000000000001E-003  6.237859632181544E-012
  8.220000000000000E-003  6.238163634050354E-012
  8.240000000000001E-003  6.238530478093668E-012
  8.260000000000000E-003  6.238905039141417E-012
  8.280000000000001E-003  6.239239869502129E-012
  8.300000000000000E-003  6.239506370408468E-012
  8.320000000000001E-003  6.239627921038895E-012
  8.340000000000000E-003  6.239525012295865E-012
  8.360000000000001E-003  6.239204209235698E-012
  8.380000000000000E-003  6.238576997293644E-012
  8.400000000000001E-003  6.237742216136054E-012
  8.420000000000000E-003  6.236871521806915E-012
  8.440000000000001E-003  6.235964097850198E-012
  8.460000000000001E-003  6.234993670257490E-012
  8.480000000000001E-003  6.233930727961584E-012
  8.500000000000001E-003  6.232756955109528E-012
  8.520000000000002E-003  6.231437765020889E-012
  8.540000000000001E-003  6.229825401508660E-012
  8.560000000000000E-003  6.227884501386045E-012
  8.580000000000001E-003  6.225569416231985E-012
  8.600000000000000E-003  6.222775611728336E-012
  8.620000000000001E-003  6.219376154322927E-012
  8.640000000000000E-003  6.215201958756364E-012
  8.660000000000001E-003  6.210004989689596E-012
  8.680000000000000E-003  6.203827552351010E-012
  8.700000000000001E-003  6.198075307054685E-012
  8.720000000000000E-003  6.193467144683096E-012
  8.740000000000001E-003  6.189836873148802E-012
  8.760000000000000E-003  6.187000784852812E-012
  8.780000000000001E-003  6.184798611096573E-012
  8.800000000000001E-003  6.183121407547435E-012
  8.820000000000001E-003  6.181889315883943E-012
  8.840000000000001E-003  6.181037953626785E-012
  8.860000000000002E-003  6.180540519866356E-012
  8.880000000000001E-003  6.180356501604073E-012
  8.900000000000000E-003  6.180450367153096E-012
  8.920000000000001E-003  6.180770286202636E-012
  8.940000000000000E-003  6.181304100461953E-012
  8.960000000000001E-003  6.182032564951819E-012
  8.980000000000000E-003  6.182936187036564E-012
  9.000000000000001E-003  6.183983868788368E-012
  9.020000000000000E-003  6.185145508028292E-012
  9.040000000000001E-003  6.186401017027595E-012
  9.060000000000000E-003  6.187756470883559E-012
  9.080000000000001E-003  6.189217705662646E-012
  9.100000000000000E-003  6.190779612056612E-012
  9.120000000000001E-003  6.192440876197263E-012
  9.140000000000001E-003  6.194200165550979E-012
  9.160000000000001E-003  6.196056291743256E-012
  9.180000000000001E-003  6.197996242344823E-012
  9.200000000000002E-003  6.200007615455882E-012
  9.220000000000001E-003  6.202072115780154E-012
  9.240000000000000E-003  6.204169212120329E-012
  9.260000000000001E-003  6.206281734893137E-012
  9.280000000000000E-003  6.208386711226931E-012
  9.300000000000001E-003  6.210482342961651E-012
  9.320000000000000E-003  6.212565683525934E-012
  9.340000000000001E-003  6.214647561719042E-012
  9.360000000000000E-003  6.216726447833567E-012
  9.380000000000001E-003  6.218818052031554E-012
  9.400000000000000E-003  6.220925071931690E-012
  9.420000000000001E-003  6.223049954031788E-012
  9.440000000000000E-003  6.225184910903557E-012
  9.460000000000001E-003  6.227323867445869E-012
  9.480000000000001E-003  6.229431833076612E-012
  9.500000000000001E-003  6.231485188859874E-012
  9.520000000000001E-003  6.233470752905040E-012
  9.540000000000002E-003  6.235377303429670E-012
  9.560000000000001E-003  6.237194260150441E-012
  9.580000000000000E-003  6.238915432608831E-012
  9.600000000000001E-003  6.240546786268363E-012
  9.620000000000000E-003  6.242098581454462E-012
  9.640000000000001E-003  6.243579060023654E-012
  9.660000000000000E-003  6.244993920254720E-012
  9.680000000000001E-003  6.246343361160240E-012
  9.700000000000000E-003  6.247663672940007E-012
  9.720000000000001E-003  6.248953050612771E-012
  9.740000000000000E-003  6.250209015918861E-012
  9.760000000000001E-003  6.251428131380579E-012
  9.780000000000000E-003  6.252608380735478E-012
  9.800000000000001E-003  6.253751490708938E-012
  9.820000000000001E-003  6.254859452984703E-012
  9.840000000000002E-003  6.255929069095767E-012
  9.860000000000001E-003  6.256949920129419E-012
  9.880000000000002E-003  6.257904719552525E-012
  9.900000000000001E-003  6.258773155595170E-012
  9.920000000000000E-003  6.259542644940684E-012
  9.940000000000001E-003  6.260201816744470E-012
  9.960000000000000E-003  6.260762430184541E-012
  9.980000000000001E-003  6.261207981848420E-012
  1.000000000000000E-002  6.261539989344129E-012
  1.002000000000000E-002  6.261779190323875E-012
  1.004000000000000E-002  6.261973971460253E-012
  1.006000000000000E-002  6.262183870202424E-012
  1.008000000000000E-002  6.262436354435995E-012
  1.010000000000000E-002  6.262737749029301E-012
  1.012000000000000E-002  6.263097452643447E-012
  1.014000000000000E-002  6.263510627547837E-012
  1.016000000000000E-002  6.263972425877447E-012
  1.018000000000000E-002  6.264465536684881E-012
  1.020000000000000E-002  6.265055946155169E-012
  1.022000000000000E-002  6.265767677740304E-012
  1.024000000000000E-002  6.266482004884420E-012
  1.026000000000000E-002  6.267163837242142E-012
  1.028000000000000E-002  6.267823571833600E-012
  1.030000000000000E-002  6.268462799250385E-012
  1.032000000000000E-002  6.269082533895227E-012
  1.034000000000000E-002  6.269677740414316E-012
  1.036000000000000E-002  6.270240865956953E-012
  1.038000000000000E-002  6.270780163567169E-012
  1.040000000000000E-002  6.271307034351878E-012
  1.042000000000000E-002  6.271830874879483E-012
  1.044000000000000E-002  6.272362646805896E-012
  1.046000000000000E-002  6.272912680527189E-012
  1.048000000000000E-002  6.273484260696535E-012
  1.050000000000000E-002  6.274078921263875E-012
  1.052000000000000E-002  6.274695574561584E-012
  1.054000000000000E-002  6.275329477209102E-012
  1.056000000000000E-002  6.275973524582373E-012
  1.058000000000000E-002  6.276620997968275E-012
  1.060000000000000E-002  6.277268351153033E-012
  1.062000000000000E-002  6.277912428724901E-012
  1.064000000000000E-002  6.278557151405786E-012
  1.066000000000000E-002  6.279213858031010E-012
  1.068000000000000E-002  6.279897636326573E-012
  1.070000000000000E-002  6.280626720772846E-012
  1.072000000000000E-002  6.281419970984572E-012
  1.074000000000000E-002  6.282296233613910E-012
  1.076000000000000E-002  6.283270804802499E-012
  1.078000000000000E-002  6.284357255740764E-012
  1.080000000000000E-002  6.285565721265292E-012
  1.082000000000000E-002  6.286906828586894E-012
  1.084000000000000E-002  6.288382510678010E-012
  1.086000000000000E-002  6.289991006796182E-012
  1.088000000000000E-002  6.291721180275920E-012
  1.090000000000000E-002  6.293563402221795E-012
  1.092000000000000E-002  6.295508977947537E-012
  1.094000000000000E-002  6.297546318971906E-012
  1.096000000000000E-002  6.299657531439504E-012
  1.098000000000000E-002  6.301825845681673E-012
  1.100000000000000E-002  6.304036525237431E-012
  1.102000000000000E-002  6.306278880886316E-012
  1.104000000000000E-002  6.308527377164207E-012
  1.106000000000000E-002  6.310741921715385E-012
  1.108000000000000E-002  6.312895092880788E-012
  1.110000000000000E-002  6.314963378760434E-012
  1.112000000000000E-002  6.316930433564076E-012
  1.114000000000000E-002  6.318785582789982E-012
  1.116000000000000E-002  6.320522421376891E-012
  1.118000000000000E-002  6.322137241807421E-012
  1.120000000000000E-002  6.323627100813210E-012
  1.122000000000000E-002  6.324988803619829E-012
  1.124000000000000E-002  6.326219313217761E-012
  1.126000000000000E-002  6.327316203987704E-012
  1.128000000000000E-002  6.328278177407537E-012
  1.130000000000000E-002  6.329104713681619E-012
  1.132000000000000E-002  6.329796068009704E-012
  1.134000000000000E-002  6.330352807705502E-012
  1.136000000000000E-002  6.330775998971807E-012
  1.138000000000000E-002  6.331060576610008E-012
  1.140000000000000E-002  6.331203065060334E-012
  1.142000000000000E-002  6.331230108889519E-012
  1.144000000000000E-002  6.331207194955372E-012
  1.146000000000000E-002  6.331121804034951E-012
  1.148000000000000E-002  6.330975419368047E-012
  1.150000000000000E-002  6.330772902350934E-012
  1.152000000000000E-002  6.330524660610712E-012
  1.154000000000000E-002  6.330239889402571E-012
  1.156000000000000E-002  6.329928004159538E-012
  1.158000000000000E-002  6.329590144188743E-012
  1.160000000000000E-002  6.329214074850811E-012
  1.162000000000000E-002  6.328766783147348E-012
  1.164000000000000E-002  6.328208036863202E-012
  1.166000000000000E-002  6.327506929905055E-012
  1.168000000000000E-002  6.326632800351523E-012
  1.170000000000000E-002  6.325559493692287E-012
  1.172000000000000E-002  6.324263451757543E-012
  1.174000000000000E-002  6.322724312055941E-012
  1.176000000000000E-002  6.320924082702693E-012
  1.178000000000000E-002  6.318842166311645E-012
  1.180000000000000E-002  6.316456801476534E-012
  1.182000000000000E-002  6.313741358407558E-012
  1.184000000000000E-002  6.310664729186453E-012
  1.186000000000000E-002  6.307184154464050E-012
  1.188000000000000E-002  6.303239987468173E-012
  1.190000000000000E-002  6.298754335619038E-012
  1.192000000000000E-002  6.293630423961440E-012
  1.194000000000000E-002  6.287743584615490E-012
  1.196000000000000E-002  6.280938824281282E-012
  1.198000000000000E-002  6.273024873671281E-012
  1.200000000000000E-002  6.264238199488689E-012
  1.202000000000000E-002  6.255714618650819E-012
  1.204000000000000E-002  6.248008696786692E-012
  1.206000000000000E-002  6.241255687314198E-012
  1.208000000000000E-002  6.235482068408136E-012
  1.210000000000000E-002  6.230660385012706E-012
  1.212000000000000E-002  6.226723072344582E-012
  1.214000000000000E-002  6.223577638297503E-012
  1.216000000000000E-002  6.221118866341262E-012
  1.218000000000000E-002  6.219239189460251E-012
  1.220000000000000E-002  6.217838382374708E-012
  1.222000000000000E-002  6.216830526537645E-012
  1.224000000000000E-002  6.216146195179873E-012
  1.226000000000000E-002  6.215729383186951E-012
  1.228000000000000E-002  6.215533225959549E-012
  1.230000000000000E-002  6.215512008863945E-012
  1.232000000000000E-002  6.215622190208551E-012
  1.234000000000000E-002  6.215827026122292E-012
  1.236000000000000E-002  6.216154591702852E-012
  1.238000000000000E-002  6.216641331417272E-012
  1.240000000000000E-002  6.217254799820555E-012
  1.242000000000000E-002  6.217972910326664E-012
  1.244000000000000E-002  6.218770729519761E-012
  1.246000000000000E-002  6.219636474677023E-012
  1.248000000000000E-002  6.220559236711249E-012
  1.250000000000000E-002  6.221532002593817E-012
  1.252000000000000E-002  6.222552417064784E-012
  1.254000000000000E-002  6.223620724960620E-012
  1.256000000000000E-002  6.224739240377006E-012
  1.258000000000000E-002  6.225911009237799E-012
  1.260000000000000E-002  6.227139621445436E-012
  1.262000000000000E-002  6.228429227109019E-012
  1.264000000000000E-002  6.229784618712064E-012
  1.266000000000000E-002  6.231209418836229E-012
  1.268000000000000E-002  6.232704835862091E-012
  1.270000000000000E-002  6.234269497665645E-012
  1.272000000000000E-002  6.235898750301138E-012
  1.274000000000000E-002  6.237583722730146E-012
  1.276000000000000E-002  6.239311701213568E-012
  1.278000000000000E-002  6.241066939361763E-012
  1.280000000000000E-002  6.242834494877800E-012
  1.282000000000000E-002  6.244601034081904E-012
  1.284000000000000E-002  6.246357150932796E-012
  1.286000000000000E-002  6.248094866762025E-012
  1.288000000000000E-002  6.249801901915870E-012
  1.290000000000000E-002  6.251458210332789E-012
  1.292000000000000E-002  6.253056464978841E-012
  1.294000000000000E-002  6.254582276800113E-012
  1.296000000000000E-002  6.256020815076266E-012
  1.298000000000000E-002  6.257362248112915E-012
  1.300000000000000E-002  6.258605194101938E-012
  1.302000000000000E-002  6.259749767936150E-012
  1.304000000000000E-002  6.260797825053421E-012
  1.306000000000000E-002  6.261754660693134E-012
  1.308000000000000E-002  6.262626603799177E-012
  1.310000000000000E-002  6.263422258497889E-012
  1.312000000000000E-002  6.264150755709247E-012
  1.314000000000000E-002  6.264820291834479E-012
  1.316000000000000E-002  6.265435958841549E-012
  1.318000000000000E-002  6.266000617957958E-012
  1.320000000000000E-002  6.266513309493248E-012
  1.322000000000000E-002  6.266969953765751E-012
  1.324000000000000E-002  6.267361946523657E-012
  1.326000000000000E-002  6.267677148229332E-012
  1.328000000000000E-002  6.267892794994983E-012
  1.330000000000000E-002  6.267999315749108E-012
  1.332000000000000E-002  6.267981806998332E-012
  1.334000000000000E-002  6.267845700633625E-012
  1.336000000000000E-002  6.267574803597800E-012
  1.338000000000000E-002  6.267158530110800E-012
  1.340000000000000E-002  6.266592731246512E-012
  1.342000000000000E-002  6.265881985906097E-012
  1.344000000000000E-002  6.265033105606221E-012
  1.346000000000000E-002  6.264049616315833E-012
  1.348000000000000E-002  6.262930404474036E-012
  1.350000000000000E-002  6.261660490168835E-012
  1.352000000000000E-002  6.260223797494518E-012
  1.354000000000000E-002  6.258603549482685E-012
  1.356000000000000E-002  6.256793689149106E-012
  1.358000000000000E-002  6.254789456429288E-012
  1.360000000000000E-002  6.252580913133580E-012
  1.362000000000000E-002  6.250161112074879E-012
  1.364000000000000E-002  6.247524618735680E-012
  1.366000000000000E-002  6.244657221905908E-012
  1.368000000000000E-002  6.241534168299502E-012
  1.370000000000000E-002  6.238121487567547E-012
  1.372000000000000E-002  6.234382825511906E-012
  1.374000000000000E-002  6.230258219848060E-012
  1.376000000000000E-002  6.225958364928276E-012
  1.378000000000000E-002  6.221843944437761E-012
  1.380000000000000E-002  6.217995252065253E-012
  1.382000000000000E-002  6.214404001564579E-012
  1.384000000000000E-002  6.211044119501180E-012
  1.386000000000000E-002  6.207899732435135E-012
  1.388000000000000E-002  6.204962665498123E-012
  1.390000000000000E-002  6.202227192879219E-012
  1.392000000000000E-002  6.199682239761627E-012
  1.394000000000000E-002  6.197307028585771E-012
  1.396000000000000E-002  6.195076021513421E-012
  1.398000000000000E-002  6.192962740021942E-012
  1.400000000000000E-002  6.190945727308333E-012
  1.402000000000000E-002  6.189007362275808E-012
  1.404000000000000E-002  6.187132431708557E-012
  1.406000000000000E-002  6.185315508301041E-012
  1.408000000000000E-002  6.183556573944825E-012
  1.410000000000000E-002  6.181830063790186E-012
  1.412000000000000E-002  6.180168415151770E-012
  1.414000000000000E-002  6.178613351666544E-012
  1.416000000000000E-002  6.177176303457344E-012
  1.418000000000000E-002  6.175848310963287E-012
  1.420000000000000E-002  6.174618378235045E-012
  1.422000000000000E-002  6.173479798783842E-012
  1.424000000000000E-002  6.172432423785015E-012
  1.426000000000000E-002  6.171480480707382E-012
  1.428000000000000E-002  6.170639368083754E-012
  1.430000000000000E-002  6.169943252342870E-012
  1.432000000000000E-002  6.169443693898078E-012
  1.434000000000000E-002  6.169112291641857E-012
  1.436000000000000E-002  6.169103048967537E-012
  1.438000000000000E-002  6.169309421053975E-012
  1.440000000000000E-002  6.169754526316620E-012
  1.442000000000000E-002  6.170439651936164E-012
  1.444000000000000E-002  6.171314680516039E-012
  1.446000000000000E-002  6.172366641427246E-012
  1.448000000000000E-002  6.173480214240078E-012
  1.450000000000000E-002  6.174609267121195E-012
  1.452000000000000E-002  6.175762727532038E-012
  1.454000000000000E-002  6.176938535914240E-012
  1.456000000000000E-002  6.178134068348040E-012
  1.458000000000000E-002  6.179350214433055E-012
  1.460000000000000E-002  6.180584273074843E-012
  1.462000000000000E-002  6.181835013177833E-012
  1.464000000000000E-002  6.183101305602208E-012
  1.466000000000000E-002  6.184382418228809E-012
  1.468000000000000E-002  6.185679763573945E-012
  1.470000000000000E-002  6.186993276473430E-012
  1.472000000000000E-002  6.188301462459501E-012
  1.474000000000000E-002  6.189590883429784E-012
  1.476000000000000E-002  6.190868804335926E-012
  1.478000000000000E-002  6.192138576323522E-012
  1.480000000000000E-002  6.193405986643319E-012
  1.482000000000000E-002  6.194682644819493E-012
  1.484000000000000E-002  6.195979052203501E-012
  1.486000000000000E-002  6.197324618307527E-012
  1.488000000000000E-002  6.198762603235154E-012
  1.490000000000000E-002  6.200323337427336E-012
  1.492000000000000E-002  6.202021448454537E-012
  1.494000000000000E-002  6.203860856686256E-012
  1.496000000000000E-002  6.205829608191319E-012
  1.498000000000000E-002  6.207908982189145E-012
  1.500000000000000E-002  6.210082650539990E-012
  1.502000000000000E-002  6.212335514474246E-012
  1.504000000000000E-002  6.214652599681503E-012
  1.506000000000000E-002  6.217019040646250E-012
  1.508000000000000E-002  6.219425737073193E-012
  1.510000000000000E-002  6.221868588281565E-012
  1.512000000000000E-002  6.224349205252267E-012
  1.514000000000000E-002  6.226844749870530E-012
  1.516000000000000E-002  6.229304052049155E-012
  1.518000000000000E-002  6.231700799357144E-012
  1.520000000000000E-002  6.234006825533977E-012
  1.522000000000000E-002  6.236202963622360E-012
  1.524000000000000E-002  6.238278430562322E-012
  1.526000000000000E-002  6.240230549937063E-012
  1.528000000000000E-002  6.242059006312064E-012
  1.530000000000000E-002  6.243764832691042E-012
  1.532000000000000E-002  6.245352228813426E-012
  1.534000000000000E-002  6.246823567302825E-012
  1.536000000000000E-002  6.248194217494445E-012
  1.538000000000000E-002  6.249458190447613E-012
  1.540000000000000E-002  6.250627333213726E-012
  1.542000000000000E-002  6.251683539261925E-012
  1.544000000000000E-002  6.252619659601023E-012
  1.546000000000000E-002  6.253446509980990E-012
  1.548000000000000E-002  6.254184338323465E-012
  1.550000000000000E-002  6.254855842261841E-012
  1.552000000000000E-002  6.255483911789734E-012
  1.554000000000000E-002  6.256086902795484E-012
  1.556000000000000E-002  6.256681722534794E-012
  1.558000000000000E-002  6.257278182673639E-012
  1.560000000000000E-002  6.257879900128889E-012
  1.562000000000000E-002  6.258487159805916E-012
  1.564000000000000E-002  6.259091100190798E-012
  1.566000000000000E-002  6.259670758180167E-012
  1.568000000000000E-002  6.260209113978963E-012
  1.570000000000000E-002  6.260693176955839E-012
  1.572000000000000E-002  6.261103643043353E-012
  1.574000000000000E-002  6.261422435827078E-012
  1.576000000000000E-002  6.261630694886915E-012
  1.578000000000000E-002  6.261704647701396E-012
  1.580000000000000E-002  6.261621141026240E-012
  1.582000000000000E-002  6.261400024316603E-012
  1.584000000000000E-002  6.261024387136975E-012
  1.586000000000000E-002  6.260476820269771E-012
  1.588000000000000E-002  6.259755832342840E-012
  1.590000000000000E-002  6.258858059334029E-012
  1.592000000000000E-002  6.257778259060641E-012
  1.594000000000000E-002  6.256508272141225E-012
  1.596000000000000E-002  6.255046312000928E-012
  1.598000000000000E-002  6.253397520758441E-012
  1.600000000000000E-002  6.251571728562553E-012
  1.602000000000000E-002  6.249576848313613E-012
  1.604000000000000E-002  6.247418422696436E-012
  1.606000000000000E-002  6.245105454772833E-012
  1.608000000000000E-002  6.242619918374373E-012
  1.610000000000000E-002  6.239994281852924E-012
  1.612000000000000E-002  6.237291056007592E-012
  1.614000000000000E-002  6.234619204315212E-012
  1.616000000000000E-002  6.232049750670810E-012
  1.618000000000000E-002  6.229602469486439E-012
  1.620000000000000E-002  6.227283240668546E-012
  1.622000000000000E-002  6.225096839001517E-012
  1.624000000000000E-002  6.223038486856868E-012
  1.626000000000000E-002  6.221103196648710E-012
  1.628000000000000E-002  6.219290657391040E-012
  1.630000000000000E-002  6.217604243248157E-012
  1.632000000000000E-002  6.216044798414831E-012
  1.634000000000000E-002  6.214610664416169E-012
  1.636000000000000E-002  6.213299490212934E-012
  1.638000000000000E-002  6.212110377896696E-012
  1.640000000000000E-002  6.211043150904191E-012
  1.642000000000000E-002  6.210096054123290E-012
  1.644000000000000E-002  6.209265014066029E-012
  1.646000000000000E-002  6.208543036960249E-012
  1.648000000000000E-002  6.207921138678158E-012
  1.650000000000000E-002  6.207385649260573E-012
  1.652000000000000E-002  6.206929428444189E-012
  1.654000000000000E-002  6.206538053017519E-012
  1.656000000000000E-002  6.206199762763210E-012
  1.658000000000000E-002  6.205900549234201E-012
  1.660000000000000E-002  6.205635021068141E-012
  1.662000000000000E-002  6.205390778333908E-012
  1.664000000000000E-002  6.205152001265720E-012
  1.666000000000000E-002  6.204920620011672E-012
  1.668000000000000E-002  6.204692353844760E-012
  1.670000000000000E-002  6.204465192927492E-012
  1.672000000000000E-002  6.204232928585579E-012
  1.674000000000000E-002  6.203987400041656E-012
  1.676000000000000E-002  6.203731713576669E-012
  1.678000000000000E-002  6.203487930528541E-012
  1.680000000000000E-002  6.203285934981846E-012
  1.682000000000000E-002  6.203122533130603E-012
  1.684000000000000E-002  6.202985214440763E-012
  1.686000000000000E-002  6.202869015734541E-012
  1.688000000000000E-002  6.202780714970237E-012
  1.690000000000000E-002  6.202724983433974E-012
  1.692000000000000E-002  6.202694824216658E-012
  1.694000000000000E-002  6.202698981870231E-012
  1.696000000000000E-002  6.202735843451667E-012
  1.698000000000000E-002  6.202803503001954E-012
  1.700000000000000E-002  6.202905501619592E-012
  1.702000000000000E-002  6.203046394842491E-012
  1.704000000000000E-002  6.203229458495764E-012
  1.706000000000000E-002  6.203461632684229E-012
  1.708000000000000E-002  6.203749038883326E-012
  1.710000000000000E-002  6.204094570302724E-012
  1.712000000000000E-002  6.204505175023988E-012
  1.714000000000000E-002  6.204981449407987E-012
  1.716000000000000E-002  6.205524068696349E-012
  1.718000000000000E-002  6.206132489316640E-012
  1.720000000000000E-002  6.206806489004565E-012
  1.722000000000000E-002  6.207546444989953E-012
  1.724000000000000E-002  6.208350850199587E-012
  1.726000000000000E-002  6.209216544210513E-012
  1.728000000000000E-002  6.210138831437534E-012
  1.730000000000000E-002  6.211112369757288E-012
  1.732000000000000E-002  6.212130464443864E-012
  1.734000000000000E-002  6.213184648065764E-012
  1.736000000000000E-002  6.214265385563360E-012
  1.738000000000000E-002  6.215364200623407E-012
  1.740000000000000E-002  6.216473909426733E-012
  1.742000000000000E-002  6.217588507225317E-012
  1.744000000000000E-002  6.218703560541701E-012
  1.746000000000000E-002  6.219814235559503E-012
  1.748000000000000E-002  6.220916685216018E-012
  1.750000000000000E-002  6.222007107919266E-012
  1.752000000000000E-002  6.223080331080941E-012
  1.754000000000000E-002  6.224135861879115E-012
  1.756000000000000E-002  6.225169922989030E-012
  1.758000000000000E-002  6.226178289050917E-012
  1.760000000000000E-002  6.227156777519486E-012
  1.762000000000000E-002  6.228102166497867E-012
  1.764000000000000E-002  6.229012804975495E-012
  1.766000000000000E-002  6.229888478593187E-012
  1.768000000000000E-002  6.230729325330464E-012
  1.770000000000000E-002  6.231535993483404E-012
  1.772000000000000E-002  6.232309556088672E-012
  1.774000000000000E-002  6.233050785251545E-012
  1.776000000000000E-002  6.233760453182941E-012
  1.778000000000000E-002  6.234440403216561E-012
  1.780000000000000E-002  6.235093405339463E-012
  1.782000000000000E-002  6.235722280467930E-012
  1.784000000000000E-002  6.236329447771239E-012
  1.786000000000000E-002  6.236915666941438E-012
  1.788000000000000E-002  6.237480310086839E-012
  1.790000000000000E-002  6.238021280427769E-012
  1.792000000000000E-002  6.238535855939784E-012
  1.794000000000000E-002  6.239021436942573E-012
  1.796000000000000E-002  6.239475829181159E-012
  1.798000000000000E-002  6.239897588171926E-012
  1.800000000000000E-002  6.240285838089089E-012
  1.802000000000000E-002  6.240639712288275E-012
  1.804000000000000E-002  6.240958571786977E-012
  1.806000000000000E-002  6.241241638003468E-012
  1.808000000000000E-002  6.241487410161866E-012
  1.810000000000000E-002  6.241693852589196E-012
  1.812000000000000E-002  6.241860674097514E-012
  1.814000000000000E-002  6.241981222095196E-012
  1.816000000000000E-002  6.242055305130147E-012
  1.818000000000000E-002  6.242079757760954E-012
  1.820000000000000E-002  6.242053087510615E-012
  1.822000000000000E-002  6.241975416633870E-012
  1.824000000000000E-002  6.241843471941581E-012
  1.826000000000000E-002  6.241662688059031E-012
  1.828000000000000E-002  6.241437244272135E-012
  1.830000000000000E-002  6.241171152160635E-012
  1.832000000000000E-002  6.240869301668844E-012
  1.834000000000000E-002  6.240545629954137E-012
  1.836000000000000E-002  6.240212334564336E-012
  1.838000000000000E-002  6.239878114278401E-012
  1.840000000000000E-002  6.239552434275533E-012
  1.842000000000000E-002  6.239248290638785E-012
  1.844000000000000E-002  6.238978041001427E-012
  1.846000000000000E-002  6.238740648503817E-012
  1.848000000000000E-002  6.238557309337002E-012
  1.850000000000000E-002  6.238421025109205E-012
  1.852000000000000E-002  6.238330586037014E-012
  1.854000000000000E-002  6.238287236559911E-012
  1.856000000000000E-002  6.238285754430955E-012
  1.858000000000000E-002  6.238321427862029E-012
  1.860000000000000E-002  6.238389771168739E-012
  1.862000000000000E-002  6.238481353439446E-012
  1.864000000000000E-002  6.238598885020603E-012
  1.866000000000000E-002  6.238728532379422E-012
  1.868000000000000E-002  6.238873444145064E-012
  1.870000000000000E-002  6.239012518794555E-012
  1.872000000000000E-002  6.239158858751327E-012
  1.874000000000000E-002  6.239287569157602E-012
  1.876000000000000E-002  6.239395421154832E-012
  1.878000000000000E-002  6.239478114208712E-012
  1.880000000000000E-002  6.239516971816426E-012
  1.882000000000000E-002  6.239509885826377E-012
  1.884000000000000E-002  6.239436993266464E-012
  1.886000000000000E-002  6.239271821038490E-012
  1.888000000000000E-002  6.239008387283443E-012
  1.890000000000000E-002  6.238643652299309E-012
  1.892000000000000E-002  6.238169971135992E-012
  1.894000000000000E-002  6.237595232039730E-012
  1.896000000000000E-002  6.236932870948837E-012
  1.898000000000000E-002  6.236208142958718E-012
  1.900000000000000E-002  6.235433666772375E-012
  1.902000000000000E-002  6.234616162063535E-012
  1.904000000000000E-002  6.233759371046089E-012
  1.906000000000000E-002  6.232877205345286E-012
  1.908000000000000E-002  6.231972704801668E-012
  1.910000000000000E-002  6.231048394991033E-012
  1.912000000000000E-002  6.230112365214725E-012
  1.914000000000000E-002  6.229175117846342E-012
  1.916000000000000E-002  6.228253385023123E-012
  1.918000000000000E-002  6.227354664224837E-012
  1.920000000000000E-002  6.226492518959714E-012
  1.922000000000000E-002  6.225680972677521E-012
  1.924000000000000E-002  6.224929646990065E-012
  1.926000000000000E-002  6.224253106374411E-012
  1.928000000000000E-002  6.223644805230137E-012
  1.930000000000000E-002  6.223108233583336E-012
  1.932000000000000E-002  6.222656886638511E-012
  1.934000000000000E-002  6.222320761631385E-012
  1.936000000000000E-002  6.222108406209426E-012
  1.938000000000000E-002  6.222000477147969E-012
  1.940000000000000E-002  6.221974641960488E-012
  1.942000000000000E-002  6.222030864305127E-012
  1.944000000000000E-002  6.222157138119931E-012
  1.946000000000000E-002  6.222340594796153E-012
  1.948000000000000E-002  6.222578318445578E-012
  1.950000000000000E-002  6.222876024309414E-012
  1.952000000000000E-002  6.223222766546684E-012
  1.954000000000000E-002  6.223607664308149E-012
  1.956000000000000E-002  6.224022898843696E-012
  1.958000000000000E-002  6.224463676255851E-012
  1.960000000000000E-002  6.224924792213311E-012
  1.962000000000000E-002  6.225400955130835E-012
  1.964000000000000E-002  6.225888086456439E-012
  1.966000000000000E-002  6.226382802498532E-012
  1.968000000000000E-002  6.226882418670113E-012
  1.970000000000000E-002  6.227385294445356E-012
  1.972000000000000E-002  6.227890764771055E-012
  1.974000000000000E-002  6.228398489477204E-012
  1.976000000000000E-002  6.228907993858857E-012
  1.978000000000000E-002  6.229419272393783E-012
  1.980000000000000E-002  6.229932205512926E-012
  1.982000000000000E-002  6.230446768840131E-012
  1.984000000000000E-002  6.230963397270887E-012
  1.986000000000000E-002  6.231481688926975E-012
  1.988000000000000E-002  6.232000636239799E-012
  1.990000000000000E-002  6.232519575642110E-012
  1.992000000000000E-002  6.233037883376932E-012
  1.994000000000000E-002  6.233556700799220E-012
  1.996000000000000E-002  6.234078693202388E-012
  1.998000000000000E-002  6.234607789862026E-012
  2.000000000000000E-002  6.235150261371606E-012
  2.002000000000000E-002  6.235711631242581E-012
  2.004000000000000E-002  6.236296689875896E-012
  2.006000000000000E-002  6.236906963246425E-012
  2.008000000000000E-002  6.237546786151258E-012
  2.010000000000000E-002  6.238215959913538E-012
  2.012000000000000E-002  6.238915924291594E-012
  2.014000000000000E-002  6.239648385634122E-012
  2.016000000000000E-002  6.240405932878275E-012
  2.018000000000000E-002  6.241193346640316E-012
  2.020000000000000E-002  6.242005936310765E-012
  2.022000000000000E-002  6.242839858555034E-012
  2.024000000000000E-002  6.243691956020172E-012
  2.026000000000000E-002  6.244557125251792E-012
  2.028000000000000E-002  6.245426487760750E-012
  2.030000000000000E-002  6.246292012151221E-012
  2.032000000000000E-002  6.247145980641619E-012
  2.034000000000000E-002  6.247985384267191E-012
  2.036000000000000E-002  6.248808840564237E-012
  2.038000000000000E-002  6.249611224041802E-012
  2.040000000000000E-002  6.250390993081251E-012
  2.042000000000000E-002  6.251140869894349E-012
  2.044000000000000E-002  6.251859058441712E-012
  2.046000000000000E-002  6.252550406211191E-012
  2.048000000000000E-002  6.253198555108413E-012
  2.050000000000000E-002  6.253798997570445E-012
  2.052000000000000E-002  6.254349883212991E-012
  2.054000000000000E-002  6.254846046388318E-012
  2.056000000000000E-002  6.255283856520651E-012
  2.058000000000000E-002  6.255660007820439E-012
  2.060000000000000E-002  6.255972238566311E-012
  2.062000000000000E-002  6.256220260722076E-012
  2.064000000000000E-002  6.256404439225306E-012
  2.066000000000000E-002  6.256522341461765E-012
  2.068000000000000E-002  6.256566012276739E-012
  2.070000000000000E-002  6.256550822977794E-012
  2.072000000000000E-002  6.256487152830282E-012
  2.074000000000000E-002  6.256371330374488E-012
  2.076000000000000E-002  6.256208321191314E-012
  2.078000000000000E-002  6.256007706145362E-012
  2.080000000000000E-002  6.255785044888943E-012
  2.082000000000000E-002  6.255553964765395E-012
  2.084000000000000E-002  6.255314386116370E-012
  2.086000000000000E-002  6.255066374648215E-012
  2.088000000000000E-002  6.254812871504507E-012
  2.090000000000000E-002  6.254555368689966E-012
  2.092000000000000E-002  6.254295170876705E-012
  2.094000000000000E-002  6.254032696656457E-012
  2.096000000000000E-002  6.253767996139178E-012
  2.098000000000000E-002  6.253500541764099E-012
  2.100000000000000E-002  6.253228877177468E-012
  2.102000000000000E-002  6.252950858411554E-012
  2.104000000000000E-002  6.252664069894263E-012
  2.106000000000000E-002  6.252366242985816E-012
  2.108000000000000E-002  6.252055869033404E-012
  2.110000000000000E-002  6.251731113612824E-012
  2.112000000000000E-002  6.251390530663104E-012
  2.114000000000000E-002  6.251033586726885E-012
  2.116000000000000E-002  6.250662175632689E-012
  2.118000000000000E-002  6.250279537780079E-012
  2.120000000000000E-002  6.249885263967152E-012
  2.122000000000000E-002  6.249476806355194E-012
  2.124000000000000E-002  6.249047422035237E-012
  2.126000000000000E-002  6.248591517872367E-012
  2.128000000000000E-002  6.248110828751351E-012
  2.130000000000000E-002  6.247604511436171E-012
  2.132000000000000E-002  6.247071592272431E-012
  2.134000000000000E-002  6.246512177527751E-012
  2.136000000000000E-002  6.245928008396367E-012
  2.138000000000000E-002  6.245321077512677E-012
  2.140000000000000E-002  6.244692578790850E-012
  2.142000000000000E-002  6.244043168057360E-012
  2.144000000000000E-002  6.243372772067958E-012
  2.146000000000000E-002  6.242677392016590E-012
  2.148000000000000E-002  6.241948351919855E-012
  2.150000000000000E-002  6.241172380790255E-012
  2.152000000000000E-002  6.240331940921629E-012
  2.154000000000000E-002  6.239397814722563E-012
  2.156000000000000E-002  6.238413747194013E-012
  2.158000000000000E-002  6.237637081882399E-012
  2.160000000000000E-002  6.237094290971459E-012
  2.162000000000000E-002  6.236726556343839E-012
  2.164000000000000E-002  6.236436340145334E-012
  2.166000000000000E-002  6.236192624386172E-012
  2.168000000000000E-002  6.236061743591764E-012
  2.170000000000000E-002  6.236130172033608E-012
  2.172000000000000E-002  6.236537658629758E-012
  2.174000000000000E-002  6.237439660305959E-012
  2.176000000000000E-002  6.239068692304514E-012
  2.178000000000000E-002  6.241903265808897E-012
  2.180000000000000E-002  6.246347409463671E-012
  2.182000000000000E-002  6.253043257340818E-012
  2.184000000000000E-002  6.263010070344016E-012
  2.186000000000000E-002  6.277724534676512E-012
  2.188000000000000E-002  6.299345165548785E-012
  2.190000000000000E-002  6.331059604603086E-012
  2.192000000000000E-002  6.377608453629318E-012
  2.194000000000000E-002  6.446029424865664E-012
  2.196000000000000E-002  6.546719563691762E-012
  2.198000000000000E-002  6.694730102010104E-012
  2.200000000000000E-002  6.912724515580866E-012
  2.202000000000000E-002  7.233856843725526E-012
  2.204000000000000E-002  7.705961485047659E-012
  2.206000000000000E-002  8.397825474363661E-012
  2.208000000000000E-002  9.407075332196945E-012
  2.210000000000000E-002  1.087033859453058E-011
  2.212000000000000E-002  1.297657393503763E-011
  2.214000000000000E-002  1.598368895165775E-011
  2.216000000000000E-002  2.023846988087036E-011
  2.218000000000000E-002  2.619980913550158E-011
  2.220000000000000E-002  3.446477006824900E-011
  2.222000000000000E-002  4.579656696408132E-011
  2.224000000000000E-002  6.115349548253128E-011
  2.226000000000000E-002  8.171770040031992E-011
  2.228000000000000E-002  1.089240073194461E-010
  2.230000000000000E-002  1.444907226744177E-010
  2.232000000000000E-002  1.904586833445496E-010
  2.234000000000000E-002  2.492509664474530E-010
  2.236000000000000E-002  3.237732672307663E-010
  2.238000000000000E-002  4.175892760170215E-010
  2.240000000000000E-002  5.352159101873534E-010
  2.242000000000000E-002  6.826237980309264E-010
  2.244000000000000E-002  8.684844441162870E-010
  2.246000000000000E-002  1.104506738797914E-009
  2.248000000000000E-002  1.405918831736139E-009
  2.250000000000000E-002  1.791984667871410E-009
  2.252000000000000E-002  2.286430354794878E-009
  2.254000000000000E-002  2.917812782637833E-009
  2.256000000000000E-002  3.719760281290058E-009
  2.258000000000000E-002  4.731051388802627E-009
  2.260000000000000E-002  5.995551853104152E-009
  2.262000000000000E-002  7.562055647104382E-009
  2.264000000000000E-002  9.483895472448421E-009
  2.266000000000000E-002  1.181813348938864E-008
  2.268000000000000E-002  1.459079643627156E-008
  2.270000000000000E-002  1.705466896318319E-008
  2.272000000000000E-002  1.864726053916307E-008
  2.274000000000000E-002  1.949411922159837E-008
  2.276000000000000E-002  1.981315721733868E-008
  2.278000000000000E-002  1.985701166422300E-008
  2.280000000000000E-002  1.979171915093440E-008
  2.282000000000000E-002  1.955005399614821E-008
  2.284000000000000E-002  1.904507800474472E-008
  2.286000000000000E-002  1.820884515419277E-008
  2.288000000000000E-002  1.699141513137925E-008
  2.290000000000000E-002  1.536067416517244E-008
  2.292000000000000E-002  1.329885154555939E-008
  2.294000000000000E-002  1.079566270239340E-008
  2.296000000000000E-002  7.992434669564406E-009
  2.298000000000000E-002  5.774170155629329E-009
  2.300000000000000E-002  4.335688494498304E-009
  2.302000000000000E-002  3.570922349007013E-009
  2.304000000000000E-002  3.303244008998977E-009
  2.306000000000000E-002  3.293595681031821E-009
  2.308000000000000E-002  3.448759824375767E-009
  2.310000000000000E-002  3.964369049743050E-009
  2.312000000000000E-002  5.109858229046842E-009
  2.314000000000000E-002  7.260987311822191E-009
  2.316000000000000E-002  1.095611810211967E-008
  2.318000000000000E-002  1.697696642197269E-008
  2.320000000000000E-002  2.645813108830291E-008
  2.322000000000000E-002  4.103275338413241E-008
  2.324000000000000E-002  6.302279768513062E-008
  2.326000000000000E-002  9.568246713540801E-008
  2.328000000000000E-002  1.435029714725994E-007
  2.330000000000000E-002  2.125853405544523E-007
  2.332000000000000E-002  3.110847155320987E-007
  2.334000000000000E-002  4.497237876813242E-007
  2.336000000000000E-002  6.423633696182526E-007
  2.338000000000000E-002  9.065991910127553E-007
  2.340000000000000E-002  1.264339960793858E-006
  2.342000000000000E-002  1.742294000908247E-006
  2.344000000000000E-002  2.372259446239378E-006
  2.346000000000000E-002  3.191088611067433E-006
  2.348000000000000E-002  4.240179416258195E-006
  2.350000000000000E-002  5.564348145236850E-006
  2.352000000000000E-002  7.209965428746560E-006
  2.354000000000000E-002  9.222299553460129E-006
  2.356000000000000E-002  1.164211733553311E-005
  2.358000000000000E-002  1.450174214204843E-005
  2.360000000000000E-002  1.782100499363400E-005
  2.362000000000000E-002  2.160380042695551E-005
  2.364000000000000E-002  2.583636518400073E-005
  2.366000000000000E-002  3.048903229139979E-005
  2.368000000000000E-002  3.552418021482885E-005
  2.370000000000000E-002  4.091472926427253E-005
  2.372000000000000E-002  4.657409924741314E-005
  2.374000000000000E-002  5.179878850827799E-005
  2.376000000000000E-002  5.640296917413018E-005
  2.378000000000000E-002  6.052702248488034E-005
  2.380000000000000E-002  6.435531218224089E-005
  2.382000000000000E-002  6.806341219236499E-005
  2.384000000000000E-002  7.176493518457526E-005
  2.386000000000000E-002  7.553467290225270E-005
  2.388000000000000E-002  7.953761730543608E-005
  2.390000000000000E-002  8.405384572535917E-005
  2.392000000000000E-002  8.948878697950543E-005
  2.394000000000000E-002  9.637881033934737E-005
  2.396000000000000E-002  1.053949730934082E-004
  2.398000000000000E-002  1.173489280120416E-004
  2.400000000000000E-002  1.332049174137670E-004
  2.402000000000000E-002  1.541012908884404E-004
  2.404000000000000E-002  1.813839051874261E-004
  2.406000000000000E-002  2.166521140228057E-004
  2.408000000000000E-002  2.618160118609131E-004
  2.410000000000000E-002  3.191614693223801E-004
  2.412000000000000E-002  3.914170375096817E-004
  2.414000000000000E-002  4.818141796823175E-004
  2.416000000000000E-002  5.941292724225406E-004
  2.418000000000000E-002  7.326912244297939E-004
  2.420000000000000E-002  9.023322073571839E-004
  2.422000000000000E-002  1.108248342381789E-003
  2.424000000000000E-002  1.355718526575239E-003
  2.426000000000000E-002  1.649341691249715E-003
  2.428000000000000E-002  1.940715816925721E-003
  2.430000000000000E-002  2.161961614548453E-003
  2.432000000000000E-002  2.319422137840909E-003
  2.434000000000000E-002  2.430189330328385E-003
  2.436000000000000E-002  2.515562388374212E-003
  2.438000000000000E-002  2.592825508419571E-003
  2.440000000000000E-002  2.670942990386944E-003
  2.442000000000000E-002  2.758047531234345E-003
  2.444000000000000E-002  2.869836578374140E-003
  2.446000000000000E-002  3.032022655594728E-003
  2.448000000000000E-002  3.283159660069228E-003
  2.450000000000000E-002  3.677715585553870E-003
  2.452000000000000E-002  4.289634045156759E-003
  2.454000000000000E-002  5.216593631885551E-003
  2.456000000000000E-002  6.585779586901921E-003
  2.458000000000000E-002  8.562721693240771E-003
  2.460000000000000E-002  1.136623895715087E-002
  2.462000000000000E-002  1.529507688244722E-002
  2.464000000000000E-002  2.077666042600271E-002
  2.466000000000000E-002  2.845881282733535E-002
  2.468000000000000E-002  3.938398403785415E-002
  2.470000000000000E-002  5.436780740327964E-002
  2.472000000000000E-002  7.015159102205583E-002
  2.474000000000000E-002  8.465835355836522E-002
  2.476000000000000E-002  9.683523012974622E-002
  2.478000000000000E-002  0.106190233443050     
  2.480000000000000E-002  0.112913281299177     
  2.482000000000000E-002  0.117653003700074     
  2.484000000000000E-002  0.121193312097879     
  2.486000000000000E-002  0.124207563509983     
  2.488000000000000E-002  0.127143400773339     
  2.490000000000000E-002  0.130262148488031     
  2.492000000000000E-002  0.133888322951730     
  2.494000000000000E-002  0.138562476489856     
  2.496000000000000E-002  0.145043191754908     
  2.498000000000000E-002  0.154295878318405     
  2.500000000000000E-002  0.167537642641421     
  2.502000000000000E-002  0.186279069148920     
  2.504000000000000E-002  0.208068396689701     
  2.506000000000000E-002  0.227045773906927     
  2.508000000000000E-002  0.242311664325999     
  2.510000000000000E-002  0.253818266162926     
  2.512000000000000E-002  0.262055375851403     
  2.514000000000000E-002  0.267857438657264     
  2.516000000000000E-002  0.272189411103864     
  2.518000000000000E-002  0.275900496382708     
  2.520000000000000E-002  0.279557949968129     
  2.522000000000000E-002  0.283467657246057     
  2.524000000000000E-002  0.288112504901948     
  2.526000000000000E-002  0.294158571903677     
  2.528000000000000E-002  0.302174846415195     
  2.530000000000000E-002  0.310522485852497     
  2.532000000000000E-002  0.316087321028870     
  2.534000000000000E-002  0.318986329737256     
  2.536000000000000E-002  0.320019198492732     
  2.538000000000000E-002  0.320107143255476     
  2.540000000000000E-002  0.319412966912262     
  2.542000000000000E-002  0.317589837478613     
  2.544000000000000E-002  0.314770168398205     
  2.546000000000000E-002  0.312555934932409     
  2.548000000000000E-002  0.311354973607837     
  2.550000000000000E-002  0.310623834533446     
  2.552000000000000E-002  0.309985442840589     
  2.554000000000000E-002  0.309196412219165     
  2.556000000000000E-002  0.308013683130911     
  2.558000000000000E-002  0.306319058538230     
  2.560000000000000E-002  0.304452725060459     
  2.562000000000000E-002  0.302970286136839     
  2.564000000000000E-002  0.302263865280098     
  2.566000000000000E-002  0.302369736488203     
  2.568000000000000E-002  0.303616739017857     
  2.570000000000000E-002  0.306181182660850     
  2.572000000000000E-002  0.309706310315579     
  2.574000000000000E-002  0.313666833819455     
  2.576000000000000E-002  0.317478889262818     
  2.578000000000000E-002  0.320930486352064     
  2.580000000000000E-002  0.323982388301429     
  2.582000000000000E-002  0.326669851691682     
  2.584000000000000E-002  0.329111406204454     
  2.586000000000000E-002  0.331448010963870     
  2.588000000000000E-002  0.333788249798775     
  2.590000000000000E-002  0.336198239077858     
  2.592000000000000E-002  0.338757173037010     
  2.594000000000000E-002  0.341595002443812     
  2.596000000000000E-002  0.344897880310250     
  2.598000000000000E-002  0.348898784950374     
  2.600000000000000E-002  0.353861166186220     
  2.602000000000000E-002  0.359140889436373     
  2.604000000000000E-002  0.362881867456769     
  2.606000000000000E-002  0.364872223232336     
  2.608000000000000E-002  0.365486299496092     
  2.610000000000000E-002  0.365428416790325     
  2.612000000000000E-002  0.364806968033409     
  2.614000000000000E-002  0.363083635713147     
  2.616000000000000E-002  0.359654647599375     
  2.618000000000000E-002  0.353877431561170     
  2.620000000000000E-002  0.345108611053855     
  2.622000000000000E-002  0.332769426569602     
  2.624000000000000E-002  0.316439555863108     
  2.626000000000000E-002  0.295944679497680     
  2.628000000000000E-002  0.271432309955204     
  2.630000000000000E-002  0.243412769704907     
  2.632000000000000E-002  0.212761725806731     
  2.634000000000000E-002  0.180638497922450     
  2.636000000000000E-002  0.148394991917463     
  2.638000000000000E-002  0.121171230871418     
  2.640000000000000E-002  0.107092783839063     
  2.642000000000000E-002  0.101499354517169     
  2.644000000000000E-002  0.100410095418509     
  2.646000000000000E-002  0.101247728677336     
  2.648000000000000E-002  0.104924385260829     
  2.650000000000000E-002  0.113652815880768     
  2.652000000000000E-002  0.130031969917433     
  2.654000000000000E-002  0.155478971664290     
  2.656000000000000E-002  0.178924691936452     
  2.658000000000000E-002  0.194455379679765     
  2.660000000000000E-002  0.203160080219213     
  2.662000000000000E-002  0.206719264375973     
  2.664000000000000E-002  0.206768117623657     
  2.666000000000000E-002  0.204804629941579     
  2.668000000000000E-002  0.199894171608384     
  2.670000000000000E-002  0.191645930704955     
  2.672000000000000E-002  0.180473845590523     
  2.674000000000000E-002  0.167428208448533     
  2.676000000000000E-002  0.153814283424657     
  2.678000000000000E-002  0.141019238957432     
  2.680000000000000E-002  0.130594805515411     
  2.682000000000000E-002  0.121797178594123     
  2.684000000000000E-002  0.113969541947478     
  2.686000000000000E-002  0.106785891602370     
  2.688000000000000E-002  0.100083442365024     
  2.690000000000000E-002  9.367618322928570E-002
  2.692000000000000E-002  8.737211132535178E-002
  2.694000000000000E-002  8.100209250478593E-002
  2.696000000000000E-002  7.444364286857087E-002
  2.698000000000000E-002  6.763835461394575E-002
  2.700000000000000E-002  6.059855013676404E-002
  2.702000000000000E-002  5.340129690941901E-002
  2.704000000000000E-002  4.616566140790332E-002
  2.706000000000000E-002  3.904998718884749E-002
  2.708000000000000E-002  3.222655939808808E-002
  2.710000000000000E-002  2.637103301744063E-002
  2.712000000000000E-002  2.179950125313600E-002
  2.714000000000000E-002  1.817177746886346E-002
  2.716000000000000E-002  1.523221678638103E-002
  2.718000000000000E-002  1.280053135092570E-002
  2.720000000000000E-002  1.075238932449426E-002
  2.722000000000000E-002  9.000865687825942E-003
  2.724000000000000E-002  7.484832230668766E-003
  2.726000000000000E-002  6.163095415988249E-003
  2.728000000000000E-002  5.009784157266528E-003
  2.730000000000000E-002  4.009756734667247E-003
  2.732000000000000E-002  3.153796256716039E-003
  2.734000000000000E-002  2.434371009413982E-003
  2.736000000000000E-002  1.842557925776559E-003
  2.738000000000000E-002  1.366697962963485E-003
  2.740000000000000E-002  9.927270872993567E-004
  2.742000000000000E-002  7.051991661845969E-004
  2.744000000000000E-002  4.891640180604081E-004
  2.746000000000000E-002  3.316235251428566E-004
  2.748000000000000E-002  2.204940361595203E-004
  2.750000000000000E-002  1.449735500365172E-004
  2.752000000000000E-002  9.636731953034489E-005
  2.754000000000000E-002  6.767082932627804E-005
  2.756000000000000E-002  5.307960893667901E-005
  2.758000000000000E-002  4.755062891219809E-005
  2.760000000000000E-002  4.685021877230913E-005
  2.762000000000000E-002  4.844746564827162E-005
  2.764000000000000E-002  5.410724589081014E-005
  2.766000000000000E-002  6.626134117982848E-005
  2.768000000000000E-002  8.749647020390904E-005
  2.770000000000000E-002  1.206619056223985E-004
  2.772000000000000E-002  1.689591131607043E-004
  2.774000000000000E-002  2.360120768839286E-004
  2.776000000000000E-002  3.258791019532613E-004
  2.778000000000000E-002  4.429754504686458E-004
  2.780000000000000E-002  5.916854045857008E-004
  2.782000000000000E-002  7.759795982326214E-004
  2.784000000000000E-002  9.991910647197926E-004
  2.786000000000000E-002  1.240506088988601E-003
  2.788000000000000E-002  1.420383512776606E-003
  2.790000000000000E-002  1.534131053921239E-003
  2.792000000000000E-002  1.593656594176067E-003
  2.794000000000000E-002  1.614654518040014E-003
  2.796000000000000E-002  1.614573745024244E-003
  2.798000000000000E-002  1.604219902647296E-003
  2.800000000000000E-002  1.576152922945571E-003
  2.802000000000000E-002  1.521184420073215E-003
  2.804000000000000E-002  1.431806991716616E-003
  2.806000000000000E-002  1.303007682604795E-003
  2.808000000000000E-002  1.133585157206964E-003
  2.810000000000000E-002  9.265951827412459E-004
  2.812000000000000E-002  6.941881171871305E-004
  2.814000000000000E-002  4.998787695408326E-004
  2.816000000000000E-002  3.554714670181659E-004
  2.818000000000000E-002  2.496011816482511E-004
  2.820000000000000E-002  1.731297792714408E-004
  2.822000000000000E-002  1.186745860011611E-004
  2.824000000000000E-002  8.042051059446996E-005
  2.826000000000000E-002  5.389518654729397E-005
  2.828000000000000E-002  3.573148674697999E-005
  2.830000000000000E-002  2.344288492003562E-005
  2.832000000000000E-002  1.522542765166928E-005
  2.834000000000000E-002  9.791766728754561E-006
  2.836000000000000E-002  6.237719825360056E-006
  2.838000000000000E-002  3.937319841496398E-006
  2.840000000000000E-002  2.463188197985221E-006
  2.842000000000000E-002  1.527623667637957E-006
  2.844000000000000E-002  9.393942995636906E-007
  2.846000000000000E-002  5.729078913498641E-007
  2.848000000000000E-002  3.465974907337183E-007
  2.850000000000000E-002  2.080469228589431E-007
  2.852000000000000E-002  1.239304813516870E-007
  2.854000000000000E-002  7.327597102432368E-008
  2.856000000000000E-002  4.301306773176179E-008
  2.858000000000000E-002  2.507177510926865E-008
  2.860000000000000E-002  1.451465029746898E-008
  2.862000000000000E-002  8.347663183859145E-009
  2.864000000000000E-002  4.770676661306089E-009
  2.866000000000000E-002  2.710257282406739E-009
  2.868000000000000E-002  1.531396922780760E-009
  2.870000000000000E-002  8.613440480297476E-010
  2.872000000000000E-002  4.829320236460943E-010
  2.874000000000000E-002  2.705592619228874E-010
  2.876000000000000E-002  1.520964828496783E-010
  2.878000000000000E-002  8.640818782004389E-011
  2.880000000000000E-002  5.019307428816742E-011
  2.882000000000000E-002  3.033887569106250E-011
  2.884000000000000E-002  1.951406671378712E-011
  2.886000000000000E-002  1.364470907768860E-011
  2.888000000000000E-002  1.048060373494177E-011
  2.890000000000000E-002  8.786052414949792E-012
  2.892000000000000E-002  7.886289483707857E-012
  2.894000000000000E-002  7.414857075285117E-012
  2.896000000000000E-002  7.173617621195879E-012
  2.898000000000000E-002  7.054989947407683E-012
  2.900000000000000E-002  6.998273351354847E-012
  2.902000000000000E-002  6.972831323143212E-012
  2.904000000000000E-002  6.962733803128160E-012
  2.906000000000000E-002  6.959746263006972E-012
  2.908000000000000E-002  6.959793871019618E-012
  2.910000000000000E-002  6.960964149380297E-012
  2.912000000000000E-002  6.962338819852838E-012
  2.914000000000000E-002  6.963510915084400E-012
  2.916000000000000E-002  6.964364398974283E-012
  2.918000000000000E-002  6.964746761129282E-012
  2.920000000000000E-002  6.964946532619374E-012
  2.922000000000000E-002  6.965041068141315E-012
  2.924000000000000E-002  6.964966808617935E-012
  2.926000000000000E-002  6.964796348005719E-012
  2.928000000000000E-002  6.964517867967496E-012
  2.930000000000000E-002  6.964116454994555E-012
  2.932000000000000E-002  6.963572225796039E-012
  2.934000000000000E-002  6.962910078770591E-012
  2.936000000000000E-002  6.962135150923537E-012
  2.938000000000000E-002  6.961270031482961E-012
  2.940000000000000E-002  6.960354092609003E-012
  2.942000000000000E-002  6.959465754945990E-012
  2.944000000000000E-002  6.958622813964979E-012
  2.946000000000000E-002  6.957816851242837E-012
  2.948000000000000E-002  6.957041304769933E-012
  2.950000000000000E-002  6.956297650151382E-012
  2.952000000000000E-002  6.955585702350603E-012
  2.954000000000000E-002  6.954893447849240E-012
  2.956000000000000E-002  6.954199832219305E-012
  2.958000000000000E-002  6.953468198784170E-012
  2.960000000000000E-002  6.952689114156077E-012
  2.962000000000000E-002  6.951878227449984E-012
  2.964000000000000E-002  6.951048137200752E-012
  2.966000000000000E-002  6.950206322960596E-012
  2.968000000000000E-002  6.949345382061866E-012
  2.970000000000000E-002  6.948451119837448E-012
  2.972000000000000E-002  6.947524861608600E-012
  2.974000000000000E-002  6.946591766121880E-012
  2.976000000000000E-002  6.945678910933429E-012
  2.978000000000000E-002  6.944775209484513E-012
  2.980000000000000E-002  6.943870292561585E-012
  2.982000000000000E-002  6.942953446628841E-012
  2.984000000000000E-002  6.942020435445951E-012
  2.986000000000000E-002  6.941074564513579E-012
  2.988000000000000E-002  6.940114487126334E-012
  2.990000000000000E-002  6.939129648005087E-012
  2.992000000000000E-002  6.938125199405186E-012
  2.994000000000000E-002  6.937215843413201E-012
  2.996000000000000E-002  6.936305168037694E-012
  2.998000000000000E-002  6.935508641456864E-012
  3.000000000000000E-002  6.934751787836759E-012
  3.002000000000000E-002  6.934046912875344E-012
  3.004000000000000E-002  6.933402881425701E-012
  3.006000000000000E-002  6.932816592072378E-012
  3.008000000000000E-002  6.932284744780399E-012
  3.010000000000000E-002  6.931799555158881E-012
  3.012000000000000E-002  6.931326298068753E-012
  3.014000000000000E-002  6.930825534004818E-012
  3.016000000000000E-002  6.930268906382145E-012
  3.018000000000000E-002  6.929648709486374E-012
  3.020000000000000E-002  6.928967450943766E-012
  3.022000000000000E-002  6.928232565459560E-012
  3.024000000000000E-002  6.927452440496036E-012
  3.026000000000000E-002  6.926632661690852E-012
  3.028000000000000E-002  6.925762124574955E-012
  3.030000000000000E-002  6.924812577506821E-012
  3.032000000000000E-002  6.923763231147074E-012
  3.034000000000000E-002  6.922615706861759E-012
  3.036000000000000E-002  6.921385334741222E-012
  3.038000000000000E-002  6.920088495639836E-012
  3.040000000000000E-002  6.918738286818702E-012
  3.042000000000000E-002  6.917346244629805E-012
  3.044000000000000E-002  6.915922690313103E-012
  3.046000000000000E-002  6.914474548195388E-012
  3.048000000000000E-002  6.913007258245747E-012
  3.050000000000000E-002  6.911531549752892E-012
  3.052000000000000E-002  6.910060642454025E-012
  3.054000000000000E-002  6.908605423222520E-012
  3.056000000000000E-002  6.907182954482895E-012
  3.058000000000000E-002  6.905802947215972E-012
  3.060000000000000E-002  6.904467019580602E-012
  3.062000000000000E-002  6.903181453057664E-012
  3.064000000000000E-002  6.901952959926000E-012
  3.066000000000000E-002  6.900783124563765E-012
  3.068000000000000E-002  6.899679249187451E-012
  3.070000000000000E-002  6.898641492988641E-012
  3.072000000000000E-002  6.897670927652384E-012
  3.074000000000000E-002  6.896776215630742E-012
  3.076000000000000E-002  6.895953107362001E-012
  3.078000000000000E-002  6.895214543624123E-012
  3.080000000000000E-002  6.894573984446544E-012
  3.082000000000000E-002  6.894026635265441E-012
  3.084000000000000E-002  6.893561989232170E-012
  3.086000000000000E-002  6.893185186881933E-012
  3.088000000000000E-002  6.892890502845580E-012
  3.090000000000000E-002  6.892686882192067E-012
  3.092000000000000E-002  6.892540846547007E-012
  3.094000000000000E-002  6.892467184014337E-012
  3.096000000000000E-002  6.892472025260246E-012
  3.098000000000000E-002  6.892503905737696E-012
  3.100000000000000E-002  6.892568917385300E-012
  3.102000000000000E-002  6.892667395343624E-012
  3.104000000000000E-002  6.892783369949061E-012
  3.106000000000000E-002  6.892910226187204E-012
  3.108000000000000E-002  6.893051319708167E-012
  3.110000000000000E-002  6.893200461081575E-012
  3.112000000000000E-002  6.893350190826653E-012
  3.114000000000000E-002  6.893506087403494E-012
  3.116000000000000E-002  6.893619729719739E-012
  3.118000000000000E-002  6.893735979939428E-012
  3.120000000000000E-002  6.893878203465244E-012
  3.122000000000000E-002  6.894037891156775E-012
  3.124000000000000E-002  6.894234432937232E-012
  3.126000000000000E-002  6.894502297724446E-012
  3.128000000000000E-002  6.894870893034768E-012
  3.130000000000000E-002  6.895390006150374E-012
  3.132000000000000E-002  6.896097177425624E-012
  3.134000000000000E-002  6.897035325579028E-012
  3.136000000000001E-002  6.898248684810409E-012
  3.138000000000001E-002  6.899783846714438E-012
  3.140000000000000E-002  6.901690204535772E-012
  3.142000000000000E-002  6.904021871853870E-012
  3.144000000000000E-002  6.906836315859381E-012
  3.146000000000000E-002  6.910189669672325E-012
  3.148000000000000E-002  6.914133509527594E-012
  3.150000000000000E-002  6.918713588826940E-012
  3.152000000000000E-002  6.923966277995294E-012
  3.154000000000001E-002  6.929914620242467E-012
  3.156000000000000E-002  6.936560148812107E-012
  3.158000000000000E-002  6.943904556014616E-012
  3.160000000000000E-002  6.951878341597146E-012
  3.162000000000000E-002  6.959674465215804E-012
  3.164000000000000E-002  6.966495630029986E-012
  3.166000000000000E-002  6.972304327931406E-012
  3.168000000000000E-002  6.977098781091588E-012
  3.170000000000001E-002  6.980950217471285E-012
  3.172000000000001E-002  6.983956774649395E-012
  3.174000000000000E-002  6.986283637994605E-012
  3.176000000000000E-002  6.988057280451378E-012
  3.178000000000000E-002  6.989400568132476E-012
  3.180000000000000E-002  6.990264617957900E-012
  3.182000000000000E-002  6.990722118520777E-012
  3.184000000000000E-002  6.990846747328127E-012
  3.186000000000000E-002  6.990821698055710E-012
  3.188000000000001E-002  6.990628609219611E-012
  3.190000000000000E-002  6.990099287477119E-012
  3.192000000000000E-002  6.989111438993951E-012
  3.194000000000000E-002  6.987611278264863E-012
  3.196000000000000E-002  6.985616275415605E-012
  3.198000000000000E-002  6.983182671594288E-012
  3.200000000000000E-002  6.980361845841820E-012
  3.202000000000000E-002  6.977202699639208E-012
  3.204000000000001E-002  6.973770643603236E-012
  3.206000000000001E-002  6.970188775948879E-012
  3.208000000000000E-002  6.966857655012494E-012
  3.210000000000000E-002  6.963797109427160E-012
  3.212000000000000E-002  6.960945131871530E-012
  3.214000000000000E-002  6.958247731113822E-012
  3.216000000000000E-002  6.955659782563465E-012
  3.218000000000000E-002  6.953146849675556E-012
  3.220000000000000E-002  6.950705972267752E-012
  3.222000000000001E-002  6.948376685321888E-012
  3.224000000000000E-002  6.946202027925234E-012
  3.226000000000000E-002  6.944189449844683E-012
  3.228000000000000E-002  6.942344298234336E-012
  3.230000000000000E-002  6.940670179994506E-012
  3.232000000000000E-002  6.939152313621972E-012
  3.234000000000000E-002  6.937745175210419E-012
  3.236000000000000E-002  6.936429611910994E-012
  3.238000000000001E-002  6.935211962128399E-012
  3.240000000000001E-002  6.934091626433642E-012
  3.242000000000000E-002  6.933065349473644E-012
  3.244000000000000E-002  6.932128333886292E-012
  3.246000000000000E-002  6.931275726902414E-012
  3.248000000000000E-002  6.930503066947603E-012
  3.250000000000000E-002  6.929804007361286E-012
  3.252000000000000E-002  6.929156441019998E-012
  3.254000000000000E-002  6.928522355267231E-012
  3.256000000000001E-002  6.927880651490154E-012
  3.258000000000000E-002  6.927210102148480E-012
  3.260000000000000E-002  6.926488629537420E-012
  3.262000000000000E-002  6.925699371721604E-012
  3.264000000000000E-002  6.924837710821273E-012
  3.266000000000000E-002  6.923915898473865E-012
  3.268000000000000E-002  6.922943008507329E-012
  3.270000000000000E-002  6.921895439008380E-012
  3.272000000000001E-002  6.920747665638337E-012
  3.274000000000001E-002  6.919511673444706E-012
  3.276000000000000E-002  6.918212951828528E-012
  3.278000000000000E-002  6.916866310222872E-012
  3.280000000000000E-002  6.915473065211941E-012
  3.282000000000000E-002  6.914028525086973E-012
  3.284000000000000E-002  6.912529078528874E-012
  3.286000000000000E-002  6.910975299960844E-012
  3.288000000000000E-002  6.909371596143695E-012
  3.290000000000001E-002  6.907724468710963E-012
  3.292000000000000E-002  6.906041284729854E-012
  3.294000000000000E-002  6.904332237965882E-012
  3.296000000000000E-002  6.902598183197177E-012
  3.298000000000000E-002  6.900844615938994E-012
  3.300000000000000E-002  6.899085284414424E-012
  3.302000000000000E-002  6.897332492037466E-012
  3.304000000000000E-002  6.895596589287759E-012
  3.306000000000001E-002  6.893881937757178E-012
  3.308000000000001E-002  6.892200218125261E-012
  3.310000000000000E-002  6.890582884468672E-012
  3.312000000000000E-002  6.889057695310338E-012
  3.314000000000000E-002  6.887643318386490E-012
  3.316000000000000E-002  6.886341002043178E-012
  3.318000000000000E-002  6.885152348951322E-012
  3.320000000000000E-002  6.884097289653871E-012
  3.322000000000000E-002  6.883184309370267E-012
  3.324000000000001E-002  6.882410670188258E-012
  3.326000000000000E-002  6.881772648896618E-012
  3.328000000000000E-002  6.881259014188342E-012
  3.330000000000000E-002  6.880855149559082E-012
  3.332000000000000E-002  6.880558357726817E-012
  3.334000000000000E-002  6.880375879173973E-012
  3.336000000000000E-002  6.880309917662549E-012
  3.338000000000000E-002  6.880382188526294E-012
  3.340000000000001E-002  6.880621463972771E-012
  3.342000000000001E-002  6.880988267806099E-012
  3.344000000000000E-002  6.881500022638621E-012
  3.346000000000000E-002  6.882144494326096E-012
  3.348000000000000E-002  6.882888131875264E-012
  3.350000000000000E-002  6.883769359922797E-012
  3.352000000000000E-002  6.884808391204284E-012
  3.354000000000000E-002  6.885939875194020E-012
  3.356000000000000E-002  6.887167681604393E-012
  3.358000000000001E-002  6.888467776350411E-012
  3.360000000000000E-002  6.889831019292483E-012
  3.362000000000000E-002  6.891257761523926E-012
  3.364000000000000E-002  6.892752170303116E-012
  3.366000000000000E-002  6.894315841705855E-012
  3.368000000000000E-002  6.895945188228227E-012
  3.370000000000000E-002  6.897626296124778E-012
  3.372000000000000E-002  6.899330102505155E-012
  3.374000000000001E-002  6.901052728886794E-012
  3.376000000000001E-002  6.902779246652315E-012
  3.378000000000000E-002  6.904491168508243E-012
  3.380000000000000E-002  6.906191033958290E-012
  3.382000000000000E-002  6.907885975883866E-012
  3.384000000000000E-002  6.909580889299040E-012
  3.386000000000000E-002  6.911276008882454E-012
  3.388000000000000E-002  6.912974417165965E-012
  3.390000000000000E-002  6.914675286750486E-012
  3.392000000000001E-002  6.916358176235557E-012
  3.394000000000000E-002  6.918041479234206E-012
  3.396000000000000E-002  6.919727418682346E-012
  3.398000000000000E-002  6.921414771458582E-012
  3.400000000000000E-002  6.923099560043857E-012
  3.402000000000000E-002  6.924711767276409E-012
  3.404000000000000E-002  6.926126670931743E-012
  3.406000000000000E-002  6.927314663810611E-012
  3.408000000000001E-002  6.928305488345164E-012
  3.410000000000001E-002  6.929111757778784E-012
  3.412000000000000E-002  6.929744295953999E-012
  3.414000000000000E-002  6.930205882022102E-012
  3.416000000000000E-002  6.930492686753482E-012
  3.418000000000000E-002  6.930609185369310E-012
  3.420000000000000E-002  6.930579313775274E-012
  3.422000000000000E-002  6.930385943938138E-012
  3.424000000000000E-002  6.930048525424756E-012
  3.426000000000001E-002  6.929603041055025E-012
  3.428000000000000E-002  6.929072426266108E-012
  3.430000000000000E-002  6.928489651720193E-012
  3.432000000000000E-002  6.927877907371856E-012
  3.434000000000000E-002  6.927264123332970E-012
  3.436000000000000E-002  6.926657401134098E-012
  3.438000000000000E-002  6.926033289778099E-012
  3.440000000000000E-002  6.925369030380393E-012
  3.442000000000001E-002  6.924675352215353E-012
  3.444000000000001E-002  6.923967885121932E-012
  3.446000000000000E-002  6.923251115221578E-012
  3.448000000000000E-002  6.922526010589328E-012
  3.450000000000000E-002  6.921789979516446E-012
  3.452000000000000E-002  6.921065764240032E-012
  3.454000000000000E-002  6.920469736086313E-012
  3.456000000000000E-002  6.920039529922039E-012
  3.458000000000000E-002  6.919751018591065E-012
  3.460000000000001E-002  6.919744212402979E-012
  3.462000000000000E-002  6.919865430962472E-012
  3.464000000000000E-002  6.920114698120214E-012
  3.466000000000000E-002  6.920543756137161E-012
  3.468000000000000E-002  6.921174543971700E-012
  3.470000000000000E-002  6.921881860225980E-012
  3.472000000000000E-002  6.922699979068571E-012
  3.474000000000000E-002  6.923629444395839E-012
  3.476000000000001E-002  6.924721717724550E-012
  3.478000000000001E-002  6.926035469962241E-012
  3.480000000000000E-002  6.927609866327316E-012
  3.482000000000000E-002  6.929457371562369E-012
  3.484000000000000E-002  6.931574302909119E-012
  3.486000000000000E-002  6.933964434202124E-012
  3.488000000000000E-002  6.936412547850791E-012
  3.490000000000000E-002  6.938309041131423E-012
  3.492000000000000E-002  6.939694298755245E-012
  3.494000000000001E-002  6.940663656901894E-012
  3.496000000000000E-002  6.941280489962017E-012
  3.498000000000000E-002  6.941685749967558E-012
  3.500000000000000E-002  6.941726395122375E-012
  3.502000000000000E-002  6.941647738288869E-012
  3.504000000000000E-002  6.941407095708852E-012
  3.506000000000000E-002  6.940989724983272E-012
  3.508000000000000E-002  6.940418598212012E-012
  3.510000000000001E-002  6.939679138616515E-012
  3.512000000000001E-002  6.938832420068251E-012
  3.514000000000000E-002  6.938022675764729E-012
  3.516000000000000E-002  6.937157356653955E-012
  3.518000000000000E-002  6.936218721580504E-012
  3.520000000000000E-002  6.935270261809872E-012
  3.522000000000000E-002  6.934314451683500E-012
  3.524000000000000E-002  6.933390918180400E-012
  3.526000000000000E-002  6.932611227872936E-012
  3.528000000000001E-002  6.931999810005817E-012
  3.530000000000000E-002  6.931558594823504E-012
  3.532000000000000E-002  6.931273690631793E-012
  3.534000000000000E-002  6.931113388350262E-012
  3.536000000000000E-002  6.931044942366591E-012
  3.538000000000000E-002  6.931036980306114E-012
  3.540000000000000E-002  6.931059726616628E-012
  3.542000000000000E-002  6.931082752668344E-012
  3.544000000000001E-002  6.931070003557772E-012
  3.546000000000001E-002  6.930979576062888E-012
  3.548000000000000E-002  6.930799548300090E-012
  3.550000000000000E-002  6.930533222042573E-012
  3.552000000000000E-002  6.930174981967807E-012
  3.554000000000000E-002  6.929717617134109E-012
  3.556000000000000E-002  6.929166736005874E-012
  3.558000000000000E-002  6.928525685467978E-012
  3.560000000000000E-002  6.927770300836714E-012
  3.562000000000001E-002  6.926870554732508E-012
  3.564000000000001E-002  6.925833711523292E-012
  3.566000000000000E-002  6.924684917379694E-012
  3.568000000000000E-002  6.923459945896571E-012
  3.570000000000000E-002  6.922201642416137E-012
  3.572000000000000E-002  6.920907642378171E-012
  3.574000000000000E-002  6.919575317006770E-012
  3.576000000000000E-002  6.918203302318124E-012
  3.578000000000001E-002  6.916792904447781E-012
  3.580000000000001E-002  6.915348182737847E-012
  3.582000000000000E-002  6.913875583112108E-012
  3.584000000000000E-002  6.912383280846128E-012
  3.586000000000000E-002  6.910888289385977E-012
  3.588000000000000E-002  6.909439559371515E-012
  3.590000000000000E-002  6.908056391575960E-012
  3.592000000000000E-002  6.906739553849719E-012
  3.594000000000000E-002  6.905492162447809E-012
  3.596000000000001E-002  6.904317253926543E-012
  3.598000000000001E-002  6.903214971174674E-012
  3.600000000000000E-002  6.902189466616095E-012
  3.602000000000000E-002  6.901249346980271E-012
  3.604000000000000E-002  6.900396798084617E-012
  3.606000000000000E-002  6.899617472266590E-012
  3.608000000000000E-002  6.898922058832235E-012
  3.610000000000000E-002  6.898310861357392E-012
  3.612000000000001E-002  6.897773383052080E-012
  3.614000000000001E-002  6.897303063270586E-012
  3.616000000000000E-002  6.896901339256744E-012
  3.618000000000000E-002  6.896578587517303E-012
  3.620000000000000E-002  6.896356130577060E-012
  3.622000000000000E-002  6.896229124187238E-012
  3.624000000000000E-002  6.896160059985082E-012
  3.626000000000000E-002  6.896123069461777E-012
  3.628000000000000E-002  6.896050659720662E-012
  3.630000000000001E-002  6.895922200834588E-012
  3.632000000000001E-002  6.895769790677579E-012
  3.634000000000000E-002  6.895597993284341E-012
  3.636000000000000E-002  6.895381745755437E-012
  3.638000000000000E-002  6.895091186698483E-012
  3.640000000000000E-002  6.894707677300127E-012
  3.642000000000000E-002  6.894233553683795E-012
  3.644000000000000E-002  6.893702007164466E-012
  3.646000000000001E-002  6.893117913895552E-012
  3.648000000000001E-002  6.892452028107740E-012
  3.650000000000000E-002  6.891677647361300E-012
  3.652000000000000E-002  6.890767956674573E-012
  3.654000000000000E-002  6.889706370888013E-012
  3.656000000000000E-002  6.888483147616585E-012
  3.658000000000000E-002  6.887094077545152E-012
  3.660000000000000E-002  6.885536867794790E-012
  3.662000000000000E-002  6.883814332177401E-012
  3.664000000000001E-002  6.881933575552938E-012
  3.666000000000001E-002  6.879905003436720E-012
  3.668000000000000E-002  6.877742904015635E-012
  3.670000000000000E-002  6.875461837592207E-012
  3.672000000000000E-002  6.873077984307447E-012
  3.674000000000000E-002  6.870608776432079E-012
  3.676000000000000E-002  6.868071557421000E-012
  3.678000000000000E-002  6.865484758412374E-012
  3.680000000000001E-002  6.862860695260865E-012
  3.682000000000001E-002  6.860222046387937E-012
  3.684000000000000E-002  6.857606488513868E-012
  3.686000000000000E-002  6.855032716509688E-012
  3.688000000000000E-002  6.852504760250898E-012
  3.690000000000000E-002  6.850017631753821E-012
  3.692000000000000E-002  6.847563142936137E-012
  3.694000000000000E-002  6.845135585189627E-012
  3.696000000000000E-002  6.842734149036356E-012
  3.698000000000001E-002  6.840358804342822E-012
  3.700000000000001E-002  6.838010910570961E-012
  3.702000000000000E-002  6.835694890271612E-012
  3.704000000000000E-002  6.833422074187139E-012
  3.706000000000000E-002  6.831208101936461E-012
  3.708000000000000E-002  6.829071908586285E-012
  3.710000000000000E-002  6.827027177988227E-012
  3.712000000000000E-002  6.825081213346382E-012
  3.714000000000001E-002  6.823239033971891E-012
  3.716000000000001E-002  6.821501334938830E-012
  3.718000000000000E-002  6.819861519046556E-012
  3.720000000000000E-002  6.818308249317986E-012
  3.722000000000000E-002  6.816838584331831E-012
  3.724000000000000E-002  6.815450272107455E-012
  3.726000000000000E-002  6.814164103616779E-012
  3.728000000000000E-002  6.812988548050568E-012
  3.730000000000000E-002  6.811904655927343E-012
  3.732000000000001E-002  6.810951812770012E-012
  3.734000000000001E-002  6.810181715688199E-012
  3.736000000000000E-002  6.809639564121086E-012
  3.738000000000000E-002  6.809368316761739E-012
  3.740000000000000E-002  6.809369383689309E-012
  3.742000000000000E-002  6.809682991398691E-012
  3.744000000000000E-002  6.810342350881169E-012
  3.746000000000000E-002  6.811312007757832E-012
  3.748000000000001E-002  6.812674438900812E-012
  3.750000000000001E-002  6.814524576721257E-012
  3.752000000000000E-002  6.816968828801798E-012
  3.754000000000000E-002  6.820135917804442E-012
  3.756000000000000E-002  6.824159348493049E-012
  3.758000000000000E-002  6.829161363182632E-012
  3.760000000000000E-002  6.835245683382132E-012
  3.762000000000000E-002  6.842495910312468E-012
  3.764000000000000E-002  6.850989058121090E-012
  3.766000000000001E-002  6.860601822611975E-012
  3.768000000000001E-002  6.870023978867950E-012
  3.770000000000000E-002  6.878246385382314E-012
  3.772000000000000E-002  6.885331528075260E-012
  3.774000000000000E-002  6.891379495720582E-012
  3.776000000000000E-002  6.896515283536769E-012
  3.778000000000000E-002  6.900882889683430E-012
  3.780000000000000E-002  6.904627369633079E-012
  3.782000000000001E-002  6.907876907602518E-012
  3.784000000000001E-002  6.910735004675199E-012
  3.786000000000000E-002  6.913293327240524E-012
  3.788000000000000E-002  6.915674373652020E-012
  3.790000000000000E-002  6.918008355226772E-012
  3.792000000000000E-002  6.920372004160943E-012
  3.794000000000000E-002  6.922845304707330E-012
  3.796000000000000E-002  6.925533531130807E-012
  3.798000000000000E-002  6.928460832015981E-012
  3.800000000000001E-002  6.931500583069031E-012
  3.802000000000001E-002  6.934570020557318E-012
  3.804000000000000E-002  6.937800841177128E-012
  3.806000000000000E-002  6.941251483328629E-012
  3.808000000000000E-002  6.944885917316234E-012
  3.810000000000000E-002  6.948415016845097E-012
  3.812000000000000E-002  6.951724512501622E-012
  3.814000000000000E-002  6.954716937619571E-012
  3.816000000000001E-002  6.957422242999126E-012
  3.818000000000001E-002  6.959815591259580E-012
  3.820000000000000E-002  6.961888423511311E-012
  3.822000000000000E-002  6.963623721571540E-012
  3.824000000000000E-002  6.964999561948525E-012
  3.826000000000000E-002  6.966026616291813E-012
  3.828000000000000E-002  6.966725045260721E-012
  3.830000000000000E-002  6.967122881603605E-012
  3.832000000000000E-002  6.967291174529984E-012
  3.834000000000001E-002  6.967291262117848E-012
  3.836000000000001E-002  6.967077086470471E-012
  3.838000000000000E-002  6.966636203534341E-012
  3.840000000000000E-002  6.966054579843928E-012
  3.842000000000000E-002  6.965327843824696E-012
  3.844000000000000E-002  6.964443063785264E-012
  3.846000000000000E-002  6.963395264014960E-012
  3.848000000000000E-002  6.962215026704548E-012
  3.850000000000001E-002  6.960920517561101E-012
  3.852000000000001E-002  6.959511772987930E-012
  3.854000000000000E-002  6.958004232738118E-012
  3.856000000000000E-002  6.956412172125766E-012
  3.858000000000000E-002  6.954738127866519E-012
  3.860000000000000E-002  6.952976288079335E-012
  3.862000000000000E-002  6.951119934872584E-012
  3.864000000000000E-002  6.949165580580352E-012
  3.866000000000000E-002  6.947112272510873E-012
  3.868000000000001E-002  6.944959919494231E-012
  3.870000000000001E-002  6.942708616276058E-012
  3.872000000000000E-002  6.940358762908928E-012
  3.874000000000000E-002  6.937910805779616E-012
  3.876000000000000E-002  6.935365331617711E-012
  3.878000000000000E-002  6.932722327893366E-012
  3.880000000000000E-002  6.929979359886408E-012
  3.882000000000000E-002  6.927137635457654E-012
  3.884000000000001E-002  6.924196777351708E-012
  3.886000000000001E-002  6.921150824028210E-012
  3.888000000000000E-002  6.917992737878745E-012
  3.890000000000000E-002  6.914715517061483E-012
  3.892000000000000E-002  6.911314054168853E-012
  3.894000000000000E-002  6.907785749834269E-012
  3.896000000000000E-002  6.904130744408816E-012
  3.898000000000000E-002  6.900351243760658E-012
  3.900000000000000E-002  6.896451593092222E-012
  3.902000000000001E-002  6.892437563988402E-012
  3.904000000000001E-002  6.888316915962730E-012
  3.906000000000000E-002  6.884097641436468E-012
  3.908000000000000E-002  6.879785599535185E-012
  3.910000000000000E-002  6.875377467596508E-012
  3.912000000000000E-002  6.870865007796708E-012
  3.914000000000000E-002  6.866397497496967E-012
  3.916000000000000E-002  6.862132354973138E-012
  3.918000000000001E-002  6.858202091462590E-012
  3.920000000000001E-002  6.854691837994359E-012
  3.922000000000000E-002  6.851655888294954E-012
  3.924000000000000E-002  6.849116309774874E-012
  3.926000000000000E-002  6.847079275016966E-012
  3.928000000000000E-002  6.845529749898017E-012
  3.930000000000000E-002  6.844434594022810E-012
  3.932000000000000E-002  6.843710972125729E-012
  3.934000000000000E-002  6.843225797968651E-012
  3.936000000000001E-002  6.842942328693392E-012
  3.938000000000001E-002  6.842895339308994E-012
  3.940000000000000E-002  6.843075257949092E-012
  3.942000000000000E-002  6.843699250347752E-012
  3.944000000000000E-002  6.844966077418293E-012
  3.946000000000000E-002  6.847065583122591E-012
  3.948000000000000E-002  6.850171617804064E-012
  3.950000000000000E-002  6.854420958114149E-012
  3.952000000000001E-002  6.859905957724536E-012
  3.954000000000001E-002  6.866586345644003E-012
  3.956000000000000E-002  6.873718738743704E-012
  3.958000000000000E-002  6.879748310729936E-012
  3.960000000000000E-002  6.884732863864865E-012
  3.962000000000000E-002  6.888766946160875E-012
  3.964000000000000E-002  6.891842247867437E-012
  3.966000000000000E-002  6.894035093621984E-012
  3.968000000000000E-002  6.895637534408093E-012
  3.970000000000001E-002  6.897140727021317E-012
  3.972000000000001E-002  6.899087900273588E-012
  3.974000000000000E-002  6.902512759376876E-012
  3.976000000000000E-002  6.912983091940133E-012
  3.978000000000000E-002  6.951006101592385E-012
  3.980000000000000E-002  7.092663462473647E-012
  3.982000000000000E-002  7.614488290686219E-012
  3.984000000000000E-002  9.406812968264558E-012
  3.986000000000001E-002  1.244300114697955E-011
  3.988000000000001E-002  1.354631937651402E-011
  3.990000000000000E-002  1.373034033706217E-011
  3.992000000000000E-002  1.375415802239672E-011
  3.994000000000000E-002  1.375710899386865E-011
  3.996000000000000E-002  1.375747254949516E-011
  3.998000000000000E-002  1.375751788040822E-011
  4.000000000000000E-002  1.375754118147757E-011
