  0.000000000000000E+000   2.61519000003575     
  2.000000000000000E-005   2.50937860221111     
  4.000000000000000E-005   2.49911341371279     
  6.000000000000001E-005   2.49799791927002     
  8.000000000000001E-005   2.49690239922583     
  1.000000000000000E-004   2.49579619781363     
  1.200000000000000E-004   2.49468671893192     
  1.400000000000000E-004   2.49356786248325     
  1.600000000000000E-004   2.49244258815892     
  1.800000000000000E-004   2.49130850648586     
  2.000000000000000E-004   2.49016623077927     
  2.200000000000000E-004   2.48901513375384     
  2.400000000000000E-004   2.48785485638666     
  2.600000000000000E-004   2.48668544687071     
  2.800000000000000E-004   2.48550570564716     
  3.000000000000000E-004   2.48431818956706     
  3.200000000000000E-004   2.48312305187062     
  3.400000000000000E-004   2.48191923817663     
  3.600000000000000E-004   2.48070226435597     
  3.800000000000000E-004   2.47947586500437     
  4.000000000000000E-004   2.47824068081732     
  4.200000000000000E-004   2.47699685524720     
  4.400000000000000E-004   2.47574481006647     
  4.600000000000000E-004   2.47448520464550     
  4.800000000000001E-004   2.47321882137265     
  5.000000000000000E-004   2.47194632210758     
  5.200000000000001E-004   2.47066801839946     
  5.400000000000000E-004   2.46938387631216     
  5.600000000000001E-004   2.46809372552462     
  5.800000000000000E-004   2.46679767168848     
  6.000000000000001E-004   2.46549640914129     
  6.200000000000000E-004   2.46419105833387     
  6.400000000000001E-004   2.46288289703269     
  6.600000000000001E-004   2.46157301587973     
  6.800000000000000E-004   2.46026207266202     
  7.000000000000001E-004   2.45895034112615     
  7.200000000000000E-004   2.45763857070317     
  7.400000000000001E-004   2.45632762114411     
  7.600000000000000E-004   2.45501771244904     
  7.800000000000001E-004   2.45370889412103     
  8.000000000000000E-004   2.45240105886539     
  8.200000000000001E-004   2.45109412911834     
  8.400000000000000E-004   2.44978804452818     
  8.600000000000001E-004   2.44848256948260     
  8.800000000000000E-004   2.44717752594453     
  9.000000000000001E-004   2.44587266559175     
  9.200000000000000E-004   2.44456771939702     
  9.400000000000001E-004   2.44326255888845     
  9.600000000000001E-004   2.44195657584971     
  9.800000000000002E-004   2.44065001584488     
  1.000000000000000E-003   2.43934495295638     
  1.020000000000000E-003   2.43804290449658     
  1.040000000000000E-003   2.43674510493330     
  1.060000000000000E-003   2.43545229374389     
  1.080000000000000E-003   2.43416517910761     
  1.100000000000000E-003   2.43288426931234     
  1.120000000000000E-003   2.43160985606255     
  1.140000000000000E-003   2.43034201113392     
  1.160000000000000E-003   2.42908088531022     
  1.180000000000000E-003   2.42782611811476     
  1.200000000000000E-003   2.42657747673267     
  1.220000000000000E-003   2.42533479907023     
  1.240000000000000E-003   2.42409795288965     
  1.260000000000000E-003   2.42286673581858     
  1.280000000000000E-003   2.42164086402450     
  1.300000000000000E-003   2.42042000284790     
  1.320000000000000E-003   2.41920382813987     
  1.340000000000000E-003   2.41799205965887     
  1.360000000000000E-003   2.41678442343588     
  1.380000000000000E-003   2.41558061326723     
  1.400000000000000E-003   2.41438031816170     
  1.420000000000000E-003   2.41318326356041     
  1.440000000000000E-003   2.41198920730655     
  1.460000000000000E-003   2.41079789814268     
  1.480000000000000E-003   2.40960905794116     
  1.500000000000000E-003   2.40842241329666     
  1.520000000000000E-003   2.40723773339420     
  1.540000000000000E-003   2.40605482872847     
  1.560000000000000E-003   2.40487352043160     
  1.580000000000000E-003   2.40369362407220     
  1.600000000000000E-003   2.40251496363906     
  1.620000000000000E-003   2.40133738625073     
  1.640000000000000E-003   2.40016076605275     
  1.660000000000000E-003   2.39898502162777     
  1.680000000000000E-003   2.39781009687260     
  1.700000000000000E-003   2.39663596185716     
  1.720000000000000E-003   2.39546263780439     
  1.740000000000000E-003   2.39429019014397     
  1.760000000000000E-003   2.39311867040172     
  1.780000000000000E-003   2.39194804747397     
  1.800000000000000E-003   2.39077822440926     
  1.820000000000000E-003   2.38960920971826     
  1.840000000000000E-003   2.38844126326161     
  1.860000000000000E-003   2.38727486729765     
  1.880000000000000E-003   2.38611064871984     
  1.900000000000000E-003   2.38494932660028     
  1.920000000000000E-003   2.38379162930498     
  1.940000000000000E-003   2.38263822385054     
  1.960000000000000E-003   2.38148967724186     
  1.980000000000000E-003   2.38034644104509     
  2.000000000000000E-003   2.37920884878951     
  2.020000000000000E-003   2.37807712306065     
  2.040000000000000E-003   2.37695138917226     
  2.060000000000000E-003   2.37583170184217     
  2.080000000000000E-003   2.37471807294777     
  2.100000000000000E-003   2.37361049541496     
  2.120000000000000E-003   2.37250897177450     
  2.140000000000000E-003   2.37141352365612     
  2.160000000000000E-003   2.37032421150498     
  2.180000000000000E-003   2.36924113335781     
  2.200000000000000E-003   2.36816442714065     
  2.220000000000000E-003   2.36709425581160     
  2.240000000000000E-003   2.36603081542270     
  2.260000000000000E-003   2.36497428908651     
  2.280000000000000E-003   2.36392487380732     
  2.300000000000000E-003   2.36288274512160     
  2.320000000000000E-003   2.36184810668136     
  2.340000000000000E-003   2.36082122302244     
  2.360000000000000E-003   2.35980245988534     
  2.380000000000000E-003   2.35879199276100     
  2.400000000000000E-003   2.35778897687852     
  2.420000000000000E-003   2.35679188977448     
  2.440000000000000E-003   2.35579964099732     
  2.460000000000000E-003   2.35481345069392     
  2.480000000000000E-003   2.35383195752974     
  2.500000000000000E-003   2.35285504948681     
  2.520000000000000E-003   2.35187670884083     
  2.540000000000000E-003   2.35088587186618     
  2.560000000000000E-003   2.34976517721819     
  2.580000000000000E-003   2.34865762799937     
  2.600000000000000E-003   2.34804652987865     
  2.620000000000000E-003   2.34837394137732     
  2.640000000000000E-003   2.35425897415850     
  2.660000000000000E-003   2.38927357467839     
  2.680000000000000E-003   2.48046349829848     
  2.700000000000000E-003   2.53931895967551     
  2.720000000000000E-003   2.55761222628916     
  2.740000000000000E-003   2.56112602550380     
  2.760000000000000E-003   2.56102461191183     
  2.780000000000000E-003   2.55841195420792     
  2.800000000000000E-003   2.55507852893161     
  2.820000000000000E-003   2.55235888671772     
  2.840000000000000E-003   2.54971216858464     
  2.860000000000000E-003   2.54697345271773     
  2.880000000000000E-003   2.54459543197807     
  2.900000000000000E-003   2.54297498388424     
  2.920000000000000E-003   2.54230978281437     
  2.940000000000000E-003   2.54279156238547     
  2.960000000000000E-003   2.54653692746427     
  2.980000000000000E-003   2.55923348439554     
  3.000000000000000E-003   2.59217545648595     
  3.020000000000000E-003   2.64105159022314     
  3.040000000000000E-003   2.67287095029361     
  3.060000000000000E-003   2.68782770418218     
  3.080000000000000E-003   2.69377654960756     
  3.100000000000000E-003   2.69568758659017     
  3.120000000000000E-003   2.69601710582252     
  3.140000000000000E-003   2.69518621888697     
  3.160000000000000E-003   2.69285720612603     
  3.180000000000000E-003   2.69068776782977     
  3.200000000000000E-003   2.68883404181553     
  3.220000000000000E-003   2.68709373664288     
  3.240000000000000E-003   2.68536520331405     
  3.260000000000000E-003   2.68364390470312     
  3.280000000000000E-003   2.68191593284370     
  3.300000000000000E-003   2.68020556363389     
  3.320000000000000E-003   2.67851880715585     
  3.340000000000000E-003   2.67684113800079     
  3.360000000000000E-003   2.67516326781515     
  3.380000000000000E-003   2.67349512890609     
  3.400000000000000E-003   2.67184847257247     
  3.420000000000000E-003   2.67022114711159     
  3.440000000000000E-003   2.66860488854156     
  3.460000000000000E-003   2.66699133442823     
  3.480000000000000E-003   2.66538206950843     
  3.500000000000000E-003   2.66378601317533     
  3.520000000000000E-003   2.66219462310010     
  3.540000000000000E-003   2.66060174300275     
  3.560000000000000E-003   2.65900382935110     
  3.580000000000000E-003   2.65740072695301     
  3.600000000000000E-003   2.65579349531195     
  3.620000000000000E-003   2.65418147158581     
  3.640000000000000E-003   2.65255957663192     
  3.660000000000000E-003   2.65092103912048     
  3.680000000000000E-003   2.64925932064159     
  3.700000000000000E-003   2.64757186277288     
  3.720000000000000E-003   2.64585832769043     
  3.740000000000000E-003   2.64412025644974     
  3.760000000000000E-003   2.64235807787661     
  3.780000000000000E-003   2.64057109161191     
  3.800000000000000E-003   2.63875990073129     
  3.820000000000000E-003   2.63692534674845     
  3.840000000000001E-003   2.63506933092862     
  3.860000000000000E-003   2.63319314677249     
  3.880000000000000E-003   2.63129913818669     
  3.900000000000000E-003   2.62938900256774     
  3.920000000000001E-003   2.62746190232947     
  3.940000000000000E-003   2.62552007191250     
  3.960000000000000E-003   2.62357659355256     
  3.980000000000000E-003   2.62163393733255     
  4.000000000000000E-003   2.61969371393653     
  4.020000000000000E-003   2.61775502305128     
  4.040000000000000E-003   2.61581493736945     
  4.060000000000000E-003   2.61386676592895     
  4.080000000000000E-003   2.61189919908752     
  4.100000000000000E-003   2.60989901842633     
  4.120000000000000E-003   2.60784401621129     
  4.140000000000000E-003   2.60569990873577     
  4.160000000000001E-003   2.60351456945286     
  4.180000000000001E-003   2.60143431875741     
  4.200000000000001E-003   2.59952672297746     
  4.220000000000001E-003   2.59781099230970     
  4.240000000000001E-003   2.59639906384413     
  4.260000000000001E-003   2.59539831869934     
  4.280000000000000E-003   2.59485226132103     
  4.300000000000000E-003   2.59466954404552     
  4.320000000000000E-003   2.59480055774130     
  4.340000000000000E-003   2.59548908427298     
  4.360000000000000E-003   2.59714380428764     
  4.380000000000000E-003   2.60017917331911     
  4.400000000000000E-003   2.60483105448332     
  4.420000000000000E-003   2.60952978106253     
  4.440000000000000E-003   2.61293203562033     
  4.460000000000000E-003   2.61518499600858     
  4.480000000000000E-003   2.61656401845693     
  4.500000000000001E-003   2.61733072235637     
  4.520000000000001E-003   2.61769605487972     
  4.540000000000001E-003   2.61782101836717     
  4.560000000000001E-003   2.61778809750734     
  4.580000000000001E-003   2.61727273267660     
  4.600000000000001E-003   2.61625611162438     
  4.620000000000000E-003   2.61517763037282     
  4.640000000000000E-003   2.61418639310724     
  4.660000000000000E-003   2.61328686405096     
  4.680000000000000E-003   2.61246265569099     
  4.700000000000000E-003   2.61169466996139     
  4.720000000000000E-003   2.61096787930233     
  4.740000000000000E-003   2.61027306055539     
  4.760000000000000E-003   2.60961115628540     
  4.780000000000000E-003   2.60899783219992     
  4.800000000000000E-003   2.60846532007880     
  4.820000000000000E-003   2.60805634377076     
  4.840000000000001E-003   2.60780666253716     
  4.860000000000001E-003   2.60770653258705     
  4.880000000000001E-003   2.60775734716288     
  4.900000000000001E-003   2.60805652889738     
  4.920000000000001E-003   2.60874413084013     
  4.940000000000001E-003   2.61003711545038     
  4.960000000000000E-003   2.61222809036303     
  4.980000000000000E-003   2.61570386527670     
  5.000000000000000E-003   2.62092439039519     
  5.020000000000000E-003   2.62834628317154     
  5.040000000000000E-003   2.63751097153556     
  5.060000000000000E-003   2.64551497500511     
  5.080000000000000E-003   2.65154982587990     
  5.100000000000000E-003   2.65596147930377     
  5.120000000000000E-003   2.65914161764708     
  5.140000000000000E-003   2.66142935572843     
  5.160000000000001E-003   2.66309182576497     
  5.180000000000001E-003   2.66433337160068     
  5.200000000000001E-003   2.66530841046185     
  5.220000000000001E-003   2.66612966074738     
  5.240000000000001E-003   2.66687131678983     
  5.260000000000001E-003   2.66758125233966     
  5.280000000000001E-003   2.66826729378766     
  5.300000000000000E-003   2.66891147920134     
  5.320000000000000E-003   2.66947975126762     
  5.340000000000000E-003   2.66994191936344     
  5.360000000000000E-003   2.67028119437778     
  5.380000000000000E-003   2.67049714527966     
  5.400000000000000E-003   2.67060434794298     
  5.420000000000000E-003   2.67061520028946     
  5.440000000000000E-003   2.67052943547728     
  5.460000000000000E-003   2.67031093480449     
  5.480000000000000E-003   2.66991894964282     
  5.500000000000001E-003   2.66930996353039     
  5.520000000000001E-003   2.66849849161294     
  5.540000000000001E-003   2.66750029068939     
  5.560000000000001E-003   2.66633089789146     
  5.580000000000001E-003   2.66500446410837     
  5.600000000000001E-003   2.66353276397327     
  5.620000000000001E-003   2.66192770471506     
  5.640000000000000E-003   2.66020272415174     
  5.660000000000000E-003   2.65837397057289     
  5.680000000000000E-003   2.65645659437055     
  5.700000000000000E-003   2.65446338290105     
  5.720000000000000E-003   2.65240719992009     
  5.740000000000000E-003   2.65031532569286     
  5.760000000000000E-003   2.64823330104268     
  5.780000000000000E-003   2.64617512106435     
  5.800000000000000E-003   2.64415092334132     
  5.820000000000001E-003   2.64216912647526     
  5.840000000000001E-003   2.64023433779597     
  5.860000000000001E-003   2.63834708018192     
  5.880000000000001E-003   2.63650450479413     
  5.900000000000001E-003   2.63470027622425     
  5.920000000000001E-003   2.63292628911306     
  5.940000000000001E-003   2.63117155968888     
  5.960000000000001E-003   2.62942804993685     
  5.980000000000000E-003   2.62768760292834     
  6.000000000000000E-003   2.62594546723389     
  6.020000000000000E-003   2.62419857314137     
  6.040000000000000E-003   2.62243944999888     
  6.060000000000000E-003   2.62065640209500     
  6.080000000000000E-003   2.61884203277657     
  6.100000000000000E-003   2.61699397536293     
  6.120000000000000E-003   2.61511405889853     
  6.140000000000000E-003   2.61320990258265     
  6.160000000000001E-003   2.61128312865484     
  6.180000000000001E-003   2.60933334178256     
  6.200000000000001E-003   2.60739801259000     
  6.220000000000001E-003   2.60548922474178     
  6.240000000000001E-003   2.60360910670472     
  6.260000000000001E-003   2.60175558900709     
  6.280000000000001E-003   2.59992404129008     
  6.300000000000001E-003   2.59811053112053     
  6.320000000000000E-003   2.59631881872986     
  6.340000000000000E-003   2.59455984374799     
  6.360000000000000E-003   2.59284870420264     
  6.380000000000000E-003   2.59120723512677     
  6.400000000000000E-003   2.58965158026873     
  6.420000000000000E-003   2.58819233627928     
  6.440000000000000E-003   2.58683040350418     
  6.460000000000000E-003   2.58558999497195     
  6.480000000000001E-003   2.58451860820536     
  6.500000000000001E-003   2.58367064909322     
  6.520000000000001E-003   2.58309263147451     
  6.540000000000001E-003   2.58279777088730     
  6.560000000000001E-003   2.58273023474870     
  6.580000000000001E-003   2.58284386648927     
  6.600000000000001E-003   2.58325651232956     
  6.620000000000001E-003   2.58407165794966     
  6.640000000000001E-003   2.58539480176765     
  6.660000000000000E-003   2.58732230522951     
  6.680000000000000E-003   2.58992934545293     
  6.700000000000000E-003   2.59295200524140     
  6.720000000000000E-003   2.59567207064535     
  6.740000000000000E-003   2.59796308528666     
  6.760000000000000E-003   2.59988348450141     
  6.780000000000000E-003   2.60150143727861     
  6.800000000000000E-003   2.60288466352659     
  6.820000000000001E-003   2.60409609999423     
  6.840000000000001E-003   2.60519208017906     
  6.860000000000001E-003   2.60616468765573     
  6.880000000000001E-003   2.60705882291320     
  6.900000000000001E-003   2.60791392442737     
  6.920000000000001E-003   2.60875940047611     
  6.940000000000001E-003   2.60961482069218     
  6.960000000000001E-003   2.61045777140940     
  6.980000000000001E-003   2.61125567089207     
  7.000000000000000E-003   2.61196659500663     
  7.020000000000000E-003   2.61255310108241     
  7.040000000000000E-003   2.61299503119322     
  7.060000000000000E-003   2.61327221356666     
  7.080000000000000E-003   2.61342887815653     
  7.100000000000000E-003   2.61344295622875     
  7.120000000000000E-003   2.61336756481623     
  7.140000000000001E-003   2.61322463157506     
  7.160000000000001E-003   2.61298034709827     
  7.180000000000001E-003   2.61260137905589     
  7.200000000000001E-003   2.61207681124394     
  7.220000000000001E-003   2.61141333211459     
  7.240000000000001E-003   2.61063195693386     
  7.260000000000001E-003   2.60975439661647     
  7.280000000000001E-003   2.60879213284326     
  7.300000000000001E-003   2.60774675950525     
  7.320000000000001E-003   2.60662474249368     
  7.340000000000000E-003   2.60543958008347     
  7.360000000000000E-003   2.60420065413537     
  7.380000000000000E-003   2.60290778378213     
  7.400000000000000E-003   2.60155870487379     
  7.420000000000000E-003   2.60015905650954     
  7.440000000000000E-003   2.59876903779340     
  7.460000000000000E-003   2.59741402835136     
  7.480000000000001E-003   2.59609799116707     
  7.500000000000001E-003   2.59482402554141     
  7.520000000000001E-003   2.59359378382711     
  7.540000000000001E-003   2.59240626628841     
  7.560000000000001E-003   2.59125771469606     
  7.580000000000001E-003   2.59014265136620     
  7.600000000000001E-003   2.58905491499592     
  7.620000000000001E-003   2.58798621299653     
  7.640000000000001E-003   2.58692989914568     
  7.660000000000001E-003   2.58587661226568     
  7.680000000000001E-003   2.58482084213588     
  7.700000000000000E-003   2.58375485521975     
  7.720000000000000E-003   2.58266640939841     
  7.740000000000000E-003   2.58154051800260     
  7.760000000000000E-003   2.58036913163152     
  7.780000000000000E-003   2.57914796928084     
  7.800000000000001E-003   2.57787779627438     
  7.820000000000001E-003   2.57656300719973     
  7.840000000000001E-003   2.57520796554832     
  7.860000000000001E-003   2.57381598329541     
  7.880000000000000E-003   2.57238947786221     
  7.900000000000001E-003   2.57093320990783     
  7.920000000000000E-003   2.56945180178760     
  7.940000000000001E-003   2.56796349021591     
  7.960000000000000E-003   2.56648816142444     
  7.980000000000001E-003   2.56502564457705     
  8.000000000000000E-003   2.56357666805389     
  8.020000000000001E-003   2.56214287628166     
  8.040000000000000E-003   2.56072642468985     
  8.060000000000001E-003   2.55932958061115     
  8.080000000000000E-003   2.55795419445642     
  8.100000000000001E-003   2.55660123063850     
  8.120000000000000E-003   2.55527055161673     
  8.140000000000001E-003   2.55396132985019     
  8.160000000000001E-003   2.55267291661550     
  8.180000000000002E-003   2.55140523462567     
  8.200000000000001E-003   2.55015878373336     
  8.220000000000000E-003   2.54893559332253     
  8.240000000000001E-003   2.54773890368527     
  8.260000000000000E-003   2.54657665358028     
  8.280000000000001E-003   2.54546150726432     
  8.300000000000000E-003   2.54441513703891     
  8.320000000000001E-003   2.54346990204418     
  8.340000000000000E-003   2.54267011919625     
  8.360000000000001E-003   2.54206818668602     
  8.380000000000000E-003   2.54170712772748     
  8.400000000000001E-003   2.54157481423318     
  8.420000000000000E-003   2.54160550704214     
  8.440000000000001E-003   2.54183769936874     
  8.460000000000001E-003   2.54233713912003     
  8.480000000000001E-003   2.54318015475652     
  8.500000000000001E-003   2.54446431407818     
  8.520000000000002E-003   2.54632363196716     
  8.540000000000001E-003   2.54893887437870     
  8.560000000000000E-003   2.55254435634410     
  8.580000000000001E-003   2.55743420478712     
  8.600000000000000E-003   2.56395711251185     
  8.620000000000001E-003   2.57249187692193     
  8.640000000000000E-003   2.58289162509866     
  8.660000000000001E-003   2.59290617610369     
  8.680000000000000E-003   2.60138815231622     
  8.700000000000001E-003   2.60831005507513     
  8.720000000000000E-003   2.61379294223455     
  8.740000000000001E-003   2.61802101955017     
  8.760000000000000E-003   2.62121199568049     
  8.780000000000001E-003   2.62357396867466     
  8.800000000000001E-003   2.62528632710834     
  8.820000000000001E-003   2.62650146007605     
  8.840000000000001E-003   2.62735087584989     
  8.860000000000002E-003   2.62793681483917     
  8.880000000000001E-003   2.62830100654315     
  8.900000000000000E-003   2.62845248722110     
  8.920000000000001E-003   2.62843056445882     
  8.940000000000000E-003   2.62826144191581     
  8.960000000000001E-003   2.62792687833365     
  8.980000000000000E-003   2.62750565318576     
  9.000000000000001E-003   2.62704216491635     
  9.020000000000000E-003   2.62655428480315     
  9.040000000000001E-003   2.62604837707662     
  9.060000000000000E-003   2.62552543485365     
  9.080000000000001E-003   2.62498251398133     
  9.100000000000000E-003   2.62441419073302     
  9.120000000000001E-003   2.62381285147784     
  9.140000000000001E-003   2.62317111897455     
  9.160000000000001E-003   2.62247285660151     
  9.180000000000001E-003   2.62173130975152     
  9.200000000000002E-003   2.62094268973251     
  9.220000000000001E-003   2.62010678765532     
  9.240000000000000E-003   2.61922634808687     
  9.260000000000001E-003   2.61830909526203     
  9.280000000000000E-003   2.61736133901542     
  9.300000000000001E-003   2.61638532663123     
  9.320000000000000E-003   2.61540467133147     
  9.340000000000001E-003   2.61444778694571     
  9.360000000000000E-003   2.61352989243886     
  9.380000000000001E-003   2.61266148084158     
  9.400000000000000E-003   2.61184964534106     
  9.420000000000001E-003   2.61109379749024     
  9.440000000000000E-003   2.61039309139287     
  9.460000000000001E-003   2.60975029833238     
  9.480000000000001E-003   2.60917276994211     
  9.500000000000001E-003   2.60866654235269     
  9.520000000000001E-003   2.60823041610498     
  9.540000000000002E-003   2.60786203103119     
  9.560000000000001E-003   2.60756083388633     
  9.580000000000000E-003   2.60735052012660     
  9.600000000000001E-003   2.60725212970700     
  9.620000000000000E-003   2.60726417974600     
  9.640000000000001E-003   2.60733655043012     
  9.660000000000000E-003   2.60749290510448     
  9.680000000000001E-003   2.60774265495869     
  9.700000000000000E-003   2.60808528302518     
  9.720000000000001E-003   2.60853060761532     
  9.740000000000000E-003   2.60908867726925     
  9.760000000000001E-003   2.60976543422519     
  9.780000000000000E-003   2.61056487042454     
  9.800000000000001E-003   2.61149179655622     
  9.820000000000001E-003   2.61255471332426     
  9.840000000000002E-003   2.61376731731035     
  9.860000000000001E-003   2.61514937636759     
  9.880000000000002E-003   2.61672879693767     
  9.900000000000001E-003   2.61854131055361     
  9.920000000000000E-003   2.62053818371394     
  9.940000000000001E-003   2.62259835453232     
  9.960000000000000E-003   2.62469872502318     
  9.980000000000001E-003   2.62684193510501     
  1.000000000000000E-002   2.62904151090324     
  1.002000000000000E-002   2.63135173743429     
  1.004000000000000E-002   2.63384328388477     
  1.006000000000000E-002   2.63652864125540     
  1.008000000000000E-002   2.63944851778705     
  1.010000000000000E-002   2.64261138406847     
  1.012000000000000E-002   2.64573630659081     
  1.014000000000000E-002   2.64848461350260     
  1.016000000000000E-002   2.65076570354033     
  1.018000000000000E-002   2.65261023596773     
  1.020000000000000E-002   2.65403899086277     
  1.022000000000000E-002   2.65509128665194     
  1.024000000000000E-002   2.65581076796011     
  1.026000000000000E-002   2.65622985235404     
  1.028000000000000E-002   2.65638427975551     
  1.030000000000000E-002   2.65632829623863     
  1.032000000000000E-002   2.65609291579935     
  1.034000000000000E-002   2.65569340905135     
  1.036000000000000E-002   2.65513554602579     
  1.038000000000000E-002   2.65443041462405     
  1.040000000000000E-002   2.65359088079594     
  1.042000000000000E-002   2.65262376411291     
  1.044000000000000E-002   2.65154032349255     
  1.046000000000000E-002   2.65034908681305     
  1.048000000000000E-002   2.64906515642991     
  1.050000000000000E-002   2.64770903197218     
  1.052000000000000E-002   2.64630903832370     
  1.054000000000000E-002   2.64489571602171     
  1.056000000000000E-002   2.64349201884806     
  1.058000000000000E-002   2.64212171433768     
  1.060000000000000E-002   2.64079804991323     
  1.062000000000000E-002   2.63952908665158     
  1.064000000000000E-002   2.63831903299794     
  1.066000000000000E-002   2.63717156057910     
  1.068000000000000E-002   2.63608898313532     
  1.070000000000000E-002   2.63507454358134     
  1.072000000000000E-002   2.63413117465044     
  1.074000000000000E-002   2.63325977231936     
  1.076000000000000E-002   2.63245984859339     
  1.078000000000000E-002   2.63172807428298     
  1.080000000000000E-002   2.63105937942392     
  1.082000000000000E-002   2.63044767954348     
  1.084000000000000E-002   2.62988593242890     
  1.086000000000000E-002   2.62936722606398     
  1.088000000000000E-002   2.62888355446112     
  1.090000000000000E-002   2.62842678458315     
  1.092000000000000E-002   2.62798964705667     
  1.094000000000000E-002   2.62756668252202     
  1.096000000000000E-002   2.62715508753872     
  1.098000000000000E-002   2.62675462502488     
  1.100000000000000E-002   2.62636734390467     
  1.102000000000000E-002   2.62599645625828     
  1.104000000000000E-002   2.62564581731550     
  1.106000000000000E-002   2.62531952588403     
  1.108000000000000E-002   2.62502007190816     
  1.110000000000000E-002   2.62474963367829     
  1.112000000000000E-002   2.62450474782477     
  1.114000000000000E-002   2.62428343969877     
  1.116000000000000E-002   2.62407502813545     
  1.118000000000000E-002   2.62388975029313     
  1.120000000000000E-002   2.62372592155399     
  1.122000000000000E-002   2.62357955778236     
  1.124000000000000E-002   2.62344374183292     
  1.126000000000000E-002   2.62330728117082     
  1.128000000000000E-002   2.62316256070927     
  1.130000000000000E-002   2.62300438120260     
  1.132000000000000E-002   2.62282977769560     
  1.134000000000000E-002   2.62263208076692     
  1.136000000000000E-002   2.62240645424392     
  1.138000000000000E-002   2.62215170256042     
  1.140000000000000E-002   2.62186788319978     
  1.142000000000000E-002   2.62155715788783     
  1.144000000000000E-002   2.62122260159870     
  1.146000000000000E-002   2.62087029214073     
  1.148000000000000E-002   2.62050584695364     
  1.150000000000000E-002   2.62013839126567     
  1.152000000000000E-002   2.61977808979096     
  1.154000000000000E-002   2.61942825960416     
  1.156000000000000E-002   2.61909186306248     
  1.158000000000000E-002   2.61876943620572     
  1.160000000000000E-002   2.61846002445492     
  1.162000000000000E-002   2.61816187891501     
  1.164000000000000E-002   2.61787244763916     
  1.166000000000000E-002   2.61758966052548     
  1.168000000000000E-002   2.61731244366189     
  1.170000000000000E-002   2.61704098599253     
  1.172000000000000E-002   2.61677751594625     
  1.174000000000000E-002   2.61652627165822     
  1.176000000000000E-002   2.61629258736960     
  1.178000000000000E-002   2.61608206831186     
  1.180000000000000E-002   2.61589343631670     
  1.182000000000000E-002   2.61572384276834     
  1.184000000000000E-002   2.61556476036275     
  1.186000000000000E-002   2.61540880321506     
  1.188000000000000E-002   2.61525064769021     
  1.190000000000000E-002   2.61507604342858     
  1.192000000000000E-002   2.61486391569224     
  1.194000000000000E-002   2.61460271232218     
  1.196000000000000E-002   2.61428644657688     
  1.198000000000000E-002   2.61391314942672     
  1.200000000000000E-002   2.61348303856610     
  1.202000000000000E-002   2.61299493536277     
  1.204000000000000E-002   2.61244424176468     
  1.206000000000000E-002   2.61182282991325     
  1.208000000000000E-002   2.61111975366651     
  1.210000000000000E-002   2.61032291596597     
  1.212000000000000E-002   2.60942437261918     
  1.214000000000000E-002   2.60842721905429     
  1.216000000000000E-002   2.60734374850312     
  1.218000000000000E-002   2.60618508068053     
  1.220000000000000E-002   2.60495761975895     
  1.222000000000000E-002   2.60366624001216     
  1.224000000000000E-002   2.60230903664049     
  1.226000000000000E-002   2.60089350329548     
  1.228000000000000E-002   2.59944161006506     
  1.230000000000000E-002   2.59796912143523     
  1.232000000000000E-002   2.59648423344933     
  1.234000000000000E-002   2.59501160885737     
  1.236000000000000E-002   2.59357126540109     
  1.238000000000000E-002   2.59217863808695     
  1.240000000000000E-002   2.59084541917786     
  1.242000000000000E-002   2.58957768705040     
  1.244000000000000E-002   2.58837834856634     
  1.246000000000000E-002   2.58725156160808     
  1.248000000000000E-002   2.58619509947736     
  1.250000000000000E-002   2.58520695414673     
  1.252000000000000E-002   2.58428436107536     
  1.254000000000000E-002   2.58342451565871     
  1.256000000000000E-002   2.58262246656588     
  1.258000000000000E-002   2.58187497399168     
  1.260000000000000E-002   2.58117949233575     
  1.262000000000000E-002   2.58053473475452     
  1.264000000000000E-002   2.57993756435497     
  1.266000000000000E-002   2.57938583784539     
  1.268000000000000E-002   2.57887869187084     
  1.270000000000000E-002   2.57841572889524     
  1.272000000000000E-002   2.57799629710613     
  1.274000000000000E-002   2.57761870387736     
  1.276000000000000E-002   2.57727953181728     
  1.278000000000000E-002   2.57697355734249     
  1.280000000000000E-002   2.57669475140442     
  1.282000000000000E-002   2.57643701952057     
  1.284000000000000E-002   2.57619580903214     
  1.286000000000000E-002   2.57596664326710     
  1.288000000000000E-002   2.57574732992533     
  1.290000000000000E-002   2.57553399971125     
  1.292000000000000E-002   2.57532318635430     
  1.294000000000000E-002   2.57511230596329     
  1.296000000000000E-002   2.57489948756361     
  1.298000000000000E-002   2.57468064847043     
  1.300000000000000E-002   2.57445287526762     
  1.302000000000000E-002   2.57421690432112     
  1.304000000000000E-002   2.57397586528533     
  1.306000000000000E-002   2.57373048284412     
  1.308000000000000E-002   2.57348109915298     
  1.310000000000000E-002   2.57325151306265     
  1.312000000000000E-002   2.57305564171744     
  1.314000000000000E-002   2.57290316525911     
  1.316000000000000E-002   2.57279457857122     
  1.318000000000000E-002   2.57272061106887     
  1.320000000000000E-002   2.57269507448058     
  1.322000000000000E-002   2.57271787846421     
  1.324000000000000E-002   2.57279528527432     
  1.326000000000000E-002   2.57293392152071     
  1.328000000000000E-002   2.57314362567498     
  1.330000000000000E-002   2.57343465863409     
  1.332000000000000E-002   2.57381909543261     
  1.334000000000000E-002   2.57431247293005     
  1.336000000000000E-002   2.57493624188185     
  1.338000000000000E-002   2.57571774965083     
  1.340000000000000E-002   2.57668963267201     
  1.342000000000000E-002   2.57789030886186     
  1.344000000000000E-002   2.57936434002660     
  1.346000000000000E-002   2.58116173308708     
  1.348000000000000E-002   2.58333653702658     
  1.350000000000000E-002   2.58594544068766     
  1.352000000000000E-002   2.58904653395297     
  1.354000000000000E-002   2.59269820708859     
  1.356000000000000E-002   2.59683912129943     
  1.358000000000000E-002   2.60080785293368     
  1.360000000000000E-002   2.60429024764134     
  1.362000000000000E-002   2.60726766335741     
  1.364000000000000E-002   2.60978384344800     
  1.366000000000000E-002   2.61188738090573     
  1.368000000000000E-002   2.61363318979927     
  1.370000000000000E-002   2.61507405217340     
  1.372000000000000E-002   2.61625770700814     
  1.374000000000000E-002   2.61722596382219     
  1.376000000000000E-002   2.61801354099264     
  1.378000000000000E-002   2.61864973794867     
  1.380000000000000E-002   2.61915859236036     
  1.382000000000000E-002   2.61956002164542     
  1.384000000000000E-002   2.61986919150996     
  1.386000000000000E-002   2.62009831705909     
  1.388000000000000E-002   2.62025571577442     
  1.390000000000000E-002   2.62035245414800     
  1.392000000000000E-002   2.62039092505225     
  1.394000000000000E-002   2.62038078856944     
  1.396000000000000E-002   2.62033280073061     
  1.398000000000000E-002   2.62024143303972     
  1.400000000000000E-002   2.62010876038147     
  1.402000000000000E-002   2.61993865788253     
  1.404000000000000E-002   2.61972859536844     
  1.406000000000000E-002   2.61945391948370     
  1.408000000000000E-002   2.61911094351728     
  1.410000000000000E-002   2.61870818969006     
  1.412000000000000E-002   2.61824522551514     
  1.414000000000000E-002   2.61772692419619     
  1.416000000000000E-002   2.61715596693087     
  1.418000000000000E-002   2.61653527470041     
  1.420000000000000E-002   2.61586862606163     
  1.422000000000000E-002   2.61515940582045     
  1.424000000000000E-002   2.61441169213303     
  1.426000000000000E-002   2.61363009851737     
  1.428000000000000E-002   2.61282002391166     
  1.430000000000000E-002   2.61198222124775     
  1.432000000000000E-002   2.61112721312580     
  1.434000000000000E-002   2.61027419970100     
  1.436000000000000E-002   2.60943394528015     
  1.438000000000000E-002   2.60861331598927     
  1.440000000000000E-002   2.60781849088713     
  1.442000000000000E-002   2.60705372401446     
  1.444000000000000E-002   2.60632019558818     
  1.446000000000000E-002   2.60561827454036     
  1.448000000000000E-002   2.60494724995183     
  1.450000000000000E-002   2.60430562491398     
  1.452000000000000E-002   2.60369164394217     
  1.454000000000000E-002   2.60310378519728     
  1.456000000000000E-002   2.60254159957856     
  1.458000000000000E-002   2.60200602982587     
  1.460000000000000E-002   2.60150091575227     
  1.462000000000000E-002   2.60103240627047     
  1.464000000000000E-002   2.60060571954370     
  1.466000000000000E-002   2.60022486334330     
  1.468000000000000E-002   2.59989349326676     
  1.470000000000000E-002   2.59961366145821     
  1.472000000000000E-002   2.59938542375952     
  1.474000000000000E-002   2.59920724977213     
  1.476000000000000E-002   2.59907527377618     
  1.478000000000000E-002   2.59897923347123     
  1.480000000000000E-002   2.59892534560311     
  1.482000000000000E-002   2.59890962615755     
  1.484000000000000E-002   2.59892162683765     
  1.486000000000000E-002   2.59895788853628     
  1.488000000000000E-002   2.59901671858163     
  1.490000000000000E-002   2.59909590512790     
  1.492000000000000E-002   2.59919399217678     
  1.494000000000000E-002   2.59931004628581     
  1.496000000000000E-002   2.59944367712077     
  1.498000000000000E-002   2.59959590724858     
  1.500000000000000E-002   2.59976529523169     
  1.502000000000000E-002   2.59995164090705     
  1.504000000000000E-002   2.60015805791103     
  1.506000000000000E-002   2.60038503441856     
  1.508000000000000E-002   2.60063314212342     
  1.510000000000000E-002   2.60090022298399     
  1.512000000000000E-002   2.60118308534955     
  1.514000000000000E-002   2.60148424518219     
  1.516000000000000E-002   2.60180636456963     
  1.518000000000000E-002   2.60214969093224     
  1.520000000000000E-002   2.60251592467533     
  1.522000000000000E-002   2.60290873556728     
  1.524000000000000E-002   2.60332997039448     
  1.526000000000000E-002   2.60377882348277     
  1.528000000000000E-002   2.60425232505293     
  1.530000000000000E-002   2.60475054657328     
  1.532000000000000E-002   2.60526235025767     
  1.534000000000000E-002   2.60576883591894     
  1.536000000000000E-002   2.60628235801838     
  1.538000000000000E-002   2.60681394225006     
  1.540000000000000E-002   2.60737537478947     
  1.542000000000000E-002   2.60798133128677     
  1.544000000000000E-002   2.60865377207871     
  1.546000000000000E-002   2.60941479109093     
  1.548000000000000E-002   2.61028073290534     
  1.550000000000000E-002   2.61126439780222     
  1.552000000000000E-002   2.61237843329378     
  1.554000000000000E-002   2.61363559025186     
  1.556000000000000E-002   2.61504696385796     
  1.558000000000000E-002   2.61662433852406     
  1.560000000000000E-002   2.61838252382326     
  1.562000000000000E-002   2.62033267777357     
  1.564000000000000E-002   2.62248037746481     
  1.566000000000000E-002   2.62467906341230     
  1.568000000000000E-002   2.62678586037619     
  1.570000000000000E-002   2.62878263221717     
  1.572000000000000E-002   2.63064742282882     
  1.574000000000000E-002   2.63238231786690     
  1.576000000000000E-002   2.63398246441819     
  1.578000000000000E-002   2.63544458207385     
  1.580000000000000E-002   2.63676776347607     
  1.582000000000000E-002   2.63795506452893     
  1.584000000000000E-002   2.63901246454454     
  1.586000000000000E-002   2.63994121407046     
  1.588000000000000E-002   2.64074440423433     
  1.590000000000000E-002   2.64144153346838     
  1.592000000000000E-002   2.64205829946037     
  1.594000000000000E-002   2.64260757606056     
  1.596000000000000E-002   2.64308976240614     
  1.598000000000000E-002   2.64349990047580     
  1.600000000000000E-002   2.64382292179478     
  1.602000000000000E-002   2.64405307357426     
  1.604000000000000E-002   2.64419361523117     
  1.606000000000000E-002   2.64425824998005     
  1.608000000000000E-002   2.64424486184381     
  1.610000000000000E-002   2.64418015421886     
  1.612000000000000E-002   2.64403470010993     
  1.614000000000000E-002   2.64381605407923     
  1.616000000000000E-002   2.64353221522124     
  1.618000000000000E-002   2.64319316548811     
  1.620000000000000E-002   2.64280613657381     
  1.622000000000000E-002   2.64236783352630     
  1.624000000000000E-002   2.64187452956472     
  1.626000000000000E-002   2.64132659761484     
  1.628000000000000E-002   2.64073033294825     
  1.630000000000000E-002   2.64009512679460     
  1.632000000000000E-002   2.63943014903656     
  1.634000000000000E-002   2.63874382893174     
  1.636000000000000E-002   2.63804543734619     
  1.638000000000000E-002   2.63734131617241     
  1.640000000000000E-002   2.63663211657072     
  1.642000000000000E-002   2.63591630144180     
  1.644000000000000E-002   2.63519321819949     
  1.646000000000000E-002   2.63446486515970     
  1.648000000000000E-002   2.63373389208179     
  1.650000000000000E-002   2.63300055592784     
  1.652000000000000E-002   2.63226488811287     
  1.654000000000000E-002   2.63152928430477     
  1.656000000000000E-002   2.63079798989834     
  1.658000000000000E-002   2.63007381166825     
  1.660000000000000E-002   2.62935890390573     
  1.662000000000000E-002   2.62865598654724     
  1.664000000000000E-002   2.62796797635354     
  1.666000000000000E-002   2.62729732062993     
  1.668000000000000E-002   2.62664486589420     
  1.670000000000000E-002   2.62601050802670     
  1.672000000000000E-002   2.62539414859055     
  1.674000000000000E-002   2.62479667447884     
  1.676000000000000E-002   2.62422059143847     
  1.678000000000000E-002   2.62366440180222     
  1.680000000000000E-002   2.62313128718699     
  1.682000000000000E-002   2.62262224361044     
  1.684000000000000E-002   2.62213990078179     
  1.686000000000000E-002   2.62168882766134     
  1.688000000000000E-002   2.62127076469860     
  1.690000000000000E-002   2.62088683466227     
  1.692000000000000E-002   2.62053576901888     
  1.694000000000000E-002   2.62021615367236     
  1.696000000000000E-002   2.61992766688498     
  1.698000000000000E-002   2.61967148372985     
  1.700000000000000E-002   2.61945089806299     
  1.702000000000000E-002   2.61926514989851     
  1.704000000000000E-002   2.61911942780512     
  1.706000000000000E-002   2.61901428615696     
  1.708000000000000E-002   2.61895453474286     
  1.710000000000000E-002   2.61894679144458     
  1.712000000000000E-002   2.61898377265528     
  1.714000000000000E-002   2.61906780500186     
  1.716000000000000E-002   2.61919765690057     
  1.718000000000000E-002   2.61936448134827     
  1.720000000000000E-002   2.61955679358800     
  1.722000000000000E-002   2.61976201227292     
  1.724000000000000E-002   2.61997150202698     
  1.726000000000000E-002   2.62018572703897     
  1.728000000000000E-002   2.62039863180053     
  1.730000000000000E-002   2.62060186431730     
  1.732000000000000E-002   2.62079380447414     
  1.734000000000000E-002   2.62097560139277     
  1.736000000000000E-002   2.62115027294414     
  1.738000000000000E-002   2.62131749870271     
  1.740000000000000E-002   2.62147684945709     
  1.742000000000000E-002   2.62162920037472     
  1.744000000000000E-002   2.62177619233572     
  1.746000000000000E-002   2.62191951347783     
  1.748000000000000E-002   2.62206618405714     
  1.750000000000000E-002   2.62221980909403     
  1.752000000000000E-002   2.62238073445957     
  1.754000000000000E-002   2.62255223881863     
  1.756000000000000E-002   2.62274563208501     
  1.758000000000000E-002   2.62296617885991     
  1.760000000000000E-002   2.62322024239237     
  1.762000000000000E-002   2.62351044528420     
  1.764000000000000E-002   2.62383958181121     
  1.766000000000000E-002   2.62420917039307     
  1.768000000000000E-002   2.62461980019396     
  1.770000000000000E-002   2.62507291266573     
  1.772000000000000E-002   2.62556663996185     
  1.774000000000000E-002   2.62610456409736     
  1.776000000000000E-002   2.62668155341812     
  1.778000000000000E-002   2.62727620269744     
  1.780000000000000E-002   2.62786059310195     
  1.782000000000000E-002   2.62841268954293     
  1.784000000000000E-002   2.62893092558443     
  1.786000000000000E-002   2.62941622038718     
  1.788000000000000E-002   2.62986742112280     
  1.790000000000000E-002   2.63028492664174     
  1.792000000000000E-002   2.63067007559569     
  1.794000000000000E-002   2.63102377980222     
  1.796000000000000E-002   2.63134938271690     
  1.798000000000000E-002   2.63164874970520     
  1.800000000000000E-002   2.63192524596129     
  1.802000000000000E-002   2.63218204611206     
  1.804000000000000E-002   2.63242151837871     
  1.806000000000000E-002   2.63264666871914     
  1.808000000000000E-002   2.63285890194878     
  1.810000000000000E-002   2.63305965207911     
  1.812000000000000E-002   2.63325059848046     
  1.814000000000000E-002   2.63343444215057     
  1.816000000000000E-002   2.63361200588104     
  1.818000000000000E-002   2.63378317794211     
  1.820000000000000E-002   2.63394850719501     
  1.822000000000000E-002   2.63410935571821     
  1.824000000000000E-002   2.63426391230386     
  1.826000000000000E-002   2.63440870759869     
  1.828000000000000E-002   2.63454114069005     
  1.830000000000000E-002   2.63465935794984     
  1.832000000000000E-002   2.63476088355061     
  1.834000000000000E-002   2.63484541020106     
  1.836000000000000E-002   2.63491264672345     
  1.838000000000000E-002   2.63496520744477     
  1.840000000000000E-002   2.63500311950173     
  1.842000000000000E-002   2.63502740089026     
  1.844000000000000E-002   2.63503721019493     
  1.846000000000000E-002   2.63503217844540     
  1.848000000000000E-002   2.63501352608071     
  1.850000000000000E-002   2.63498358912130     
  1.852000000000000E-002   2.63494952598139     
  1.854000000000000E-002   2.63491731596916     
  1.856000000000000E-002   2.63489203098740     
  1.858000000000000E-002   2.63487326971256     
  1.860000000000000E-002   2.63485988560458     
  1.862000000000000E-002   2.63484264812494     
  1.864000000000000E-002   2.63482596183402     
  1.866000000000000E-002   2.63480639251340     
  1.868000000000000E-002   2.63478081361341     
  1.870000000000000E-002   2.63474661708215     
  1.872000000000000E-002   2.63470032723325     
  1.874000000000000E-002   2.63463786834641     
  1.876000000000000E-002   2.63455571352919     
  1.878000000000000E-002   2.63445024418585     
  1.880000000000000E-002   2.63431939534082     
  1.882000000000000E-002   2.63415872510060     
  1.884000000000000E-002   2.63396691490945     
  1.886000000000000E-002   2.63374261094813     
  1.888000000000000E-002   2.63348433223876     
  1.890000000000000E-002   2.63319127004689     
  1.892000000000000E-002   2.63286339382302     
  1.894000000000000E-002   2.63250117644896     
  1.896000000000000E-002   2.63210563549664     
  1.898000000000000E-002   2.63167844501407     
  1.900000000000000E-002   2.63122107909514     
  1.902000000000000E-002   2.63073506120868     
  1.904000000000000E-002   2.63022277931756     
  1.906000000000000E-002   2.62968650985762     
  1.908000000000000E-002   2.62912788620414     
  1.910000000000000E-002   2.62854982180071     
  1.912000000000000E-002   2.62795579832983     
  1.914000000000000E-002   2.62734921579813     
  1.916000000000000E-002   2.62673393841464     
  1.918000000000000E-002   2.62611532754421     
  1.920000000000000E-002   2.62549636297871     
  1.922000000000000E-002   2.62488127916331     
  1.924000000000000E-002   2.62427320997141     
  1.926000000000000E-002   2.62367341184825     
  1.928000000000000E-002   2.62308350841009     
  1.930000000000000E-002   2.62250471260797     
  1.932000000000000E-002   2.62193833840377     
  1.934000000000000E-002   2.62138420199811     
  1.936000000000000E-002   2.62084092268573     
  1.938000000000000E-002   2.62030666191638     
  1.940000000000000E-002   2.61977902801984     
  1.942000000000000E-002   2.61925623894967     
  1.944000000000000E-002   2.61873664105944     
  1.946000000000000E-002   2.61821820819249     
  1.948000000000000E-002   2.61770043455594     
  1.950000000000000E-002   2.61718246142995     
  1.952000000000000E-002   2.61666350320119     
  1.954000000000000E-002   2.61614322863647     
  1.956000000000000E-002   2.61562169939433     
  1.958000000000000E-002   2.61509971668673     
  1.960000000000000E-002   2.61458206029385     
  1.962000000000000E-002   2.61407376239584     
  1.964000000000000E-002   2.61357913938032     
  1.966000000000000E-002   2.61310226079070     
  1.968000000000000E-002   2.61264692182934     
  1.970000000000000E-002   2.61221640168635     
  1.972000000000000E-002   2.61181303042019     
  1.974000000000000E-002   2.61143812763842     
  1.976000000000000E-002   2.61109168746080     
  1.978000000000000E-002   2.61077236017519     
  1.980000000000000E-002   2.61047795746468     
  1.982000000000000E-002   2.61020598779597     
  1.984000000000000E-002   2.60995376687018     
  1.986000000000000E-002   2.60971896212887     
  1.988000000000000E-002   2.60949960592937     
  1.990000000000000E-002   2.60929385162197     
  1.992000000000000E-002   2.60910001715304     
  1.994000000000000E-002   2.60891829885794     
  1.996000000000000E-002   2.60874889286124     
  1.998000000000000E-002   2.60859296051100     
  2.000000000000000E-002   2.60845208350031     
  2.002000000000000E-002   2.60832783115132     
  2.004000000000000E-002   2.60822081511527     
  2.006000000000000E-002   2.60813106117202     
  2.008000000000000E-002   2.60805882739042     
  2.010000000000000E-002   2.60800411942047     
  2.012000000000000E-002   2.60796629788740     
  2.014000000000000E-002   2.60794440349293     
  2.016000000000000E-002   2.60793735320709     
  2.018000000000000E-002   2.60794416876149     
  2.020000000000000E-002   2.60796148290365     
  2.022000000000000E-002   2.60799106963348     
  2.024000000000000E-002   2.60803217690365     
  2.026000000000000E-002   2.60808385178089     
  2.028000000000000E-002   2.60814493639688     
  2.030000000000000E-002   2.60821351836718     
  2.032000000000000E-002   2.60828643547351     
  2.034000000000000E-002   2.60836219190229     
  2.036000000000000E-002   2.60843893436223     
  2.038000000000000E-002   2.60851524838829     
  2.040000000000000E-002   2.60859001428689     
  2.042000000000000E-002   2.60866343948444     
  2.044000000000000E-002   2.60873631939719     
  2.046000000000000E-002   2.60881025097894     
  2.048000000000000E-002   2.60888742814336     
  2.050000000000000E-002   2.60897110190111     
  2.052000000000000E-002   2.60906462875332     
  2.054000000000000E-002   2.60917211912854     
  2.056000000000000E-002   2.60929788790417     
  2.058000000000000E-002   2.60944556993657     
  2.060000000000000E-002   2.60961777426082     
  2.062000000000000E-002   2.60981666483448     
  2.064000000000000E-002   2.61004201370449     
  2.066000000000000E-002   2.61028990944278     
  2.068000000000000E-002   2.61055872294614     
  2.070000000000000E-002   2.61084921310288     
  2.072000000000000E-002   2.61115918477135     
  2.074000000000000E-002   2.61147957239758     
  2.076000000000000E-002   2.61180925235813     
  2.078000000000000E-002   2.61215075442292     
  2.080000000000000E-002   2.61250622073496     
  2.082000000000000E-002   2.61287854630397     
  2.084000000000000E-002   2.61327091106981     
  2.086000000000000E-002   2.61368724886854     
  2.088000000000000E-002   2.61412857950131     
  2.090000000000000E-002   2.61460077351608     
  2.092000000000000E-002   2.61509838548352     
  2.094000000000000E-002   2.61560460015685     
  2.096000000000000E-002   2.61609422962759     
  2.098000000000000E-002   2.61656182712224     
  2.100000000000000E-002   2.61700910922498     
  2.102000000000000E-002   2.61743491607745     
  2.104000000000000E-002   2.61783965878192     
  2.106000000000000E-002   2.61822434901933     
  2.108000000000000E-002   2.61859030772099     
  2.110000000000000E-002   2.61893826453754     
  2.112000000000000E-002   2.61926908933644     
  2.114000000000000E-002   2.61958387087180     
  2.116000000000000E-002   2.61988290598820     
  2.118000000000000E-002   2.62016701952657     
  2.120000000000000E-002   2.62043567297326     
  2.122000000000000E-002   2.62068862682198     
  2.124000000000000E-002   2.62092677266058     
  2.126000000000000E-002   2.62114917969335     
  2.128000000000000E-002   2.62135709729485     
  2.130000000000000E-002   2.62155030790906     
  2.132000000000000E-002   2.62173199903835     
  2.134000000000000E-002   2.62190513531876     
  2.136000000000000E-002   2.62206757655972     
  2.138000000000000E-002   2.62221470381691     
  2.140000000000000E-002   2.62234256422883     
  2.142000000000000E-002   2.62245499981216     
  2.144000000000000E-002   2.62255592840142     
  2.146000000000000E-002   2.62264444239530     
  2.148000000000000E-002   2.62271778575570     
  2.150000000000000E-002   2.62277492716802     
  2.152000000000000E-002   2.62281508222456     
  2.154000000000000E-002   2.62283527602531     
  2.156000000000000E-002   2.62283387565798     
  2.158000000000000E-002   2.62281356468152     
  2.160000000000000E-002   2.62277281725452     
  2.162000000000000E-002   2.62271169046758     
  2.164000000000000E-002   2.62262594083000     
  2.166000000000000E-002   2.62251462320350     
  2.168000000000000E-002   2.62237765933449     
  2.170000000000000E-002   2.62221572818232     
  2.172000000000000E-002   2.62203036801264     
  2.174000000000000E-002   2.62182383085987     
  2.176000000000000E-002   2.62159838908075     
  2.178000000000000E-002   2.62135635902075     
  2.180000000000000E-002   2.62109975674354     
  2.182000000000000E-002   2.62083030224532     
  2.184000000000000E-002   2.62054963968234     
  2.186000000000000E-002   2.62025927896925     
  2.188000000000000E-002   2.61996061702246     
  2.190000000000000E-002   2.61965474775832     
  2.192000000000000E-002   2.61934262538535     
  2.194000000000000E-002   2.61902516679246     
  2.196000000000000E-002   2.61870344408585     
  2.198000000000000E-002   2.61837835574902     
  2.200000000000000E-002   2.61805066111125     
  2.202000000000000E-002   2.61772078892315     
  2.204000000000000E-002   2.61738929626375     
  2.206000000000000E-002   2.61705677276527     
  2.208000000000000E-002   2.61672409854827     
  2.210000000000000E-002   2.61639231962555     
  2.212000000000000E-002   2.61606235583681     
  2.214000000000000E-002   2.61573530607847     
  2.216000000000000E-002   2.61541241750218     
  2.218000000000000E-002   2.61509458488627     
  2.220000000000000E-002   2.61478188216532     
  2.222000000000000E-002   2.61447412219011     
  2.224000000000000E-002   2.61417110777962     
  2.226000000000000E-002   2.61387280152022     
  2.228000000000000E-002   2.61357934897371     
  2.230000000000000E-002   2.61329143921881     
  2.232000000000000E-002   2.61301022917064     
  2.234000000000000E-002   2.61273725443110     
  2.236000000000000E-002   2.61247398395388     
  2.238000000000000E-002   2.61222190682134     
  2.240000000000000E-002   2.61198233196957     
  2.242000000000000E-002   2.61175636689063     
  2.244000000000000E-002   2.61154505494016     
  2.246000000000000E-002   2.61134938413840     
  2.248000000000000E-002   2.61117037816288     
  2.250000000000000E-002   2.61100900306923     
  2.252000000000000E-002   2.61086650460458     
  2.254000000000000E-002   2.61074504345694     
  2.256000000000000E-002   2.61063704942760     
  2.258000000000000E-002   2.61054857097010     
  2.260000000000000E-002   2.61047781710587     
  2.262000000000000E-002   2.61042282434739     
  2.264000000000000E-002   2.61038238245956     
  2.266000000000000E-002   2.61035649503986     
  2.268000000000000E-002   2.61034688223531     
  2.270000000000000E-002   2.61035092416996     
  2.272000000000000E-002   2.61036546331680     
  2.274000000000000E-002   2.61039095485063     
  2.276000000000000E-002   2.61042692243865     
  2.278000000000000E-002   2.61047202354988     
  2.280000000000000E-002   2.61052490396884     
  2.282000000000000E-002   2.61058470071462     
  2.284000000000000E-002   2.61065113691852     
  2.286000000000000E-002   2.61072429204810     
  2.288000000000000E-002   2.61080435749577     
  2.290000000000000E-002   2.61089115902761     
  2.292000000000000E-002   2.61098372220562     
  2.294000000000000E-002   2.61108022510429     
  2.296000000000000E-002   2.61117664814846     
  2.298000000000000E-002   2.61126824151147     
  2.300000000000000E-002   2.61135259852115     
  2.302000000000000E-002   2.61142835305124     
  2.304000000000000E-002   2.61149456941653     
  2.306000000000000E-002   2.61155017186790     
  2.308000000000000E-002   2.61159424833721     
  2.310000000000000E-002   2.61162507551214     
  2.312000000000000E-002   2.61164202982957     
  2.314000000000000E-002   2.61164380640521     
  2.316000000000000E-002   2.61163254647588     
  2.318000000000000E-002   2.61160454891942     
  2.320000000000000E-002   2.61155906823941     
  2.322000000000000E-002   2.61149724338836     
  2.324000000000000E-002   2.61142048666619     
  2.326000000000000E-002   2.61133031096405     
  2.328000000000000E-002   2.61122839079120     
  2.330000000000000E-002   2.61111691124962     
  2.332000000000000E-002   2.61099643505959     
  2.334000000000000E-002   2.61086821396518     
  2.336000000000000E-002   2.61073332367663     
  2.338000000000000E-002   2.61059291414938     
  2.340000000000000E-002   2.61044920610184     
  2.342000000000000E-002   2.61030393059065     
  2.344000000000000E-002   2.61015863478346     
  2.346000000000000E-002   2.61001408782474     
  2.348000000000000E-002   2.60987338010452     
  2.350000000000000E-002   2.60973611754043     
  2.352000000000000E-002   2.60960236380892     
  2.354000000000000E-002   2.60947194717057     
  2.356000000000000E-002   2.60934446657740     
  2.358000000000000E-002   2.60921957789928     
  2.360000000000000E-002   2.60909708594405     
  2.362000000000000E-002   2.60897698309851     
  2.364000000000000E-002   2.60885958612079     
  2.366000000000000E-002   2.60874603068451     
  2.368000000000000E-002   2.60863860173487     
  2.370000000000000E-002   2.60854002533553     
  2.372000000000000E-002   2.60845227469629     
  2.374000000000000E-002   2.60837585787521     
  2.376000000000000E-002   2.60831070495649     
  2.378000000000000E-002   2.60825866192493     
  2.380000000000000E-002   2.60822205362087     
  2.382000000000000E-002   2.60820133853246     
  2.384000000000000E-002   2.60819433107123     
  2.386000000000000E-002   2.60819715769027     
  2.388000000000000E-002   2.60820957588075     
  2.390000000000000E-002   2.60823265263893     
  2.392000000000000E-002   2.60826658283514     
  2.394000000000000E-002   2.60831078602666     
  2.396000000000000E-002   2.60836509754442     
  2.398000000000000E-002   2.60843005761381     
  2.400000000000000E-002   2.60850693800336     
  2.402000000000000E-002   2.60859712889218     
  2.404000000000000E-002   2.60870199938201     
  2.406000000000000E-002   2.60882223316806     
  2.408000000000000E-002   2.60895787127189     
  2.410000000000000E-002   2.60910832616875     
  2.412000000000000E-002   2.60927246761039     
  2.414000000000000E-002   2.60944907016388     
  2.416000000000000E-002   2.60963678915911     
  2.418000000000000E-002   2.60983438816775     
  2.420000000000000E-002   2.61004113616769     
  2.422000000000000E-002   2.61025663201545     
  2.424000000000000E-002   2.61048032748492     
  2.426000000000000E-002   2.61071081388886     
  2.428000000000000E-002   2.61094564781849     
  2.430000000000000E-002   2.61118212454564     
  2.432000000000000E-002   2.61141840489414     
  2.434000000000000E-002   2.61165196068124     
  2.436000000000000E-002   2.61187953885293     
  2.438000000000000E-002   2.61209754834293     
  2.440000000000000E-002   2.61230270930164     
  2.442000000000000E-002   2.61249413070191     
  2.444000000000000E-002   2.61267113098610     
  2.446000000000000E-002   2.61283350450568     
  2.448000000000000E-002   2.61298238646376     
  2.450000000000000E-002   2.61311957050398     
  2.452000000000000E-002   2.61324627086916     
  2.454000000000000E-002   2.61336021794992     
  2.456000000000000E-002   2.61346569577602     
  2.458000000000000E-002   2.61355502062499     
  2.460000000000000E-002   2.61362445079994     
  2.462000000000000E-002   2.61368594771279     
  2.464000000000000E-002   2.61372145602309     
  2.466000000000000E-002   2.61374299165333     
  2.468000000000000E-002   2.61374625526771     
  2.470000000000000E-002   2.61373377909451     
  2.472000000000000E-002   2.61370153758925     
  2.474000000000000E-002   2.61364956164846     
  2.476000000000000E-002   2.61357945947145     
  2.478000000000000E-002   2.61349199070086     
  2.480000000000000E-002   2.61338733587203     
  2.482000000000000E-002   2.61326565080003     
  2.484000000000000E-002   2.61312712077135     
  2.486000000000000E-002   2.61297229656917     
  2.488000000000000E-002   2.61280225278331     
  2.490000000000000E-002   2.61261730974853     
  2.492000000000000E-002   2.61241553350643     
  2.494000000000000E-002   2.61219259547283     
  2.496000000000000E-002   2.61194305034192     
  2.498000000000000E-002   2.61166250673198     
  2.500000000000000E-002   2.61134904308381     
  2.502000000000000E-002   2.61100203829990     
  2.504000000000000E-002   2.61062109306941     
  2.506000000000000E-002   2.61020567523279     
  2.508000000000000E-002   2.60975331347414     
  2.510000000000000E-002   2.60925833696637     
  2.512000000000000E-002   2.60871582323597     
  2.514000000000000E-002   2.60812499237669     
  2.516000000000000E-002   2.60751014374828     
  2.518000000000000E-002   2.60695475718450     
  2.520000000000000E-002   2.60647504921035     
  2.522000000000000E-002   2.60609781974230     
  2.524000000000000E-002   2.60587072152228     
  2.526000000000000E-002   2.60579520321044     
  2.528000000000000E-002   2.60579688093387     
  2.530000000000000E-002   2.60584672863128     
  2.532000000000000E-002   2.60599082183323     
  2.534000000000000E-002   2.60628757945595     
  2.536000000000000E-002   2.60680641746384     
  2.538000000000000E-002   2.60762183007790     
  2.540000000000000E-002   2.60880622674270     
  2.542000000000000E-002   2.61042861637995     
  2.544000000000000E-002   2.61255541871343     
  2.546000000000000E-002   2.61525713102077     
  2.548000000000000E-002   2.61861246456856     
  2.550000000000000E-002   2.62270781391785     
  2.552000000000000E-002   2.62762709542750     
  2.554000000000000E-002   2.63343896249115     
  2.556000000000000E-002   2.64020113563878     
  2.558000000000000E-002   2.64794355360023     
  2.560000000000000E-002   2.65664935693548     
  2.562000000000000E-002   2.66596717661631     
  2.564000000000000E-002   2.67407952376259     
  2.566000000000000E-002   2.68080968385846     
  2.568000000000000E-002   2.68632221997386     
  2.570000000000000E-002   2.69077203335845     
  2.572000000000000E-002   2.69429388894653     
  2.574000000000000E-002   2.69700236817021     
  2.576000000000000E-002   2.69901135119308     
  2.578000000000000E-002   2.70044629254315     
  2.580000000000000E-002   2.70144159568993     
  2.582000000000000E-002   2.70211103808709     
  2.584000000000000E-002   2.70254045120219     
  2.586000000000000E-002   2.70278791576668     
  2.588000000000000E-002   2.70290260953305     
  2.590000000000000E-002   2.70293233401694     
  2.592000000000000E-002   2.70292343812097     
  2.594000000000000E-002   2.70286446322876     
  2.596000000000000E-002   2.70271338440465     
  2.598000000000000E-002   2.70243409674808     
  2.600000000000000E-002   2.70200158468698     
  2.602000000000000E-002   2.70140298730650     
  2.604000000000000E-002   2.70063442943847     
  2.606000000000000E-002   2.69969550700805     
  2.608000000000000E-002   2.69858538022465     
  2.610000000000000E-002   2.69730198805077     
  2.612000000000000E-002   2.69584399055912     
  2.614000000000000E-002   2.69424325011410     
  2.616000000000000E-002   2.69281268525539     
  2.618000000000000E-002   2.69167405715989     
  2.620000000000000E-002   2.69079742084980     
  2.622000000000000E-002   2.69014868138797     
  2.624000000000000E-002   2.68968115747355     
  2.626000000000000E-002   2.68935294397813     
  2.628000000000000E-002   2.68912568283129     
  2.630000000000000E-002   2.68896479995958     
  2.632000000000000E-002   2.68884077764464     
  2.634000000000000E-002   2.68873380524177     
  2.636000000000000E-002   2.68863136017413     
  2.638000000000000E-002   2.68852669876069     
  2.640000000000000E-002   2.68841007039574     
  2.642000000000000E-002   2.68826488176208     
  2.644000000000000E-002   2.68806969508134     
  2.646000000000000E-002   2.68779976817746     
  2.648000000000000E-002   2.68742806195741     
  2.650000000000000E-002   2.68692616943765     
  2.652000000000000E-002   2.68626637999674     
  2.654000000000000E-002   2.68542456473878     
  2.656000000000000E-002   2.68438308280710     
  2.658000000000000E-002   2.68313432842531     
  2.660000000000000E-002   2.68168341516610     
  2.662000000000000E-002   2.68004974631638     
  2.664000000000000E-002   2.67834896859380     
  2.666000000000000E-002   2.67686538955974     
  2.668000000000000E-002   2.67559411539385     
  2.670000000000000E-002   2.67449996053745     
  2.672000000000000E-002   2.67355456412440     
  2.674000000000000E-002   2.67273018834801     
  2.676000000000000E-002   2.67200268678942     
  2.678000000000000E-002   2.67134969433057     
  2.680000000000000E-002   2.67075026608838     
  2.682000000000000E-002   2.67019038928342     
  2.684000000000000E-002   2.66965394290404     
  2.686000000000000E-002   2.66912535968049     
  2.688000000000000E-002   2.66859871830185     
  2.690000000000000E-002   2.66807204020346     
  2.692000000000000E-002   2.66754180420100     
  2.694000000000000E-002   2.66699955569248     
  2.696000000000000E-002   2.66643409975047     
  2.698000000000000E-002   2.66583426364057     
  2.700000000000000E-002   2.66518913254883     
  2.702000000000000E-002   2.66448990711458     
  2.704000000000000E-002   2.66373047194124     
  2.706000000000000E-002   2.66290735752494     
  2.708000000000000E-002   2.66201958720695     
  2.710000000000000E-002   2.66106848030086     
  2.712000000000000E-002   2.66005706060730     
  2.714000000000000E-002   2.65898878384590     
  2.716000000000000E-002   2.65786576524630     
  2.718000000000000E-002   2.65668696993132     
  2.720000000000000E-002   2.65544676127029     
  2.722000000000000E-002   2.65413391893738     
  2.724000000000000E-002   2.65273118885243     
  2.726000000000000E-002   2.65121562087835     
  2.728000000000000E-002   2.64955753392863     
  2.730000000000000E-002   2.64772463769240     
  2.732000000000000E-002   2.64568089005665     
  2.734000000000000E-002   2.64338368655281     
  2.736000000000000E-002   2.64078025414960     
  2.738000000000000E-002   2.63781262511282     
  2.740000000000000E-002   2.63439800539125     
  2.742000000000000E-002   2.63042986486367     
  2.744000000000000E-002   2.62578917726197     
  2.746000000000000E-002   2.62034618149443     
  2.748000000000000E-002   2.61396108479200     
  2.750000000000000E-002   2.60648744304673     
  2.752000000000000E-002   2.59778335715780     
  2.754000000000000E-002   2.58772898080265     
  2.756000000000000E-002   2.57624449562547     
  2.758000000000000E-002   2.56331160133897     
  2.760000000000000E-002   2.54962190513662     
  2.762000000000000E-002   2.53765380453387     
  2.764000000000000E-002   2.52764051621457     
  2.766000000000000E-002   2.51924991572104     
  2.768000000000000E-002   2.51210580145706     
  2.770000000000000E-002   2.50581248771041     
  2.772000000000000E-002   2.50003571317099     
  2.774000000000000E-002   2.49443648541370     
  2.776000000000000E-002   2.48882942885761     
  2.778000000000000E-002   2.48307124961912     
  2.780000000000000E-002   2.47688377043728     
  2.782000000000000E-002   2.46981992618558     
  2.784000000000000E-002   2.46122841591677     
  2.786000000000000E-002   2.45022045738503     
  2.788000000000000E-002   2.43560587919799     
  2.790000000000000E-002   2.41580648964641     
  2.792000000000000E-002   2.38874178523174     
  2.794000000000000E-002   2.35169219981367     
  2.796000000000000E-002   2.30111077357586     
  2.798000000000000E-002   2.23240521959930     
  2.800000000000000E-002   2.13982334717558     
  2.802000000000000E-002   2.01624467734162     
  2.804000000000000E-002   1.85448615818897     
  2.806000000000000E-002   1.65020407492282     
  2.808000000000000E-002   1.42452960660290     
  2.810000000000000E-002   1.25308658844274     
  2.812000000000000E-002   1.13640409953628     
  2.814000000000000E-002   1.05593063442651     
  2.816000000000000E-002  0.993488924312499     
  2.818000000000000E-002  0.938353903290892     
  2.820000000000000E-002  0.887921823406734     
  2.822000000000000E-002  0.843779485949808     
  2.824000000000000E-002  0.807638800059761     
  2.826000000000000E-002  0.782351735972849     
  2.828000000000000E-002  0.768204997636964     
  2.830000000000000E-002  0.762911104391944     
  2.832000000000000E-002  0.762642426346058     
  2.834000000000000E-002  0.765060065405815     
  2.836000000000000E-002  0.771621810783582     
  2.838000000000000E-002  0.783171354556146     
  2.840000000000000E-002  0.799626250135035     
  2.842000000000000E-002  0.817453769602210     
  2.844000000000000E-002  0.831027846470704     
  2.846000000000000E-002  0.839145508523979     
  2.848000000000000E-002  0.842899027322783     
  2.850000000000000E-002  0.843710033831154     
  2.852000000000000E-002  0.842891551139501     
  2.854000000000000E-002  0.839337913569081     
  2.856000000000000E-002  0.831190016784533     
  2.858000000000000E-002  0.816622315221496     
  2.860000000000000E-002  0.794023366028642     
  2.862000000000000E-002  0.762372592593186     
  2.864000000000000E-002  0.721774609236775     
  2.866000000000000E-002  0.677548571343207     
  2.868000000000000E-002  0.642423105351559     
  2.870000000000000E-002  0.617080646720990     
  2.872000000000000E-002  0.598635515611934     
  2.874000000000000E-002  0.584851060556578     
  2.876000000000000E-002  0.574061906394224     
  2.878000000000000E-002  0.565110429038181     
  2.880000000000000E-002  0.557301668985496     
  2.882000000000000E-002  0.550276403419578     
  2.884000000000000E-002  0.543843135480513     
  2.886000000000000E-002  0.537707411081055     
  2.888000000000000E-002  0.531558943880624     
  2.890000000000000E-002  0.525177523318986     
  2.892000000000000E-002  0.518493996731434     
  2.894000000000000E-002  0.512086541976938     
  2.896000000000000E-002  0.506408683107076     
  2.898000000000000E-002  0.501730509950363     
  2.900000000000000E-002  0.498185478901510     
  2.902000000000000E-002  0.495585195842854     
  2.904000000000000E-002  0.493810227001972     
  2.906000000000000E-002  0.492778805543984     
  2.908000000000000E-002  0.492392457827871     
  2.910000000000000E-002  0.492503606594711     
  2.912000000000000E-002  0.493215987135307     
  2.914000000000000E-002  0.494585541433310     
  2.916000000000000E-002  0.496467405973018     
  2.918000000000000E-002  0.498817922389494     
  2.920000000000000E-002  0.501678896142803     
  2.922000000000000E-002  0.505107993192745     
  2.924000000000000E-002  0.509163975896995     
  2.926000000000000E-002  0.513915305649477     
  2.928000000000000E-002  0.519445458124382     
  2.930000000000000E-002  0.525851544027794     
  2.932000000000000E-002  0.533243125443800     
  2.934000000000000E-002  0.541734457490785     
  2.936000000000000E-002  0.551438310291787     
  2.938000000000000E-002  0.562462025868604     
  2.940000000000000E-002  0.574895837512987     
  2.942000000000000E-002  0.588800215862570     
  2.944000000000000E-002  0.604182232886821     
  2.946000000000000E-002  0.620500193419611     
  2.948000000000000E-002  0.636176796543944     
  2.950000000000000E-002  0.650677058488498     
  2.952000000000000E-002  0.664216352973549     
  2.954000000000000E-002  0.676977837279826     
  2.956000000000000E-002  0.689185791937521     
  2.958000000000000E-002  0.701054231819834     
  2.960000000000000E-002  0.712765800198228     
  2.962000000000000E-002  0.724457995949733     
  2.964000000000000E-002  0.736249031646302     
  2.966000000000000E-002  0.748335513912314     
  2.968000000000000E-002  0.760905209529419     
  2.970000000000000E-002  0.774126831799485     
  2.972000000000000E-002  0.788307147933130     
  2.974000000000000E-002  0.803912157058243     
  2.976000000000000E-002  0.821629744467598     
  2.978000000000000E-002  0.842363740263160     
  2.980000000000000E-002  0.867271974286602     
  2.982000000000000E-002  0.897753577351147     
  2.984000000000000E-002  0.935470952334418     
  2.986000000000000E-002  0.982176589313381     
  2.988000000000000E-002   1.03939043295286     
  2.990000000000000E-002   1.10804355260938     
  2.992000000000000E-002   1.17935672974791     
  2.994000000000000E-002   1.23143129761164     
  2.996000000000000E-002   1.26553067945230     
  2.998000000000000E-002   1.28638024132527     
  3.000000000000000E-002   1.29807082243362     
  3.002000000000000E-002   1.30181348521478     
  3.004000000000000E-002   1.30155637322916     
  3.006000000000000E-002   1.29860027677577     
  3.008000000000000E-002   1.29195010859865     
  3.010000000000000E-002   1.28103853094164     
  3.012000000000000E-002   1.26552735249072     
  3.014000000000000E-002   1.24619717035135     
  3.016000000000000E-002   1.23126389574275     
  3.018000000000000E-002   1.22534340696726     
  3.020000000000000E-002   1.22453438357113     
  3.022000000000000E-002   1.22601152021822     
  3.024000000000000E-002   1.22981334146130     
  3.026000000000000E-002   1.23637673292229     
  3.028000000000000E-002   1.24658034978013     
  3.030000000000000E-002   1.26194502067308     
  3.032000000000000E-002   1.28473704902807     
  3.034000000000000E-002   1.31814222301830     
  3.036000000000000E-002   1.36486651573326     
  3.038000000000000E-002   1.42701795685672     
  3.040000000000000E-002   1.50687016488661     
  3.042000000000000E-002   1.60558755052807     
  3.044000000000000E-002   1.72298388048692     
  3.046000000000000E-002   1.85741671833452     
  3.048000000000000E-002   1.99648072193433     
  3.050000000000000E-002   2.11395496772529     
  3.052000000000000E-002   2.21067256091309     
  3.054000000000000E-002   2.28971590684984     
  3.056000000000000E-002   2.35360366302741     
  3.058000000000000E-002   2.40453809902432     
  3.060000000000000E-002   2.44455141632132     
  3.062000000000000E-002   2.47552147375869     
  3.064000000000000E-002   2.49915396073813     
  3.066000000000000E-002   2.51695766319281     
  3.068000000000000E-002   2.53022285899488     
  3.070000000000000E-002   2.54002232994101     
  3.072000000000000E-002   2.54722422889547     
  3.074000000000000E-002   2.55250466599301     
  3.076000000000000E-002   2.55637651965845     
  3.078000000000000E-002   2.55924934102038     
  3.080000000000000E-002   2.56143067343835     
  3.082000000000000E-002   2.56314095456679     
  3.084000000000000E-002   2.56454062708034     
  3.086000000000000E-002   2.56574461554658     
  3.088000000000000E-002   2.56683371172967     
  3.090000000000000E-002   2.56786285474533     
  3.092000000000000E-002   2.56886775229554     
  3.094000000000000E-002   2.56986803815576     
  3.096000000000000E-002   2.57087123170613     
  3.098000000000000E-002   2.57188856963714     
  3.100000000000000E-002   2.57294097311056     
  3.102000000000000E-002   2.57405852964664     
  3.104000000000000E-002   2.57527243687826     
  3.106000000000000E-002   2.57661736653614     
  3.108000000000000E-002   2.57813028582853     
  3.110000000000000E-002   2.57985100788702     
  3.112000000000000E-002   2.58172413072851     
  3.114000000000000E-002   2.58323010776770     
  3.116000000000000E-002   2.58423755002024     
  3.118000000000000E-002   2.58477995767398     
  3.120000000000000E-002   2.58498506226349     
  3.122000000000000E-002   2.58500727662822     
  3.124000000000000E-002   2.58495009821215     
  3.126000000000000E-002   2.58474707274807     
  3.128000000000000E-002   2.58431827806529     
  3.130000000000000E-002   2.58359590027758     
  3.132000000000000E-002   2.58252131424528     
  3.134000000000000E-002   2.58104112117897     
  3.136000000000001E-002   2.57911859875690     
  3.138000000000001E-002   2.57721243739307     
  3.140000000000000E-002   2.57603962939425     
  3.142000000000000E-002   2.57551101214069     
  3.144000000000000E-002   2.57539852637494     
  3.146000000000000E-002   2.57547737612582     
  3.148000000000000E-002   2.57588107105238     
  3.150000000000000E-002   2.57684624493138     
  3.152000000000000E-002   2.57861829892825     
  3.154000000000001E-002   2.58144760077327     
  3.156000000000000E-002   2.58556407619661     
  3.158000000000000E-002   2.59116834941016     
  3.160000000000000E-002   2.59842028648212     
  3.162000000000000E-002   2.60742069062206     
  3.164000000000000E-002   2.61818345392471     
  3.166000000000000E-002   2.63047512701612     
  3.168000000000000E-002   2.64165719209378     
  3.170000000000001E-002   2.65034305417300     
  3.172000000000001E-002   2.65692876762502     
  3.174000000000000E-002   2.66179800320298     
  3.176000000000000E-002   2.66528105675040     
  3.178000000000000E-002   2.66767939679607     
  3.180000000000000E-002   2.66928738626018     
  3.182000000000000E-002   2.67034430051556     
  3.184000000000000E-002   2.67100148514081     
  3.186000000000000E-002   2.67135485612961     
  3.188000000000001E-002   2.67148981979807     
  3.190000000000000E-002   2.67150880889303     
  3.192000000000000E-002   2.67147497230520     
  3.194000000000000E-002   2.67135507725335     
  3.196000000000000E-002   2.67111691757911     
  3.198000000000000E-002   2.67074626002676     
  3.200000000000000E-002   2.67024270522573     
  3.202000000000000E-002   2.66961675793413     
  3.204000000000001E-002   2.66888669633533     
  3.206000000000001E-002   2.66807684680068     
  3.208000000000000E-002   2.66720040228617     
  3.210000000000000E-002   2.66623867608744     
  3.212000000000000E-002   2.66517371903893     
  3.214000000000000E-002   2.66400688667206     
  3.216000000000000E-002   2.66270843296601     
  3.218000000000000E-002   2.66122836385397     
  3.220000000000000E-002   2.65951185287991     
  3.222000000000001E-002   2.65749874976491     
  3.224000000000000E-002   2.65512275364646     
  3.226000000000000E-002   2.65231554938041     
  3.228000000000000E-002   2.64901186461601     
  3.230000000000000E-002   2.64515144022539     
  3.232000000000000E-002   2.64067799547364     
  3.234000000000000E-002   2.63555030200332     
  3.236000000000000E-002   2.62973490211947     
  3.238000000000001E-002   2.62320445514064     
  3.240000000000001E-002   2.61595237273007     
  3.242000000000000E-002   2.60804771913972     
  3.244000000000000E-002   2.60073957486137     
  3.246000000000000E-002   2.59465960742294     
  3.248000000000000E-002   2.58967644984550     
  3.250000000000000E-002   2.58566586719197     
  3.252000000000000E-002   2.58252210366757     
  3.254000000000000E-002   2.58007886130472     
  3.256000000000001E-002   2.57820555961300     
  3.258000000000000E-002   2.57681319691260     
  3.260000000000000E-002   2.57579268156096     
  3.262000000000000E-002   2.57501797018495     
  3.264000000000000E-002   2.57444770024509     
  3.266000000000000E-002   2.57417794214761     
  3.268000000000000E-002   2.57407705761005     
  3.270000000000000E-002   2.57405676330441     
  3.272000000000001E-002   2.57406485361589     
  3.274000000000001E-002   2.57411008045130     
  3.276000000000000E-002   2.57419867189491     
  3.278000000000000E-002   2.57432466116471     
  3.280000000000000E-002   2.57448578397222     
  3.282000000000000E-002   2.57468308573824     
  3.284000000000000E-002   2.57492246251857     
  3.286000000000000E-002   2.57520934370957     
  3.288000000000000E-002   2.57554428497478     
  3.290000000000001E-002   2.57592234747703     
  3.292000000000000E-002   2.57633464865326     
  3.294000000000000E-002   2.57677126524071     
  3.296000000000000E-002   2.57722215785055     
  3.298000000000000E-002   2.57767907890644     
  3.300000000000000E-002   2.57813658424513     
  3.302000000000000E-002   2.57859278221613     
  3.304000000000000E-002   2.57905438945592     
  3.306000000000001E-002   2.57953136439802     
  3.308000000000001E-002   2.58002702922039     
  3.310000000000000E-002   2.58054391694883     
  3.312000000000000E-002   2.58108633920304     
  3.314000000000000E-002   2.58163875567021     
  3.316000000000000E-002   2.58216687003402     
  3.318000000000000E-002   2.58267742588092     
  3.320000000000000E-002   2.58317566395173     
  3.322000000000000E-002   2.58366447723462     
  3.324000000000001E-002   2.58414414389076     
  3.326000000000000E-002   2.58461181453838     
  3.328000000000000E-002   2.58506561413055     
  3.330000000000000E-002   2.58550732064332     
  3.332000000000000E-002   2.58593859624986     
  3.334000000000000E-002   2.58635879215053     
  3.336000000000000E-002   2.58676624013748     
  3.338000000000000E-002   2.58715951831137     
  3.340000000000001E-002   2.58753733353023     
  3.342000000000001E-002   2.58789652385262     
  3.344000000000000E-002   2.58823514934477     
  3.346000000000000E-002   2.58855286013923     
  3.348000000000000E-002   2.58884933398579     
  3.350000000000000E-002   2.58912421447128     
  3.352000000000000E-002   2.58937847513371     
  3.354000000000000E-002   2.58961168092369     
  3.356000000000000E-002   2.58982147184186     
  3.358000000000001E-002   2.59000680857072     
  3.360000000000000E-002   2.59016926569620     
  3.362000000000000E-002   2.59030990571535     
  3.364000000000000E-002   2.59042889781945     
  3.366000000000000E-002   2.59052670704405     
  3.368000000000000E-002   2.59060848840073     
  3.370000000000000E-002   2.59068791624494     
  3.372000000000000E-002   2.59077735366086     
  3.374000000000001E-002   2.59088201698348     
  3.376000000000001E-002   2.59100489723923     
  3.378000000000000E-002   2.59114912370421     
  3.380000000000000E-002   2.59131683246889     
  3.382000000000000E-002   2.59150883986164     
  3.384000000000000E-002   2.59172541767088     
  3.386000000000000E-002   2.59196685570339     
  3.388000000000000E-002   2.59223240569475     
  3.390000000000000E-002   2.59252003452336     
  3.392000000000001E-002   2.59282763509472     
  3.394000000000000E-002   2.59315431108322     
  3.396000000000000E-002   2.59350028123320     
  3.398000000000000E-002   2.59386447945448     
  3.400000000000000E-002   2.59422458800062     
  3.402000000000000E-002   2.59455698566336     
  3.404000000000000E-002   2.59485761033640     
  3.406000000000000E-002   2.59512316633940     
  3.408000000000001E-002   2.59535326316085     
  3.410000000000001E-002   2.59554932222544     
  3.412000000000000E-002   2.59571309903858     
  3.414000000000000E-002   2.59584819307404     
  3.416000000000000E-002   2.59596038112119     
  3.418000000000000E-002   2.59605878667285     
  3.420000000000000E-002   2.59614894419222     
  3.422000000000000E-002   2.59622898312945     
  3.424000000000000E-002   2.59629939415250     
  3.426000000000001E-002   2.59636525346361     
  3.428000000000000E-002   2.59642828554265     
  3.430000000000000E-002   2.59649336242224     
  3.432000000000000E-002   2.59654971121348     
  3.434000000000000E-002   2.59660021605934     
  3.436000000000000E-002   2.59664515458768     
  3.438000000000000E-002   2.59668589892291     
  3.440000000000000E-002   2.59672544279482     
  3.442000000000001E-002   2.59678052128224     
  3.444000000000001E-002   2.59685784594078     
  3.446000000000000E-002   2.59687756963559     
  3.448000000000000E-002   2.59687084127984     
  3.450000000000000E-002   2.59684872591146     
  3.452000000000000E-002   2.59679709779771     
  3.454000000000000E-002   2.59670856385309     
  3.456000000000000E-002   2.59657926334004     
  3.458000000000000E-002   2.59640588921683     
  3.460000000000001E-002   2.59618256223873     
  3.462000000000000E-002   2.59589997600369     
  3.464000000000000E-002   2.59554551190243     
  3.466000000000000E-002   2.59510303651510     
  3.468000000000000E-002   2.59455205538591     
  3.470000000000000E-002   2.59386790150162     
  3.472000000000000E-002   2.59302330253666     
  3.474000000000000E-002   2.59199138778214     
  3.476000000000001E-002   2.59074836879195     
  3.478000000000001E-002   2.58927515846421     
  3.480000000000000E-002   2.58755844313580     
  3.482000000000000E-002   2.58558826897843     
  3.484000000000000E-002   2.58335586774028     
  3.486000000000000E-002   2.58085319154619     
  3.488000000000000E-002   2.57807963255254     
  3.490000000000000E-002   2.57504398297335     
  3.492000000000000E-002   2.57220952914224     
  3.494000000000001E-002   2.56988676799515     
  3.496000000000000E-002   2.56806701722488     
  3.498000000000000E-002   2.56666863348063     
  3.500000000000000E-002   2.56558666746533     
  3.502000000000000E-002   2.56477954592299     
  3.504000000000000E-002   2.56426125212134     
  3.506000000000000E-002   2.56400496032696     
  3.508000000000000E-002   2.56393131835703     
  3.510000000000001E-002   2.56394333093908     
  3.512000000000001E-002   2.56400803778393     
  3.514000000000000E-002   2.56415270414109     
  3.516000000000000E-002   2.56441009972308     
  3.518000000000000E-002   2.56476985722577     
  3.520000000000000E-002   2.56518496775025     
  3.522000000000000E-002   2.56568921785463     
  3.524000000000000E-002   2.56631421088426     
  3.526000000000000E-002   2.56707340264431     
  3.528000000000001E-002   2.56795916836721     
  3.530000000000000E-002   2.56895671254654     
  3.532000000000000E-002   2.57005567071595     
  3.534000000000000E-002   2.57125326571347     
  3.536000000000000E-002   2.57255365998726     
  3.538000000000000E-002   2.57395271751503     
  3.540000000000000E-002   2.57546533480107     
  3.542000000000000E-002   2.57707319230555     
  3.544000000000001E-002   2.57868500020509     
  3.546000000000001E-002   2.58016504669525     
  3.548000000000000E-002   2.58152754445711     
  3.550000000000000E-002   2.58279267371146     
  3.552000000000000E-002   2.58397779421505     
  3.554000000000000E-002   2.58509674109982     
  3.556000000000000E-002   2.58616029716345     
  3.558000000000000E-002   2.58717683512536     
  3.560000000000000E-002   2.58815348129042     
  3.562000000000001E-002   2.58909956707030     
  3.564000000000001E-002   2.59002135992172     
  3.566000000000000E-002   2.59092413293308     
  3.568000000000000E-002   2.59181253799413     
  3.570000000000000E-002   2.59269079226654     
  3.572000000000000E-002   2.59356219310260     
  3.574000000000000E-002   2.59442854025476     
  3.576000000000000E-002   2.59528923148696     
  3.578000000000001E-002   2.59613860322463     
  3.580000000000001E-002   2.59696855590721     
  3.582000000000000E-002   2.59777432098551     
  3.584000000000000E-002   2.59855452154785     
  3.586000000000000E-002   2.59930826182771     
  3.588000000000000E-002   2.60003597466025     
  3.590000000000000E-002   2.60073820372214     
  3.592000000000000E-002   2.60141476425340     
  3.594000000000000E-002   2.60206477190887     
  3.596000000000001E-002   2.60268719674481     
  3.598000000000001E-002   2.60328222702547     
  3.600000000000000E-002   2.60385282315863     
  3.602000000000000E-002   2.60440689822747     
  3.604000000000000E-002   2.60494965742317     
  3.606000000000000E-002   2.60548257717765     
  3.608000000000000E-002   2.60600706741045     
  3.610000000000000E-002   2.60652527517612     
  3.612000000000001E-002   2.60704029401326     
  3.614000000000001E-002   2.60755542387729     
  3.616000000000000E-002   2.60807500998729     
  3.618000000000000E-002   2.60860403747786     
  3.620000000000000E-002   2.60914595193097     
  3.622000000000000E-002   2.60970374593628     
  3.624000000000000E-002   2.61028302981825     
  3.626000000000000E-002   2.61089324287832     
  3.628000000000000E-002   2.61153218414829     
  3.630000000000001E-002   2.61218091509730     
  3.632000000000001E-002   2.61284167480755     
  3.634000000000000E-002   2.61351620912523     
  3.636000000000000E-002   2.61420476418505     
  3.638000000000000E-002   2.61490617276485     
  3.640000000000000E-002   2.61561830919021     
  3.642000000000000E-002   2.61633844773986     
  3.644000000000000E-002   2.61706230172500     
  3.646000000000001E-002   2.61778251681757     
  3.648000000000001E-002   2.61848850994875     
  3.650000000000000E-002   2.61916614123406     
  3.652000000000000E-002   2.61981387569162     
  3.654000000000000E-002   2.62042893744667     
  3.656000000000000E-002   2.62100791603974     
  3.658000000000000E-002   2.62155145451690     
  3.660000000000000E-002   2.62205898705593     
  3.662000000000000E-002   2.62252537538459     
  3.664000000000001E-002   2.62294699274896     
  3.666000000000001E-002   2.62332260905213     
  3.668000000000000E-002   2.62365203997820     
  3.670000000000000E-002   2.62393262518549     
  3.672000000000000E-002   2.62416166305902     
  3.674000000000000E-002   2.62433626525671     
  3.676000000000000E-002   2.62445372371939     
  3.678000000000000E-002   2.62451228433729     
  3.680000000000001E-002   2.62452286089483     
  3.682000000000001E-002   2.62449433972792     
  3.684000000000000E-002   2.62441156290245     
  3.686000000000000E-002   2.62427780940625     
  3.688000000000000E-002   2.62410573253291     
  3.690000000000000E-002   2.62389716957379     
  3.692000000000000E-002   2.62365546770942     
  3.694000000000000E-002   2.62339294904494     
  3.696000000000000E-002   2.62311119267133     
  3.698000000000001E-002   2.62280878806985     
  3.700000000000001E-002   2.62248356196218     
  3.702000000000000E-002   2.62213463681021     
  3.704000000000000E-002   2.62176297604345     
  3.706000000000000E-002   2.62136996021443     
  3.708000000000000E-002   2.62095830191621     
  3.710000000000000E-002   2.62056403072837     
  3.712000000000000E-002   2.62021598631246     
  3.714000000000001E-002   2.61990948260888     
  3.716000000000001E-002   2.61964183417865     
  3.718000000000000E-002   2.61940941293079     
  3.720000000000000E-002   2.61920998289498     
  3.722000000000000E-002   2.61904393055853     
  3.724000000000000E-002   2.61891318863026     
  3.726000000000000E-002   2.61882051042886     
  3.728000000000000E-002   2.61876526440452     
  3.730000000000000E-002   2.61874507123962     
  3.732000000000001E-002   2.61874935504618     
  3.734000000000001E-002   2.61878749567796     
  3.736000000000000E-002   2.61887572309862     
  3.738000000000000E-002   2.61900989992544     
  3.740000000000000E-002   2.61918617683720     
  3.742000000000000E-002   2.61939491932505     
  3.744000000000000E-002   2.61961682677661     
  3.746000000000000E-002   2.61985256519463     
  3.748000000000001E-002   2.62010487103078     
  3.750000000000001E-002   2.62037636493634     
  3.752000000000000E-002   2.62066374612057     
  3.754000000000000E-002   2.62096102387275     
  3.756000000000000E-002   2.62126231805758     
  3.758000000000000E-002   2.62156549379833     
  3.760000000000000E-002   2.62186797569265     
  3.762000000000000E-002   2.62216745030907     
  3.764000000000000E-002   2.62247084300751     
  3.766000000000001E-002   2.62278171904722     
  3.768000000000001E-002   2.62310257522540     
  3.770000000000000E-002   2.62343653213217     
  3.772000000000000E-002   2.62378748863042     
  3.774000000000000E-002   2.62416244046242     
  3.776000000000000E-002   2.62456699085544     
  3.778000000000000E-002   2.62500141437794     
  3.780000000000000E-002   2.62546345592198     
  3.782000000000001E-002   2.62594153556590     
  3.784000000000001E-002   2.62640068838520     
  3.786000000000000E-002   2.62682522381045     
  3.788000000000000E-002   2.62721791988245     
  3.790000000000000E-002   2.62757163148810     
  3.792000000000000E-002   2.62787359011167     
  3.794000000000000E-002   2.62812700719079     
  3.796000000000000E-002   2.62832385916949     
  3.798000000000000E-002   2.62846497364633     
  3.800000000000001E-002   2.62854381030616     
  3.802000000000001E-002   2.62854998228649     
  3.804000000000000E-002   2.62852686492980     
  3.806000000000000E-002   2.62845160591406     
  3.808000000000000E-002   2.62828191718720     
  3.810000000000000E-002   2.62797994184037     
  3.812000000000000E-002   2.62753725863085     
  3.814000000000000E-002   2.62695539720626     
  3.816000000000001E-002   2.62624156730920     
  3.818000000000001E-002   2.62540855850152     
  3.820000000000000E-002   2.62446130609906     
  3.822000000000000E-002   2.62357168325513     
  3.824000000000000E-002   2.62286327607765     
  3.826000000000000E-002   2.62232323908323     
  3.828000000000000E-002   2.62195015130493     
  3.830000000000000E-002   2.62170575803419     
  3.832000000000000E-002   2.62165071765897     
  3.834000000000001E-002   2.62167949349300     
  3.836000000000001E-002   2.62177910132421     
  3.838000000000000E-002   2.62196484826506     
  3.840000000000000E-002   2.62222708021002     
  3.842000000000000E-002   2.62254327081721     
  3.844000000000000E-002   2.62289949704747     
  3.846000000000000E-002   2.62329526804275     
  3.848000000000000E-002   2.62373762498654     
  3.850000000000001E-002   2.62422101237150     
  3.852000000000001E-002   2.62471686362366     
  3.854000000000000E-002   2.62519945611567     
  3.856000000000000E-002   2.62569944327460     
  3.858000000000000E-002   2.62625292447677     
  3.860000000000000E-002   2.62679882822180     
  3.862000000000000E-002   2.62727999308799     
  3.864000000000000E-002   2.62768982190416     
  3.866000000000000E-002   2.62801599950956     
  3.868000000000001E-002   2.62825241941286     
  3.870000000000001E-002   2.62839763260564     
  3.872000000000000E-002   2.62844689810495     
  3.874000000000000E-002   2.62840121275705     
  3.876000000000000E-002   2.62822538356382     
  3.878000000000000E-002   2.62791997647350     
  3.880000000000000E-002   2.62749682954368     
  3.882000000000000E-002   2.62698560660006     
  3.884000000000001E-002   2.62649014572117     
  3.886000000000001E-002   2.62637933413114     
  3.888000000000000E-002   2.62681859400405     
  3.890000000000000E-002   2.62950480855843     
  3.892000000000000E-002   2.63849882114598     
  3.894000000000000E-002   2.66272130836111     
  3.896000000000000E-002   2.70911115886055     
  3.898000000000000E-002   2.74625522953148     
  3.900000000000000E-002   2.76624522603055     
  3.902000000000001E-002   2.77533301339361     
  3.904000000000001E-002   2.77898841490792     
  3.906000000000000E-002   2.78026858931985     
  3.908000000000000E-002   2.78065106226385     
  3.910000000000000E-002   2.78072629151900     
  3.912000000000000E-002   2.78073931903649     
  3.914000000000000E-002   2.78081415633168     
  3.916000000000000E-002   2.78096977456681     
  3.918000000000001E-002   2.78114058687023     
  3.920000000000001E-002   2.78115823390966     
  3.922000000000000E-002   2.78107722252192     
  3.924000000000000E-002   2.78085691268039     
  3.926000000000000E-002   2.78046192218750     
  3.928000000000000E-002   2.77992471613794     
  3.930000000000000E-002   2.77925926174665     
  3.932000000000000E-002   2.77847410981580     
  3.934000000000000E-002   2.77749686730208     
  3.936000000000001E-002   2.77646338479001     
  3.938000000000001E-002   2.77559241340663     
  3.940000000000000E-002   2.77500006119327     
  3.942000000000000E-002   2.77458590471135     
  3.944000000000000E-002   2.77450267268240     
  3.946000000000000E-002   2.77455245882498     
  3.948000000000000E-002   2.77483764597279     
  3.950000000000000E-002   2.77530227969700     
  3.952000000000001E-002   2.77592082159898     
  3.954000000000001E-002   2.77657147911725     
  3.956000000000000E-002   2.77718033962363     
  3.958000000000000E-002   2.77770133590980     
  3.960000000000000E-002   2.77808087734330     
  3.962000000000000E-002   2.77831084427943     
  3.964000000000000E-002   2.77838094358025     
  3.966000000000000E-002   2.77831063464798     
  3.968000000000000E-002   2.77820222776177     
  3.970000000000001E-002   2.77823652512980     
  3.972000000000001E-002   2.77837100121108     
  3.974000000000000E-002   2.77858768461065     
  3.976000000000000E-002   2.77886167772529     
  3.978000000000000E-002   2.77918313492991     
  3.980000000000000E-002   2.77955106431510     
  3.982000000000000E-002   2.77994860098581     
  3.984000000000000E-002   2.78033501388885     
  3.986000000000001E-002   2.78069343962932     
  3.988000000000001E-002   2.78099626131811     
  3.990000000000000E-002   2.78125763930178     
  3.992000000000000E-002   2.78155197279589     
  3.994000000000000E-002   2.78190417562389     
  3.996000000000000E-002   2.78259273154962     
  3.998000000000000E-002   2.78306168262267     
  4.000000000000000E-002   1.16299860394384     
